# x phi
-1984.0000000000000 -0.0000000057887
-1968.0000000000000 -0.0000000110698
-1952.0000000000000 -0.0000000155061
-1936.0000000000000 -0.0000000190606
-1920.0000000000000 -0.0000000218165
-1904.0000000000000 -0.0000000236950
-1888.0000000000000 -0.0000000245715
-1872.0000000000000 -0.0000000247521
-1856.0000000000000 -0.0000000246945
-1840.0000000000000 -0.0000000246183
-1824.0000000000000 -0.0000000245550
-1808.0000000000000 -0.0000000244971
-1792.0000000000000 -0.0000000244429
-1776.0000000000000 -0.0000000243934
-1760.0000000000000 -0.0000000243492
-1744.0000000000000 -0.0000000243113
-1728.0000000000000 -0.0000000242802
-1712.0000000000000 -0.0000000242569
-1696.0000000000000 -0.0000000242424
-1680.0000000000000 -0.0000000242376
-1664.0000000000000 -0.0000000242437
-1648.0000000000000 -0.0000000242619
-1632.0000000000000 -0.0000000242935
-1616.0000000000000 -0.0000000243399
-1600.0000000000000 -0.0000000244028
-1584.0000000000000 -0.0000000244838
-1568.0000000000000 -0.0000000245848
-1552.0000000000000 -0.0000000247079
-1536.0000000000000 -0.0000000248550
-1520.0000000000000 -0.0000000250284
-1504.0000000000000 -0.0000000252345
-1488.0000000000000 -0.0000000254842
-1472.0000000000000 -0.0000000257272
-1456.0000000000000 -0.0000000257463
-1440.0000000000000 -0.0000000253901
-1424.0000000000000 -0.0000000250542
-1408.0000000000000 -0.0000000250789
-1392.0000000000000 -0.0000000250979
-1376.0000000000000 -0.0000000252571
-1360.0000000000000 -0.0000000256447
-1344.0000000000000 -0.0000000261015
-1328.0000000000000 -0.0000000268540
-1312.0000000000000 -0.0000000277088
-1296.0000000000000 -0.0000000288711
-1280.0000000000000 -0.0000000302736
-1264.0000000000000 -0.0000000318204
-1248.0000000000000 -0.0000000339341
-1232.0000000000000 -0.0000000362445
-1216.0000000000000 -0.0000000383532
-1200.0000000000000 -0.0000000404739
-1184.0000000000000 -0.0000000428946
-1168.0000000000000 -0.0000000457599
-1152.0000000000000 -0.0000000490720
-1136.0000000000000 -0.0000000520847
-1120.0000000000000 -0.0000000529057
-1104.0000000000000 -0.0000000509625
-1088.0000000000000 -0.0000000496573
-1072.0000000000000 -0.0000000515861
-1056.0000000000000 -0.0000000552721
-1040.0000000000000 -0.0000000616647
-1024.0000000000000 -0.0000000714202
-1008.0000000000000 -0.0000000841487
-992.0000000000000 -0.0000001015030
-976.0000000000000 -0.0000001229219
-960.0000000000000 -0.0000001502970
-944.0000000000000 -0.0000001838463
-928.0000000000000 -0.0000002267852
-912.0000000000000 -0.0000002836763
-896.0000000000000 -0.0000003485795
-880.0000000000000 -0.0000004158059
-864.0000000000000 -0.0000004897330
-848.0000000000000 -0.0000005739491
-832.0000000000000 -0.0000006699215
-816.0000000000000 -0.0000007796477
-800.0000000000000 -0.0000008993514
-784.0000000000000 -0.0000010180908
-768.0000000000000 -0.0000011335788
-752.0000000000000 -0.0000012793460
-736.0000000000000 -0.0000014945912
-720.0000000000000 -0.0000017740140
-704.0000000000000 -0.0000021437854
-688.0000000000000 -0.0000026734312
-672.0000000000000 -0.0000033890147
-656.0000000000000 -0.0000042497433
-640.0000000000000 -0.0000051787264
-624.0000000000000 -0.0000062127440
-608.0000000000000 -0.0000073092700
-592.0000000000000 -0.0000085555055
-576.0000000000000 -0.0000102243140
-560.0000000000000 -0.0000124313872
-544.0000000000000 -0.0000153430156
-528.0000000000000 -0.0000187008651
-512.0000000000000 -0.0000222617891
-496.0000000000000 -0.0000264152091
-480.0000000000000 -0.0000318565886
-464.0000000000000 -0.0000392684046
-448.0000000000000 -0.0000480722345
-432.0000000000000 -0.0000580037016
-416.0000000000000 -0.0000711490233
-400.0000000000000 -0.0000877018535
-384.0000000000000 -0.0001069856420
-368.0000000000000 -0.0001303711281
-352.0000000000000 -0.0001597313086
-336.0000000000000 -0.0001961668590
-320.0000000000000 -0.0002424430258
-312.0000000000000 -0.0002696679089
-304.0000000000000 -0.0003001143573
-304.0000000000000 -0.0003001143573
-296.0000000000000 -0.0003340784090
-288.0000000000000 -0.0003721630467
-288.0000000000000 -0.0003721630467
-280.0000000000000 -0.0004149163381
-272.0000000000000 -0.0004627990666
-272.0000000000000 -0.0004627990666
-264.0000000000000 -0.0005158331053
-256.0000000000000 -0.0005758832533
-256.0000000000000 -0.0005758832533
-248.0000000000000 -0.0006445541647
-240.0000000000000 -0.0007226481469
-240.0000000000000 -0.0007226481469
-232.0000000000000 -0.0008107703954
-224.0000000000000 -0.0009111168999
-224.0000000000000 -0.0009111168999
-216.0000000000000 -0.0010237704054
-208.0000000000000 -0.0011515101544
-208.0000000000000 -0.0011515101544
-200.0000000000000 -0.0012986048291
-192.0000000000000 -0.0014655885758
-192.0000000000000 -0.0014655885758
-184.0000000000000 -0.0016587558600
-176.0000000000000 -0.0018817996674
-176.0000000000000 -0.0018817996674
-168.0000000000000 -0.0021351435912
-164.0000000000000 -0.0022776336425
-160.0000000000000 -0.0024311871130
-160.0000000000000 -0.0024311871130
-160.0000000000000 -0.0024311871130
-156.0000000000000 -0.0025954448924
-152.0000000000000 -0.0027730383910
-152.0000000000000 -0.0027730383910
-148.0000000000000 -0.0029664408408
-144.0000000000000 -0.0031757676658
-144.0000000000000 -0.0031757676658
-144.0000000000000 -0.0031757676658
-140.0000000000000 -0.0034009866082
-136.0000000000000 -0.0036450139452
-136.0000000000000 -0.0036450139452
-132.0000000000000 -0.0039097838907
-128.0000000000000 -0.0041982103766
-128.0000000000000 -0.0041982103766
-128.0000000000000 -0.0041982103766
-124.0000000000000 -0.0045129528401
-120.0000000000000 -0.0048567089793
-120.0000000000000 -0.0048567089793
-116.0000000000000 -0.0052322027131
-112.0000000000000 -0.0056425464731
-112.0000000000000 -0.0056425464731
-112.0000000000000 -0.0056425464731
-108.0000000000000 -0.0060975345338
-104.0000000000000 -0.0066177652236
-104.0000000000000 -0.0066177652236
-100.0000000000000 -0.0072312532212
-98.0000000000000 -0.0075781945994
-96.0000000000000 -0.0079467879114
-96.0000000000000 -0.0079467879114
-96.0000000000000 -0.0079467879114
-96.0000000000000 -0.0079467879114
-94.0000000000000 -0.0083341151324
-92.0000000000000 -0.0087334913795
-92.0000000000000 -0.0087334913795
-90.0000000000000 -0.0091370892092
-88.0000000000000 -0.0095454182789
-88.0000000000000 -0.0095454182789
-88.0000000000000 -0.0095454182789
-86.0000000000000 -0.0099542874476
-84.0000000000000 -0.0103699716662
-84.0000000000000 -0.0103699716662
-82.0000000000000 -0.0107962071810
-80.0000000000000 -0.0112364189649
-80.0000000000000 -0.0112364189649
-80.0000000000000 -0.0112364189649
-80.0000000000000 -0.0112364189649
-78.0000000000000 -0.0116945638016
-76.0000000000000 -0.0121727825046
-76.0000000000000 -0.0121727825046
-74.0000000000000 -0.0126721321592
-72.0000000000000 -0.0131933209613
-72.0000000000000 -0.0131933209613
-72.0000000000000 -0.0131933209613
-70.0000000000000 -0.0137377088919
-68.0000000000000 -0.0143080900350
-68.0000000000000 -0.0143080900350
-66.0000000000000 -0.0149085111285
-64.0000000000000 -0.0155433323221
-64.0000000000000 -0.0155433323221
-64.0000000000000 -0.0155433323221
-64.0000000000000 -0.0155433323221
-62.0000000000000 -0.0162169508666
-60.0000000000000 -0.0169340364984
-60.0000000000000 -0.0169340364984
-58.0000000000000 -0.0176999056210
-56.0000000000000 -0.0185211942077
-56.0000000000000 -0.0185211942077
-56.0000000000000 -0.0185211942077
-54.0000000000000 -0.0194054493169
-52.0000000000000 -0.0203611960617
-52.0000000000000 -0.0203611960617
-50.0000000000000 -0.0213990638311
-49.0000000000000 -0.0219520969041
-48.0000000000000 -0.0225298926793
-48.0000000000000 -0.0225298926793
-48.0000000000000 -0.0225298926793
-48.0000000000000 -0.0225298926793
-48.0000000000000 -0.0225298926793
-47.0000000000000 -0.0231336980217
-46.0000000000000 -0.0237658620659
-46.0000000000000 -0.0237658620659
-45.0000000000000 -0.0244283214702
-44.0000000000000 -0.0251235605285
-44.0000000000000 -0.0251235605285
-44.0000000000000 -0.0251235605285
-43.0000000000000 -0.0258536979054
-42.0000000000000 -0.0266217671476
-42.0000000000000 -0.0266217671476
-41.0000000000000 -0.0274304267391
-40.0000000000000 -0.0282829205332
-40.0000000000000 -0.0282829205332
-40.0000000000000 -0.0282829205332
-40.0000000000000 -0.0282829205332
-39.0000000000000 -0.0291819997435
-38.0000000000000 -0.0301318007725
-38.0000000000000 -0.0301318007725
-37.0000000000000 -0.0311362476081
-36.0000000000000 -0.0321991556709
-36.0000000000000 -0.0321991556709
-36.0000000000000 -0.0321991556709
-35.0000000000000 -0.0333254227000
-34.0000000000000 -0.0345204776855
-34.0000000000000 -0.0345204776855
-33.0000000000000 -0.0357903807596
-32.0000000000000 -0.0371425233730
-32.0000000000000 -0.0371425233730
-32.0000000000000 -0.0371425233730
-32.0000000000000 -0.0371425233730
-32.0000000000000 -0.0371425233730
-31.0000000000000 -0.0385846691840
-30.0000000000000 -0.0401250310424
-30.0000000000000 -0.0401250310424
-29.0000000000000 -0.0417739850120
-28.5000000000000 -0.0426430315842
-28.0000000000000 -0.0435438567553
-28.0000000000000 -0.0435438567553
-28.0000000000000 -0.0435438567553
-28.0000000000000 -0.0435438567553
-27.5000000000000 -0.0444778896161
-27.0000000000000 -0.0454470395166
-27.0000000000000 -0.0454470395166
-26.5000000000000 -0.0464528448456
-26.0000000000000 -0.0474978475781
-26.0000000000000 -0.0474978475781
-26.0000000000000 -0.0474978475781
-25.5000000000000 -0.0485842256764
-25.0000000000000 -0.0497146095670
-25.0000000000000 -0.0497146095670
-24.5000000000000 -0.0508912829147
-24.0000000000000 -0.0521174639669
-24.0000000000000 -0.0521174639669
-24.0000000000000 -0.0521174639669
-24.0000000000000 -0.0521174639669
-24.0000000000000 -0.0521174639669
-23.5000000000000 -0.0533959645523
-23.0000000000000 -0.0547302875908
-23.0000000000000 -0.0547302875908
-22.5000000000000 -0.0561243033921
-22.0000000000000 -0.0575820472046
-22.0000000000000 -0.0575820472046
-22.0000000000000 -0.0575820472046
-21.5000000000000 -0.0591079278378
-21.0000000000000 -0.0607068393947
-21.0000000000000 -0.0607068393947
-20.5000000000000 -0.0623841718776
-20.0000000000000 -0.0641456984998
-20.0000000000000 -0.0641456984998
-20.0000000000000 -0.0641456984998
-20.0000000000000 -0.0641456984998
-19.5000000000000 -0.0659976590923
-19.0000000000000 -0.0679470620726
-19.0000000000000 -0.0679470620726
-18.5000000000000 -0.0700019810756
-18.0000000000000 -0.0721713085319
-18.0000000000000 -0.0721713085319
-18.0000000000000 -0.0721713085319
-17.5000000000000 -0.0744647679522
-17.0000000000000 -0.0768933004418
-17.0000000000000 -0.0768933004418
-16.5000000000000 -0.0794691704156
-16.0000000000000 -0.0822062328374
-16.0000000000000 -0.0822062328374
-16.0000000000000 -0.0822062328374
-16.0000000000000 -0.0822062328374
-16.0000000000000 -0.0822062328374
-16.0000000000000 -0.0822062328374
-15.5000000000000 -0.0851201461111
-15.0000000000000 -0.0882286149685
-15.0000000000000 -0.0882286149685
-14.5000000000000 -0.0915520183848
-14.2500000000000 -0.0933014434116
-14.0000000000000 -0.0951138563779
-14.0000000000000 -0.0951138563779
-14.0000000000000 -0.0951138563779
-14.0000000000000 -0.0951138563779
-13.7500000000000 -0.0969923701393
-13.5000000000000 -0.0989411633107
-13.5000000000000 -0.0989411633107
-13.2500000000000 -0.1009638468321
-13.0000000000000 -0.1030652365841
-13.0000000000000 -0.1030652365841
-13.0000000000000 -0.1030652365841
-12.7500000000000 -0.1052494410481
-12.5000000000000 -0.1075221933617
-12.5000000000000 -0.1075221933617
-12.2500000000000 -0.1098882975753
-12.0000000000000 -0.1123546494315
-12.0000000000000 -0.1123546494315
-12.0000000000000 -0.1123546494315
-12.0000000000000 -0.1123546494315
-12.0000000000000 -0.1123546494315
-11.7500000000000 -0.1149273864443
-11.5000000000000 -0.1176135873495
-11.5000000000000 -0.1176135873495
-11.2500000000000 -0.1204210252504
-11.0000000000000 -0.1233582213892
-11.0000000000000 -0.1233582213892
-11.0000000000000 -0.1233582213892
-10.7500000000000 -0.1264345103215
-10.5000000000000 -0.1296601321061
-10.5000000000000 -0.1296601321061
-10.2500000000000 -0.1330463436124
-10.0000000000000 -0.1366055687744
-10.0000000000000 -0.1366055687744
-10.0000000000000 -0.1366055687744
-10.0000000000000 -0.1366055687744
-9.7500000000000 -0.1403516167752
-9.5000000000000 -0.1442998472194
-9.5000000000000 -0.1442998472194
-9.2500000000000 -0.1484673718318
-9.0000000000000 -0.1528732970370
-9.0000000000000 -0.1528732970370
-9.0000000000000 -0.1528732970370
-8.7500000000000 -0.1575390209890
-8.5000000000000 -0.1624886719550
-8.5000000000000 -0.1624886719550
-8.2500000000000 -0.1677496171001
-8.0000000000000 -0.1733529782766
-8.0000000000000 -0.1733529782766
-8.0000000000000 -0.1733529782766
-8.0000000000000 -0.1733529782766
-8.0000000000000 -0.1733529782766
-8.0000000000000 -0.1733529782766
-7.7500000000000 -0.1793341826541
-7.5000000000000 -0.1857337850616
-7.5000000000000 -0.1857337850616
-7.2500000000000 -0.1925986342886
-7.0000000000000 -0.1999832837268
-7.0000000000000 -0.1999832837268
-7.0000000000000 -0.1999832837268
-6.7500000000000 -0.2079512983803
-6.5000000000000 -0.2165770176690
-6.5000000000000 -0.2165770176690
-6.2500000000000 -0.2259478187079
-6.0000000000000 -0.2361588762403
-6.0000000000000 -0.2361588762403
-6.0000000000000 -0.2361588762403
-6.0000000000000 -0.2361588762403
-5.7500000000000 -0.2472902898893
-5.5000000000000 -0.2594095841425
-5.5000000000000 -0.2594095841425
-5.2500000000000 -0.2725757526443
-5.0000000000000 -0.2868362979777
-5.0000000000000 -0.2868362979777
-5.0000000000000 -0.2868362979777
-4.7500000000000 -0.3022279161373
-4.5000000000000 -0.3187626095510
-4.5000000000000 -0.3187626095510
-4.2500000000000 -0.3364198596282
-4.0000000000000 -0.3551390061989
-4.0000000000000 -0.3551390061989
-4.0000000000000 -0.3551390061989
-4.0000000000000 -0.3551390061989
-4.0000000000000 -0.3551390061989
-3.7500000000000 -0.3748087092542
-3.5000000000000 -0.3952552891465
-3.5000000000000 -0.3952552891465
-3.2500000000000 -0.4162332453362
-3.0000000000000 -0.4374152337786
-3.0000000000000 -0.4374152337786
-3.0000000000000 -0.4374152337786
-2.7500000000000 -0.4583861299231
-2.5000000000000 -0.4786465204597
-2.5000000000000 -0.4786465204597
-2.2500000000000 -0.4976269831461
-2.0000000000000 -0.5147272672550
-2.0000000000000 -0.5147272672550
-2.0000000000000 -0.5147272672550
-2.0000000000000 -0.5147272672550
-1.7500000000000 -0.5293747186037
-1.5000000000000 -0.5411111323846
-1.5000000000000 -0.5411111323846
-1.2500000000000 -0.5496969777331
-1.0000000000000 -0.5552095722361
-1.0000000000000 -0.5552095722361
-1.0000000000000 -0.5552095722361
-0.7500000000000 -0.5580953980413
-0.5000000000000 -0.5591321820588
-0.5000000000000 -0.5591321820588
-0.2500000000000 -0.5592398376225
0.0000000000000 -0.5591769455194
0.0000000000000 -0.5591769455194
0.0000000000000 -0.5591769455194
0.0000000000000 -0.5591769455194
0.0000000000000 -0.5591769455194
0.0000000000000 -0.5591769455194
0.0000000000000 -0.5591769455194
0.2500000000000 -0.5592397883773
0.5000000000000 -0.5591322569929
0.5000000000000 -0.5591322569929
0.7500000000000 -0.5580956978417
1.0000000000000 -0.5552099341745
1.0000000000000 -0.5552099341745
1.0000000000000 -0.5552099341745
1.2500000000000 -0.5496974121699
1.5000000000000 -0.5411116179834
1.5000000000000 -0.5411116179834
1.7500000000000 -0.5293752980928
2.0000000000000 -0.5147280099811
2.0000000000000 -0.5147280099811
2.0000000000000 -0.5147280099811
2.0000000000000 -0.5147280099811
2.2500000000000 -0.4976278663572
2.5000000000000 -0.4786475931642
2.5000000000000 -0.4786475931642
2.7500000000000 -0.4583874897359
3.0000000000000 -0.4374167499317
3.0000000000000 -0.4374167499317
3.0000000000000 -0.4374167499317
3.2500000000000 -0.4162350932480
3.5000000000000 -0.3952572596888
3.5000000000000 -0.3952572596888
3.7500000000000 -0.3748107886318
4.0000000000000 -0.3551410392558
4.0000000000000 -0.3551410392558
4.0000000000000 -0.3551410392558
4.0000000000000 -0.3551410392558
4.0000000000000 -0.3551410392558
4.2500000000000 -0.3364216329760
4.5000000000000 -0.3187639936545
4.5000000000000 -0.3187639936545
4.7500000000000 -0.3022288203087
5.0000000000000 -0.2868367491716
5.0000000000000 -0.2868367491716
5.0000000000000 -0.2868367491716
5.2500000000000 -0.2725757924378
5.5000000000000 -0.2594091266422
5.5000000000000 -0.2594091266422
5.7500000000000 -0.2472896696593
6.0000000000000 -0.2361583688759
6.0000000000000 -0.2361583688759
6.0000000000000 -0.2361583688759
6.0000000000000 -0.2361583688759
6.2500000000000 -0.2259475919350
6.5000000000000 -0.2165768806511
6.5000000000000 -0.2165768806511
6.7500000000000 -0.2079512216486
7.0000000000000 -0.1999832385827
7.0000000000000 -0.1999832385827
7.0000000000000 -0.1999832385827
7.2500000000000 -0.1925986045650
7.5000000000000 -0.1857337620209
7.5000000000000 -0.1857337620209
7.7500000000000 -0.1793341644683
8.0000000000000 -0.1733529639212
8.0000000000000 -0.1733529639212
8.0000000000000 -0.1733529639212
8.0000000000000 -0.1733529639212
8.0000000000000 -0.1733529639212
8.0000000000000 -0.1733529639212
8.2500000000000 -0.1677496010549
8.5000000000000 -0.1624886482115
8.5000000000000 -0.1624886482115
8.7500000000000 -0.1575389897960
9.0000000000000 -0.1528732630975
9.0000000000000 -0.1528732630975
9.0000000000000 -0.1528732630975
9.2500000000000 -0.1484673385144
9.5000000000000 -0.1442998155225
9.5000000000000 -0.1442998155225
9.7500000000000 -0.1403515872126
10.0000000000000 -0.1366055425303
10.0000000000000 -0.1366055425303
10.0000000000000 -0.1366055425303
10.0000000000000 -0.1366055425303
10.2500000000000 -0.1330463228016
10.5000000000000 -0.1296601192725
10.5000000000000 -0.1296601192725
10.7500000000000 -0.1264345076551
11.0000000000000 -0.1233582299415
11.0000000000000 -0.1233582299415
11.0000000000000 -0.1233582299415
11.2500000000000 -0.1204210444140
11.5000000000000 -0.1176136164095
11.5000000000000 -0.1176136164095
11.7500000000000 -0.1149274258723
12.0000000000000 -0.1123546990386
12.0000000000000 -0.1123546990386
12.0000000000000 -0.1123546990386
12.0000000000000 -0.1123546990386
12.0000000000000 -0.1123546990386
12.2500000000000 -0.1098883552960
12.5000000000000 -0.1075222583759
12.5000000000000 -0.1075222583759
12.7500000000000 -0.1052495133323
13.0000000000000 -0.1030653155845
13.0000000000000 -0.1030653155845
13.0000000000000 -0.1030653155845
13.2500000000000 -0.1009639318136
13.5000000000000 -0.0989412532881
13.5000000000000 -0.0989412532881
13.7500000000000 -0.0969924637954
14.0000000000000 -0.0951139524603
14.0000000000000 -0.0951139524603
14.0000000000000 -0.0951139524603
14.0000000000000 -0.0951139524603
14.2500000000000 -0.0933015403552
14.5000000000000 -0.0915521154244
15.0000000000000 -0.0882287119909
15.0000000000000 -0.0882287119909
15.5000000000000 -0.0851202429736
16.0000000000000 -0.0822063242902
16.0000000000000 -0.0822063242902
16.0000000000000 -0.0822063242902
16.0000000000000 -0.0822063242902
16.0000000000000 -0.0822063242902
16.0000000000000 -0.0822063242902
16.5000000000000 -0.0794692521177
17.0000000000000 -0.0768933697399
17.0000000000000 -0.0768933697399
17.5000000000000 -0.0744648218646
18.0000000000000 -0.0721713481215
18.0000000000000 -0.0721713481215
18.0000000000000 -0.0721713481215
18.5000000000000 -0.0700020103043
19.0000000000000 -0.0679470820954
19.0000000000000 -0.0679470820954
19.5000000000000 -0.0659976682579
20.0000000000000 -0.0641456952472
20.0000000000000 -0.0641456952472
20.0000000000000 -0.0641456952472
20.0000000000000 -0.0641456952472
20.5000000000000 -0.0623841555213
21.0000000000000 -0.0607068099005
21.0000000000000 -0.0607068099005
21.5000000000000 -0.0591078873811
22.0000000000000 -0.0575820019411
22.0000000000000 -0.0575820019411
22.0000000000000 -0.0575820019411
22.5000000000000 -0.0561242609725
23.0000000000000 -0.0547302521569
23.0000000000000 -0.0547302521569
23.5000000000000 -0.0533959352803
24.0000000000000 -0.0521174378598
24.0000000000000 -0.0521174378598
24.0000000000000 -0.0521174378598
24.0000000000000 -0.0521174378598
24.0000000000000 -0.0521174378598
24.5000000000000 -0.0508912573698
25.0000000000000 -0.0497145834876
25.0000000000000 -0.0497145834876
25.5000000000000 -0.0485841993063
26.0000000000000 -0.0474978220518
26.0000000000000 -0.0474978220518
26.0000000000000 -0.0474978220518
26.5000000000000 -0.0464528234108
27.0000000000000 -0.0454470230935
27.0000000000000 -0.0454470230935
27.5000000000000 -0.0444778770902
28.0000000000000 -0.0435438482471
28.0000000000000 -0.0435438482471
28.0000000000000 -0.0435438482471
28.0000000000000 -0.0435438482471
28.5000000000000 -0.0426430282262
29.0000000000000 -0.0417739865702
30.0000000000000 -0.0401250386438
30.0000000000000 -0.0401250386438
31.0000000000000 -0.0385846777287
32.0000000000000 -0.0371425337317
32.0000000000000 -0.0371425337317
32.0000000000000 -0.0371425337317
32.0000000000000 -0.0371425337317
32.0000000000000 -0.0371425337317
33.0000000000000 -0.0357903922945
34.0000000000000 -0.0345204875306
34.0000000000000 -0.0345204875306
35.0000000000000 -0.0333254307114
36.0000000000000 -0.0321991622317
36.0000000000000 -0.0321991622317
36.0000000000000 -0.0321991622317
37.0000000000000 -0.0311362507618
38.0000000000000 -0.0301318000566
38.0000000000000 -0.0301318000566
39.0000000000000 -0.0291819996509
40.0000000000000 -0.0282829233953
40.0000000000000 -0.0282829233953
40.0000000000000 -0.0282829233953
40.0000000000000 -0.0282829233953
41.0000000000000 -0.0274304277661
42.0000000000000 -0.0266217660965
42.0000000000000 -0.0266217660965
43.0000000000000 -0.0258536974002
44.0000000000000 -0.0251235611110
44.0000000000000 -0.0251235611110
44.0000000000000 -0.0251235611110
45.0000000000000 -0.0244283223593
46.0000000000000 -0.0237658630688
46.0000000000000 -0.0237658630688
47.0000000000000 -0.0231336992200
48.0000000000000 -0.0225298937736
48.0000000000000 -0.0225298937736
48.0000000000000 -0.0225298937736
48.0000000000000 -0.0225298937736
48.0000000000000 -0.0225298937736
49.0000000000000 -0.0219520970614
50.0000000000000 -0.0213990629510
52.0000000000000 -0.0203611944710
52.0000000000000 -0.0203611944710
54.0000000000000 -0.0194054474774
56.0000000000000 -0.0185211920071
56.0000000000000 -0.0185211920071
56.0000000000000 -0.0185211920071
58.0000000000000 -0.0176999047390
60.0000000000000 -0.0169340372021
60.0000000000000 -0.0169340372021
62.0000000000000 -0.0162169518955
64.0000000000000 -0.0155433332942
64.0000000000000 -0.0155433332942
64.0000000000000 -0.0155433332942
64.0000000000000 -0.0155433332942
66.0000000000000 -0.0149085121279
68.0000000000000 -0.0143080907562
68.0000000000000 -0.0143080907562
70.0000000000000 -0.0137377091931
72.0000000000000 -0.0131933209941
72.0000000000000 -0.0131933209941
72.0000000000000 -0.0131933209941
74.0000000000000 -0.0126721319692
76.0000000000000 -0.0121727821605
76.0000000000000 -0.0121727821605
78.0000000000000 -0.0116945635722
80.0000000000000 -0.0112364190000
80.0000000000000 -0.0112364190000
80.0000000000000 -0.0112364190000
80.0000000000000 -0.0112364190000
82.0000000000000 -0.0107962073267
84.0000000000000 -0.0103699718574
84.0000000000000 -0.0103699718574
86.0000000000000 -0.0099542875801
88.0000000000000 -0.0095454183284
88.0000000000000 -0.0095454183284
88.0000000000000 -0.0095454183284
90.0000000000000 -0.0091370892305
92.0000000000000 -0.0087334913904
92.0000000000000 -0.0087334913904
94.0000000000000 -0.0083341151421
96.0000000000000 -0.0079467879237
96.0000000000000 -0.0079467879237
96.0000000000000 -0.0079467879237
96.0000000000000 -0.0079467879237
98.0000000000000 -0.0075781946080
100.0000000000000 -0.0072312532253
104.0000000000000 -0.0066177652230
104.0000000000000 -0.0066177652230
108.0000000000000 -0.0060975345333
112.0000000000000 -0.0056425464730
112.0000000000000 -0.0056425464730
112.0000000000000 -0.0056425464730
116.0000000000000 -0.0052322027131
120.0000000000000 -0.0048567089792
120.0000000000000 -0.0048567089792
124.0000000000000 -0.0045129528400
128.0000000000000 -0.0041982103765
128.0000000000000 -0.0041982103765
128.0000000000000 -0.0041982103765
132.0000000000000 -0.0039097838907
136.0000000000000 -0.0036450139452
136.0000000000000 -0.0036450139452
140.0000000000000 -0.0034009866082
144.0000000000000 -0.0031757676658
144.0000000000000 -0.0031757676658
144.0000000000000 -0.0031757676658
148.0000000000000 -0.0029664408408
152.0000000000000 -0.0027730383910
152.0000000000000 -0.0027730383910
156.0000000000000 -0.0025954448924
160.0000000000000 -0.0024311871130
160.0000000000000 -0.0024311871130
160.0000000000000 -0.0024311871130
164.0000000000000 -0.0022776336425
168.0000000000000 -0.0021351435912
176.0000000000000 -0.0018817996674
176.0000000000000 -0.0018817996674
184.0000000000000 -0.0016587558600
192.0000000000000 -0.0014655885758
192.0000000000000 -0.0014655885758
200.0000000000000 -0.0012986048291
208.0000000000000 -0.0011515101544
208.0000000000000 -0.0011515101544
216.0000000000000 -0.0010237704054
224.0000000000000 -0.0009111168999
224.0000000000000 -0.0009111168999
232.0000000000000 -0.0008107703954
240.0000000000000 -0.0007226481469
240.0000000000000 -0.0007226481469
248.0000000000000 -0.0006445541647
256.0000000000000 -0.0005758832533
256.0000000000000 -0.0005758832533
264.0000000000000 -0.0005158331053
272.0000000000000 -0.0004627990666
272.0000000000000 -0.0004627990666
280.0000000000000 -0.0004149163381
288.0000000000000 -0.0003721630467
288.0000000000000 -0.0003721630467
296.0000000000000 -0.0003340784090
304.0000000000000 -0.0003001143573
304.0000000000000 -0.0003001143573
312.0000000000000 -0.0002696679089
320.0000000000000 -0.0002424430258
336.0000000000000 -0.0001961668590
352.0000000000000 -0.0001597313086
368.0000000000000 -0.0001303711281
384.0000000000000 -0.0001069856420
400.0000000000000 -0.0000877018535
416.0000000000000 -0.0000711490233
432.0000000000000 -0.0000580037016
448.0000000000000 -0.0000480722345
464.0000000000000 -0.0000392684046
480.0000000000000 -0.0000318565886
496.0000000000000 -0.0000264152091
512.0000000000000 -0.0000222617891
528.0000000000000 -0.0000187008651
544.0000000000000 -0.0000153430156
560.0000000000000 -0.0000124313872
576.0000000000000 -0.0000102243140
592.0000000000000 -0.0000085555055
608.0000000000000 -0.0000073092700
624.0000000000000 -0.0000062127440
640.0000000000000 -0.0000051787264
656.0000000000000 -0.0000042497433
672.0000000000000 -0.0000033890147
688.0000000000000 -0.0000026734312
704.0000000000000 -0.0000021437854
720.0000000000000 -0.0000017740140
736.0000000000000 -0.0000014945912
752.0000000000000 -0.0000012793460
768.0000000000000 -0.0000011335788
784.0000000000000 -0.0000010180908
800.0000000000000 -0.0000008993514
816.0000000000000 -0.0000007796477
832.0000000000000 -0.0000006699215
848.0000000000000 -0.0000005739491
864.0000000000000 -0.0000004897330
880.0000000000000 -0.0000004158059
896.0000000000000 -0.0000003485795
912.0000000000000 -0.0000002836763
928.0000000000000 -0.0000002267852
944.0000000000000 -0.0000001838463
960.0000000000000 -0.0000001502970
976.0000000000000 -0.0000001229219
992.0000000000000 -0.0000001015030
1008.0000000000000 -0.0000000841487
1024.0000000000000 -0.0000000714202
1040.0000000000000 -0.0000000616647
1056.0000000000000 -0.0000000552721
1072.0000000000000 -0.0000000515861
1088.0000000000000 -0.0000000496573
1104.0000000000000 -0.0000000509625
1120.0000000000000 -0.0000000529057
1136.0000000000000 -0.0000000520847
1152.0000000000000 -0.0000000490720
1168.0000000000000 -0.0000000457599
1184.0000000000000 -0.0000000428946
1200.0000000000000 -0.0000000404739
1216.0000000000000 -0.0000000383532
1232.0000000000000 -0.0000000362445
1248.0000000000000 -0.0000000339341
1264.0000000000000 -0.0000000318204
1280.0000000000000 -0.0000000302736
1296.0000000000000 -0.0000000288711
1312.0000000000000 -0.0000000277088
1328.0000000000000 -0.0000000268540
1344.0000000000000 -0.0000000261015
1360.0000000000000 -0.0000000256447
1376.0000000000000 -0.0000000252571
1392.0000000000000 -0.0000000250979
1408.0000000000000 -0.0000000250789
1424.0000000000000 -0.0000000250542
1440.0000000000000 -0.0000000253901
1456.0000000000000 -0.0000000257463
1472.0000000000000 -0.0000000257272
1488.0000000000000 -0.0000000254842
1504.0000000000000 -0.0000000252345
1520.0000000000000 -0.0000000250284
1536.0000000000000 -0.0000000248550
1552.0000000000000 -0.0000000247079
1568.0000000000000 -0.0000000245848
1584.0000000000000 -0.0000000244838
1600.0000000000000 -0.0000000244028
1616.0000000000000 -0.0000000243399
1632.0000000000000 -0.0000000242935
1648.0000000000000 -0.0000000242619
1664.0000000000000 -0.0000000242437
1680.0000000000000 -0.0000000242376
1696.0000000000000 -0.0000000242424
1712.0000000000000 -0.0000000242569
1728.0000000000000 -0.0000000242802
1744.0000000000000 -0.0000000243113
1760.0000000000000 -0.0000000243492
1776.0000000000000 -0.0000000243934
1792.0000000000000 -0.0000000244429
1808.0000000000000 -0.0000000244971
1824.0000000000000 -0.0000000245550
1840.0000000000000 -0.0000000246183
1856.0000000000000 -0.0000000246945
1872.0000000000000 -0.0000000247521
1888.0000000000000 -0.0000000245715
1904.0000000000000 -0.0000000236950
1920.0000000000000 -0.0000000218165
1936.0000000000000 -0.0000000190606
1952.0000000000000 -0.0000000155061
1968.0000000000000 -0.0000000110698
1984.0000000000000 -0.0000000057887
