# x lapse
-317.4400000000000 0.9943429525080
-314.8800000000000 0.9942973266734
-312.3200000000000 0.9942509579654
-309.7600000000000 0.9942038286581
-307.2000000000000 0.9941559195241
-304.6400000000000 0.9941072102073
-302.0800000000000 0.9940576813635
-299.5200000000000 0.9940073112805
-296.9600000000000 0.9939560783283
-294.4000000000000 0.9939039602349
-291.8400000000000 0.9938509342248
-289.2800000000000 0.9937969760038
-286.7200000000000 0.9937420620134
-284.1600000000000 0.9936861638943
-281.6000000000000 0.9936292528842
-279.0400000000000 0.9935713005832
-276.4800000000000 0.9935122801795
-273.9200000000000 0.9934521641392
-271.3600000000000 0.9933909233275
-268.8000000000000 0.9933285213068
-266.2400000000000 0.9932649234000
-263.6800000000000 0.9932000941538
-261.1200000000000 0.9931339779553
-258.5600000000000 0.9930665067765
-256.0000000000000 0.9929977008012
-253.4400000000000 0.9929279485044
-250.8800000000000 0.9928583596930
-248.3200000000000 0.9927907570766
-245.7600000000000 0.9927266646450
-243.2000000000000 0.9926653605666
-240.6400000000000 0.9926026684733
-238.0800000000000 0.9925327226455
-235.5200000000000 0.9924523355856
-232.9600000000000 0.9923638534965
-230.4000000000000 0.9922728681468
-227.8400000000000 0.9921829261438
-225.2800000000000 0.9920933696508
-222.7200000000000 0.9920021772974
-220.1600000000000 0.9919090504347
-217.6000000000000 0.9918147948902
-215.0400000000000 0.9917193114659
-212.4800000000000 0.9916217573980
-209.9200000000000 0.9915218699217
-207.3600000000000 0.9914197741949
-204.8000000000000 0.9913151456039
-202.2400000000000 0.9912077077632
-199.6800000000000 0.9910976292287
-197.1200000000000 0.9909848380066
-194.5600000000000 0.9908691279403
-192.0000000000000 0.9907505752028
-189.4400000000000 0.9906291219130
-186.8800000000000 0.9905046503558
-184.3200000000000 0.9903771585536
-181.7600000000000 0.9902465047299
-179.2000000000000 0.9901125995443
-176.6400000000000 0.9899754086163
-174.0800000000000 0.9898348652413
-171.5200000000000 0.9896909135121
-168.9600000000000 0.9895434049114
-166.4000000000000 0.9893922786678
-163.8400000000000 0.9892375533313
-161.2800000000000 0.9890793086825
-158.7200000000000 0.9889175954711
-156.1600000000000 0.9887524143623
-153.6000000000000 0.9885838552032
-151.0400000000000 0.9884121286522
-148.4800000000000 0.9882376077821
-145.9200000000000 0.9880606505903
-143.3600000000000 0.9878817654931
-140.8000000000000 0.9877016114902
-139.5200000000000 0.9876113036105
-138.2400000000000 0.9875210091355
-138.2400000000000 0.9875210091355
-136.9600000000000 0.9874308420806
-135.6800000000000 0.9873409623705
-135.6800000000000 0.9873409623705
-134.4000000000000 0.9872515074825
-133.1200000000000 0.9871626587743
-133.1200000000000 0.9871626587743
-131.8400000000000 0.9870745818271
-130.5600000000000 0.9869874614479
-130.5600000000000 0.9869874614479
-129.2800000000000 0.9869014835206
-128.0000000000000 0.9868168103953
-128.0000000000000 0.9868168103953
-126.7200000000000 0.9867336181379
-125.4400000000000 0.9866520514850
-125.4400000000000 0.9866520514850
-124.1600000000000 0.9865722192961
-122.8800000000000 0.9864941751696
-122.8800000000000 0.9864941751696
-121.6000000000000 0.9864179080474
-120.3200000000000 0.9863432873269
-120.3200000000000 0.9863432873269
-119.0400000000000 0.9862700547578
-117.7600000000000 0.9861978122967
-117.7600000000000 0.9861978122967
-116.4800000000000 0.9861259178883
-115.2000000000000 0.9860534945922
-115.2000000000000 0.9860534945922
-113.9200000000000 0.9859793975132
-112.6400000000000 0.9859021182398
-112.6400000000000 0.9859021182398
-111.3600000000000 0.9858198657486
-110.0800000000000 0.9857304931468
-110.0800000000000 0.9857304931468
-108.8000000000000 0.9856313987422
-107.5200000000000 0.9855197240422
-107.5200000000000 0.9855197240422
-106.2400000000000 0.9853923836146
-104.9600000000000 0.9852460972539
-104.9600000000000 0.9852460972539
-103.6800000000000 0.9850776228861
-102.4000000000000 0.9848838439572
-102.4000000000000 0.9848838439572
-101.1200000000000 0.9846619174276
-99.8400000000000 0.9844094733757
-99.8400000000000 0.9844094733757
-98.5600000000000 0.9841247631200
-97.2800000000000 0.9838068993403
-97.2800000000000 0.9838068993403
-96.0000000000000 0.9834559062032
-94.7200000000000 0.9830726053585
-94.7200000000000 0.9830726053585
-93.4400000000000 0.9826586736275
-92.1600000000000 0.9822167308186
-92.1600000000000 0.9822167308186
-90.8800000000000 0.9817503369603
-89.6000000000000 0.9812638017351
-89.6000000000000 0.9812638017351
-88.3200000000000 0.9807616853479
-87.0400000000000 0.9802485374147
-87.0400000000000 0.9802485374147
-85.7600000000000 0.9797289629317
-84.4800000000000 0.9792075830391
-84.4800000000000 0.9792075830391
-83.2000000000000 0.9786887198045
-81.9200000000000 0.9781758820482
-81.9200000000000 0.9781758820482
-80.6400000000000 0.9776716737579
-79.3600000000000 0.9771780464739
-79.3600000000000 0.9771780464739
-78.0800000000000 0.9766963599838
-76.8000000000000 0.9762271965862
-76.8000000000000 0.9762271965862
-75.5200000000000 0.9757701370299
-74.2400000000000 0.9753239571942
-74.2400000000000 0.9753239571942
-72.9600000000000 0.9748867575121
-71.6800000000000 0.9744559796121
-71.6800000000000 0.9744559796121
-70.4000000000000 0.9740288183760
-69.1200000000000 0.9736021905121
-69.1200000000000 0.9736021905121
-67.8400000000000 0.9731724721781
-66.5600000000000 0.9727357200002
-66.5600000000000 0.9727357200002
-65.2800000000000 0.9722880034115
-64.0000000000000 0.9718254577620
-64.0000000000000 0.9718254577620
-62.7200000000000 0.9713442522127
-61.4400000000000 0.9708406898489
-61.4400000000000 0.9708406898489
-60.1600000000001 0.9703110631700
-58.8800000000001 0.9697517221832
-58.8800000000000 0.9697517221832
-57.6000000000001 0.9691592749982
-56.3200000000001 0.9685305917254
-56.3200000000000 0.9685305917254
-55.0400000000000 0.9678626679934
-53.7600000000000 0.9671524417799
-53.7600000000000 0.9671524417799
-52.4800000000000 0.9663970637616
-51.2000000000000 0.9655937085471
-51.2000000000000 0.9655937085471
-49.9200000000000 0.9647394172682
-48.6400000000000 0.9638312649928
-48.6400000000000 0.9638312649928
-47.3600000000000 0.9628660556710
-46.0800000000000 0.9618403049260
-46.0800000000000 0.9618403049260
-44.8000000000000 0.9607500173054
-43.5200000000000 0.9595907964266
-43.5200000000000 0.9595907964266
-42.2400000000000 0.9583578836993
-40.9600000000000 0.9570454910438
-40.9600000000000 0.9570454910438
-39.6800000000000 0.9556468984568
-38.4000000000000 0.9541545214125
-38.4000000000000 0.9541545214125
-37.7600000000000 0.9533705026591
-37.1200000000000 0.9525595312020
-37.1200000000000 0.9525595312020
-36.4800000000000 0.9517204098156
-35.8400000000000 0.9508515325277
-35.8400000000000 0.9508515325277
-35.8400000000000 0.9508515325277
-35.2000000000000 0.9499515384014
-34.5600000000000 0.9490184951055
-34.5600000000000 0.9490184951055
-33.9200000000000 0.9480507489161
-33.2800000000000 0.9470461030736
-33.2800000000000 0.9470461030736
-33.2800000000000 0.9470461030736
-32.6400000000000 0.9460027261987
-32.0000000000000 0.9449178684268
-32.0000000000000 0.9449178684268
-31.3600000000000 0.9437890282513
-30.7200000000000 0.9426136292199
-30.7200000000000 0.9426136292199
-30.7200000000000 0.9426136292199
-30.0800000000000 0.9413886644998
-29.4400000000000 0.9401107806664
-29.4400000000000 0.9401107806664
-28.8000000000000 0.9387763896783
-28.1600000000000 0.9373815274770
-28.1600000000000 0.9373815274770
-28.1600000000000 0.9373815274770
-27.5200000000000 0.9359219340091
-26.8800000000000 0.9343929113067
-26.8800000000000 0.9343929113067
-26.2400000000000 0.9327892812831
-25.6000000000000 0.9311053506032
-25.6000000000000 0.9311053506032
-25.6000000000000 0.9311053506032
-24.9600000000000 0.9293347876461
-24.3200000000000 0.9274707329097
-24.3200000000000 0.9274707329097
-23.6800000000000 0.9255054853791
-23.0400000000000 0.9234305229675
-23.0400000000000 0.9234305229675
-23.0400000000000 0.9234305229675
-22.7199999999999 0.9223489855131
-22.4000000000000 0.9212362930861
-22.3999999999999 0.9212362930861
-22.0799999999999 0.9200911756421
-21.7600000000000 0.9189120908940
-21.7600000000000 0.9189120908940
-21.7599999999999 0.9189120908940
-21.4399999999999 0.9176976646733
-21.1200000000000 0.9164461225787
-21.1199999999999 0.9164461225787
-20.7999999999999 0.9151558946940
-20.4800000000000 0.9138249933948
-20.4800000000000 0.9138249933948
-20.4800000000000 0.9138249933948
-20.4799999999999 0.9138249933948
-20.1599999999999 0.9124516646755
-19.8400000000000 0.9110336377638
-19.8400000000000 0.9110336377638
-19.5199999999999 0.9095688524069
-19.2000000000000 0.9080549230412
-19.2000000000000 0.9080549230412
-19.1999999999999 0.9080549230412
-18.8800000000000 0.9064893198320
-18.5600000000000 0.9048694856171
-18.5600000000000 0.9048694856171
-18.2400000000000 0.9031926117287
-17.9200000000000 0.9014555886413
-17.9200000000000 0.9014555886413
-17.9200000000000 0.9014555886413
-17.9200000000000 0.9014555886413
-17.6000000000000 0.8996551794531
-17.2800000000000 0.8977879666869
-17.2800000000000 0.8977879666869
-16.9600000000000 0.8958501705003
-16.6400000000000 0.8938377560267
-16.6400000000000 0.8938377560267
-16.6400000000000 0.8938377560267
-16.3199999999999 0.8917463974917
-16.0000000000000 0.8895714482121
-15.9999999999999 0.8895714482121
-15.6799999999999 0.8873079067180
-15.5200000000000 0.8861412216047
-15.3600000000000 0.8849502899961
-15.3600000000000 0.8849502899961
-15.3600000000000 0.8849502899961
-15.3600000000000 0.8849502899961
-15.3599999999999 0.8849502899961
-15.2000000000000 0.8837344178392
-15.0400000000000 0.8824927765386
-15.0399999999999 0.8824927765386
-14.8800000000000 0.8812245997174
-14.7200000000000 0.8799290066656
-14.7200000000000 0.8799290066656
-14.7199999999999 0.8799290066656
-14.5600000000000 0.8786051823723
-14.4000000000000 0.8772521633643
-14.3999999999999 0.8772521633643
-14.2400000000000 0.8758690707751
-14.0800000000000 0.8744548357734
-14.0800000000000 0.8744548357734
-14.0800000000000 0.8744548357734
-14.0800000000000 0.8744548357734
-13.9200000000000 0.8730084578317
-13.7600000000000 0.8715288531718
-13.7600000000000 0.8715288531718
-13.6000000000000 0.8700148807576
-13.4400000000000 0.8684653530508
-13.4400000000000 0.8684653530508
-13.4400000000000 0.8684653530508
-13.2800000000000 0.8668790350907
-13.1200000000000 0.8652546356295
-13.1200000000000 0.8652546356295
-12.9600000000000 0.8635908073558
-12.8000000000000 0.8618861475647
-12.8000000000000 0.8618861475647
-12.8000000000000 0.8618861475647
-12.8000000000000 0.8618861475647
-12.8000000000000 0.8618861475647
-12.6400000000000 0.8601391916794
-12.4800000000000 0.8583484009419
-12.4800000000000 0.8583484009419
-12.3200000000000 0.8565121484366
-12.1600000000000 0.8546287166284
-12.1600000000000 0.8546287166284
-12.1600000000000 0.8546287166284
-12.0000000000000 0.8526963136316
-11.8400000000000 0.8507130874997
-11.8400000000000 0.8507130874997
-11.6800000000000 0.8486771077612
-11.5200000000000 0.8465863269708
-11.5200000000000 0.8465863269708
-11.5200000000000 0.8465863269708
-11.5200000000000 0.8465863269708
-11.3600000000000 0.8444385690850
-11.2000000000000 0.8422315408054
-11.2000000000000 0.8422315408054
-11.0400000000001 0.8399628350243
-10.8800000000001 0.8376299388535
-10.8800000000000 0.8376299388535
-10.8800000000000 0.8376299388535
-10.8000000000001 0.8364386099335
-10.7200000000001 0.8352302310873
-10.7200000000001 0.8352302310873
-10.6400000000001 0.8340044673966
-10.5600000000001 0.8327609355072
-10.5600000000001 0.8327609355072
-10.5600000000000 0.8327609355072
-10.4800000000001 0.8314992749019
-10.4000000000001 0.8302190821510
-10.4000000000001 0.8302190821510
-10.3200000000001 0.8289199733779
-10.2400000000001 0.8276015294065
-10.2400000000001 0.8276015294065
-10.2400000000000 0.8276015294065
-10.2400000000000 0.8276015294065
-10.2400000000000 0.8276015294065
-10.2400000000000 0.8276015294065
-10.1600000000001 0.8262633516160
-10.0800000000001 0.8249049944642
-10.0800000000001 0.8249049944642
-10.0000000000001 0.8235260292622
-9.9200000000001 0.8221260068298
-9.9200000000001 0.8221260068298
-9.9200000000000 0.8221260068298
-9.8400000000001 0.8207044638364
-9.7600000000001 0.8192609248717
-9.7600000000001 0.8192609248717
-9.6800000000001 0.8177949029935
-9.6000000000001 0.8163058987924
-9.6000000000001 0.8163058987924
-9.6000000000001 0.8163058987924
-9.6000000000000 0.8163058987924
-9.5200000000001 0.8147933984349
-9.4400000000001 0.8132568715948
-9.4400000000001 0.8132568715948
-9.3600000000001 0.8116957700914
-9.2800000000001 0.8101095275074
-9.2800000000001 0.8101095275074
-9.2800000000001 0.8101095275074
-9.2000000000001 0.8084975594865
-9.1200000000001 0.8068592641705
-9.1200000000001 0.8068592641705
-9.0400000000001 0.8051940224081
-8.9600000000001 0.8035011977083
-8.9600000000001 0.8035011977083
-8.9600000000001 0.8035011977083
-8.9600000000000 0.8035011977083
-8.9600000000000 0.8035011977083
-8.8800000000001 0.8017801360572
-8.8000000000001 0.8000301655908
-8.8000000000001 0.8000301655908
-8.7200000000001 0.7982505959310
-8.6400000000001 0.7964407170441
-8.6400000000001 0.7964407170441
-8.6400000000001 0.7964407170441
-8.5600000000001 0.7945997976394
-8.4800000000001 0.7927270833426
-8.4800000000001 0.7927270833426
-8.4000000000001 0.7908217949752
-8.3200000000001 0.7888831272799
-8.3200000000001 0.7888831272799
-8.3200000000001 0.7888831272799
-8.3200000000000 0.7888831272799
-8.2400000000001 0.7869102483199
-8.1600000000001 0.7849022995585
-8.1600000000001 0.7849022995585
-8.0800000000001 0.7828583962648
-8.0000000000001 0.7807776277271
-8.0000000000000 0.7807776277271
-8.0000000000000 0.7807776277271
-7.9200000000000 0.7786590566675
-7.8400000000001 0.7765017175729
-7.8400000000000 0.7765017175729
-7.7600000000001 0.7743046142533
-7.6800000000001 0.7720667173514
-7.6800000000001 0.7720667173514
-7.6800000000001 0.7720667173514
-7.6800000000000 0.7720667173514
-7.6800000000000 0.7720667173514
-7.6800000000000 0.7720667173514
-7.6000000000001 0.7697869623642
-7.5200000000001 0.7674642483921
-7.5200000000001 0.7674642483921
-7.4400000000001 0.7650974375876
-7.3600000000001 0.7626853551073
-7.3600000000001 0.7626853551073
-7.3600000000001 0.7626853551073
-7.2800000000000 0.7602267891749
-7.2000000000001 0.7577204906604
-7.2000000000000 0.7577204906604
-7.1200000000000 0.7551651717183
-7.0400000000001 0.7525595032765
-7.0400000000000 0.7525595032765
-7.0400000000000 0.7525595032765
-7.0400000000000 0.7525595032765
-6.9600000000000 0.7499021116148
-6.8800000000001 0.7471915749578
-6.8800000000000 0.7471915749578
-6.8000000000000 0.7444264212167
-6.7200000000001 0.7416051271999
-6.7200000000001 0.7416051271999
-6.7200000000001 0.7416051271999
-6.6400000000000 0.7387261184247
-6.5600000000000 0.7357877684125
-6.5600000000000 0.7357877684125
-6.4800000000000 0.7327883970577
-6.4000000000000 0.7297262682526
-6.4000000000000 0.7297262682526
-6.4000000000000 0.7297262682526
-6.4000000000000 0.7297262682526
-6.4000000000000 0.7297262682526
-6.3600000000000 0.7281711127413
-6.3200000000000 0.7265995869707
-6.3200000000000 0.7265995869707
-6.2800000000000 0.7250114628568
-6.2400000000000 0.7234064960913
-6.2400000000000 0.7234064960913
-6.2400000000000 0.7234064960913
-6.2000000000000 0.7217844505887
-6.1600000000000 0.7201450735969
-6.1600000000000 0.7201450735969
-6.1200000000000 0.7184881207743
-6.0800000000000 0.7168133308035
-6.0800000000000 0.7168133308035
-6.0800000000000 0.7168133308035
-6.0800000000000 0.7168133308035
-6.0400000000000 0.7151204512751
-6.0000000000000 0.7134092111239
-6.0000000000000 0.7134092111239
-5.9600000000000 0.7116793454815
-5.9200000000000 0.7099305833476
-5.9200000000000 0.7099305833476
-5.9200000000000 0.7099305833476
-5.8800000000000 0.7081626482241
-5.8400000000000 0.7063752588250
-5.8400000000000 0.7063752588250
-5.8000000000000 0.7045681290483
-5.7600000000000 0.7027409678479
-5.7600000000000 0.7027409678479
-5.7600000000000 0.7027409678479
-5.7600000000000 0.7027409678479
-5.7600000000000 0.7027409678479
-5.7200000000000 0.7008934790980
-5.6800000000000 0.6990253614784
-5.6800000000000 0.6990253614784
-5.6400000000000 0.6971363083837
-5.6000000000000 0.6952260078539
-5.6000000000000 0.6952260078539
-5.6000000000000 0.6952260078539
-5.5600000000000 0.6932941425220
-5.5200000000000 0.6913403895721
-5.5200000000000 0.6913403895721
-5.4800000000000 0.6893644206991
-5.4400000000000 0.6873659020658
-5.4400000000000 0.6873659020658
-5.4400000000000 0.6873659020658
-5.4400000000000 0.6873659020658
-5.4000000000000 0.6853444942527
-5.3600000000000 0.6832998521966
-5.3600000000000 0.6832998521966
-5.3200000000000 0.6812316251099
-5.2800000000000 0.6791394563767
-5.2800000000000 0.6791394563767
-5.2800000000000 0.6791394563767
-5.2400000000000 0.6770229834230
-5.2000000000000 0.6748818375652
-5.2000000000000 0.6748818375652
-5.1600000000000 0.6727156438455
-5.1200000000000 0.6705240208691
-5.1200000000000 0.6705240208691
-5.1200000000000 0.6705240208691
-5.1200000000000 0.6705240208691
-5.1200000000000 0.6705240208691
-5.1200000000000 0.6705240208691
-5.1200000000000 0.6705240208691
-5.0800000000000 0.6683065806577
-5.0400000000000 0.6660629285344
-5.0400000000000 0.6660629285344
-5.0000000000000 0.6637926630439
-4.9600000000000 0.6614953759051
-4.9600000000000 0.6614953759051
-4.9600000000000 0.6614953759051
-4.9200000000000 0.6591706519831
-4.8800000000000 0.6568180692684
-4.8800000000000 0.6568180692684
-4.8400000000000 0.6544371988507
-4.8000000000000 0.6520276048812
-4.8000000000000 0.6520276048812
-4.8000000000000 0.6520276048812
-4.8000000000000 0.6520276048812
-4.7600000000000 0.6495888445164
-4.7200000000000 0.6471204678423
-4.7200000000000 0.6471204678423
-4.6800000000000 0.6446220177808
-4.6400000000000 0.6420930299828
-4.6400000000000 0.6420930299828
-4.6400000000000 0.6420930299828
-4.6000000000000 0.6395330327141
-4.5600000000000 0.6369415467360
-4.5600000000000 0.6369415467360
-4.5200000000000 0.6343180851850
-4.4800000000000 0.6316621534533
-4.4800000000000 0.6316621534533
-4.4800000000000 0.6316621534533
-4.4800000000000 0.6316621534533
-4.4800000000000 0.6316621534533
-4.4400000000000 0.6289732490711
-4.4000000000000 0.6262508615926
-4.4000000000000 0.6262508615926
-4.3600000000000 0.6234944724859
-4.3200000000000 0.6207035550302
-4.3200000000000 0.6207035550302
-4.3200000000000 0.6207035550302
-4.2800000000000 0.6178775742242
-4.2400000000000 0.6150159867125
-4.2400000000000 0.6150159867125
-4.2000000000000 0.6121182407305
-4.1600000000000 0.6091837760696
-4.1600000000000 0.6091837760696
-4.1600000000000 0.6091837760696
-4.1600000000000 0.6091837760696
-4.1200000000000 0.6062120240534
-4.0800000000000 0.6032024075189
-4.0800000000000 0.6032024075189
-4.0400000000000 0.6001543407919
-4.0000000000000 0.5970672296528
-4.0000000000000 0.5970672296528
-4.0000000000000 0.5970672296528
-3.9600000000000 0.5939404712914
-3.9200000000000 0.5907734542559
-3.9200000000000 0.5907734542559
-3.8800000000000 0.5875655584004
-3.8400000000000 0.5843161548401
-3.8400000000000 0.5843161548401
-3.8400000000000 0.5843161548401
-3.8400000000000 0.5843161548401
-3.8400000000000 0.5843161548401
-3.8400000000000 0.5843161548401
-3.8000000000000 0.5810246059356
-3.7600000000000 0.5776902653100
-3.7600000000000 0.5776902653100
-3.7200000000000 0.5743124778565
-3.6800000000000 0.5708905798213
-3.6800000000000 0.5708905798213
-3.6800000000000 0.5708905798213
-3.6400000000000 0.5674238989466
-3.6000000000000 0.5639117546334
-3.6000000000000 0.5639117546334
-3.5600000000000 0.5603534581078
-3.5200000000000 0.5567483125369
-3.5200000000000 0.5567483125369
-3.5200000000000 0.5567483125369
-3.5200000000000 0.5567483125369
-3.4800000000000 0.5530956130801
-3.4400000000000 0.5493946468853
-3.4400000000000 0.5493946468853
-3.4000000000000 0.5456446930623
-3.3600000000000 0.5418450226804
-3.3600000000000 0.5418450226804
-3.3600000000000 0.5418450226804
-3.3200000000000 0.5379948988046
-3.2800000000000 0.5340935766153
-3.2800000000000 0.5340935766153
-3.2400000000000 0.5301403036301
-3.2000000000000 0.5261343200179
-3.2000000000000 0.5261343200179
-3.2000000000000 0.5261343200179
-3.2000000000000 0.5261343200179
-3.2000000000000 0.5261343200179
-3.1800000000001 0.5241113225089
-3.1600000000001 0.5220748589471
-3.1600000000000 0.5220748589471
-3.1400000000001 0.5200248330453
-3.1200000000001 0.5179611469123
-3.1200000000000 0.5179611469123
-3.1200000000000 0.5179611469123
-3.1000000000001 0.5158837034455
-3.0800000000001 0.5137924039919
-3.0800000000000 0.5137924039919
-3.0600000000001 0.5116871506762
-3.0400000000001 0.5095678440636
-3.0400000000000 0.5095678440636
-3.0400000000000 0.5095678440636
-3.0400000000000 0.5095678440636
-3.0200000000001 0.5074343856638
-3.0000000000001 0.5052866747690
-3.0000000000000 0.5052866747690
-2.9800000000001 0.5031246108582
-2.9600000000001 0.5009480948807
-2.9600000000000 0.5009480948807
-2.9600000000000 0.5009480948807
-2.9400000000001 0.4987570263705
-2.9200000000001 0.4965513044199
-2.9200000000000 0.4965513044199
-2.9000000000001 0.4943308278105
-2.8800000000001 0.4920954950210
-2.8800000000000 0.4920954950210
-2.8800000000000 0.4920954950210
-2.8800000000000 0.4920954950210
-2.8800000000000 0.4920954950210
-2.8600000000001 0.4898452042592
-2.8400000000001 0.4875798534788
-2.8400000000000 0.4875798534788
-2.8200000000001 0.4852993403990
-2.8000000000001 0.4830035625260
-2.8000000000000 0.4830035625260
-2.8000000000000 0.4830035625260
-2.7800000000001 0.4806924171748
-2.7600000000001 0.4783658014916
-2.7600000000000 0.4783658014916
-2.7400000000001 0.4760236124780
-2.7200000000001 0.4736657470126
-2.7200000000000 0.4736657470126
-2.7200000000000 0.4736657470126
-2.7200000000000 0.4736657470126
-2.7000000000001 0.4712921018754
-2.6800000000001 0.4689025737688
-2.6800000000000 0.4689025737688
-2.6600000000001 0.4664970593389
-2.6400000000001 0.4640754551936
-2.6400000000000 0.4640754551936
-2.6400000000000 0.4640754551936
-2.6200000000001 0.4616376579202
-2.6000000000001 0.4591835641016
-2.6000000000000 0.4591835641016
-2.5800000000001 0.4567130703307
-2.5600000000001 0.4542260732250
-2.5600000000000 0.4542260732250
-2.5600000000000 0.4542260732250
-2.5600000000000 0.4542260732250
-2.5600000000000 0.4542260732250
-2.5600000000000 0.4542260732250
-2.5600000000000 0.4542260732250
-2.5600000000000 0.4542260732250
-2.5400000000001 0.4517224694420
-2.5200000000001 0.4492021556971
-2.5200000000000 0.4492021556971
-2.5000000000001 0.4466650287830
-2.4800000000001 0.4441109855942
-2.4800000000000 0.4441109855942
-2.4800000000000 0.4441109855942
-2.4600000000001 0.4415399231548
-2.4400000000001 0.4389517386532
-2.4400000000000 0.4389517386532
-2.4200000000001 0.4363463294816
-2.4000000000001 0.4337235932792
-2.4000000000000 0.4337235932792
-2.4000000000000 0.4337235932792
-2.4000000000000 0.4337235932792
-2.3800000000001 0.4310834279797
-2.3600000000001 0.4284257318590
-2.3600000000000 0.4284257318590
-2.3400000000001 0.4257504035863
-2.3200000000001 0.4230573422734
-2.3200000000000 0.4230573422734
-2.3200000000000 0.4230573422734
-2.3000000000001 0.4203464475245
-2.2800000000001 0.4176176194840
-2.2800000000000 0.4176176194840
-2.2599999999999 0.4148707588826
-2.2400000000000 0.4121057670814
-2.2400000000000 0.4121057670814
-2.2400000000000 0.4121057670814
-2.2400000000000 0.4121057670814
-2.2399999999999 0.4121057670814
-2.2199999999999 0.4093225461126
-2.2000000000000 0.4065209987193
-2.1999999999999 0.4065209987193
-2.1799999999999 0.4037010283948
-2.1600000000000 0.4008625394221
-2.1600000000000 0.4008625394221
-2.1599999999999 0.4008625394221
-2.1399999999999 0.3980054369157
-2.1200000000000 0.3951296268679
-2.1199999999999 0.3951296268679
-2.0999999999999 0.3922350162000
-2.0800000000000 0.3893215128208
-2.0800000000000 0.3893215128208
-2.0800000000000 0.3893215128208
-2.0799999999999 0.3893215128208
-2.0599999999999 0.3863890256907
-2.0400000000000 0.3834374648923
-2.0399999999999 0.3834374648923
-2.0199999999999 0.3804667417026
-2.0000000000000 0.3774767686668
-2.0000000000000 0.3774767686668
-2.0000000000000 0.3774767686668
-1.9800000000000 0.3744674596693
-1.9600000000000 0.3714387300023
-1.9600000000000 0.3714387300023
-1.9399999999999 0.3683904964333
-1.9200000000000 0.3653226772751
-1.9200000000000 0.3653226772751
-1.9200000000000 0.3653226772751
-1.9200000000000 0.3653226772751
-1.9200000000000 0.3653226772751
-1.9199999999999 0.3653226772751
-1.8999999999999 0.3622351924636
-1.8800000000000 0.3591279636468
-1.8799999999999 0.3591279636468
-1.8599999999999 0.3560009142878
-1.8400000000000 0.3528539697803
-1.8400000000000 0.3528539697803
-1.8399999999999 0.3528539697803
-1.8200000000000 0.3496870575711
-1.8000000000000 0.3465001072876
-1.8000000000000 0.3465001072876
-1.7800000000000 0.3432930508671
-1.7600000000000 0.3400658226851
-1.7600000000000 0.3400658226851
-1.7600000000000 0.3400658226851
-1.7600000000000 0.3400658226851
-1.7400000000000 0.3368183596817
-1.7200000000000 0.3335506014962
-1.7200000000000 0.3335506014962
-1.7000000000000 0.3302624906110
-1.6800000000000 0.3269539725047
-1.6800000000000 0.3269539725047
-1.6800000000000 0.3269539725047
-1.6600000000000 0.3236249958164
-1.6400000000000 0.3202755125122
-1.6400000000000 0.3202755125122
-1.6200000000000 0.3169054780539
-1.6000000000000 0.3135148515562
-1.6000000000000 0.3135148515562
-1.6000000000000 0.3135148515562
-1.6000000000000 0.3135148515562
-1.6000000000000 0.3135148515562
-1.5800000000000 0.3101035959293
-1.5600000000000 0.3066716780119
-1.5600000000000 0.3066716780119
-1.5400000000000 0.3032190687062
-1.5200000000000 0.2997457431357
-1.5200000000000 0.2997457431357
-1.5200000000000 0.2997457431357
-1.5000000000000 0.2962516808458
-1.4800000000000 0.2927368660575
-1.4800000000000 0.2927368660575
-1.4600000000000 0.2892012879751
-1.4400000000000 0.2856449411348
-1.4400000000000 0.2856449411348
-1.4400000000000 0.2856449411348
-1.4400000000000 0.2856449411348
-1.4200000000000 0.2820678257816
-1.4000000000000 0.2784699482618
-1.4000000000000 0.2784699482618
-1.3800000000000 0.2748513214097
-1.3600000000000 0.2712119649118
-1.3600000000000 0.2712119649118
-1.3600000000000 0.2712119649118
-1.3400000000000 0.2675519056262
-1.3200000000000 0.2638711778459
-1.3200000000000 0.2638711778459
-1.3000000000000 0.2601698235003
-1.2800000000000 0.2564478923305
-1.2800000000000 0.2564478923305
-1.2800000000000 0.2564478923305
-1.2800000000000 0.2564478923305
-1.2800000000000 0.2564478923305
-1.2800000000000 0.2564478923305
-1.2800000000000 0.2564478923305
-1.2600000000000 0.2527054421024
-1.2400000000000 0.2489425389429
-1.2400000000000 0.2489425389429
-1.2200000000000 0.2451592578718
-1.2000000000000 0.2413556835422
-1.2000000000000 0.2413556835422
-1.2000000000000 0.2413556835422
-1.1800000000000 0.2375319111223
-1.1600000000000 0.2336880471846
-1.1600000000000 0.2336880471846
-1.1400000000000 0.2298242104664
-1.1200000000000 0.2259405324618
-1.1200000000000 0.2259405324618
-1.1200000000000 0.2259405324618
-1.1200000000000 0.2259405324618
-1.1000000000000 0.2220371579368
-1.0800000000000 0.2181142455228
-1.0800000000000 0.2181142455228
-1.0600000000000 0.2141719684881
-1.0400000000000 0.2102105156588
-1.0400000000000 0.2102105156588
-1.0400000000000 0.2102105156588
-1.0200000000000 0.2062300923773
-1.0000000000000 0.2022309214484
-1.0000000000000 0.2022309214484
-0.9800000000000 0.1982132441630
-0.9600000000000 0.1941773215679
-0.9600000000000 0.1941773215679
-0.9600000000000 0.1941773215679
-0.9600000000000 0.1941773215679
-0.9600000000000 0.1941773215679
-0.9400000000000 0.1901234360399
-0.9200000000000 0.1860518930095
-0.9200000000000 0.1860518930095
-0.9000000000000 0.1819630225055
-0.8800000000000 0.1778571802736
-0.8800000000000 0.1778571802736
-0.8800000000000 0.1778571802736
-0.8600000000000 0.1737347485107
-0.8400000000000 0.1695961367215
-0.8400000000000 0.1695961367215
-0.8200000000000 0.1654417833782
-0.8000000000000 0.1612721587704
-0.8000000000000 0.1612721587704
-0.8000000000000 0.1612721587704
-0.8000000000000 0.1612721587704
-0.7800000000000 0.1570877688542
-0.7600000000000 0.1528891593693
-0.7600000000000 0.1528891593693
-0.7400000000000 0.1486769193769
-0.7200000000000 0.1444516836399
-0.7200000000000 0.1444516836399
-0.7200000000000 0.1444516836399
-0.7000000000000 0.1402141339439
-0.6800000000000 0.1359650004558
-0.6800000000000 0.1359650004558
-0.6600000000000 0.1317050647155
-0.6400000000000 0.1274351650191
-0.6400000000000 0.1274351650191
-0.6400000000000 0.1274351650191
-0.6400000000000 0.1274351650191
-0.6400000000000 0.1274351650191
-0.6400000000000 0.1274351650191
-0.6200000000000 0.1231562032647
-0.6000000000000 0.1188691520277
-0.6000000000000 0.1188691520277
-0.5800000000000 0.1145750621778
-0.5600000000000 0.1102750718697
-0.5600000000000 0.1102750718697
-0.5600000000000 0.1102750718697
-0.5400000000000 0.1059704152100
-0.5200000000000 0.1016624271496
-0.5200000000000 0.1016624271496
-0.5000000000000 0.0973525453092
-0.4800000000000 0.0930423167945
-0.4800000000000 0.0930423167945
-0.4800000000000 0.0930423167945
-0.4800000000000 0.0930423167945
-0.4600000000000 0.0887334172836
-0.4400000000000 0.0844276768318
-0.4400000000000 0.0844276768318
-0.4200000000000 0.0801270987130
-0.4000000000000 0.0758338715279
-0.4000000000000 0.0758338715279
-0.4000000000000 0.0758338715279
-0.3800000000000 0.0715503903672
-0.3600000000000 0.0672792907256
-0.3600000000000 0.0672792907256
-0.3400000000000 0.0630234828007
-0.3200000000000 0.0587861869070
-0.3200000000000 0.0587861869070
-0.3200000000000 0.0587861869070
-0.3200000000000 0.0587861869070
-0.3200000000000 0.0587861869070
-0.3000000000000 0.0545709839956
-0.2800000000000 0.0503818791023
-0.2800000000000 0.0503818791023
-0.2600000000000 0.0462233746908
-0.2400000000000 0.0421005714015
-0.2400000000000 0.0421005714015
-0.2400000000000 0.0421005714015
-0.2200000000000 0.0380193043841
-0.2000000000000 0.0339863207165
-0.2000000000000 0.0339863207165
-0.1800000000000 0.0300095131981
-0.1600000000000 0.0260982468466
-0.1600000000000 0.0260982468466
-0.1600000000000 0.0260982468466
-0.1600000000000 0.0260982468466
-0.1400000000000 0.0222638555915
-0.1200000000000 0.0185204109894
-0.1200000000000 0.0185204109894
-0.1000000000000 0.0148858994303
-0.0800000000000 0.0113848483340
-0.0800000000000 0.0113848483340
-0.0800000000000 0.0113848483340
-0.0600000000000 0.0080499821807
-0.0400000000000 0.0049492302500
-0.0400000000000 0.0049492302500
-0.0200000000000 0.0021657190616
0.0000000000000 0.0000014152262
0.0000000000000 0.0000014152262
0.0000000000000 0.0000014152262
0.0000000000000 0.0000014152262
0.0000000000000 0.0000014152262
0.0000000000000 0.0000014152262
0.0000000000000 0.0000014152262
0.0000000000000 0.0000014152262
0.0200000000000 0.0021653229327
0.0400000000000 0.0049488343994
0.0400000000000 0.0049488343994
0.0600000000000 0.0080495317195
0.0800000000000 0.0113843740442
0.0800000000000 0.0113843740442
0.0800000000000 0.0113843740442
0.1000000000000 0.0148854042556
0.1200000000000 0.0185198993995
0.1200000000000 0.0185198993995
0.1400000000000 0.0222633304179
0.1600000000000 0.0260977103743
0.1600000000000 0.0260977103743
0.1600000000000 0.0260977103743
0.1600000000000 0.0260977103743
0.1800000000000 0.0300089671491
0.2000000000000 0.0339857664022
0.2000000000000 0.0339857664022
0.2200000000000 0.0380187430309
0.2400000000000 0.0421000041809
0.2400000000000 0.0421000041809
0.2400000000000 0.0421000041809
0.2600000000000 0.0462228026290
0.2800000000000 0.0503813030738
0.2800000000000 0.0503813030738
0.3000000000000 0.0545704045441
0.3200000000000 0.0587856041780
0.3200000000000 0.0587856041780
0.3200000000000 0.0587856041780
0.3200000000000 0.0587856041780
0.3200000000000 0.0587856041780
0.3400000000000 0.0630228970593
0.3600000000000 0.0672787027370
0.3600000000000 0.0672787027370
0.3800000000000 0.0715498010100
0.4000000000000 0.0758332813026
0.4000000000000 0.0758332813026
0.4000000000000 0.0758332813026
0.4200000000000 0.0801265078069
0.4400000000000 0.0844270854344
0.4400000000000 0.0844270854344
0.4600000000000 0.0887328257161
0.4800000000000 0.0930417254286
0.4800000000000 0.0930417254286
0.4800000000000 0.0930417254286
0.4800000000000 0.0930417254286
0.5000000000000 0.0973519544160
0.5200000000000 0.1016618368076
0.5200000000000 0.1016618368076
0.5400000000000 0.1059698254127
0.5600000000000 0.1102744827477
0.5600000000000 0.1102744827477
0.5600000000000 0.1102744827477
0.5800000000000 0.1145744740265
0.6000000000000 0.1188685650871
0.6000000000000 0.1188685650871
0.6200000000000 0.1231556176076
0.6400000000000 0.1274345807128
0.6400000000000 0.1274345807128
0.6400000000000 0.1274345807128
0.6400000000000 0.1274345807128
0.6400000000000 0.1274345807128
0.6400000000000 0.1274345807128
0.6600000000000 0.1317044819950
0.6800000000000 0.1359644196695
0.6800000000000 0.1359644196695
0.7000000000000 0.1402135553727
0.7200000000000 0.1444511073982
0.7200000000000 0.1444511073982
0.7200000000000 0.1444511073982
0.7400000000000 0.1486763454592
0.7600000000000 0.1528885877404
0.7600000000000 0.1528885877404
0.7800000000000 0.1570871995025
0.8000000000000 0.1612715917193
0.8000000000000 0.1612715917193
0.8000000000000 0.1612715917193
0.8000000000000 0.1612715917193
0.8200000000000 0.1654412186648
0.8400000000000 0.1695955743610
0.8400000000000 0.1695955743610
0.8600000000000 0.1737341884783
0.8800000000000 0.1778566225215
0.8800000000000 0.1778566225215
0.8800000000000 0.1778566225215
0.9000000000000 0.1819624670045
0.9200000000000 0.1860513397984
0.9200000000000 0.1860513397984
0.9400000000000 0.1901228852520
0.9600000000000 0.1941767733983
0.9600000000000 0.1941767733983
0.9600000000000 0.1941767733983
0.9600000000000 0.1941767733983
0.9600000000000 0.1941767733983
0.9800000000000 0.1982126988146
1.0000000000000 0.2022303790864
1.0000000000000 0.2022303790864
1.0200000000000 0.2062295531107
1.0400000000000 0.2102099795429
1.0400000000000 0.2102099795429
1.0400000000000 0.2102099795429
1.0600000000000 0.2141714355406
1.0800000000000 0.2181137157382
1.0800000000000 0.2181137157382
1.1000000000000 0.2220366312954
1.1200000000000 0.2259400089356
1.1200000000000 0.2259400089356
1.1200000000000 0.2259400089356
1.1200000000000 0.2259400089356
1.1400000000000 0.2298236900270
1.1600000000000 0.2336875298101
1.1600000000000 0.2336875298101
1.1800000000000 0.2375313968024
1.2000000000000 0.2413551722793
1.2000000000000 0.2413551722793
1.2000000000000 0.2413551722793
1.2200000000000 0.2451587496797
1.2400000000000 0.2489420338450
1.2400000000000 0.2489420338450
1.2600000000000 0.2527049401309
1.2800000000000 0.2564473935214
1.2800000000000 0.2564473935214
1.2800000000000 0.2564473935214
1.2800000000000 0.2564473935214
1.2800000000000 0.2564473935214
1.2800000000000 0.2564473935214
1.2800000000000 0.2564473935214
1.3000000000000 0.2601693278833
1.3200000000000 0.2638706854338
1.3200000000000 0.2638706854338
1.3400000000000 0.2675514164062
1.3600000000000 0.2712114788417
1.3600000000000 0.2712114788417
1.3600000000000 0.2712114788417
1.3800000000001 0.2748508384226
1.4000000000000 0.2784694682756
1.4000000000001 0.2784694682756
1.4200000000000 0.2820673487159
1.4400000000000 0.2856444669253
1.4400000000000 0.2856444669253
1.4400000000000 0.2856444669253
1.4400000000000 0.2856444669253
1.4600000000001 0.2892008165829
1.4800000000000 0.2927363974714
1.4800000000001 0.2927363974714
1.5000000000001 0.2962512150801
1.5200000000000 0.2997452802229
1.5200000000000 0.2997452802229
1.5200000000001 0.2997452802229
1.5400000000001 0.3032186086869
1.5600000000000 0.3066712209251
1.5600000000001 0.3066712209251
1.5800000000001 0.3101031418067
1.6000000000000 0.3135144004193
1.6000000000000 0.3135144004193
1.6000000000000 0.3135144004193
1.6000000000000 0.3135144004193
1.6000000000001 0.3135144004193
1.6200000000001 0.3169050299131
1.6400000000000 0.3202750673651
1.6400000000001 0.3202750673651
1.6600000000001 0.3236245536470
1.6800000000000 0.3269535332838
1.6800000000000 0.3269535332838
1.6800000000001 0.3269535332838
1.7000000000001 0.3302620542994
1.7200000000000 0.3335501680500
1.7200000000001 0.3335501680500
1.7400000000001 0.3368179290557
1.7600000000000 0.3400653948365
1.7600000000000 0.3400653948365
1.7600000000000 0.3400653948365
1.7600000000001 0.3400653948365
1.7800000000001 0.3432926257576
1.8000000000001 0.3464996848849
1.8000000000001 0.3464996848849
1.8200000000001 0.3496866378519
1.8400000000000 0.3528535527299
1.8400000000001 0.3528535527299
1.8400000000001 0.3528535527299
1.8600000000001 0.3560004999010
1.8800000000001 0.3591275519277
1.8800000000001 0.3591275519277
1.9000000000001 0.3622347834239
1.9200000000000 0.3653222709307
1.9200000000000 0.3653222709307
1.9200000000000 0.3653222709307
1.9200000000000 0.3653222709307
1.9200000000000 0.3653222709307
1.9200000000001 0.3653222709307
1.9400000000001 0.3683900928022
1.9600000000000 0.3714383291029
1.9600000000001 0.3714383291029
1.9800000000001 0.3744670615189
2.0000000000000 0.3774763732808
2.0000000000001 0.3774763732808
2.0000000000001 0.3774763732808
2.0200000000001 0.3804663490937
2.0400000000001 0.3834370750696
2.0400000000001 0.3834370750696
2.0600000000001 0.3863886386591
2.0800000000000 0.3893211285804
2.0800000000000 0.3893211285804
2.0800000000001 0.3893211285804
2.0800000000001 0.3893211285804
2.1000000000001 0.3922346347455
2.1200000000001 0.3951292481878
2.1200000000001 0.3951292481878
2.1400000000001 0.3980050609920
2.1600000000000 0.4008621662295
2.1600000000001 0.4008621662295
2.1600000000001 0.4008621662295
2.1800000000001 0.4037006579009
2.2000000000001 0.4065206308846
2.2000000000001 0.4065206308846
2.2200000000001 0.4093221808915
2.2400000000000 0.4121054044233
2.2400000000000 0.4121054044233
2.2400000000000 0.4121054044233
2.2400000000001 0.4121054044233
2.2400000000001 0.4121054044233
2.2600000000001 0.4148703987341
2.2800000000001 0.4176172617912
2.2800000000001 0.4176172617912
2.3000000000000 0.4203460922360
2.3200000000000 0.4230569893421
2.3200000000000 0.4230569893421
2.3200000000001 0.4230569893421
2.3400000000000 0.4257500529716
2.3600000000000 0.4284253835282
2.3600000000001 0.4284253835282
2.3800000000000 0.4310830819086
2.4000000000000 0.4337232494515
2.4000000000000 0.4337232494515
2.4000000000000 0.4337232494515
2.4000000000001 0.4337232494515
2.4200000000000 0.4363459878878
2.4400000000000 0.4389513992898
2.4400000000001 0.4389513992898
2.4600000000000 0.4415395860215
2.4800000000000 0.4441106506926
2.4800000000000 0.4441106506926
2.4800000000001 0.4441106506926
2.5000000000000 0.4466646961148
2.5200000000000 0.4492018252629
2.5200000000001 0.4492018252629
2.5400000000000 0.4517221412406
2.5600000000000 0.4542257472518
2.5600000000000 0.4542257472518
2.5600000000000 0.4542257472518
2.5600000000000 0.4542257472518
2.5600000000000 0.4542257472518
2.5600000000000 0.4542257472518
2.5600000000000 0.4542257472518
2.5600000000001 0.4542257472518
2.5800000000000 0.4567127465777
2.6000000000000 0.4591832425581
2.6000000000001 0.4591832425581
2.6200000000000 0.4616373385734
2.6400000000000 0.4640751380297
2.6400000000000 0.4640751380297
2.6400000000001 0.4640751380297
2.6600000000000 0.4664967443436
2.6800000000000 0.4689022609276
2.6800000000001 0.4689022609276
2.7000000000000 0.4712917911742
2.7200000000000 0.4736654384384
2.7200000000000 0.4736654384384
2.7200000000000 0.4736654384384
2.7200000000001 0.4736654384384
2.7400000000000 0.4760233060182
2.7600000000000 0.4783654971340
2.7600000000000 0.4783654971340
2.7800000000000 0.4806921149071
2.8000000000000 0.4830032623359
2.8000000000000 0.4830032623359
2.8000000000000 0.4830032623359
2.8200000000000 0.4852990422736
2.8400000000000 0.4875795574049
2.8400000000000 0.4875795574049
2.8600000000000 0.4898449102234
2.8800000000000 0.4920952030097
2.8800000000000 0.4920952030097
2.8800000000000 0.4920952030097
2.8800000000000 0.4920952030097
2.8800000000000 0.4920952030097
2.9000000000000 0.4943305378105
2.9200000000000 0.4965510164178
2.9200000000000 0.4965510164178
2.9400000000000 0.4987567403525
2.9600000000000 0.5009478108331
2.9600000000000 0.5009478108331
2.9600000000000 0.5009478108331
2.9800000000000 0.5031243287667
3.0000000000000 0.5052863946188
3.0000000000000 0.5052863946188
3.0200000000000 0.5074341074399
3.0400000000000 0.5095675677500
3.0400000000000 0.5095675677500
3.0400000000000 0.5095675677500
3.0400000000000 0.5095675677500
3.0600000000000 0.5116868762554
3.0800000000000 0.5137921314473
3.0800000000000 0.5137921314473
3.1000000000000 0.5158834327602
3.1200000000000 0.5179608780706
3.1200000000000 0.5179608780706
3.1200000000000 0.5179608780706
3.1400000000000 0.5200245660317
3.1600000000000 0.5220745937472
3.1600000000000 0.5220745937472
3.1800000000000 0.5241110591094
3.2000000000000 0.5261340584061
3.2000000000000 0.5261340584061
3.2000000000000 0.5261340584061
3.2000000000000 0.5261340584061
3.2000000000000 0.5261340584061
3.2400000000000 0.5301400455584
3.2800000000000 0.5340933220371
3.2800000000000 0.5340933220371
3.3200000000000 0.5379946476678
3.3600000000000 0.5418447749219
3.3600000000000 0.5418447749219
3.3600000000000 0.5418447749219
3.4000000000000 0.5456444486076
3.4400000000000 0.5493944056512
3.4400000000000 0.5493944056512
3.4800000000000 0.5530953749809
3.5200000000000 0.5567480774927
3.5200000000000 0.5567480774927
3.5200000000000 0.5567480774927
3.5200000000000 0.5567480774927
3.5600000000000 0.5603532260526
3.6000000000000 0.5639115255216
3.6000000000000 0.5639115255216
3.6400000000000 0.5674236727537
3.6800000000000 0.5708903565398
3.6800000000000 0.5708903565398
3.6800000000000 0.5708903565398
3.7200000000000 0.5743122574871
3.7600000000000 0.5776900478519
3.7600000000000 0.5776900478519
3.8000000000000 0.5810243913773
3.8400000000000 0.5843159431549
3.8400000000000 0.5843159431549
3.8400000000000 0.5843159431549
3.8400000000000 0.5843159431549
3.8400000000000 0.5843159431549
3.8400000000000 0.5843159431549
3.8800000000000 0.5875653495439
3.9200000000000 0.5907732481706
3.9200000000000 0.5907732481706
3.9600000000000 0.5939402679182
4.0000000000000 0.5970670289387
4.0000000000000 0.5970670289387
4.0000000000000 0.5970670289387
4.0400000000000 0.6001541426943
4.0800000000000 0.6032022120058
4.0800000000000 0.6032022120058
4.1200000000000 0.6062118310972
4.1600000000000 0.6091835856385
4.1600000000000 0.6091835856385
4.1600000000000 0.6091835856385
4.1600000000000 0.6091835856385
4.2000000000000 0.6121180527798
4.2400000000000 0.6150158011795
4.2400000000000 0.6150158011795
4.2800000000000 0.6178773910305
4.3200000000000 0.6207033740890
4.3200000000000 0.6207033740890
4.3200000000001 0.6207033740890
4.3600000000000 0.6234942937155
4.4000000000000 0.6262506849300
4.4000000000000 0.6262506849300
4.4400000000000 0.6289730744829
4.4800000000000 0.6316619809398
4.4800000000000 0.6316619809398
4.4800000000000 0.6316619809398
4.4800000000000 0.6316619809398
4.4800000000001 0.6316619809398
4.5200000000000 0.6343179147760
4.5600000000000 0.6369413784782
4.5600000000000 0.6369413784782
4.6000000000000 0.6395328666542
4.6400000000000 0.6420928661497
4.6400000000000 0.6420928661497
4.6400000000001 0.6420928661497
4.6800000000000 0.6446218561720
4.7199999999999 0.6471203084175
4.7200000000000 0.6471203084175
4.7600000000000 0.6495886871990
4.7999999999999 0.6520274495680
4.8000000000000 0.6520274495680
4.8000000000000 0.6520274495680
4.8000000000001 0.6520274495680
4.8400000000000 0.6544370454248
4.8799999999999 0.6568179176137
4.8800000000000 0.6568179176137
4.9200000000000 0.6591705019968
4.9599999999999 0.6614952275077
4.9600000000000 0.6614952275077
4.9600000000001 0.6614952275077
5.0000000000000 0.6637925161853
5.0399999999999 0.6660627831953
5.0400000000000 0.6660627831953
5.0800000000000 0.6683064368454
5.1199999999999 0.6705238786081
5.1200000000000 0.6705238786081
5.1200000000000 0.6705238786081
5.1200000000000 0.6705238786081
5.1200000000000 0.6705238786081
5.1200000000000 0.6705238786081
5.1200000000001 0.6705238786081
5.1600000000000 0.6727155031658
5.1999999999999 0.6748816984895
5.2000000000000 0.6748816984895
5.2400000000000 0.6770228459555
5.2799999999999 0.6791393204960
5.2800000000000 0.6791393204960
5.2800000000001 0.6791393204960
5.3200000000000 0.6812314907675
5.3599999999999 0.6832997193214
5.3600000000000 0.6832997193214
5.4000000000000 0.6853443627605
5.4399999999999 0.6873657718708
5.4400000000000 0.6873657718708
5.4400000000000 0.6873657718708
5.4400000000001 0.6873657718708
5.4800000000000 0.6893642917242
5.5199999999999 0.6913402617570
5.5200000000000 0.6913402617570
5.5600000000000 0.6932940158274
5.5999999999999 0.6952258822612
5.6000000000000 0.6952258822612
5.6000000000001 0.6952258822612
5.6400000000000 0.6971361838909
5.6799999999999 0.6990252380933
5.6800000000000 0.6990252380933
5.7200000000000 0.7008933568323
5.7599999999999 0.7027408467127
5.7600000000000 0.7027408467127
5.7600000000000 0.7027408467127
5.7600000000000 0.7027408467127
5.7600000000001 0.7027408467127
5.8000000000000 0.7045680090506
5.8399999999999 0.7063751399663
5.8400000000000 0.7063751399663
5.8800000000000 0.7081625305008
5.9199999999999 0.7099304667521
5.9200000000000 0.7099304667521
5.9200000000001 0.7099304667521
5.9600000000000 0.7116792300035
5.9999999999999 0.7134090967511
6.0000000000000 0.7134090967511
6.0400000000000 0.7151203379939
6.0799999999999 0.7168132186052
6.0800000000000 0.7168132186052
6.0800000000000 0.7168132186052
6.0800000000001 0.7168132186052
6.1200000000000 0.7184880096537
6.1599999999999 0.7201449635518
6.1600000000000 0.7201449635518
6.2000000000000 0.7217843416216
6.2399999999999 0.7234063882017
6.2400000000000 0.7234063882017
6.2400000000001 0.7234063882017
6.2800000000000 0.7250113560459
6.3199999999999 0.7265994812310
6.3200000000000 0.7265994812310
6.3600000000000 0.7281710080594
6.3999999999999 0.7297261646078
6.4000000000000 0.7297261646078
6.4000000000000 0.7297261646078
6.4000000000000 0.7297261646078
6.4000000000001 0.7297261646078
6.4799999999999 0.7327882953966
6.5599999999999 0.7357876686274
6.5600000000001 0.7357876686274
6.6399999999999 0.7387260204966
6.7199999999999 0.7416050312427
6.7200000000001 0.7416050312427
6.7200000000001 0.7416050312427
6.7999999999999 0.7444263274408
6.8799999999999 0.7471914835603
6.8800000000000 0.7471914835603
6.9599999999999 0.7499020226539
7.0399999999999 0.7525594166013
7.0400000000000 0.7525594166013
7.0400000000000 0.7525594166013
7.0400000000000 0.7525594166013
7.1199999999999 0.7551650870081
7.1999999999999 0.7577204075580
7.2000000000000 0.7577204075580
7.2799999999999 0.7602267074302
7.3599999999999 0.7626852746454
7.3600000000000 0.7626852746454
7.3600000000001 0.7626852746454
7.4399999999999 0.7650973584617
7.5199999999999 0.7674641706563
7.5200000000000 0.7674641706563
7.5999999999999 0.7697868859680
7.6799999999999 0.7720666421395
7.6800000000000 0.7720666421395
7.6800000000000 0.7720666421395
7.6800000000000 0.7720666421395
7.6800000000000 0.7720666421395
7.6800000000001 0.7720666421395
7.7599999999999 0.7743045400260
7.8400000000000 0.7765016441582
7.8400000000001 0.7765016441582
7.9200000000001 0.7786589839688
8.0000000000000 0.7807775557351
8.0000000000000 0.7807775557351
8.0000000000001 0.7807775557351
8.0800000000001 0.7828583250310
8.1600000000000 0.7849022291292
8.1600000000001 0.7849022291292
8.2400000000001 0.7869101786762
8.3200000000000 0.7888830583450
8.3200000000000 0.7888830583450
8.3200000000001 0.7888830583450
8.3200000000001 0.7888830583450
8.4000000000001 0.7908217266957
8.4800000000000 0.7927270157639
8.4800000000001 0.7927270157639
8.5600000000001 0.7945997309126
8.6400000000000 0.7964406513498
8.6400000000001 0.7964406513498
8.6400000000001 0.7964406513498
8.7200000000001 0.7982505314044
8.8000000000000 0.8000301022906
8.8000000000001 0.8000301022906
8.8800000000001 0.8017800739728
8.9600000000000 0.8035011367857
8.9600000000000 0.8035011367857
8.9600000000000 0.8035011367857
8.9600000000001 0.8035011367857
8.9600000000001 0.8035011367857
9.0400000000001 0.8051939625652
9.1200000000000 0.8068592052975
9.1200000000001 0.8068592052975
9.2000000000001 0.8084975014679
9.2800000000000 0.8101094702497
9.2800000000001 0.8101094702497
9.2800000000001 0.8101094702497
9.3600000000001 0.8116957135420
9.4400000000000 0.8132568157439
9.4400000000001 0.8132568157439
9.5200000000001 0.8147933433202
9.6000000000000 0.8163058445087
9.6000000000000 0.8163058445087
9.6000000000001 0.8163058445087
9.6000000000001 0.8163058445087
9.6800000000001 0.8177948496786
9.7600000000000 0.8192608726533
9.7600000000001 0.8192608726533
9.8400000000001 0.8207044127676
9.9200000000000 0.8221259568606
9.9200000000000 0.8221259568606
9.9200000000001 0.8221259568606
10.0000000000001 0.8235259802633
10.0800000000000 0.8249049462751
10.0800000000001 0.8249049462751
10.1600000000001 0.8262633040931
10.2400000000000 0.8276014824423
10.2400000000000 0.8276014824423
10.2400000000000 0.8276014824423
10.2400000000000 0.8276014824423
10.2400000000000 0.8276014824423
10.2400000000001 0.8276014824423
10.3200000000001 0.8289199268825
10.4000000000000 0.8302190361073
10.4000000000001 0.8302190361073
10.4800000000001 0.8314992293717
10.5600000000000 0.8327608905521
10.5600000000000 0.8327608905521
10.5600000000001 0.8327608905521
10.6400000000001 0.8340044231222
10.7200000000000 0.8352301875449
10.7200000000001 0.8352301875449
10.8000000000001 0.8364385671841
10.8800000000000 0.8376298968104
10.8800000000000 0.8376298968104
10.8800000000000 0.8376298968104
11.0400000000000 0.8399627937002
11.2000000000000 0.8422314992354
11.2000000000000 0.8422314992354
11.3599999999999 0.8444385271244
11.5199999999999 0.8465862850135
11.5200000000000 0.8465862850135
11.5200000000000 0.8465862850135
11.5200000000000 0.8465862850135
11.6799999999999 0.8486770664878
11.8399999999999 0.8507130478464
11.8400000000000 0.8507130478464
11.9999999999999 0.8526962759409
12.1599999999999 0.8546286801621
12.1600000000000 0.8546286801621
12.1600000000000 0.8546286801621
12.3199999999999 0.8565121122418
12.4799999999999 0.8583483648228
12.4800000000000 0.8583483648228
12.6399999999999 0.8601391560526
12.7999999999999 0.8618861128134
12.8000000000000 0.8618861128134
12.8000000000000 0.8618861128134
12.8000000000000 0.8618861128134
12.8000000000000 0.8618861128134
12.9599999999999 0.8635907735787
13.1199999999999 0.8652546028668
13.1200000000000 0.8652546028668
13.2799999999999 0.8668790034991
13.4399999999999 0.8684653226663
13.4400000000000 0.8684653226663
13.4400000000000 0.8684653226663
13.5999999999999 0.8700148512997
13.7599999999999 0.8715288241958
13.7600000000000 0.8715288241958
13.9199999999999 0.8730084290166
14.0799999999999 0.8744548070437
14.0800000000000 0.8744548070437
14.0800000000000 0.8744548070437
14.0800000000000 0.8744548070437
14.2399999999999 0.8758690421280
14.3999999999999 0.8772521348078
14.3999999999999 0.8772521348078
14.5599999999999 0.8786051538950
14.7199999999999 0.8799289784193
14.7199999999999 0.8799289784193
14.7200000000000 0.8799289784193
14.8799999999999 0.8812245720463
15.0399999999999 0.8824927496803
15.0399999999999 0.8824927496803
15.1999999999999 0.8837343920596
15.3599999999999 0.8849502653471
15.3599999999999 0.8849502653471
15.3600000000000 0.8849502653471
15.3600000000000 0.8849502653471
15.3600000000000 0.8849502653471
15.5199999999999 0.8861411979858
15.6799999999999 0.8873078838740
15.9999999999999 0.8895714255375
16.0000000000000 0.8895714255375
16.3199999999999 0.8917463749534
16.6400000000000 0.8938377341104
16.6400000000000 0.8938377341104
16.6400000000001 0.8938377341104
16.9600000000001 0.8958501489809
17.2800000000000 0.8977879451642
17.2800000000001 0.8977879451642
17.6000000000001 0.8996551586844
17.9200000000000 0.9014555687174
17.9200000000000 0.9014555687174
17.9200000000000 0.9014555687174
17.9200000000001 0.9014555687174
18.2400000000001 0.9031925915072
18.5600000000000 0.9048694660808
18.5600000000001 0.9048694660808
18.8800000000001 0.9064893012649
19.2000000000000 0.9080549048547
19.2000000000000 0.9080549048547
19.2000000000001 0.9080549048547
19.5200000000001 0.9095688347155
19.8400000000000 0.9110336195256
19.8400000000001 0.9110336195256
20.1600000000001 0.9124516461902
20.4800000000000 0.9138249749960
20.4800000000000 0.9138249749960
20.4800000000000 0.9138249749960
20.4800000000001 0.9138249749960
20.8000000000001 0.9151558774791
21.1200000000000 0.9164461067977
21.1200000000001 0.9164461067977
21.4400000000001 0.9176976500299
21.7600000000000 0.9189120769527
21.7600000000000 0.9189120769527
21.7600000000001 0.9189120769527
22.0800000000001 0.9200911613667
22.4000000000000 0.9212362782796
22.4000000000002 0.9212362782796
22.7200000000002 0.9223489707032
23.0400000000000 0.9234305084265
23.0400000000000 0.9234305084265
23.0400000000000 0.9234305084265
23.6800000000000 0.9255054721497
24.3200000000000 0.9274707191806
24.3200000000000 0.9274707191806
24.9600000000000 0.9293347743834
25.6000000000000 0.9311053391076
25.6000000000000 0.9311053391076
25.6000000000000 0.9311053391076
26.2400000000000 0.9327892696098
26.8800000000000 0.9343928986583
26.8800000000000 0.9343928986583
27.5200000000000 0.9359219215319
28.1600000000000 0.9373815162726
28.1600000000000 0.9373815162726
28.1600000000000 0.9373815162726
28.8000000000000 0.9387763790541
29.4400000000000 0.9401107697989
29.4400000000000 0.9401107697989
30.0800000000000 0.9413886544853
30.7200000000000 0.9426136202497
30.7200000000000 0.9426136202497
30.7200000000000 0.9426136202497
31.3600000000000 0.9437890195928
32.0000000000000 0.9449178596989
32.0000000000000 0.9449178596989
32.6400000000000 0.9460027178543
33.2800000000000 0.9470460950722
33.2800000000000 0.9470460950722
33.2800000000000 0.9470460950722
33.9200000000000 0.9480507408782
34.5600000000000 0.9490184870204
34.5600000000000 0.9490184870204
35.2000000000000 0.9499515306061
35.8400000000000 0.9508515250828
35.8400000000000 0.9508515250828
35.8400000000000 0.9508515250828
36.4800000000000 0.9517204025928
37.1200000000000 0.9525595241586
37.1200000000000 0.9525595241586
37.7600000000000 0.9533704957444
38.4000000000000 0.9541545146672
38.4000000000000 0.9541545146672
39.6800000000000 0.9556468924383
40.9600000000000 0.9570454850616
40.9600000000000 0.9570454850616
42.2400000000000 0.9583578777659
43.5200000000000 0.9595907912180
43.5200000000000 0.9595907912180
44.8000000000000 0.9607500125645
46.0800000000000 0.9618403001487
46.0800000000000 0.9618403001487
47.3600000000000 0.9628660512685
48.6400000000000 0.9638312613743
48.6400000000000 0.9638312613743
49.9200000000000 0.9647394137354
51.2000000000000 0.9655937053154
51.2000000000000 0.9655937053154
52.4800000000000 0.9663970609387
53.7600000000000 0.9671524391723
53.7600000000000 0.9671524391723
55.0400000000000 0.9678626658591
56.3200000000000 0.9685305896878
56.3200000000000 0.9685305896878
57.6000000000000 0.9691592733265
58.8800000000000 0.9697517208999
58.8800000000000 0.9697517208999
60.1600000000000 0.9703110617834
61.4400000000000 0.9708406890027
61.4400000000000 0.9708406890027
62.7200000000000 0.9713442519495
64.0000000000000 0.9718254575795
64.0000000000000 0.9718254575795
65.2800000000000 0.9722880036902
66.5600000000000 0.9727357209055
66.5600000000000 0.9727357209055
67.8400000000000 0.9731724735177
69.1200000000000 0.9736021921067
69.1200000000000 0.9736021921067
70.4000000000000 0.9740288202926
71.6800000000000 0.9744559819849
71.6800000000000 0.9744559819849
72.9600000000000 0.9748867600153
74.2400000000000 0.9753239601168
74.2400000000000 0.9753239601168
75.5200000000000 0.9757701405463
76.8000000000000 0.9762272000093
76.8000000000000 0.9762272000093
78.0800000000000 0.9766963634574
79.3600000000000 0.9771780501263
79.3600000000000 0.9771780501263
80.6400000000000 0.9776716770202
81.9200000000000 0.9781758852140
81.9200000000000 0.9781758852140
83.2000000000000 0.9786887233888
84.4800000000000 0.9792075868276
84.4800000000000 0.9792075868276
85.7600000000000 0.9797289667462
87.0400000000000 0.9802485414010
87.0400000000000 0.9802485414010
88.3200000000000 0.9807616896891
89.6000000000000 0.9812638060832
89.6000000000000 0.9812638060832
90.8800000000000 0.9817503404520
92.1600000000000 0.9822167335667
92.1600000000000 0.9822167335667
93.4400000000000 0.9826586764342
94.7200000000000 0.9830726077849
94.7200000000000 0.9830726077849
96.0000000000000 0.9834559075059
97.2800000000000 0.9838068999832
97.2800000000000 0.9838068999832
98.5600000000000 0.9841247637576
99.8400000000000 0.9844094741820
99.8400000000000 0.9844094741820
101.1200000000000 0.9846619183769
102.4000000000000 0.9848838447620
102.4000000000000 0.9848838447620
103.6800000000000 0.9850776233887
104.9600000000000 0.9852460977688
104.9600000000000 0.9852460977688
106.2400000000000 0.9853923843003
107.5200000000000 0.9855197246169
107.5200000000000 0.9855197246169
108.8000000000000 0.9856313991126
110.0800000000000 0.9857304935479
110.0800000000000 0.9857304935479
111.3600000000000 0.9858198663450
112.6400000000000 0.9859021191593
112.6400000000000 0.9859021191593
113.9200000000000 0.9859793988181
115.2000000000000 0.9860534959977
115.2000000000000 0.9860534959977
116.4800000000000 0.9861259190218
117.7600000000000 0.9861978131854
117.7600000000000 0.9861978131854
119.0400000000000 0.9862700557323
120.3200000000000 0.9863432885040
120.3200000000000 0.9863432885040
121.6000000000000 0.9864179091925
122.8800000000000 0.9864941761286
122.8800000000000 0.9864941761286
124.1600000000000 0.9865722201412
125.4400000000000 0.9866520521505
125.4400000000000 0.9866520521505
126.7200000000000 0.9867336184114
128.0000000000000 0.9868168103073
128.0000000000000 0.9868168103073
129.2800000000000 0.9869014833908
130.5600000000000 0.9869874614047
130.5600000000000 0.9869874614047
131.8400000000000 0.9870745819146
133.1200000000000 0.9871626590062
133.1200000000000 0.9871626590062
134.4000000000000 0.9872515078130
135.6800000000000 0.9873409627578
135.6800000000000 0.9873409627578
136.9600000000000 0.9874308424662
138.2400000000000 0.9875210094624
138.2400000000000 0.9875210094624
139.5200000000000 0.9876113037821
140.8000000000000 0.9877016115170
143.3600000000000 0.9878817655438
145.9200000000000 0.9880606507035
148.4800000000000 0.9882376076553
151.0400000000000 0.9884121284506
153.6000000000000 0.9885838551683
156.1600000000000 0.9887524143205
158.7200000000000 0.9889175954260
161.2800000000000 0.9890793087782
163.8400000000000 0.9892375534441
166.4000000000000 0.9893922786131
168.9600000000000 0.9895434047558
171.5200000000000 0.9896909134351
174.0800000000000 0.9898348652703
176.6400000000000 0.9899754086719
179.2000000000000 0.9901125995771
181.7600000000000 0.9902465047336
184.3200000000000 0.9903771585404
186.8800000000000 0.9905046503363
189.4400000000000 0.9906291218878
192.0000000000000 0.9907505751777
194.5600000000000 0.9908691279346
197.1200000000000 0.9909848380325
199.6800000000000 0.9910976292705
202.2400000000000 0.9912077077946
204.8000000000000 0.9913151456213
207.3600000000000 0.9914197742134
209.9200000000000 0.9915218699468
212.4800000000000 0.9916217574199
215.0400000000000 0.9917193114774
217.6000000000000 0.9918147948946
220.1600000000000 0.9919090504380
222.7200000000000 0.9920021773008
225.2800000000000 0.9920933696530
227.8400000000000 0.9921829261442
230.4000000000000 0.9922728681464
232.9600000000000 0.9923638534961
235.5200000000000 0.9924523355854
238.0800000000000 0.9925327226454
240.6400000000000 0.9926026684732
243.2000000000000 0.9926653605665
245.7600000000000 0.9927266646450
248.3200000000000 0.9927907570766
250.8800000000000 0.9928583596930
253.4400000000000 0.9929279485044
256.0000000000000 0.9929977008012
258.5600000000000 0.9930665067765
261.1200000000000 0.9931339779553
263.6800000000000 0.9932000941538
266.2400000000000 0.9932649234000
268.8000000000000 0.9933285213068
271.3600000000000 0.9933909233275
273.9200000000000 0.9934521641392
276.4800000000000 0.9935122801795
279.0400000000000 0.9935713005832
281.6000000000000 0.9936292528842
284.1600000000000 0.9936861638943
286.7200000000000 0.9937420620134
289.2800000000000 0.9937969760038
291.8400000000000 0.9938509342248
294.4000000000000 0.9939039602349
296.9600000000000 0.9939560783283
299.5200000000000 0.9940073112805
302.0800000000000 0.9940576813635
304.6400000000000 0.9941072102073
307.2000000000000 0.9941559195241
309.7600000000000 0.9942038286581
312.3200000000000 0.9942509579654
314.8800000000000 0.9942973266734
317.4400000000000 0.9943429525080
