# x lapse
-1984.0000000000000 0.9988504660039
-1968.0000000000000 0.9988417904613
-1952.0000000000000 0.9988330243348
-1936.0000000000000 0.9988241632388
-1920.0000000000000 0.9988152027964
-1904.0000000000000 0.9988061382455
-1888.0000000000000 0.9987969648841
-1872.0000000000000 0.9987876779523
-1856.0000000000000 0.9987782723367
-1840.0000000000000 0.9987687428839
-1824.0000000000000 0.9987590843616
-1808.0000000000000 0.9987492912531
-1792.0000000000000 0.9987393579313
-1776.0000000000000 0.9987292785978
-1760.0000000000000 0.9987190472648
-1744.0000000000000 0.9987086578725
-1728.0000000000000 0.9986981041107
-1712.0000000000000 0.9986873795009
-1696.0000000000000 0.9986764771854
-1680.0000000000000 0.9986653902426
-1664.0000000000000 0.9986541116460
-1648.0000000000000 0.9986426337539
-1632.0000000000000 0.9986309488588
-1616.0000000000000 0.9986190491700
-1600.0000000000000 0.9986069263796
-1584.0000000000000 0.9985945719972
-1568.0000000000000 0.9985819772793
-1552.0000000000000 0.9985691329842
-1536.0000000000000 0.9985560295767
-1520.0000000000000 0.9985426571743
-1504.0000000000000 0.9985290056931
-1488.0000000000000 0.9985150644431
-1472.0000000000000 0.9985008223138
-1456.0000000000000 0.9984862681733
-1440.0000000000000 0.9984713909199
-1424.0000000000000 0.9984561795781
-1408.0000000000000 0.9984406227322
-1392.0000000000000 0.9984247085067
-1376.0000000000000 0.9984084243707
-1360.0000000000000 0.9983917574455
-1344.0000000000000 0.9983746939528
-1328.0000000000000 0.9983572196473
-1312.0000000000000 0.9983393197204
-1296.0000000000000 0.9983209782177
-1280.0000000000000 0.9983021783790
-1264.0000000000000 0.9982829031302
-1248.0000000000000 0.9982631338661
-1232.0000000000000 0.9982428513990
-1216.0000000000000 0.9982220356453
-1200.0000000000000 0.9982006650009
-1184.0000000000000 0.9981787170442
-1168.0000000000000 0.9981561680903
-1152.0000000000000 0.9981329931071
-1136.0000000000000 0.9981091659747
-1120.0000000000000 0.9980846587349
-1104.0000000000000 0.9980594417067
-1088.0000000000000 0.9980334838674
-1072.0000000000000 0.9980067523429
-1056.0000000000000 0.9979792113032
-1040.0000000000000 0.9979508236498
-1024.0000000000000 0.9979215494379
-1008.0000000000000 0.9978913461155
-992.0000000000000 0.9978601695800
-976.0000000000000 0.9978279722348
-960.0000000000000 0.9977947030006
-944.0000000000000 0.9977603078168
-928.0000000000000 0.9977247275399
-912.0000000000000 0.9976879002143
-896.0000000000000 0.9976497584769
-880.0000000000000 0.9976102312004
-864.0000000000000 0.9975692419821
-848.0000000000000 0.9975267077422
-832.0000000000000 0.9974825389659
-816.0000000000000 0.9974366400965
-800.0000000000000 0.9973889083174
-784.0000000000000 0.9973392334412
-768.0000000000000 0.9972874975878
-752.0000000000000 0.9972335717360
-736.0000000000000 0.9971773061911
-720.0000000000000 0.9971185261153
-704.0000000000000 0.9970570563243
-688.0000000000000 0.9969927316985
-672.0000000000000 0.9969253695281
-656.0000000000000 0.9968547318061
-640.0000000000000 0.9967805589460
-624.0000000000000 0.9967025859459
-608.0000000000000 0.9966205097239
-592.0000000000000 0.9965339904351
-576.0000000000000 0.9964426983945
-560.0000000000000 0.9963462212568
-544.0000000000000 0.9962439141391
-528.0000000000000 0.9961349336049
-512.0000000000000 0.9960194242869
-496.0000000000000 0.9959015131322
-480.0000000000000 0.9957880532059
-464.0000000000000 0.9956755263355
-448.0000000000000 0.9955433808889
-432.0000000000000 0.9953802043442
-416.0000000000000 0.9952014856098
-400.0000000000000 0.9950162385762
-384.0000000000000 0.9948210643367
-368.0000000000000 0.9946262060679
-352.0000000000000 0.9944310492342
-336.0000000000000 0.9942382386136
-320.0000000000000 0.9940710298186
-312.0000000000000 0.9940045883407
-304.0000000000000 0.9939248869554
-304.0000000000000 0.9939248869554
-296.0000000000000 0.9938277789957
-288.0000000000000 0.9936515989012
-288.0000000000000 0.9936515989012
-280.0000000000000 0.9933116325918
-272.0000000000000 0.9928728789591
-272.0000000000000 0.9928728789591
-264.0000000000000 0.9923076671716
-256.0000000000000 0.9918092923198
-256.0000000000000 0.9918092923198
-248.0000000000000 0.9916523023178
-240.0000000000000 0.9915652678642
-240.0000000000000 0.9915652678642
-232.0000000000000 0.9913552372279
-224.0000000000000 0.9910613256127
-224.0000000000000 0.9910613256127
-216.0000000000000 0.9907626982346
-208.0000000000000 0.9904432167014
-208.0000000000000 0.9904432167014
-200.0000000000000 0.9901008824708
-192.0000000000000 0.9897255954949
-192.0000000000000 0.9897255954949
-184.0000000000000 0.9892966016977
-176.0000000000000 0.9888198493186
-176.0000000000000 0.9888198493186
-168.0000000000000 0.9882911697487
-164.0000000000000 0.9880057276531
-160.0000000000000 0.9877061522440
-160.0000000000000 0.9877061522440
-160.0000000000000 0.9877061522440
-156.0000000000000 0.9873930147204
-152.0000000000000 0.9870644061668
-152.0000000000000 0.9870644061668
-148.0000000000000 0.9867189667317
-144.0000000000000 0.9863556204222
-144.0000000000000 0.9863556204222
-144.0000000000000 0.9863556204222
-140.0000000000000 0.9859744204708
-136.0000000000000 0.9855706193492
-136.0000000000000 0.9855706193492
-132.0000000000000 0.9851390441350
-128.0000000000000 0.9846810242420
-128.0000000000000 0.9846810242420
-128.0000000000000 0.9846810242420
-124.0000000000000 0.9841985875052
-120.0000000000000 0.9836844657397
-120.0000000000000 0.9836844657397
-116.0000000000000 0.9831277508843
-112.0000000000000 0.9825277175826
-112.0000000000000 0.9825277175826
-112.0000000000000 0.9825277175826
-108.0000000000000 0.9818912069825
-104.0000000000000 0.9812047361708
-104.0000000000000 0.9812047361708
-100.0000000000000 0.9804573672133
-98.0000000000000 0.9800630339955
-96.0000000000000 0.9796531278630
-96.0000000000000 0.9796531278630
-96.0000000000000 0.9796531278630
-96.0000000000000 0.9796531278630
-94.0000000000000 0.9792266025538
-92.0000000000000 0.9787811755884
-92.0000000000000 0.9787811755884
-90.0000000000000 0.9783142750795
-88.0000000000000 0.9778257229888
-88.0000000000000 0.9778257229888
-88.0000000000000 0.9778257229888
-86.0000000000000 0.9773147771664
-84.0000000000000 0.9767805580605
-84.0000000000000 0.9767805580605
-82.0000000000000 0.9762234324653
-80.0000000000000 0.9756389191941
-80.0000000000000 0.9756389191941
-80.0000000000000 0.9756389191941
-80.0000000000000 0.9756389191941
-78.0000000000000 0.9750239641485
-76.0000000000000 0.9743746528582
-76.0000000000000 0.9743746528582
-74.0000000000000 0.9736881981692
-72.0000000000000 0.9729627373129
-72.0000000000000 0.9729627373129
-72.0000000000000 0.9729627373129
-70.0000000000000 0.9721970224788
-68.0000000000000 0.9713872651256
-68.0000000000000 0.9713872651256
-66.0000000000000 0.9705279824621
-64.0000000000000 0.9696154624100
-64.0000000000000 0.9696154624100
-64.0000000000000 0.9696154624100
-64.0000000000000 0.9696154624100
-62.0000000000000 0.9686457696039
-60.0000000000000 0.9676112869815
-60.0000000000000 0.9676112869815
-58.0000000000000 0.9665029076310
-56.0000000000000 0.9653140684027
-56.0000000000000 0.9653140684027
-56.0000000000000 0.9653140684027
-54.0000000000000 0.9640369335078
-52.0000000000000 0.9626602436075
-52.0000000000000 0.9626602436075
-50.0000000000000 0.9611717649228
-49.0000000000000 0.9603814199192
-48.0000000000000 0.9595574932618
-48.0000000000000 0.9595574932618
-48.0000000000000 0.9595574932618
-48.0000000000000 0.9595574932618
-48.0000000000000 0.9595574932618
-47.0000000000000 0.9586980254491
-46.0000000000000 0.9578003613466
-46.0000000000000 0.9578003613466
-45.0000000000000 0.9568620972226
-44.0000000000000 0.9558805193666
-44.0000000000000 0.9558805193666
-44.0000000000000 0.9558805193666
-43.0000000000000 0.9548534879960
-42.0000000000000 0.9537768775956
-42.0000000000000 0.9537768775956
-41.0000000000000 0.9526474448789
-40.0000000000000 0.9514604033763
-40.0000000000000 0.9514604033763
-40.0000000000000 0.9514604033763
-40.0000000000000 0.9514604033763
-39.0000000000000 0.9502115081531
-38.0000000000000 0.9488958913172
-38.0000000000000 0.9488958913172
-37.0000000000000 0.9475077415478
-36.0000000000000 0.9460407555916
-36.0000000000000 0.9460407555916
-36.0000000000000 0.9460407555916
-35.0000000000000 0.9444883628977
-34.0000000000000 0.9428433983732
-34.0000000000000 0.9428433983732
-33.0000000000000 0.9410974473549
-32.0000000000000 0.9392401487895
-32.0000000000000 0.9392401487895
-32.0000000000000 0.9392401487895
-32.0000000000000 0.9392401487895
-32.0000000000000 0.9392401487895
-31.0000000000000 0.9372600075429
-30.0000000000000 0.9351450789317
-30.0000000000000 0.9351450789317
-29.0000000000000 0.9328818128358
-28.5000000000000 0.9316897626650
-28.0000000000000 0.9304543662256
-28.0000000000000 0.9304543662256
-28.0000000000000 0.9304543662256
-28.0000000000000 0.9304543662256
-27.5000000000000 0.9291734946509
-27.0000000000000 0.9278443299808
-27.0000000000000 0.9278443299808
-26.5000000000000 0.9264644439623
-26.0000000000000 0.9250305386060
-26.0000000000000 0.9250305386060
-26.0000000000000 0.9250305386060
-25.5000000000000 0.9235397999231
-25.0000000000000 0.9219883476586
-25.0000000000000 0.9219883476586
-24.5000000000000 0.9203728732366
-24.0000000000000 0.9186888476309
-24.0000000000000 0.9186888476309
-24.0000000000000 0.9186888476309
-24.0000000000000 0.9186888476309
-24.0000000000000 0.9186888476309
-23.5000000000000 0.9169321851823
-23.0000000000000 0.9150982472147
-23.0000000000000 0.9150982472147
-22.5000000000000 0.9131818203511
-22.0000000000000 0.9111771079362
-22.0000000000000 0.9111771079362
-22.0000000000000 0.9111771079362
-21.5000000000000 0.9090778283527
-21.0000000000000 0.9068772140621
-21.0000000000000 0.9068772140621
-20.5000000000000 0.9045679251775
-20.0000000000000 0.9021419311416
-20.0000000000000 0.9021419311416
-20.0000000000000 0.9021419311416
-20.0000000000000 0.9021419311416
-19.5000000000000 0.8995903659213
-19.0000000000000 0.8969033706199
-19.0000000000000 0.8969033706199
-18.5000000000000 0.8940699972093
-18.0000000000000 0.8910781947320
-18.0000000000000 0.8910781947320
-18.0000000000000 0.8910781947320
-17.5000000000000 0.8879146396027
-17.0000000000000 0.8845644251926
-17.0000000000000 0.8845644251926
-16.5000000000000 0.8810108914480
-16.0000000000000 0.8772354422885
-16.0000000000000 0.8772354422885
-16.0000000000000 0.8772354422885
-16.0000000000000 0.8772354422885
-16.0000000000000 0.8772354422885
-16.0000000000000 0.8772354422885
-15.5000000000000 0.8732172219978
-15.0000000000000 0.8689327829859
-15.0000000000000 0.8689327829859
-14.5000000000000 0.8643556477543
-14.2500000000000 0.8619481797320
-14.0000000000000 0.8594557271237
-14.0000000000000 0.8594557271237
-14.0000000000000 0.8594557271237
-14.0000000000000 0.8594557271237
-13.7500000000000 0.8568743046952
-13.5000000000000 0.8541987152045
-13.5000000000000 0.8541987152045
-13.2500000000000 0.8514244165587
-13.0000000000000 0.8485454580762
-13.0000000000000 0.8485454580762
-13.0000000000000 0.8485454580762
-12.7500000000000 0.8455566628676
-12.5000000000000 0.8424511674628
-12.5000000000000 0.8424511674628
-12.2500000000000 0.8392230689527
-12.0000000000000 0.8358643087644
-12.0000000000000 0.8358643087644
-12.0000000000000 0.8358643087644
-12.0000000000000 0.8358643087644
-12.0000000000000 0.8358643087644
-11.7500000000000 0.8323675966226
-11.5000000000000 0.8287247247258
-11.5000000000000 0.8287247247258
-11.2500000000000 0.8249267726709
-11.0000000000000 0.8209641014725
-11.0000000000000 0.8209641014725
-11.0000000000000 0.8209641014725
-10.7500000000000 0.8168262973214
-10.5000000000000 0.8125020984785
-10.5000000000000 0.8125020984785
-10.2500000000000 0.8079793087217
-10.0000000000000 0.8032446991486
-10.0000000000000 0.8032446991486
-10.0000000000000 0.8032446991486
-10.0000000000000 0.8032446991486
-9.7500000000000 0.7982839037614
-9.5000000000000 0.7930813080929
-9.5000000000000 0.7930813080929
-9.2500000000000 0.7876199262548
-9.1250000000000 0.7847865151764
-9.0000000000000 0.7818812648694
-9.0000000000000 0.7818812648694
-9.0000000000000 0.7818812648694
-9.0000000000000 0.7818812648694
-8.8750000000000 0.7789017708844
-8.7500000000000 0.7758451692032
-8.7500000000000 0.7758451692032
-8.6250000000000 0.7727088375440
-8.5000000000000 0.7694896462495
-8.5000000000000 0.7694896462495
-8.5000000000000 0.7694896462495
-8.3750000000000 0.7661847334703
-8.2500000000000 0.7627906735013
-8.2500000000000 0.7627906735013
-8.1250000000000 0.7593043489690
-8.0000000000000 0.7557219730298
-8.0000000000000 0.7557219730298
-8.0000000000000 0.7557219730298
-8.0000000000000 0.7557219730298
-8.0000000000000 0.7557219730298
-8.0000000000000 0.7557219730298
-8.0000000000000 0.7557219730298
-7.8750000000000 0.7520399895866
-7.7500000000000 0.7482545890266
-7.7500000000000 0.7482545890266
-7.6250000000000 0.7443617546289
-7.5000000000000 0.7403572766746
-7.5000000000000 0.7403572766746
-7.5000000000000 0.7403572766746
-7.3750000000000 0.7362367464899
-7.2500000000000 0.7319955468284
-7.2500000000000 0.7319955468284
-7.1250000000000 0.7276288412181
-7.0000000000000 0.7231315627347
-7.0000000000000 0.7231315627347
-7.0000000000000 0.7231315627347
-7.0000000000000 0.7231315627347
-6.8750000000000 0.7184984022228
-6.7500000000000 0.7137237960313
-6.7500000000000 0.7137237960313
-6.6250000000000 0.7088019133415
-6.5625000000000 0.7062838519601
-6.5000000000000 0.7037266431556
-6.5000000000000 0.7037266431556
-6.5000000000000 0.7037266431556
-6.5000000000000 0.7037266431556
-6.4375000000000 0.7011295055535
-6.3750000000000 0.6984915810806
-6.3750000000000 0.6984915810806
-6.3125000000000 0.6958120508482
-6.2500000000000 0.6930900159296
-6.2500000000000 0.6930900159296
-6.2500000000000 0.6930900159296
-6.1875000000000 0.6903246184217
-6.1250000000000 0.6875149163648
-6.1250000000000 0.6875149163648
-6.0625000000000 0.6846600126965
-6.0000000000000 0.6817589148221
-6.0000000000000 0.6817589148221
-6.0000000000000 0.6817589148221
-6.0000000000000 0.6817589148221
-6.0000000000000 0.6817589148221
-6.0000000000000 0.6817589148221
-5.9375000000000 0.6788106612557
-5.8750000000000 0.6758142616084
-5.8750000000000 0.6758142616084
-5.8125000000000 0.6727686961293
-5.7500000000000 0.6696729207755
-5.7500000000000 0.6696729207755
-5.7500000000000 0.6696729207755
-5.6875000000000 0.6665258674476
-5.6250000000000 0.6633264436775
-5.6250000000000 0.6633264436775
-5.5625000000000 0.6600735321893
-5.5000000000000 0.6567659904526
-5.5000000000000 0.6567659904526
-5.5000000000000 0.6567659904526
-5.5000000000000 0.6567659904526
-5.4375000000000 0.6534026502440
-5.3750000000000 0.6499823172152
-5.3750000000000 0.6499823172152
-5.3125000000000 0.6465037704695
-5.2500000000000 0.6429657621499
-5.2500000000000 0.6429657621499
-5.2500000000000 0.6429657621499
-5.1875000000000 0.6393670170398
-5.1250000000000 0.6357062321806
-5.1250000000000 0.6357062321806
-5.0625000000000 0.6319820765077
-5.0000000000000 0.6281931905108
-5.0000000000000 0.6281931905108
-5.0000000000000 0.6281931905108
-5.0000000000000 0.6281931905108
-5.0000000000000 0.6281931905108
-4.9375000000000 0.6243381859226
-4.8750000000000 0.6204156454400
-4.8750000000000 0.6204156454400
-4.8125000000000 0.6164241224815
-4.7500000000000 0.6123621409868
-4.7500000000000 0.6123621409868
-4.7500000000000 0.6123621409868
-4.6875000000000 0.6082281952618
-4.6250000000000 0.6040207498712
-4.6250000000000 0.6040207498712
-4.5625000000000 0.5997382395809
-4.5000000000000 0.5953790693524
-4.5000000000000 0.5953790693524
-4.5000000000000 0.5953790693524
-4.5000000000000 0.5953790693524
-4.4375000000000 0.5909416143939
-4.3750000000000 0.5864242202726
-4.3750000000000 0.5864242202726
-4.3125000000000 0.5818252030964
-4.2500000000000 0.5771428497639
-4.2500000000000 0.5771428497639
-4.2500000000000 0.5771428497639
-4.1875000000000 0.5723754182989
-4.1250000000000 0.5675211382621
-4.1250000000000 0.5675211382621
-4.0625000000000 0.5625782112607
-4.0000000000000 0.5575448115556
-4.0000000000000 0.5575448115556
-4.0000000000000 0.5575448115556
-4.0000000000000 0.5575448115556
-4.0000000000000 0.5575448115556
-4.0000000000000 0.5575448115556
-4.0000000000000 0.5575448115556
-3.9375000000000 0.5524190867835
-3.8750000000000 0.5471991587977
-3.8750000000000 0.5471991587977
-3.8125000000000 0.5418831246377
-3.7500000000000 0.5364690576288
-3.7500000000000 0.5364690576288
-3.7500000000000 0.5364690576288
-3.6875000000000 0.5309550086375
-3.6250000000000 0.5253390074777
-3.6250000000000 0.5253390074777
-3.5625000000000 0.5196190645065
-3.5000000000000 0.5137931724063
-3.5000000000000 0.5137931724063
-3.5000000000000 0.5137931724063
-3.5000000000000 0.5137931724063
-3.4375000000000 0.5078593081775
-3.3750000000000 0.5018154353447
-3.3750000000000 0.5018154353447
-3.3125000000000 0.4956595063834
-3.2812500000000 0.4925388787279
-3.2500000000000 0.4893894653982
-3.2500000000000 0.4893894653982
-3.2500000000000 0.4893894653982
-3.2500000000000 0.4893894653982
-3.2187500000000 0.4862110088676
-3.1875000000000 0.4830032510425
-3.1875000000000 0.4830032510425
-3.1562500000000 0.4797659338966
-3.1250000000000 0.4764987997018
-3.1250000000000 0.4764987997018
-3.1250000000000 0.4764987997018
-3.0937500000000 0.4732015904246
-3.0625000000000 0.4698740489551
-3.0625000000000 0.4698740489551
-3.0312500000000 0.4665159183648
-3.0000000000000 0.4631269400765
-3.0000000000000 0.4631269400765
-3.0000000000000 0.4631269400765
-3.0000000000000 0.4631269400765
-3.0000000000000 0.4631269400765
-3.0000000000000 0.4631269400765
-2.9687500000000 0.4597068524056
-2.9375000000000 0.4562554077453
-2.9375000000000 0.4562554077453
-2.9062500000000 0.4527723530730
-2.8750000000000 0.4492574357521
-2.8750000000000 0.4492574357521
-2.8750000000000 0.4492574357521
-2.8437500000000 0.4457104045585
-2.8125000000000 0.4421310096997
-2.8125000000000 0.4421310096997
-2.7812500000000 0.4385190031044
-2.7500000000000 0.4348741386073
-2.7500000000000 0.4348741386073
-2.7500000000000 0.4348741386073
-2.7500000000000 0.4348741386073
-2.7187500000000 0.4311961721437
-2.6875000000000 0.4274848619622
-2.6875000000000 0.4274848619622
-2.6562500000000 0.4237399688442
-2.6250000000000 0.4199612563328
-2.6250000000000 0.4199612563328
-2.6250000000000 0.4199612563328
-2.5937500000000 0.4161484909723
-2.5625000000000 0.4123014425600
-2.5625000000000 0.4123014425600
-2.5312500000000 0.4084198844077
-2.5000000000000 0.4045035936172
-2.5000000000000 0.4045035936172
-2.5000000000000 0.4045035936172
-2.5000000000000 0.4045035936172
-2.5000000000000 0.4045035936172
-2.4687500000000 0.4005523513680
-2.4375000000000 0.3965659432205
-2.4375000000000 0.3965659432205
-2.4062500000000 0.3925441594325
-2.3750000000000 0.3884867952943
-2.3750000000000 0.3884867952943
-2.3750000000000 0.3884867952943
-2.3437500000000 0.3843936514791
-2.3125000000000 0.3802645344124
-2.3125000000000 0.3802645344124
-2.2812500000000 0.3760992566593
-2.2500000000000 0.3718976373323
-2.2500000000000 0.3718976373323
-2.2500000000000 0.3718976373323
-2.2500000000000 0.3718976373323
-2.2187500000000 0.3676595025214
-2.1875000000000 0.3633846857457
-2.1875000000000 0.3633846857457
-2.1562500000000 0.3590730284311
-2.1250000000000 0.3547243804135
-2.1250000000000 0.3547243804135
-2.1250000000000 0.3547243804135
-2.0937500000000 0.3503386004718
-2.0625000000000 0.3459155568897
-2.0625000000000 0.3459155568897
-2.0312500000000 0.3414551280500
-2.0000000000000 0.3369572030638
-2.0000000000000 0.3369572030638
-2.0000000000000 0.3369572030638
-2.0000000000000 0.3369572030638
-2.0000000000000 0.3369572030638
-2.0000000000000 0.3369572030638
-2.0000000000000 0.3369572030638
-1.9687500000000 0.3324216824360
-1.9375000000000 0.3278484787687
-1.9375000000000 0.3278484787687
-1.9062500000000 0.3232375175085
-1.8750000000000 0.3185887377365
-1.8750000000000 0.3185887377365
-1.8750000000000 0.3185887377365
-1.8437500000000 0.3139020930069
-1.8125000000000 0.3091775522373
-1.8125000000000 0.3091775522373
-1.7812500000000 0.3044151006551
-1.7500000000000 0.2996147408069
-1.7500000000000 0.2996147408069
-1.7500000000000 0.2996147408069
-1.7500000000000 0.2996147408069
-1.7187500000000 0.2947764936356
-1.6875000000000 0.2899003996389
-1.6875000000000 0.2899003996389
-1.6562500000000 0.2849865201166
-1.6250000000000 0.2800349385293
-1.6250000000000 0.2800349385293
-1.6250000000000 0.2800349385293
-1.5937500000000 0.2750457619762
-1.5625000000000 0.2700191228077
-1.5625000000000 0.2700191228077
-1.5312500000000 0.2649551803763
-1.5000000000000 0.2598541229284
-1.5000000000000 0.2598541229284
-1.5000000000000 0.2598541229284
-1.5000000000000 0.2598541229284
-1.5000000000000 0.2598541229284
-1.4687500000000 0.2547161696587
-1.4375000000000 0.2495415729202
-1.4375000000000 0.2495415729202
-1.4062500000000 0.2443306206355
-1.3750000000000 0.2390836388867
-1.3750000000000 0.2390836388867
-1.3750000000000 0.2390836388867
-1.3437500000000 0.2338009947085
-1.3125000000000 0.2284830990570
-1.3125000000000 0.2284830990570
-1.2812500000000 0.2231304099564
-1.2500000000000 0.2177434358226
-1.2500000000000 0.2177434358226
-1.2500000000000 0.2177434358226
-1.2500000000000 0.2177434358226
-1.2187500000000 0.2123227390018
-1.1875000000000 0.2068689396444
-1.1875000000000 0.2068689396444
-1.1562500000000 0.2013827200378
-1.1250000000000 0.1958648295797
-1.1250000000000 0.1958648295797
-1.1250000000000 0.1958648295797
-1.0937500000000 0.1903160905490
-1.0625000000000 0.1847374046101
-1.0625000000000 0.1847374046101
-1.0312500000000 0.1791297599991
-1.0000000000000 0.1734942393075
-1.0000000000000 0.1734942393075
-1.0000000000000 0.1734942393075
-1.0000000000000 0.1734942393075
-1.0000000000000 0.1734942393075
-1.0000000000000 0.1734942393075
-0.9687500000000 0.1678320278563
-0.9375000000000 0.1621444228224
-0.9375000000000 0.1621444228224
-0.9062500000000 0.1564328433049
-0.8750000000000 0.1506988415928
-0.8750000000000 0.1506988415928
-0.8750000000000 0.1506988415928
-0.8437500000000 0.1449441157491
-0.8125000000000 0.1391705236269
-0.8125000000000 0.1391705236269
-0.7812500000000 0.1333800988098
-0.7500000000000 0.1275750695296
-0.7500000000000 0.1275750695296
-0.7500000000000 0.1275750695296
-0.7500000000000 0.1275750695296
-0.7187500000000 0.1217578818896
-0.6875000000000 0.1159312274356
-0.6875000000000 0.1159312274356
-0.6562500000000 0.1100980727489
-0.6250000000000 0.1042616893187
-0.6250000000000 0.1042616893187
-0.6250000000000 0.1042616893187
-0.5937500000000 0.0984256873638
-0.5625000000000 0.0925940610957
-0.5625000000000 0.0925940610957
-0.5312500000000 0.0867712494274
-0.5000000000000 0.0809622091283
-0.5000000000000 0.0809622091283
-0.5000000000000 0.0809622091283
-0.5000000000000 0.0809622091283
-0.5000000000000 0.0809622091283
-0.4687500000000 0.0751724953536
-0.4375000000000 0.0694083520867
-0.4375000000000 0.0694083520867
-0.4062500000000 0.0636768268965
-0.3750000000000 0.0579859297642
-0.3750000000000 0.0579859297642
-0.3750000000000 0.0579859297642
-0.3437500000000 0.0523448501043
-0.3125000000000 0.0467642417557
-0.3125000000000 0.0467642417557
-0.2812500000000 0.0412565863583
-0.2500000000000 0.0358366829017
-0.2500000000000 0.0358366829017
-0.2500000000000 0.0358366829017
-0.2500000000000 0.0358366829017
-0.2187500000000 0.0305223882831
-0.1875000000000 0.0253357940463
-0.1875000000000 0.0253357940463
-0.1562500000000 0.0203050202159
-0.1250000000000 0.0154675849945
-0.1250000000000 0.0154675849945
-0.1250000000000 0.0154675849945
-0.0937500000000 0.0108782572398
-0.0625000000000 0.0066072868872
-0.0625000000000 0.0066072868872
-0.0312500000000 0.0029468975085
0.0000000000000 0.0000127529537
0.0000000000000 0.0000127529537
0.0000000000000 0.0000127529537
0.0000000000000 0.0000127529537
0.0000000000000 0.0000127529537
0.0000000000000 0.0000127529537
0.0000000000000 0.0000127529537
0.0000000000000 0.0000127529537
0.0000000000000 0.0000127529537
0.0000000000000 0.0000127529537
0.0312500000000 0.0029500856414
0.0625000000000 0.0066101173019
0.0625000000000 0.0066101173019
0.0937500000000 0.0108815793460
0.1250000000000 0.0154710708130
0.1250000000000 0.0154710708130
0.1250000000000 0.0154710708130
0.1562500000000 0.0203086629327
0.1875000000000 0.0253395610383
0.1875000000000 0.0253395610383
0.2187500000000 0.0305262572521
0.2500000000000 0.0358406371172
0.2500000000000 0.0358406371172
0.2500000000000 0.0358406371172
0.2500000000000 0.0358406371172
0.2812500000000 0.0412606115516
0.3125000000000 0.0467683254792
0.3125000000000 0.0467683254792
0.3437500000000 0.0523489819236
0.3750000000000 0.0579901014277
0.3750000000000 0.0579901014277
0.3750000000000 0.0579901014277
0.4062500000000 0.0636810316461
0.4375000000000 0.0694125836014
0.4375000000000 0.0694125836014
0.4687500000000 0.0751767477884
0.5000000000000 0.0809664777586
0.5000000000000 0.0809664777586
0.5000000000000 0.0809664777586
0.5000000000000 0.0809664777586
0.5000000000000 0.0809664777586
0.5312500000000 0.0867755305993
0.5625000000000 0.0925983515977
0.5625000000000 0.0925983515977
0.5937500000000 0.0984299839787
0.6250000000000 0.1042659887379
0.6250000000000 0.1042659887379
0.6250000000000 0.1042659887379
0.6562500000000 0.1101023717030
0.6875000000000 0.1159355228739
0.6875000000000 0.1159355228739
0.7187500000000 0.1217621711453
0.7500000000000 0.1275793504405
0.7500000000000 0.1275793504405
0.7500000000000 0.1275793504405
0.7500000000000 0.1275793504405
0.7812500000000 0.1333843696002
0.8125000000000 0.1391747827758
0.8125000000000 0.1391747827758
0.8437500000000 0.1449483619037
0.8750000000000 0.1507030735083
0.8750000000000 0.1507030735083
0.8750000000000 0.1507030735083
0.9062500000000 0.1564370598325
0.9375000000000 0.1621486229044
0.9375000000000 0.1621486229044
0.9687500000000 0.1678362104966
1.0000000000000 0.1734984035236
1.0000000000000 0.1734984035236
1.0000000000000 0.1734984035236
1.0000000000000 0.1734984035236
1.0000000000000 0.1734984035236
1.0000000000000 0.1734984035236
1.0312500000000 0.1791339048560
1.0625000000000 0.1847415292336
1.0625000000000 0.1847415292336
1.0937500000000 0.1903201941611
1.1250000000000 0.1958689115139
1.1250000000000 0.1958689115139
1.1250000000000 0.1958689115139
1.1562500000000 0.2013867797244
1.1875000000000 0.2068729765860
1.1875000000000 0.2068729765860
1.2187500000000 0.2123267527150
1.2500000000000 0.2177474258525
1.2500000000000 0.2177474258525
1.2500000000000 0.2177474258525
1.2500000000000 0.2177474258525
1.2812500000000 0.2231343758811
1.3125000000000 0.2284870404749
1.3125000000000 0.2284870404749
1.3437500000000 0.2338049112488
1.3750000000000 0.2390875302062
1.3750000000000 0.2390875302062
1.3750000000000 0.2390875302062
1.4062500000000 0.2443344864179
1.4375000000000 0.2495454128707
1.4375000000000 0.2495454128707
1.4687500000000 0.2547199835042
1.5000000000000 0.2598579104208
1.5000000000000 0.2598579104208
1.5000000000000 0.2598579104208
1.5000000000000 0.2598579104208
1.5000000000000 0.2598579104208
1.5312500000000 0.2649589412950
1.5625000000000 0.2700228569573
1.5625000000000 0.2700228569573
1.5937500000000 0.2750494691791
1.6250000000000 0.2800386186206
1.6250000000000 0.2800386186206
1.6250000000000 0.2800386186206
1.6562500000000 0.2849901729439
1.6875000000000 0.2899040250645
1.6875000000000 0.2899040250645
1.7187500000000 0.2947800915379
1.7500000000000 0.2996183110810
1.7500000000000 0.2996183110810
1.7500000000000 0.2996183110810
1.7500000000000 0.2996183110810
1.7812500000000 0.3044186432157
1.8125000000000 0.3091810670221
1.8125000000000 0.3091810670221
1.8437500000000 0.3139055799783
1.8750000000000 0.3185921968831
1.8750000000000 0.3185921968831
1.8750000000000 0.3185921968831
1.9062500000000 0.3232409488462
1.9375000000000 0.3278518823413
1.9375000000000 0.3278518823413
1.9687500000000 0.3324250583122
2.0000000000000 0.3369605513362
2.0000000000000 0.3369605513362
2.0000000000000 0.3369605513362
2.0000000000000 0.3369605513362
2.0000000000000 0.3369605513362
2.0000000000000 0.3369605513362
2.0000000000000 0.3369605513362
2.0312500000000 0.3414584488309
2.0625000000000 0.3459188503096
2.0625000000000 0.3459188503096
2.0937500000000 0.3503418666767
2.1250000000000 0.3547276195615
2.1250000000000 0.3547276195615
2.1250000000000 0.3547276195615
2.1562500000000 0.3590762406894
2.1875000000000 0.3633878712871
2.1875000000000 0.3633878712871
2.2187500000000 0.3676626615223
2.2500000000000 0.3719007699702
2.2500000000000 0.3719007699702
2.2500000000000 0.3719007699702
2.2500000000000 0.3719007699702
2.2812500000000 0.3761023631118
2.3125000000000 0.3802676148555
2.3125000000000 0.3802676148555
2.3437500000000 0.3843967060859
2.3750000000000 0.3884898242341
2.3750000000000 0.3884898242341
2.3750000000000 0.3884898242341
2.4062500000000 0.3925471628704
2.4375000000000 0.3965689213170
2.4375000000000 0.3965689213170
2.4687500000000 0.4005553042795
2.5000000000000 0.4045065214961
2.5000000000000 0.4045065214961
2.5000000000000 0.4045065214961
2.5000000000000 0.4045065214961
2.5000000000000 0.4045065214961
2.5312500000000 0.4084227874040
2.5625000000000 0.4123043208215
2.5625000000000 0.4123043208215
2.5937500000000 0.4161513446452
2.6250000000000 0.4199640855624
2.6250000000000 0.4199640855624
2.6250000000000 0.4199640855624
2.6562500000000 0.4237427737751
2.6875000000000 0.4274876427378
2.6875000000000 0.4274876427378
2.7187500000000 0.4311989289069
2.7500000000000 0.4348768715005
2.7500000000000 0.4348768715005
2.7500000000000 0.4348768715005
2.7500000000000 0.4348768715005
2.7812500000000 0.4385217122690
2.8125000000000 0.4421336952759
2.8125000000000 0.4421336952759
2.8437500000000 0.4457130666854
2.8750000000000 0.4492600745687
2.8750000000000 0.4492600745687
2.8750000000000 0.4492600745687
2.9062500000000 0.4527749687177
2.9375000000000 0.4562580003569
2.9375000000000 0.4562580003569
2.9687500000000 0.4597094221240
3.0000000000000 0.4631294870428
3.0000000000000 0.4631294870428
3.0000000000000 0.4631294870428
3.0000000000000 0.4631294870428
3.0000000000000 0.4631294870428
3.0000000000000 0.4631294870428
3.0312500000000 0.4665184427222
3.0625000000000 0.4698765508503
3.0625000000000 0.4698765508503
3.0937500000000 0.4732040700072
3.1250000000000 0.4765012571260
3.1250000000000 0.4765012571260
3.1250000000000 0.4765012571260
3.1562500000000 0.4797683693203
3.1875000000000 0.4830056646286
3.1875000000000 0.4830056646286
3.2187500000000 0.4862134007834
3.2500000000000 0.4893918358158
3.2500000000000 0.4893918358158
3.2500000000000 0.4893918358158
3.2500000000000 0.4893918358158
3.2812500000000 0.4925412278245
3.3125000000000 0.4956618343394
3.3750000000000 0.5018177215760
3.3750000000000 0.5018177215760
3.4375000000000 0.5078615534442
3.5000000000000 0.5137953774821
3.5000000000000 0.5137953774821
3.5000000000000 0.5137953774821
3.5000000000000 0.5137953774821
3.5625000000000 0.5196212301678
3.6250000000000 0.5253411344956
3.6250000000000 0.5253411344956
3.6875000000000 0.5309570977706
3.7500000000000 0.5364711096198
3.7500000000000 0.5364711096198
3.7500000000000 0.5364711096198
3.8125000000000 0.5418851402149
3.8750000000000 0.5472011386782
3.8750000000000 0.5472011386782
3.9375000000000 0.5524210316746
4.0000000000000 0.5575467221579
4.0000000000000 0.5575467221579
4.0000000000000 0.5575467221579
4.0000000000000 0.5575467221579
4.0000000000000 0.5575467221579
4.0000000000000 0.5575467221579
4.0000000000000 0.5575467221579
4.0625000000000 0.5625800882665
4.1250000000000 0.5675229823561
4.1250000000000 0.5675229823561
4.1875000000000 0.5723772301603
4.2500000000000 0.5771446300682
4.2500000000000 0.5771446300682
4.2500000000000 0.5771446300682
4.3125000000000 0.5818269525144
4.3750000000000 0.5864259394716
4.3750000000000 0.5864259394716
4.4375000000000 0.5909433040373
4.5000000000000 0.5953807300996
4.5000000000000 0.5953807300996
4.5000000000000 0.5953807300996
4.5000000000000 0.5953807300996
4.5625000000000 0.5997398720845
4.6250000000000 0.6040223547765
4.6250000000000 0.6040223547765
4.6875000000000 0.6082297732063
4.7500000000000 0.6123636925989
4.7500000000000 0.6123636925989
4.7500000000000 0.6123636925989
4.8125000000000 0.6164256483775
4.8750000000000 0.6204171462225
4.8750000000000 0.6204171462225
4.9375000000000 0.6243396621794
5.0000000000000 0.6281946428136
5.0000000000000 0.6281946428136
5.0000000000000 0.6281946428136
5.0000000000000 0.6281946428136
5.0000000000000 0.6281946428136
5.0625000000000 0.6319835054099
5.1250000000000 0.6357076382161
5.1250000000000 0.6357076382161
5.1875000000000 0.6393684007218
5.2500000000000 0.6429671239698
5.2500000000000 0.6429671239698
5.2500000000000 0.6429671239698
5.3125000000000 0.6465051108958
5.3750000000000 0.6499836366926
5.3750000000000 0.6499836366926
5.4375000000000 0.6534039491937
5.5000000000000 0.6567672692725
5.5000000000000 0.6567672692725
5.5000000000000 0.6567672692725
5.5000000000000 0.6567672692725
5.5625000000000 0.6600747912550
5.6250000000000 0.6633276833443
5.6250000000000 0.6633276833443
5.6875000000000 0.6665270880527
5.7500000000000 0.6696741226414
5.7500000000000 0.6696741226414
5.7500000000000 0.6696741226414
5.8125000000000 0.6727698795662
5.8750000000000 0.6758154269169
5.8750000000000 0.6758154269169
5.9375000000000 0.6788118087298
6.0000000000000 0.6817600447522
6.0000000000000 0.6817600447522
6.0000000000000 0.6817600447522
6.0000000000000 0.6817600447522
6.0000000000000 0.6817600447522
6.0000000000000 0.6817600447522
6.0625000000000 0.6846611253717
6.1250000000000 0.6875160120752
6.1250000000000 0.6875160120752
6.1875000000000 0.6903256974577
6.2500000000000 0.6930910785826
6.2500000000000 0.6930910785826
6.2500000000000 0.6930910785826
6.3125000000000 0.6958130974114
6.3750000000000 0.6984926118460
6.3750000000000 0.6984926118460
6.4375000000000 0.7011305208128
6.5000000000000 0.7037276431995
6.5000000000000 0.7037276431995
6.5000000000000 0.7037276431995
6.5000000000000 0.7037276431995
6.5625000000000 0.7062848370781
6.6250000000000 0.7088028838218
6.7500000000000 0.7137247380957
6.7500000000000 0.7137247380957
6.8750000000000 0.7184993169965
7.0000000000000 0.7231324512944
7.0000000000000 0.7231324512944
7.0000000000000 0.7231324512944
7.0000000000000 0.7231324512944
7.1250000000000 0.7276297045663
7.2500000000000 0.7319963858765
7.2500000000000 0.7319963858765
7.3750000000000 0.7362375620554
7.5000000000000 0.7403580694984
7.5000000000000 0.7403580694984
7.5000000000000 0.7403580694984
7.6250000000000 0.7443625254011
7.7500000000000 0.7482553384109
7.7500000000000 0.7482553384109
7.8750000000000 0.7520407182394
8.0000000000000 0.7557226816132
8.0000000000000 0.7557226816132
8.0000000000000 0.7557226816132
8.0000000000000 0.7557226816132
8.0000000000000 0.7557226816132
8.0000000000000 0.7557226816132
8.0000000000000 0.7557226816132
8.1250000000000 0.7593050381617
8.2500000000000 0.7627913440042
8.2500000000000 0.7627913440042
8.3750000000000 0.7661853860057
8.5000000000000 0.7694902815591
8.5000000000000 0.7694902815591
8.5000000000000 0.7694902815591
8.6250000000000 0.7727094564170
8.7500000000000 0.7758457723654
8.7500000000000 0.7758457723654
8.8750000000000 0.7789023590374
9.0000000000000 0.7818818386447
9.0000000000000 0.7818818386447
9.0000000000000 0.7818818386447
9.0000000000000 0.7818818386447
9.1250000000000 0.7847870751297
9.2500000000000 0.7876204729330
9.5000000000000 0.7930818297591
9.5000000000000 0.7930818297591
9.7500000000000 0.7982844024006
10.0000000000000 0.8032451764289
10.0000000000000 0.8032451764289
10.0000000000000 0.8032451764289
10.0000000000000 0.8032451764289
10.2500000000000 0.8079797658823
10.5000000000000 0.8125025363524
10.5000000000000 0.8125025363524
10.7500000000000 0.8168267164249
11.0000000000000 0.8209645023474
11.0000000000000 0.8209645023474
11.0000000000000 0.8209645023474
11.2500000000000 0.8249271562636
11.5000000000000 0.8287250923369
11.5000000000000 0.8287250923369
11.7500000000000 0.8323679496336
12.0000000000000 0.8358646484980
12.0000000000000 0.8358646484980
12.0000000000000 0.8358646484980
12.0000000000000 0.8358646484980
12.0000000000000 0.8358646484980
12.2500000000000 0.8392233964719
12.5000000000000 0.8424514833538
12.5000000000000 0.8424514833538
12.7500000000000 0.8455569669766
13.0000000000000 0.8485457507778
13.0000000000000 0.8485457507778
13.0000000000000 0.8485457507778
13.2500000000000 0.8514246985307
13.5000000000000 0.8541989870606
13.5000000000000 0.8541989870606
13.7500000000000 0.8568745672575
14.0000000000000 0.8594559807005
14.0000000000000 0.8594559807005
14.0000000000000 0.8594559807005
14.0000000000000 0.8594559807005
14.2500000000000 0.8619484240412
14.5000000000000 0.8643558829531
15.0000000000000 0.8689330011636
15.0000000000000 0.8689330011636
15.5000000000000 0.8732174284021
16.0000000000000 0.8772356404214
16.0000000000000 0.8772356404214
16.0000000000000 0.8772356404214
16.0000000000000 0.8772356404214
16.0000000000000 0.8772356404214
16.0000000000000 0.8772356404214
16.5000000000000 0.8810110801767
17.0000000000000 0.8845646039611
17.0000000000000 0.8845646039611
17.5000000000000 0.8879148106432
18.0000000000000 0.8910783580022
18.0000000000000 0.8910783580022
18.0000000000000 0.8910783580022
18.5000000000000 0.8940701490946
19.0000000000000 0.8969035089611
19.0000000000000 0.8969035089611
19.5000000000000 0.8995904937948
20.0000000000000 0.9021420535118
20.0000000000000 0.9021420535118
20.0000000000000 0.9021420535118
20.0000000000000 0.9021420535118
20.5000000000000 0.9045680438029
21.0000000000000 0.9068773289655
21.0000000000000 0.9068773289655
21.5000000000000 0.9090779398587
22.0000000000000 0.9111772150819
22.0000000000000 0.9111772150819
22.0000000000000 0.9111772150819
22.5000000000000 0.9131819213727
23.0000000000000 0.9150983414999
23.0000000000000 0.9150983414999
23.5000000000000 0.9169322727600
24.0000000000000 0.9186889299083
24.0000000000000 0.9186889299083
24.0000000000000 0.9186889299083
24.0000000000000 0.9186889299083
24.0000000000000 0.9186889299083
24.5000000000000 0.9203729536293
25.0000000000000 0.9219884271883
25.0000000000000 0.9219884271883
25.5000000000000 0.9235398776851
26.0000000000000 0.9250306142997
26.0000000000000 0.9250306142997
26.0000000000000 0.9250306142997
26.5000000000000 0.9264645173646
27.0000000000000 0.9278444005211
27.0000000000000 0.9278444005211
27.5000000000000 0.9291735610651
28.0000000000000 0.9304544283657
28.0000000000000 0.9304544283657
28.0000000000000 0.9304544283657
28.0000000000000 0.9304544283657
28.5000000000000 0.9316898215159
29.0000000000000 0.9328818686396
30.0000000000000 0.9351451282724
30.0000000000000 0.9351451282724
31.0000000000000 0.9372600559818
32.0000000000000 0.9392401984074
32.0000000000000 0.9392401984074
32.0000000000000 0.9392401984074
32.0000000000000 0.9392401984074
32.0000000000000 0.9392401984074
33.0000000000000 0.9410974951140
34.0000000000000 0.9428434418350
34.0000000000000 0.9428434418350
35.0000000000000 0.9444884062476
36.0000000000000 0.9460407992405
36.0000000000000 0.9460407992405
36.0000000000000 0.9460407992405
37.0000000000000 0.9475077778858
38.0000000000000 0.9488959224202
38.0000000000000 0.9488959224202
39.0000000000000 0.9502115396142
40.0000000000000 0.9514604378033
40.0000000000000 0.9514604378033
40.0000000000000 0.9514604378033
40.0000000000000 0.9514604378033
41.0000000000000 0.9526474745727
42.0000000000000 0.9537769018828
42.0000000000000 0.9537769018828
43.0000000000000 0.9548535106579
44.0000000000000 0.9558805415906
44.0000000000000 0.9558805415906
44.0000000000000 0.9558805415906
45.0000000000000 0.9568621190331
46.0000000000000 0.9578003829303
46.0000000000000 0.9578003829303
47.0000000000000 0.9586980464872
48.0000000000000 0.9595575142745
48.0000000000000 0.9595575142745
48.0000000000000 0.9595575142745
48.0000000000000 0.9595575142745
48.0000000000000 0.9595575142745
49.0000000000000 0.9603814429058
50.0000000000000 0.9611717894570
52.0000000000000 0.9626602641610
52.0000000000000 0.9626602641610
54.0000000000000 0.9640369528713
56.0000000000000 0.9653140817568
56.0000000000000 0.9653140817568
56.0000000000000 0.9653140817568
58.0000000000000 0.9665029163498
60.0000000000000 0.9676112987545
60.0000000000000 0.9676112987545
62.0000000000000 0.9686457857474
64.0000000000000 0.9696154773114
64.0000000000000 0.9696154773114
64.0000000000000 0.9696154773114
64.0000000000000 0.9696154773114
66.0000000000000 0.9705279930952
68.0000000000000 0.9713872708857
68.0000000000000 0.9713872708857
70.0000000000000 0.9721970318983
72.0000000000000 0.9729627518748
72.0000000000000 0.9729627518748
72.0000000000000 0.9729627518748
74.0000000000000 0.9736882102323
76.0000000000000 0.9743746647557
76.0000000000000 0.9743746647557
78.0000000000000 0.9750239716474
80.0000000000000 0.9756389213145
80.0000000000000 0.9756389213145
80.0000000000000 0.9756389213145
80.0000000000000 0.9756389213145
82.0000000000000 0.9762234371464
84.0000000000000 0.9767805662940
84.0000000000000 0.9767805662940
86.0000000000000 0.9773147847295
88.0000000000000 0.9778257293797
88.0000000000000 0.9778257293797
88.0000000000000 0.9778257293797
90.0000000000000 0.9783142824486
92.0000000000000 0.9787811840771
92.0000000000000 0.9787811840771
94.0000000000000 0.9792266111795
96.0000000000000 0.9796531356394
96.0000000000000 0.9796531356394
96.0000000000000 0.9796531356394
96.0000000000000 0.9796531356394
98.0000000000000 0.9800630386601
100.0000000000000 0.9804573691965
104.0000000000000 0.9812047408847
104.0000000000000 0.9812047408847
108.0000000000000 0.9818912118404
112.0000000000000 0.9825277229688
112.0000000000000 0.9825277229688
112.0000000000000 0.9825277229688
116.0000000000000 0.9831277559660
120.0000000000000 0.9836844690106
120.0000000000000 0.9836844690106
124.0000000000000 0.9841985920261
128.0000000000000 0.9846810285203
128.0000000000000 0.9846810285203
128.0000000000000 0.9846810285203
132.0000000000000 0.9851390480938
136.0000000000000 0.9855706229507
136.0000000000000 0.9855706229507
140.0000000000000 0.9859744243754
144.0000000000000 0.9863556247290
144.0000000000000 0.9863556247290
144.0000000000000 0.9863556247290
148.0000000000000 0.9867189713834
152.0000000000000 0.9870644105903
152.0000000000000 0.9870644105903
156.0000000000000 0.9873930171341
160.0000000000000 0.9877061527885
160.0000000000000 0.9877061527885
160.0000000000000 0.9877061527885
164.0000000000000 0.9880057283980
168.0000000000000 0.9882911715350
176.0000000000000 0.9888198539536
176.0000000000000 0.9888198539536
184.0000000000000 0.9892966050404
192.0000000000000 0.9897255956246
192.0000000000000 0.9897255956246
200.0000000000000 0.9901008796783
208.0000000000000 0.9904432176343
208.0000000000000 0.9904432176343
216.0000000000000 0.9907627018021
224.0000000000000 0.9910613266361
224.0000000000000 0.9910613266361
232.0000000000000 0.9913552361851
240.0000000000000 0.9915652655335
240.0000000000000 0.9915652655335
248.0000000000000 0.9916523037278
256.0000000000000 0.9918092972997
256.0000000000000 0.9918092972997
264.0000000000000 0.9923076703030
272.0000000000000 0.9928728792192
272.0000000000000 0.9928728792192
280.0000000000000 0.9933116321851
288.0000000000000 0.9936515982886
288.0000000000000 0.9936515982886
296.0000000000000 0.9938277778365
304.0000000000000 0.9939248853098
304.0000000000000 0.9939248853098
312.0000000000000 0.9940045863306
320.0000000000000 0.9940710277828
336.0000000000000 0.9942382382555
352.0000000000000 0.9944310491447
368.0000000000000 0.9946262054640
384.0000000000000 0.9948210638815
400.0000000000000 0.9950162384804
416.0000000000000 0.9952014856611
432.0000000000000 0.9953802044080
448.0000000000000 0.9955433809199
464.0000000000000 0.9956755263347
480.0000000000000 0.9957880531964
496.0000000000000 0.9959015131274
512.0000000000000 0.9960194242861
528.0000000000000 0.9961349336051
544.0000000000000 0.9962439141393
560.0000000000000 0.9963462212568
576.0000000000000 0.9964426983945
592.0000000000000 0.9965339904351
608.0000000000000 0.9966205097239
624.0000000000000 0.9967025859459
640.0000000000000 0.9967805589460
656.0000000000000 0.9968547318061
672.0000000000000 0.9969253695281
688.0000000000000 0.9969927316985
704.0000000000000 0.9970570563243
720.0000000000000 0.9971185261153
736.0000000000000 0.9971773061911
752.0000000000000 0.9972335717360
768.0000000000000 0.9972874975878
784.0000000000000 0.9973392334412
800.0000000000000 0.9973889083174
816.0000000000000 0.9974366400965
832.0000000000000 0.9974825389659
848.0000000000000 0.9975267077422
864.0000000000000 0.9975692419821
880.0000000000000 0.9976102312004
896.0000000000000 0.9976497584769
912.0000000000000 0.9976879002143
928.0000000000000 0.9977247275399
944.0000000000000 0.9977603078168
960.0000000000000 0.9977947030006
976.0000000000000 0.9978279722348
992.0000000000000 0.9978601695800
1008.0000000000000 0.9978913461155
1024.0000000000000 0.9979215494379
1040.0000000000000 0.9979508236498
1056.0000000000000 0.9979792113032
1072.0000000000000 0.9980067523429
1088.0000000000000 0.9980334838674
1104.0000000000000 0.9980594417067
1120.0000000000000 0.9980846587349
1136.0000000000000 0.9981091659747
1152.0000000000000 0.9981329931071
1168.0000000000000 0.9981561680903
1184.0000000000000 0.9981787170442
1200.0000000000000 0.9982006650009
1216.0000000000000 0.9982220356453
1232.0000000000000 0.9982428513990
1248.0000000000000 0.9982631338661
1264.0000000000000 0.9982829031302
1280.0000000000000 0.9983021783790
1296.0000000000000 0.9983209782177
1312.0000000000000 0.9983393197204
1328.0000000000000 0.9983572196473
1344.0000000000000 0.9983746939528
1360.0000000000000 0.9983917574455
1376.0000000000000 0.9984084243707
1392.0000000000000 0.9984247085067
1408.0000000000000 0.9984406227322
1424.0000000000000 0.9984561795781
1440.0000000000000 0.9984713909199
1456.0000000000000 0.9984862681733
1472.0000000000000 0.9985008223138
1488.0000000000000 0.9985150644431
1504.0000000000000 0.9985290056931
1520.0000000000000 0.9985426571743
1536.0000000000000 0.9985560295767
1552.0000000000000 0.9985691329842
1568.0000000000000 0.9985819772793
1584.0000000000000 0.9985945719972
1600.0000000000000 0.9986069263796
1616.0000000000000 0.9986190491700
1632.0000000000000 0.9986309488588
1648.0000000000000 0.9986426337539
1664.0000000000000 0.9986541116460
1680.0000000000000 0.9986653902426
1696.0000000000000 0.9986764771854
1712.0000000000000 0.9986873795009
1728.0000000000000 0.9986981041107
1744.0000000000000 0.9987086578725
1760.0000000000000 0.9987190472648
1776.0000000000000 0.9987292785978
1792.0000000000000 0.9987393579313
1808.0000000000000 0.9987492912531
1824.0000000000000 0.9987590843616
1840.0000000000000 0.9987687428839
1856.0000000000000 0.9987782723367
1872.0000000000000 0.9987876779523
1888.0000000000000 0.9987969648841
1904.0000000000000 0.9988061382455
1920.0000000000000 0.9988152027964
1936.0000000000000 0.9988241632388
1952.0000000000000 0.9988330243348
1968.0000000000000 0.9988417904613
1984.0000000000000 0.9988504660039
