# x rho
-1984.0000000000000 0.0000000001000
-1968.0000000000000 0.0000000001000
-1952.0000000000000 0.0000000001000
-1936.0000000000000 0.0000000001000
-1920.0000000000000 0.0000000001000
-1904.0000000000000 0.0000000001000
-1888.0000000000000 0.0000000001000
-1872.0000000000000 0.0000000001000
-1856.0000000000000 0.0000000001000
-1840.0000000000000 0.0000000001000
-1824.0000000000000 0.0000000001000
-1808.0000000000000 0.0000000001000
-1792.0000000000000 0.0000000001000
-1776.0000000000000 0.0000000001000
-1760.0000000000000 0.0000000001000
-1744.0000000000000 0.0000000001000
-1728.0000000000000 0.0000000001000
-1712.0000000000000 0.0000000001000
-1696.0000000000000 0.0000000001000
-1680.0000000000000 0.0000000001000
-1664.0000000000000 0.0000000001000
-1648.0000000000000 0.0000000001000
-1632.0000000000000 0.0000000001000
-1616.0000000000000 0.0000000001000
-1600.0000000000000 0.0000000001000
-1584.0000000000000 0.0000000001000
-1568.0000000000000 0.0000000001000
-1552.0000000000000 0.0000000001000
-1536.0000000000000 0.0000000001000
-1520.0000000000000 0.0000000001000
-1504.0000000000000 0.0000000001000
-1488.0000000000000 0.0000000001000
-1472.0000000000000 0.0000000001000
-1456.0000000000000 0.0000000001000
-1440.0000000000000 0.0000000001000
-1424.0000000000000 0.0000000001000
-1408.0000000000000 0.0000000001000
-1392.0000000000000 0.0000000001000
-1376.0000000000000 0.0000000001000
-1360.0000000000000 0.0000000001000
-1344.0000000000000 0.0000000001000
-1328.0000000000000 0.0000000001000
-1312.0000000000000 0.0000000001000
-1296.0000000000000 0.0000000001000
-1280.0000000000000 0.0000000001000
-1264.0000000000000 0.0000000001000
-1248.0000000000000 0.0000000001000
-1232.0000000000000 0.0000000001000
-1216.0000000000000 0.0000000001000
-1200.0000000000000 0.0000000001000
-1184.0000000000000 0.0000000001000
-1168.0000000000000 0.0000000001000
-1152.0000000000000 0.0000000001000
-1136.0000000000000 0.0000000001000
-1120.0000000000000 0.0000000001000
-1104.0000000000000 0.0000000001000
-1088.0000000000000 0.0000000001000
-1072.0000000000000 0.0000000001000
-1056.0000000000000 0.0000000001000
-1040.0000000000000 0.0000000001000
-1024.0000000000000 0.0000000001000
-1008.0000000000000 0.0000000001000
-992.0000000000000 0.0000000001000
-976.0000000000000 0.0000000001000
-960.0000000000000 0.0000000001000
-944.0000000000000 0.0000000001000
-928.0000000000000 0.0000000001000
-912.0000000000000 0.0000000001000
-896.0000000000000 0.0000000001000
-880.0000000000000 0.0000000001000
-864.0000000000000 0.0000000001000
-848.0000000000000 0.0000000001000
-832.0000000000000 0.0000000001000
-816.0000000000000 0.0000000001000
-800.0000000000000 0.0000000001000
-784.0000000000000 0.0000000001000
-768.0000000000000 0.0000000001000
-752.0000000000000 0.0000000001000
-736.0000000000000 0.0000000001000
-720.0000000000000 0.0000000001000
-704.0000000000000 0.0000000001000
-688.0000000000000 0.0000000001000
-672.0000000000000 0.0000000001000
-656.0000000000000 0.0000000001000
-640.0000000000000 0.0000000001000
-624.0000000000000 0.0000000001000
-608.0000000000000 0.0000000001000
-592.0000000000000 0.0000000001000
-576.0000000000000 0.0000000001000
-560.0000000000000 0.0000000001000
-544.0000000000000 0.0000000001000
-528.0000000000000 0.0000000001000
-512.0000000000000 0.0000000001000
-496.0000000000000 0.0000000001000
-480.0000000000000 0.0000000001000
-464.0000000000000 0.0000000001000
-448.0000000000000 0.0000000001000
-432.0000000000000 0.0000000001000
-416.0000000000000 0.0000000001000
-400.0000000000000 0.0000000001000
-384.0000000000000 0.0000000001000
-368.0000000000000 0.0000000001000
-352.0000000000000 0.0000000001000
-336.0000000000000 0.0000000001000
-320.0000000000000 0.0000000001000
-312.0000000000000 0.0000000001000
-304.0000000000000 0.0000000001000
-304.0000000000000 0.0000000001000
-296.0000000000000 0.0000000001000
-288.0000000000000 0.0000000001000
-288.0000000000000 0.0000000001000
-280.0000000000000 0.0000000001000
-272.0000000000000 0.0000000001000
-272.0000000000000 0.0000000001000
-264.0000000000000 0.0000000001000
-256.0000000000000 0.0000000001000
-256.0000000000000 0.0000000001000
-248.0000000000000 0.0000000001000
-240.0000000000000 0.0000000001000
-240.0000000000000 0.0000000001000
-232.0000000000000 0.0000000001000
-224.0000000000000 0.0000000001000
-224.0000000000000 0.0000000001000
-216.0000000000000 0.0000000001001
-208.0000000000000 0.0000000001000
-208.0000000000000 0.0000000001000
-200.0000000000000 0.0000000001000
-192.0000000000000 0.0000000001001
-192.0000000000000 0.0000000001001
-184.0000000000000 0.0000000001000
-176.0000000000000 0.0000000001001
-176.0000000000000 0.0000000001001
-168.0000000000000 0.0000000001000
-164.0000000000000 0.0000000001000
-160.0000000000000 0.0000000001000
-160.0000000000000 0.0000000001000
-160.0000000000000 0.0000000001000
-156.0000000000000 0.0000000001000
-152.0000000000000 0.0000000001001
-152.0000000000000 0.0000000001001
-148.0000000000000 0.0000000001000
-144.0000000000000 0.0000000001000
-144.0000000000000 0.0000000001000
-144.0000000000000 0.0000000001000
-140.0000000000000 0.0000000001001
-136.0000000000000 0.0000000001002
-136.0000000000000 0.0000000001002
-132.0000000000000 0.0000000001001
-128.0000000000000 0.0000000001000
-128.0000000000000 0.0000000001000
-128.0000000000000 0.0000000001000
-124.0000000000000 0.0000000001000
-120.0000000000000 0.0000000001002
-120.0000000000000 0.0000000001002
-116.0000000000000 0.0000000001001
-112.0000000000000 0.0000000001004
-112.0000000000000 0.0000000001004
-112.0000000000000 0.0000000001004
-108.0000000000000 0.0000000001001
-104.0000000000000 0.0000000001000
-104.0000000000000 0.0000000001000
-100.0000000000000 0.0000000001005
-98.0000000000000 0.0000000001003
-96.0000000000000 0.0000000001002
-96.0000000000000 0.0000000001002
-96.0000000000000 0.0000000001002
-96.0000000000000 0.0000000001002
-94.0000000000000 0.0000000001001
-92.0000000000000 0.0000000001000
-92.0000000000000 0.0000000001000
-90.0000000000000 0.0000000001002
-88.0000000000000 0.0000000001004
-88.0000000000000 0.0000000001004
-88.0000000000000 0.0000000001004
-86.0000000000000 0.0000000001005
-84.0000000000000 0.0000000001005
-84.0000000000000 0.0000000001005
-82.0000000000000 0.0000000001004
-80.0000000000000 0.0000000001003
-80.0000000000000 0.0000000001003
-80.0000000000000 0.0000000001003
-80.0000000000000 0.0000000001003
-78.0000000000000 0.0000000001000
-76.0000000000000 0.0000000001003
-76.0000000000000 0.0000000001003
-74.0000000000000 0.0000000001021
-72.0000000000000 0.0000000001003
-72.0000000000000 0.0000000001003
-72.0000000000000 0.0000000001003
-70.0000000000000 0.0000000001000
-68.0000000000000 0.0000000001022
-68.0000000000000 0.0000000001022
-66.0000000000000 0.0000000001005
-64.0000000000000 0.0000000001000
-64.0000000000000 0.0000000001000
-64.0000000000000 0.0000000001000
-64.0000000000000 0.0000000001000
-62.0000000000000 0.0000000001026
-60.0000000000000 0.0000000001000
-60.0000000000000 0.0000000001000
-58.0000000000000 0.0000000001002
-56.0000000000000 0.0000000001029
-56.0000000000000 0.0000000001029
-56.0000000000000 0.0000000001029
-54.0000000000000 0.0000000001000
-52.0000000000000 0.0000000001014
-52.0000000000000 0.0000000001014
-50.0000000000000 0.0000000001018
-49.0000000000000 0.0000000001009
-48.0000000000000 0.0000000001000
-48.0000000000000 0.0000000001000
-48.0000000000000 0.0000000001000
-48.0000000000000 0.0000000001000
-48.0000000000000 0.0000000001000
-47.0000000000000 0.0000000001015
-46.0000000000000 0.0000000001030
-46.0000000000000 0.0000000001030
-45.0000000000000 0.0000000001027
-44.0000000000000 0.0000000001021
-44.0000000000000 0.0000000001021
-44.0000000000000 0.0000000001021
-43.0000000000000 0.0000000001010
-42.0000000000000 0.0000000001000
-42.0000000000000 0.0000000001000
-41.0000000000000 0.0000000001019
-40.0000000000000 0.0000000001038
-40.0000000000000 0.0000000001038
-40.0000000000000 0.0000000001038
-40.0000000000000 0.0000000001038
-39.0000000000000 0.0000000001067
-38.0000000000000 0.0000000001029
-38.0000000000000 0.0000000001029
-37.0000000000000 0.0000000001037
-36.0000000000000 0.0000000001011
-36.0000000000000 0.0000000001011
-36.0000000000000 0.0000000001011
-35.0000000000000 0.0000000001000
-34.0000000000000 0.0000000001146
-34.0000000000000 0.0000000001146
-33.0000000000000 0.0000000001074
-32.0000000000000 0.0000000001000
-32.0000000000000 0.0000000001000
-32.0000000000000 0.0000000001000
-32.0000000000000 0.0000000001000
-32.0000000000000 0.0000000001000
-31.0000000000000 0.0000000001133
-30.0000000000000 0.0000000001026
-30.0000000000000 0.0000000001026
-29.0000000000000 0.0000000001000
-28.5000000000000 0.0000000001093
-28.0000000000000 0.0000000001186
-28.0000000000000 0.0000000001186
-28.0000000000000 0.0000000001186
-28.0000000000000 0.0000000001186
-27.5000000000000 0.0000000001093
-27.0000000000000 0.0000000001000
-27.0000000000000 0.0000000001000
-26.5000000000000 0.0000000001002
-26.0000000000000 0.0000000001036
-26.0000000000000 0.0000000001036
-26.0000000000000 0.0000000001036
-25.5000000000000 0.0000000001118
-25.0000000000000 0.0000000001198
-25.0000000000000 0.0000000001198
-24.5000000000000 0.0000000001113
-24.0000000000000 0.0000000001028
-24.0000000000000 0.0000000001028
-24.0000000000000 0.0000000001028
-24.0000000000000 0.0000000001028
-24.0000000000000 0.0000000001028
-23.5000000000000 0.0000000001000
-23.0000000000000 0.0000000001217
-23.0000000000000 0.0000000001217
-22.5000000000000 0.0000000001537
-22.0000000000000 0.0000000001080
-22.0000000000000 0.0000000001080
-22.0000000000000 0.0000000001080
-21.5000000000000 0.0000000001000
-21.0000000000000 0.0000000001445
-21.0000000000000 0.0000000001445
-20.5000000000000 0.0000000001434
-20.0000000000000 0.0000000001000
-20.0000000000000 0.0000000001000
-20.0000000000000 0.0000000001000
-20.0000000000000 0.0000000001000
-19.5000000000000 0.0000000001160
-19.0000000000000 0.0000000001643
-19.0000000000000 0.0000000001643
-18.5000000000000 0.0000000001005
-18.0000000000000 0.0000000001000
-18.0000000000000 0.0000000001000
-18.0000000000000 0.0000000001000
-17.5000000000000 0.0000000001647
-17.0000000000000 0.0000000001247
-17.0000000000000 0.0000000001247
-16.5000000000000 0.0000000001000
-16.0000000000000 0.0000000001266
-16.0000000000000 0.0000000001266
-16.0000000000000 0.0000000001266
-16.0000000000000 0.0000000001266
-16.0000000000000 0.0000000001266
-16.0000000000000 0.0000000001266
-15.5000000000000 0.0000000001776
-15.0000000000000 0.0000000001000
-15.0000000000000 0.0000000001000
-14.5000000000000 0.0000000001000
-14.2500000000000 0.0000000001490
-14.0000000000000 0.0000000001971
-14.0000000000000 0.0000000001971
-14.0000000000000 0.0000000001971
-14.0000000000000 0.0000000001971
-13.7500000000000 0.0000000001600
-13.5000000000000 0.0000000001232
-13.5000000000000 0.0000000001232
-13.2500000000000 0.0000000001062
-13.0000000000000 0.0000000001000
-13.0000000000000 0.0000000001000
-13.0000000000000 0.0000000001000
-12.7500000000000 0.0000000001042
-12.5000000000000 0.0000000001184
-12.5000000000000 0.0000000001184
-12.2500000000000 0.0000000001597
-12.0000000000000 0.0000000002004
-12.0000000000000 0.0000000002004
-12.0000000000000 0.0000000002004
-12.0000000000000 0.0000000002004
-12.0000000000000 0.0000000002004
-11.7500000000000 0.0000000001994
-11.5000000000000 0.0000000001265
-11.5000000000000 0.0000000001265
-11.2500000000000 0.0000000001009
-11.0000000000000 0.0000000001000
-11.0000000000000 0.0000000001000
-11.0000000000000 0.0000000001000
-10.7500000000000 0.0000000001804
-10.5000000000000 0.0000000002828
-10.5000000000000 0.0000000002828
-10.2500000000000 0.0000000002060
-10.0000000000000 0.0000000001285
-10.0000000000000 0.0000000001285
-10.0000000000000 0.0000000001285
-10.0000000000000 0.0000000001285
-9.7500000000000 0.0000000001114
-9.5000000000000 0.0000000001126
-9.5000000000000 0.0000000001126
-9.2500000000000 0.0000000001000
-9.0000000000000 0.0000000001099
-9.0000000000000 0.0000000001099
-9.0000000000000 0.0000000001099
-8.7500000000000 0.0000000002984
-8.5000000000000 0.0000000003594
-8.5000000000000 0.0000000003594
-8.2500000000000 0.0000000001568
-8.0000000000000 0.0000000001000
-8.0000000000000 0.0000000001000
-8.0000000000000 0.0000000001000
-8.0000000000000 0.0000000001000
-8.0000000000000 0.0000000001000
-8.0000000000000 0.0000000001000
-7.7500000000000 0.0000000001186
-7.5000000000000 0.0000000001810
-7.5000000000000 0.0000000001810
-7.2500000000000 0.0000000003538
-7.0000000000000 0.0000000322433
-7.0000000000000 0.0000000322433
-7.0000000000000 0.0000000322433
-6.7500000000000 0.0000067727755
-6.5000000000000 0.0000436689660
-6.5000000000000 0.0000436689660
-6.2500000000000 0.0000932388704
-6.0000000000000 0.0001487370621
-6.0000000000000 0.0001487370621
-6.0000000000000 0.0001487370621
-6.0000000000000 0.0001487370621
-5.7500000000000 0.0002147716108
-5.5000000000000 0.0002879730842
-5.5000000000000 0.0002879730842
-5.2500000000000 0.0003742340311
-5.0000000000000 0.0004685533249
-5.0000000000000 0.0004685533249
-5.0000000000000 0.0004685533249
-4.7500000000000 0.0005769827596
-4.5000000000000 0.0006959316246
-4.5000000000000 0.0006959316246
-4.2500000000000 0.0008303370322
-4.0000000000000 0.0009778624950
-4.0000000000000 0.0009778624950
-4.0000000000000 0.0009778624950
-4.0000000000000 0.0009778624950
-4.0000000000000 0.0009778624950
-3.7500000000000 0.0011417976677
-3.5000000000000 0.0013206395146
-3.5000000000000 0.0013206395146
-3.2500000000000 0.0015157806709
-3.0000000000000 0.0017262935526
-3.0000000000000 0.0017262935526
-3.0000000000000 0.0017262935526
-2.7500000000000 0.0019520243954
-2.5000000000000 0.0021902802796
-2.5000000000000 0.0021902802796
-2.2500000000000 0.0024387034573
-2.0000000000000 0.0026921584287
-2.0000000000000 0.0026921584287
-2.0000000000000 0.0026921584287
-2.0000000000000 0.0026921584287
-1.7500000000000 0.0029452254532
-1.5000000000000 0.0031915824711
-1.5000000000000 0.0031915824711
-1.2500000000000 0.0034228620813
-1.0000000000000 0.0036298988790
-1.0000000000000 0.0036298988790
-1.0000000000000 0.0036298988790
-0.7500000000000 0.0038037240922
-0.5000000000000 0.0039351978469
-0.5000000000000 0.0039351978469
-0.2500000000000 0.0040175608701
0.0000000000000 0.0040456853541
0.0000000000000 0.0040456853541
0.0000000000000 0.0040456853541
0.0000000000000 0.0040456853541
0.0000000000000 0.0040456853541
0.0000000000000 0.0040456853541
0.0000000000000 0.0040456853541
0.2500000000000 0.0040175613453
0.5000000000000 0.0039351986967
0.5000000000000 0.0039351986967
0.7500000000000 0.0038037254460
1.0000000000000 0.0036298993974
1.0000000000000 0.0036298993974
1.0000000000000 0.0036298993974
1.2500000000000 0.0034228623438
1.5000000000000 0.0031915820342
1.5000000000000 0.0031915820342
1.7500000000000 0.0029452210371
2.0000000000000 0.0026921570502
2.0000000000000 0.0026921570502
2.0000000000000 0.0026921570502
2.0000000000000 0.0026921570502
2.2500000000000 0.0024386981796
2.5000000000000 0.0021902873636
2.5000000000000 0.0021902873636
2.7500000000000 0.0019520493475
3.0000000000000 0.0017263232310
3.0000000000000 0.0017263232310
3.0000000000000 0.0017263232310
3.2500000000000 0.0015157938603
3.5000000000000 0.0013206362034
3.5000000000000 0.0013206362034
3.7500000000000 0.0011417961731
4.0000000000000 0.0009778589241
4.0000000000000 0.0009778589241
4.0000000000000 0.0009778589241
4.0000000000000 0.0009778589241
4.0000000000000 0.0009778589241
4.2500000000000 0.0008303889026
4.5000000000000 0.0006959231651
4.5000000000000 0.0006959231651
4.7500000000000 0.0005769019068
5.0000000000000 0.0004685658725
5.0000000000000 0.0004685658725
5.0000000000000 0.0004685658725
5.2500000000000 0.0003742479057
5.5000000000000 0.0002880688830
5.5000000000000 0.0002880688830
5.7500000000000 0.0002147380145
6.0000000000000 0.0001487073844
6.0000000000000 0.0001487073844
6.0000000000000 0.0001487073844
6.0000000000000 0.0001487073844
6.2500000000000 0.0000932549002
6.5000000000000 0.0000436903723
6.5000000000000 0.0000436903723
6.7500000000000 0.0000067546550
7.0000000000000 0.0000000331987
7.0000000000000 0.0000000331987
7.0000000000000 0.0000000331987
7.2500000000000 0.0000000003594
7.5000000000000 0.0000000001811
7.5000000000000 0.0000000001811
7.7500000000000 0.0000000001187
8.0000000000000 0.0000000001000
8.0000000000000 0.0000000001000
8.0000000000000 0.0000000001000
8.0000000000000 0.0000000001000
8.0000000000000 0.0000000001000
8.0000000000000 0.0000000001000
8.2500000000000 0.0000000001567
8.5000000000000 0.0000000003595
8.5000000000000 0.0000000003595
8.7500000000000 0.0000000002985
9.0000000000000 0.0000000001099
9.0000000000000 0.0000000001099
9.0000000000000 0.0000000001099
9.2500000000000 0.0000000001000
9.5000000000000 0.0000000001127
9.5000000000000 0.0000000001127
9.7500000000000 0.0000000001114
10.0000000000000 0.0000000001285
10.0000000000000 0.0000000001285
10.0000000000000 0.0000000001285
10.0000000000000 0.0000000001285
10.2500000000000 0.0000000002060
10.5000000000000 0.0000000002828
10.5000000000000 0.0000000002828
10.7500000000000 0.0000000001804
11.0000000000000 0.0000000001000
11.0000000000000 0.0000000001000
11.0000000000000 0.0000000001000
11.2500000000000 0.0000000001009
11.5000000000000 0.0000000001265
11.5000000000000 0.0000000001265
11.7500000000000 0.0000000001994
12.0000000000000 0.0000000002004
12.0000000000000 0.0000000002004
12.0000000000000 0.0000000002004
12.0000000000000 0.0000000002004
12.0000000000000 0.0000000002004
12.2500000000000 0.0000000001597
12.5000000000000 0.0000000001184
12.5000000000000 0.0000000001184
12.7500000000000 0.0000000001042
13.0000000000000 0.0000000001000
13.0000000000000 0.0000000001000
13.0000000000000 0.0000000001000
13.2500000000000 0.0000000001062
13.5000000000000 0.0000000001232
13.5000000000000 0.0000000001232
13.7500000000000 0.0000000001600
14.0000000000000 0.0000000001971
14.0000000000000 0.0000000001971
14.0000000000000 0.0000000001971
14.0000000000000 0.0000000001971
14.2500000000000 0.0000000001490
14.5000000000000 0.0000000001000
15.0000000000000 0.0000000001000
15.0000000000000 0.0000000001000
15.5000000000000 0.0000000001776
16.0000000000000 0.0000000001266
16.0000000000000 0.0000000001266
16.0000000000000 0.0000000001266
16.0000000000000 0.0000000001266
16.0000000000000 0.0000000001266
16.0000000000000 0.0000000001266
16.5000000000000 0.0000000001000
17.0000000000000 0.0000000001247
17.0000000000000 0.0000000001247
17.5000000000000 0.0000000001647
18.0000000000000 0.0000000001000
18.0000000000000 0.0000000001000
18.0000000000000 0.0000000001000
18.5000000000000 0.0000000001005
19.0000000000000 0.0000000001643
19.0000000000000 0.0000000001643
19.5000000000000 0.0000000001160
20.0000000000000 0.0000000001000
20.0000000000000 0.0000000001000
20.0000000000000 0.0000000001000
20.0000000000000 0.0000000001000
20.5000000000000 0.0000000001434
21.0000000000000 0.0000000001445
21.0000000000000 0.0000000001445
21.5000000000000 0.0000000001000
22.0000000000000 0.0000000001080
22.0000000000000 0.0000000001080
22.0000000000000 0.0000000001080
22.5000000000000 0.0000000001537
23.0000000000000 0.0000000001217
23.0000000000000 0.0000000001217
23.5000000000000 0.0000000001000
24.0000000000000 0.0000000001028
24.0000000000000 0.0000000001028
24.0000000000000 0.0000000001028
24.0000000000000 0.0000000001028
24.0000000000000 0.0000000001028
24.5000000000000 0.0000000001113
25.0000000000000 0.0000000001198
25.0000000000000 0.0000000001198
25.5000000000000 0.0000000001118
26.0000000000000 0.0000000001036
26.0000000000000 0.0000000001036
26.0000000000000 0.0000000001036
26.5000000000000 0.0000000001002
27.0000000000000 0.0000000001000
27.0000000000000 0.0000000001000
27.5000000000000 0.0000000001093
28.0000000000000 0.0000000001186
28.0000000000000 0.0000000001186
28.0000000000000 0.0000000001186
28.0000000000000 0.0000000001186
28.5000000000000 0.0000000001093
29.0000000000000 0.0000000001000
30.0000000000000 0.0000000001026
30.0000000000000 0.0000000001026
31.0000000000000 0.0000000001133
32.0000000000000 0.0000000001000
32.0000000000000 0.0000000001000
32.0000000000000 0.0000000001000
32.0000000000000 0.0000000001000
32.0000000000000 0.0000000001000
33.0000000000000 0.0000000001074
34.0000000000000 0.0000000001146
34.0000000000000 0.0000000001146
35.0000000000000 0.0000000001000
36.0000000000000 0.0000000001011
36.0000000000000 0.0000000001011
36.0000000000000 0.0000000001011
37.0000000000000 0.0000000001037
38.0000000000000 0.0000000001029
38.0000000000000 0.0000000001029
39.0000000000000 0.0000000001067
40.0000000000000 0.0000000001038
40.0000000000000 0.0000000001038
40.0000000000000 0.0000000001038
40.0000000000000 0.0000000001038
41.0000000000000 0.0000000001019
42.0000000000000 0.0000000001000
42.0000000000000 0.0000000001000
43.0000000000000 0.0000000001010
44.0000000000000 0.0000000001021
44.0000000000000 0.0000000001021
44.0000000000000 0.0000000001021
45.0000000000000 0.0000000001027
46.0000000000000 0.0000000001030
46.0000000000000 0.0000000001030
47.0000000000000 0.0000000001015
48.0000000000000 0.0000000001000
48.0000000000000 0.0000000001000
48.0000000000000 0.0000000001000
48.0000000000000 0.0000000001000
48.0000000000000 0.0000000001000
49.0000000000000 0.0000000001009
50.0000000000000 0.0000000001018
52.0000000000000 0.0000000001014
52.0000000000000 0.0000000001014
54.0000000000000 0.0000000001000
56.0000000000000 0.0000000001029
56.0000000000000 0.0000000001029
56.0000000000000 0.0000000001029
58.0000000000000 0.0000000001002
60.0000000000000 0.0000000001000
60.0000000000000 0.0000000001000
62.0000000000000 0.0000000001026
64.0000000000000 0.0000000001000
64.0000000000000 0.0000000001000
64.0000000000000 0.0000000001000
64.0000000000000 0.0000000001000
66.0000000000000 0.0000000001005
68.0000000000000 0.0000000001022
68.0000000000000 0.0000000001022
70.0000000000000 0.0000000001000
72.0000000000000 0.0000000001003
72.0000000000000 0.0000000001003
72.0000000000000 0.0000000001003
74.0000000000000 0.0000000001021
76.0000000000000 0.0000000001003
76.0000000000000 0.0000000001003
78.0000000000000 0.0000000001000
80.0000000000000 0.0000000001003
80.0000000000000 0.0000000001003
80.0000000000000 0.0000000001003
80.0000000000000 0.0000000001003
82.0000000000000 0.0000000001004
84.0000000000000 0.0000000001005
84.0000000000000 0.0000000001005
86.0000000000000 0.0000000001005
88.0000000000000 0.0000000001004
88.0000000000000 0.0000000001004
88.0000000000000 0.0000000001004
90.0000000000000 0.0000000001002
92.0000000000000 0.0000000001000
92.0000000000000 0.0000000001000
94.0000000000000 0.0000000001001
96.0000000000000 0.0000000001002
96.0000000000000 0.0000000001002
96.0000000000000 0.0000000001002
96.0000000000000 0.0000000001002
98.0000000000000 0.0000000001003
100.0000000000000 0.0000000001005
104.0000000000000 0.0000000001000
104.0000000000000 0.0000000001000
108.0000000000000 0.0000000001001
112.0000000000000 0.0000000001004
112.0000000000000 0.0000000001004
112.0000000000000 0.0000000001004
116.0000000000000 0.0000000001001
120.0000000000000 0.0000000001002
120.0000000000000 0.0000000001002
124.0000000000000 0.0000000001000
128.0000000000000 0.0000000001000
128.0000000000000 0.0000000001000
128.0000000000000 0.0000000001000
132.0000000000000 0.0000000001001
136.0000000000000 0.0000000001002
136.0000000000000 0.0000000001002
140.0000000000000 0.0000000001001
144.0000000000000 0.0000000001000
144.0000000000000 0.0000000001000
144.0000000000000 0.0000000001000
148.0000000000000 0.0000000001000
152.0000000000000 0.0000000001001
152.0000000000000 0.0000000001001
156.0000000000000 0.0000000001000
160.0000000000000 0.0000000001000
160.0000000000000 0.0000000001000
160.0000000000000 0.0000000001000
164.0000000000000 0.0000000001000
168.0000000000000 0.0000000001000
176.0000000000000 0.0000000001001
176.0000000000000 0.0000000001001
184.0000000000000 0.0000000001000
192.0000000000000 0.0000000001001
192.0000000000000 0.0000000001001
200.0000000000000 0.0000000001000
208.0000000000000 0.0000000001000
208.0000000000000 0.0000000001000
216.0000000000000 0.0000000001001
224.0000000000000 0.0000000001000
224.0000000000000 0.0000000001000
232.0000000000000 0.0000000001000
240.0000000000000 0.0000000001000
240.0000000000000 0.0000000001000
248.0000000000000 0.0000000001000
256.0000000000000 0.0000000001000
256.0000000000000 0.0000000001000
264.0000000000000 0.0000000001000
272.0000000000000 0.0000000001000
272.0000000000000 0.0000000001000
280.0000000000000 0.0000000001000
288.0000000000000 0.0000000001000
288.0000000000000 0.0000000001000
296.0000000000000 0.0000000001000
304.0000000000000 0.0000000001000
304.0000000000000 0.0000000001000
312.0000000000000 0.0000000001000
320.0000000000000 0.0000000001000
336.0000000000000 0.0000000001000
352.0000000000000 0.0000000001000
368.0000000000000 0.0000000001000
384.0000000000000 0.0000000001000
400.0000000000000 0.0000000001000
416.0000000000000 0.0000000001000
432.0000000000000 0.0000000001000
448.0000000000000 0.0000000001000
464.0000000000000 0.0000000001000
480.0000000000000 0.0000000001000
496.0000000000000 0.0000000001000
512.0000000000000 0.0000000001000
528.0000000000000 0.0000000001000
544.0000000000000 0.0000000001000
560.0000000000000 0.0000000001000
576.0000000000000 0.0000000001000
592.0000000000000 0.0000000001000
608.0000000000000 0.0000000001000
624.0000000000000 0.0000000001000
640.0000000000000 0.0000000001000
656.0000000000000 0.0000000001000
672.0000000000000 0.0000000001000
688.0000000000000 0.0000000001000
704.0000000000000 0.0000000001000
720.0000000000000 0.0000000001000
736.0000000000000 0.0000000001000
752.0000000000000 0.0000000001000
768.0000000000000 0.0000000001000
784.0000000000000 0.0000000001000
800.0000000000000 0.0000000001000
816.0000000000000 0.0000000001000
832.0000000000000 0.0000000001000
848.0000000000000 0.0000000001000
864.0000000000000 0.0000000001000
880.0000000000000 0.0000000001000
896.0000000000000 0.0000000001000
912.0000000000000 0.0000000001000
928.0000000000000 0.0000000001000
944.0000000000000 0.0000000001000
960.0000000000000 0.0000000001000
976.0000000000000 0.0000000001000
992.0000000000000 0.0000000001000
1008.0000000000000 0.0000000001000
1024.0000000000000 0.0000000001000
1040.0000000000000 0.0000000001000
1056.0000000000000 0.0000000001000
1072.0000000000000 0.0000000001000
1088.0000000000000 0.0000000001000
1104.0000000000000 0.0000000001000
1120.0000000000000 0.0000000001000
1136.0000000000000 0.0000000001000
1152.0000000000000 0.0000000001000
1168.0000000000000 0.0000000001000
1184.0000000000000 0.0000000001000
1200.0000000000000 0.0000000001000
1216.0000000000000 0.0000000001000
1232.0000000000000 0.0000000001000
1248.0000000000000 0.0000000001000
1264.0000000000000 0.0000000001000
1280.0000000000000 0.0000000001000
1296.0000000000000 0.0000000001000
1312.0000000000000 0.0000000001000
1328.0000000000000 0.0000000001000
1344.0000000000000 0.0000000001000
1360.0000000000000 0.0000000001000
1376.0000000000000 0.0000000001000
1392.0000000000000 0.0000000001000
1408.0000000000000 0.0000000001000
1424.0000000000000 0.0000000001000
1440.0000000000000 0.0000000001000
1456.0000000000000 0.0000000001000
1472.0000000000000 0.0000000001000
1488.0000000000000 0.0000000001000
1504.0000000000000 0.0000000001000
1520.0000000000000 0.0000000001000
1536.0000000000000 0.0000000001000
1552.0000000000000 0.0000000001000
1568.0000000000000 0.0000000001000
1584.0000000000000 0.0000000001000
1600.0000000000000 0.0000000001000
1616.0000000000000 0.0000000001000
1632.0000000000000 0.0000000001000
1648.0000000000000 0.0000000001000
1664.0000000000000 0.0000000001000
1680.0000000000000 0.0000000001000
1696.0000000000000 0.0000000001000
1712.0000000000000 0.0000000001000
1728.0000000000000 0.0000000001000
1744.0000000000000 0.0000000001000
1760.0000000000000 0.0000000001000
1776.0000000000000 0.0000000001000
1792.0000000000000 0.0000000001000
1808.0000000000000 0.0000000001000
1824.0000000000000 0.0000000001000
1840.0000000000000 0.0000000001000
1856.0000000000000 0.0000000001000
1872.0000000000000 0.0000000001000
1888.0000000000000 0.0000000001000
1904.0000000000000 0.0000000001000
1920.0000000000000 0.0000000001000
1936.0000000000000 0.0000000001000
1952.0000000000000 0.0000000001000
1968.0000000000000 0.0000000001000
1984.0000000000000 0.0000000001000
