# x lapse
-1984.0000000000000 0.9986067905290
-1968.0000000000000 0.9985971559530
-1952.0000000000000 0.9985874505920
-1936.0000000000000 0.9985776700356
-1920.0000000000000 0.9985678099206
-1904.0000000000000 0.9985578660138
-1888.0000000000000 0.9985478333521
-1872.0000000000000 0.9985377071831
-1856.0000000000000 0.9985274829653
-1840.0000000000000 0.9985171553273
-1824.0000000000000 0.9985067189611
-1808.0000000000000 0.9984961686016
-1792.0000000000000 0.9984854990855
-1776.0000000000000 0.9984747047819
-1760.0000000000000 0.9984637797488
-1744.0000000000000 0.9984527180023
-1728.0000000000000 0.9984415132662
-1712.0000000000000 0.9984301592149
-1696.0000000000000 0.9984186495240
-1680.0000000000000 0.9984069772018
-1664.0000000000000 0.9983951354898
-1648.0000000000000 0.9983831173079
-1632.0000000000000 0.9983709149362
-1616.0000000000000 0.9983585209541
-1600.0000000000000 0.9983459272343
-1584.0000000000000 0.9983331253280
-1568.0000000000000 0.9983201067268
-1552.0000000000000 0.9983068624452
-1536.0000000000000 0.9982933834434
-1520.0000000000000 0.9982796599204
-1504.0000000000000 0.9982656819209
-1488.0000000000000 0.9982514390357
-1472.0000000000000 0.9982369207298
-1456.0000000000000 0.9982221159593
-1440.0000000000000 0.9982070131302
-1424.0000000000000 0.9981916003805
-1408.0000000000000 0.9981758649830
-1392.0000000000000 0.9981597939436
-1376.0000000000000 0.9981433735875
-1360.0000000000000 0.9981265895234
-1344.0000000000000 0.9981094265209
-1328.0000000000000 0.9980918690311
-1312.0000000000000 0.9980739006801
-1296.0000000000000 0.9980555046488
-1280.0000000000000 0.9980366630895
-1264.0000000000000 0.9980173576528
-1248.0000000000000 0.9979975684741
-1232.0000000000000 0.9979772746075
-1216.0000000000000 0.9979564542794
-1200.0000000000000 0.9979350851508
-1184.0000000000000 0.9979131433608
-1168.0000000000000 0.9978906036484
-1152.0000000000000 0.9978674395261
-1136.0000000000000 0.9978436232773
-1120.0000000000000 0.9978191269735
-1104.0000000000000 0.9977939218873
-1088.0000000000000 0.9977679790191
-1072.0000000000000 0.9977412660536
-1056.0000000000000 0.9977137465546
-1040.0000000000000 0.9976853765395
-1024.0000000000000 0.9976561095524
-1008.0000000000000 0.9976259065340
-992.0000000000000 0.9975947358222
-976.0000000000000 0.9975625561787
-960.0000000000000 0.9975293067526
-944.0000000000000 0.9974949214322
-928.0000000000000 0.9974593480990
-912.0000000000000 0.9974225335677
-896.0000000000000 0.9973844095563
-880.0000000000000 0.9973448981125
-864.0000000000000 0.9973038640291
-848.0000000000000 0.9972610851832
-832.0000000000000 0.9972166206840
-816.0000000000000 0.9971717272713
-800.0000000000000 0.9971292262185
-784.0000000000000 0.9970911219839
-768.0000000000000 0.9970538931685
-752.0000000000000 0.9970083598969
-736.0000000000000 0.9969495006750
-720.0000000000000 0.9968846936152
-704.0000000000000 0.9968243626193
-688.0000000000000 0.9967687235767
-672.0000000000000 0.9967155695481
-656.0000000000000 0.9966719300032
-640.0000000000000 0.9966449892497
-624.0000000000000 0.9966319276996
-608.0000000000000 0.9966061958607
-592.0000000000000 0.9964932357140
-576.0000000000000 0.9962338121778
-560.0000000000000 0.9959335055431
-544.0000000000000 0.9958116716821
-528.0000000000000 0.9958671277339
-512.0000000000000 0.9958152727070
-496.0000000000000 0.9955952908981
-480.0000000000000 0.9954764111257
-464.0000000000000 0.9954146141271
-448.0000000000000 0.9952090626959
-432.0000000000000 0.9950414413593
-416.0000000000000 0.9949060840336
-400.0000000000000 0.9946734451170
-384.0000000000000 0.9944894887178
-368.0000000000000 0.9942666449855
-352.0000000000000 0.9940141735599
-336.0000000000000 0.9937608593635
-320.0000000000000 0.9934283160496
-312.0000000000000 0.9932645004871
-304.0000000000000 0.9930991089445
-304.0000000000000 0.9930991089445
-296.0000000000000 0.9929261476691
-288.0000000000000 0.9927539577906
-288.0000000000000 0.9927539577906
-280.0000000000000 0.9925958647620
-272.0000000000000 0.9924309218606
-272.0000000000000 0.9924309218606
-264.0000000000000 0.9922462165755
-256.0000000000000 0.9920309717249
-256.0000000000000 0.9920309717249
-248.0000000000000 0.9917624185045
-240.0000000000000 0.9914636192714
-240.0000000000000 0.9914636192714
-232.0000000000000 0.9911530545777
-224.0000000000000 0.9908217010343
-224.0000000000000 0.9908217010343
-216.0000000000000 0.9904806199707
-208.0000000000000 0.9901382309431
-208.0000000000000 0.9901382309431
-200.0000000000000 0.9897855975839
-192.0000000000000 0.9894066261880
-192.0000000000000 0.9894066261880
-184.0000000000000 0.9889843228641
-176.0000000000000 0.9885250257102
-176.0000000000000 0.9885250257102
-168.0000000000000 0.9880267743410
-164.0000000000000 0.9877554744137
-160.0000000000000 0.9874690022302
-160.0000000000000 0.9874690022302
-160.0000000000000 0.9874690022302
-156.0000000000000 0.9871685168105
-152.0000000000000 0.9868493728118
-152.0000000000000 0.9868493728118
-148.0000000000000 0.9865069230637
-144.0000000000000 0.9861423320688
-144.0000000000000 0.9861423320688
-144.0000000000000 0.9861423320688
-140.0000000000000 0.9857562360749
-136.0000000000000 0.9853455726770
-136.0000000000000 0.9853455726770
-132.0000000000000 0.9849074856446
-128.0000000000000 0.9844419927022
-128.0000000000000 0.9844419927022
-128.0000000000000 0.9844419927022
-124.0000000000000 0.9839495440444
-120.0000000000000 0.9834259860303
-120.0000000000000 0.9834259860303
-116.0000000000000 0.9828686219586
-112.0000000000000 0.9822740292519
-112.0000000000000 0.9822740292519
-112.0000000000000 0.9822740292519
-108.0000000000000 0.9816320385589
-104.0000000000000 0.9809409944234
-104.0000000000000 0.9809409944234
-100.0000000000000 0.9801947471201
-98.0000000000000 0.9797975634699
-96.0000000000000 0.9793827811296
-96.0000000000000 0.9793827811296
-96.0000000000000 0.9793827811296
-96.0000000000000 0.9793827811296
-94.0000000000000 0.9789491422132
-92.0000000000000 0.9784957443060
-92.0000000000000 0.9784957443060
-90.0000000000000 0.9780218158785
-88.0000000000000 0.9775257063898
-88.0000000000000 0.9775257063898
-88.0000000000000 0.9775257063898
-86.0000000000000 0.9770056749711
-84.0000000000000 0.9764612210772
-84.0000000000000 0.9764612210772
-82.0000000000000 0.9758919148412
-80.0000000000000 0.9752958033588
-80.0000000000000 0.9752958033588
-80.0000000000000 0.9752958033588
-80.0000000000000 0.9752958033588
-78.0000000000000 0.9746715629922
-76.0000000000000 0.9740168760740
-76.0000000000000 0.9740168760740
-74.0000000000000 0.9733286411516
-72.0000000000000 0.9726028048280
-72.0000000000000 0.9726028048280
-72.0000000000000 0.9726028048280
-70.0000000000000 0.9718356083390
-68.0000000000000 0.9710244793083
-68.0000000000000 0.9710244793083
-66.0000000000000 0.9701666334346
-64.0000000000000 0.9692578185065
-64.0000000000000 0.9692578185065
-64.0000000000000 0.9692578185065
-64.0000000000000 0.9692578185065
-62.0000000000000 0.9682910870703
-60.0000000000000 0.9672572510489
-60.0000000000000 0.9672572510489
-58.0000000000000 0.9661474497007
-56.0000000000000 0.9649532414655
-56.0000000000000 0.9649532414655
-56.0000000000000 0.9649532414655
-54.0000000000000 0.9636656269102
-52.0000000000000 0.9622735964464
-52.0000000000000 0.9622735964464
-50.0000000000000 0.9607644245150
-49.0000000000000 0.9599616369177
-48.0000000000000 0.9591240506424
-48.0000000000000 0.9591240506424
-48.0000000000000 0.9591240506424
-48.0000000000000 0.9591240506424
-48.0000000000000 0.9591240506424
-47.0000000000000 0.9582498427718
-46.0000000000000 0.9573364892876
-46.0000000000000 0.9573364892876
-45.0000000000000 0.9563819257535
-44.0000000000000 0.9553829505069
-44.0000000000000 0.9553829505069
-44.0000000000000 0.9553829505069
-43.0000000000000 0.9543369579861
-42.0000000000000 0.9532400954519
-42.0000000000000 0.9532400954519
-41.0000000000000 0.9520892525575
-40.0000000000000 0.9508795965635
-40.0000000000000 0.9508795965635
-40.0000000000000 0.9508795965635
-40.0000000000000 0.9508795965635
-39.0000000000000 0.9496069161329
-38.0000000000000 0.9482662367108
-38.0000000000000 0.9482662367108
-37.0000000000000 0.9468521894731
-36.0000000000000 0.9453588011019
-36.0000000000000 0.9453588011019
-36.0000000000000 0.9453588011019
-35.0000000000000 0.9437792591104
-34.0000000000000 0.9421058558746
-34.0000000000000 0.9421058558746
-33.0000000000000 0.9403300983712
-32.0000000000000 0.9384425135540
-32.0000000000000 0.9384425135540
-32.0000000000000 0.9384425135540
-32.0000000000000 0.9384425135540
-32.0000000000000 0.9384425135540
-31.0000000000000 0.9364321927173
-30.0000000000000 0.9342867883657
-30.0000000000000 0.9342867883657
-29.0000000000000 0.9319922895977
-28.5000000000000 0.9307841764376
-28.0000000000000 0.9295323217654
-28.0000000000000 0.9295323217654
-28.0000000000000 0.9295323217654
-28.0000000000000 0.9295323217654
-27.5000000000000 0.9282345254478
-27.0000000000000 0.9268878909001
-27.0000000000000 0.9268878909001
-26.5000000000000 0.9254899148172
-26.0000000000000 0.9240372172270
-26.0000000000000 0.9240372172270
-26.0000000000000 0.9240372172270
-25.5000000000000 0.9225269036946
-25.0000000000000 0.9209550143043
-25.0000000000000 0.9209550143043
-24.5000000000000 0.9193181865604
-24.0000000000000 0.9176117337683
-24.0000000000000 0.9176117337683
-24.0000000000000 0.9176117337683
-24.0000000000000 0.9176117337683
-24.0000000000000 0.9176117337683
-23.5000000000000 0.9158314469610
-23.0000000000000 0.9139725304598
-23.0000000000000 0.9139725304598
-22.5000000000000 0.9120297449213
-22.0000000000000 0.9099973724660
-22.0000000000000 0.9099973724660
-22.0000000000000 0.9099973724660
-21.5000000000000 0.9078691532538
-21.0000000000000 0.9056382353603
-21.0000000000000 0.9056382353603
-20.5000000000000 0.9032971249170
-20.0000000000000 0.9008376119510
-20.0000000000000 0.9008376119510
-20.0000000000000 0.9008376119510
-20.0000000000000 0.9008376119510
-19.5000000000000 0.8982506734073
-19.0000000000000 0.8955263602808
-19.0000000000000 0.8955263602808
-18.5000000000000 0.8926536690680
-18.0000000000000 0.8896203919329
-18.0000000000000 0.8896203919329
-18.0000000000000 0.8896203919329
-17.5000000000000 0.8864129576410
-17.0000000000000 0.8830162689716
-17.0000000000000 0.8830162689716
-16.5000000000000 0.8794134957659
-16.0000000000000 0.8755857934744
-16.0000000000000 0.8755857934744
-16.0000000000000 0.8755857934744
-16.0000000000000 0.8755857934744
-16.0000000000000 0.8755857934744
-16.0000000000000 0.8755857934744
-15.5000000000000 0.8715119831527
-15.0000000000000 0.8671682017967
-15.0000000000000 0.8671682017967
-14.5000000000000 0.8625274758378
-14.2500000000000 0.8600864595626
-14.0000000000000 0.8575592062366
-14.0000000000000 0.8575592062366
-14.0000000000000 0.8575592062366
-14.0000000000000 0.8575592062366
-13.7500000000000 0.8549416709573
-13.5000000000000 0.8522285838705
-13.5000000000000 0.8522285838705
-13.2500000000000 0.8494153406837
-13.0000000000000 0.8464958998103
-13.0000000000000 0.8464958998103
-13.0000000000000 0.8464958998103
-12.7500000000000 0.8434650083699
-12.5000000000000 0.8403156959518
-12.5000000000000 0.8403156959518
-12.2500000000000 0.8370419648442
-12.0000000000000 0.8336356440699
-12.0000000000000 0.8336356440699
-12.0000000000000 0.8336356440699
-12.0000000000000 0.8336356440699
-12.0000000000000 0.8336356440699
-11.7500000000000 0.8300893381832
-11.5000000000000 0.8263947228775
-11.5000000000000 0.8263947228775
-11.2500000000000 0.8225427562913
-11.0000000000000 0.8185236719509
-11.0000000000000 0.8185236719509
-11.0000000000000 0.8185236719509
-10.7500000000000 0.8143269212829
-10.5000000000000 0.8099410998906
-10.5000000000000 0.8099410998906
-10.2500000000000 0.8053538643963
-10.0000000000000 0.8005518397660
-10.0000000000000 0.8005518397660
-10.0000000000000 0.8005518397660
-10.0000000000000 0.8005518397660
-9.7500000000000 0.7955205164080
-9.5000000000000 0.7902441363027
-9.5000000000000 0.7902441363027
-9.2500000000000 0.7847055672027
-9.1250000000000 0.7818322392358
-9.0000000000000 0.7788861634818
-9.0000000000000 0.7788861634818
-9.0000000000000 0.7788861634818
-9.0000000000000 0.7788861634818
-8.8750000000000 0.7758649157521
-8.7500000000000 0.7727656120856
-8.7500000000000 0.7727656120856
-8.6250000000000 0.7695856101593
-8.5000000000000 0.7663217608695
-8.5000000000000 0.7663217608695
-8.5000000000000 0.7663217608695
-8.3750000000000 0.7629711827197
-8.2500000000000 0.7595304305650
-8.2500000000000 0.7595304305650
-8.1250000000000 0.7559963673457
-8.0000000000000 0.7523651873093
-8.0000000000000 0.7523651873093
-8.0000000000000 0.7523651873093
-8.0000000000000 0.7523651873093
-8.0000000000000 0.7523651873093
-8.0000000000000 0.7523651873093
-8.0000000000000 0.7523651873093
-7.8750000000000 0.7486333148408
-7.7500000000000 0.7447969224673
-7.7500000000000 0.7447969224673
-7.6250000000000 0.7408519763209
-7.5000000000000 0.7367942509658
-7.5000000000000 0.7367942509658
-7.5000000000000 0.7367942509658
-7.3750000000000 0.7326193238402
-7.2500000000000 0.7283225661145
-7.2500000000000 0.7283225661145
-7.1250000000000 0.7238991325938
-7.0000000000000 0.7193439511917
-7.0000000000000 0.7193439511917
-7.0000000000000 0.7193439511917
-7.0000000000000 0.7193439511917
-6.8750000000000 0.7146517119967
-6.7500000000000 0.7098168559388
-6.7500000000000 0.7098168559388
-6.6250000000000 0.7048335630750
-6.5625000000000 0.7022843666466
-6.5000000000000 0.6996957405161
-6.5000000000000 0.6996957405161
-6.5000000000000 0.6996957405161
-6.5000000000000 0.6996957405161
-6.4375000000000 0.6970669060354
-6.3750000000000 0.6943970100354
-6.3750000000000 0.6943970100354
-6.3125000000000 0.6916852374094
-6.2500000000000 0.6889306953225
-6.2500000000000 0.6889306953225
-6.2500000000000 0.6889306953225
-6.1875000000000 0.6861325307751
-6.1250000000000 0.6832898091539
-6.1250000000000 0.6832898091539
-6.0625000000000 0.6804016394544
-6.0000000000000 0.6774670378509
-6.0000000000000 0.6774670378509
-6.0000000000000 0.6774670378509
-6.0000000000000 0.6774670378509
-6.0000000000000 0.6774670378509
-6.0000000000000 0.6774670378509
-5.9375000000000 0.6744850506067
-5.8750000000000 0.6714546964503
-5.8750000000000 0.6714546964503
-5.8125000000000 0.6683749654170
-5.7500000000000 0.6652448240376
-5.7500000000000 0.6652448240376
-5.7500000000000 0.6652448240376
-5.6875000000000 0.6620632156125
-5.6250000000000 0.6588290599579
-5.6250000000000 0.6588290599579
-5.5625000000000 0.6555412530330
-5.5000000000000 0.6521986665652
-5.5000000000000 0.6521986665652
-5.5000000000000 0.6521986665652
-5.5000000000000 0.6521986665652
-5.4375000000000 0.6488001476912
-5.3750000000000 0.6453445186098
-5.3750000000000 0.6453445186098
-5.3125000000000 0.6418305762500
-5.2500000000000 0.6382570919555
-5.2500000000000 0.6382570919555
-5.2500000000000 0.6382570919555
-5.1875000000000 0.6346228111879
-5.1250000000000 0.6309264532514
-5.1250000000000 0.6309264532514
-5.0625000000000 0.6271667110386
-5.0000000000000 0.6233422508020
-5.0000000000000 0.6233422508020
-5.0000000000000 0.6233422508020
-5.0000000000000 0.6233422508020
-5.0000000000000 0.6233422508020
-4.9375000000000 0.6194517119532
-4.8750000000000 0.6154937068921
-4.8750000000000 0.6154937068921
-4.8125000000000 0.6114668208697
-4.7500000000000 0.6073696118873
-4.7500000000000 0.6073696118873
-4.7500000000000 0.6073696118873
-4.6875000000000 0.6032006106362
-4.6250000000000 0.5989583204814
-4.6250000000000 0.5989583204814
-4.5625000000000 0.5946412174953
-4.5000000000000 0.5902477505463
-4.5000000000000 0.5902477505463
-4.5000000000000 0.5902477505463
-4.5000000000000 0.5902477505463
-4.4375000000000 0.5857763414470
-4.3750000000000 0.5812253851690
-4.3750000000000 0.5812253851690
-4.3125000000000 0.5765932501314
-4.2500000000000 0.5718782785677
-4.2500000000000 0.5718782785677
-4.2500000000000 0.5718782785677
-4.1875000000000 0.5670787869808
-4.1250000000000 0.5621930666891
-4.1250000000000 0.5621930666891
-4.0625000000000 0.5572193844763
-4.0000000000000 0.5521559833452
-4.0000000000000 0.5521559833452
-4.0000000000000 0.5521559833452
-4.0000000000000 0.5521559833452
-4.0000000000000 0.5521559833452
-4.0000000000000 0.5521559833452
-4.0000000000000 0.5521559833452
-3.9375000000000 0.5470010833885
-3.8750000000000 0.5417528827806
-3.8750000000000 0.5417528827806
-3.8125000000000 0.5364095589008
-3.7500000000000 0.5309692695960
-3.7500000000000 0.5309692695960
-3.7500000000000 0.5309692695960
-3.6875000000000 0.5254301545965
-3.6250000000000 0.5197903370893
-3.6250000000000 0.5197903370893
-3.5625000000000 0.5140479254679
-3.5000000000000 0.5082010152615
-3.5000000000000 0.5082010152615
-3.5000000000000 0.5082010152615
-3.5000000000000 0.5082010152615
-3.4375000000000 0.5022476912643
-3.3750000000000 0.4961860298693
-3.3750000000000 0.4961860298693
-3.3125000000000 0.4900141016220
-3.2812500000000 0.4868861835196
-3.2500000000000 0.4837299740097
-3.2500000000000 0.4837299740097
-3.2500000000000 0.4837299740097
-3.2500000000000 0.4837299740097
-3.2187500000000 0.4805452313213
-3.1875000000000 0.4773317145025
-3.1875000000000 0.4773317145025
-3.1562500000000 0.4740891819694
-3.1250000000000 0.4708173938466
-3.1250000000000 0.4708173938466
-3.1250000000000 0.4708173938466
-3.0937500000000 0.4675161092408
-3.0625000000000 0.4641850896208
-3.0625000000000 0.4641850896208
-3.0312500000000 0.4608240958976
-3.0000000000000 0.4574328888519
-3.0000000000000 0.4574328888519
-3.0000000000000 0.4574328888519
-3.0000000000000 0.4574328888519
-3.0000000000000 0.4574328888519
-3.0000000000000 0.4574328888519
-2.9687500000000 0.4540112256161
-2.9375000000000 0.4505588780467
-2.9375000000000 0.4505588780467
-2.9062500000000 0.4470756129601
-2.8750000000000 0.4435611979091
-2.8750000000000 0.4435611979091
-2.8750000000000 0.4435611979091
-2.8437500000000 0.4400154022331
-2.8125000000000 0.4364379970544
-2.8125000000000 0.4364379970544
-2.7812500000000 0.4328287555680
-2.7500000000000 0.4291874532236
-2.7500000000000 0.4291874532236
-2.7500000000000 0.4291874532236
-2.7500000000000 0.4291874532236
-2.7187500000000 0.4255138679152
-2.6875000000000 0.4218077801885
-2.6875000000000 0.4218077801885
-2.6562500000000 0.4180689734561
-2.6250000000000 0.4142972342208
-2.6250000000000 0.4142972342208
-2.6250000000000 0.4142972342208
-2.5937500000000 0.4104923523109
-2.5625000000000 0.4066541211243
-2.5625000000000 0.4066541211243
-2.5312500000000 0.4027823378859
-2.5000000000000 0.3988768039158
-2.5000000000000 0.3988768039158
-2.5000000000000 0.3988768039158
-2.5000000000000 0.3988768039158
-2.5000000000000 0.3988768039158
-2.4687500000000 0.3949373249105
-2.4375000000000 0.3909637112380
-2.4375000000000 0.3909637112380
-2.4062500000000 0.3869557782477
-2.3750000000000 0.3829133465952
-2.3750000000000 0.3829133465952
-2.3750000000000 0.3829133465952
-2.3437500000000 0.3788362425833
-2.3125000000000 0.3747242985220
-2.3125000000000 0.3747242985220
-2.2812500000000 0.3705773531047
-2.2500000000000 0.3663952518050
-2.2500000000000 0.3663952518050
-2.2500000000000 0.3663952518050
-2.2500000000000 0.3663952518050
-2.2187500000000 0.3621778472938
-2.1875000000000 0.3579249998795
-2.1875000000000 0.3579249998795
-2.1562500000000 0.3536365779683
-2.1250000000000 0.3493124585509
-2.1250000000000 0.3493124585509
-2.1250000000000 0.3493124585509
-2.0937500000000 0.3449525277130
-2.0625000000000 0.3405566811762
-2.0625000000000 0.3405566811762
-2.0312500000000 0.3361248248663
-2.0000000000000 0.3316568755151
-2.0000000000000 0.3316568755151
-2.0000000000000 0.3316568755151
-2.0000000000000 0.3316568755151
-2.0000000000000 0.3316568755151
-2.0000000000000 0.3316568755151
-2.0000000000000 0.3316568755151
-1.9687500000000 0.3271527612977
-1.9375000000000 0.3226124225047
-1.9375000000000 0.3226124225047
-1.9062500000000 0.3180358122615
-1.8750000000000 0.3134228972905
-1.8750000000000 0.3134228972905
-1.8750000000000 0.3134228972905
-1.8437500000000 0.3087736587263
-1.8125000000000 0.3040880929843
-1.8125000000000 0.3040880929843
-1.7812500000000 0.2993662127001
-1.7500000000000 0.2946080477222
-1.7500000000000 0.2946080477222
-1.7500000000000 0.2946080477222
-1.7500000000000 0.2946080477222
-1.7187500000000 0.2898136461944
-1.6875000000000 0.2849830756903
-1.6875000000000 0.2849830756903
-1.6562500000000 0.2801164244575
-1.6250000000000 0.2752138027297
-1.6250000000000 0.2752138027297
-1.6250000000000 0.2752138027297
-1.5937500000000 0.2702753441606
-1.5625000000000 0.2653012073242
-1.5625000000000 0.2653012073242
-1.5312500000000 0.2602915773526
-1.5000000000000 0.2552466676433
-1.5000000000000 0.2552466676433
-1.5000000000000 0.2552466676433
-1.5000000000000 0.2552466676433
-1.5000000000000 0.2552466676433
-1.4687500000000 0.2501667217448
-1.4375000000000 0.2450520153983
-1.4375000000000 0.2450520153983
-1.4062500000000 0.2399028587683
-1.3750000000000 0.2347195988933
-1.3750000000000 0.2347195988933
-1.3750000000000 0.2347195988933
-1.3437500000000 0.2295026223595
-1.3125000000000 0.2242523581700
-1.3125000000000 0.2242523581700
-1.2812500000000 0.2189692808537
-1.2500000000000 0.2136539138165
-1.2500000000000 0.2136539138165
-1.2500000000000 0.2136539138165
-1.2500000000000 0.2136539138165
-1.2187500000000 0.2083068329905
-1.1875000000000 0.2029286708532
-1.1875000000000 0.2029286708532
-1.1562500000000 0.1975201208911
-1.1250000000000 0.1920819426000
-1.1250000000000 0.1920819426000
-1.1250000000000 0.1920819426000
-1.0937500000000 0.1866149670212
-1.0625000000000 0.1811201028672
-1.0625000000000 0.1811201028672
-1.0312500000000 0.1755983431744
-1.0000000000000 0.1700507725210
-1.0000000000000 0.1700507725210
-1.0000000000000 0.1700507725210
-1.0000000000000 0.1700507725210
-1.0000000000000 0.1700507725210
-1.0000000000000 0.1700507725210
-0.9687500000000 0.1644785748041
-0.9375000000000 0.1588830417754
-0.9375000000000 0.1588830417754
-0.9062500000000 0.1532655826869
-0.8750000000000 0.1476277352771
-0.8750000000000 0.1476277352771
-0.8750000000000 0.1476277352771
-0.8437500000000 0.1419711783745
-0.8125000000000 0.1362977460770
-0.8125000000000 0.1362977460770
-0.7812500000000 0.1306094437179
-0.7500000000000 0.1249084658451
-0.7500000000000 0.1249084658451
-0.7500000000000 0.1249084658451
-0.7500000000000 0.1249084658451
-0.7187500000000 0.1191972168499
-0.6875000000000 0.1134783351727
-0.6875000000000 0.1134783351727
-0.6562500000000 0.1077547219682
-0.6250000000000 0.1020295746006
-0.6250000000000 0.1020295746006
-0.6250000000000 0.1020295746006
-0.5937500000000 0.0963064247098
-0.5625000000000 0.0905891815704
-0.5625000000000 0.0905891815704
-0.5312500000000 0.0848821841044
-0.5000000000000 0.0791902658829
-0.5000000000000 0.0791902658829
-0.5000000000000 0.0791902658829
-0.5000000000000 0.0791902658829
-0.5000000000000 0.0791902658829
-0.4687500000000 0.0735188347462
-0.4375000000000 0.0678739668054
-0.4375000000000 0.0678739668054
-0.4062500000000 0.0622625207561
-0.3750000000000 0.0566922894706
-0.3750000000000 0.0566922894706
-0.3750000000000 0.0566922894706
-0.3437500000000 0.0511722068514
-0.3125000000000 0.0457126175709
-0.3125000000000 0.0457126175709
-0.2812500000000 0.0403256256014
-0.2500000000000 0.0350255816736
-0.2500000000000 0.0350255816736
-0.2500000000000 0.0350255816736
-0.2500000000000 0.0350255816736
-0.2187500000000 0.0298298268403
-0.1875000000000 0.0247598331838
-0.1875000000000 0.0247598331838
-0.1562500000000 0.0198429717872
-0.1250000000000 0.0151157851699
-0.1250000000000 0.0151157851699
-0.1250000000000 0.0151157851699
-0.0937500000000 0.0106304927834
-0.0625000000000 0.0064622700537
-0.0625000000000 0.0064622700537
-0.0312500000000 0.0028592869287
0.0000000000000 0.0000359057484
0.0000000000000 0.0000359057484
0.0000000000000 0.0000359057484
0.0000000000000 0.0000359057484
0.0000000000000 0.0000359057484
0.0000000000000 0.0000359057484
0.0000000000000 0.0000359057484
0.0000000000000 0.0000359057484
0.0000000000000 0.0000359057484
0.0000000000000 0.0000359057484
0.0312500000000 0.0028650925488
0.0625000000000 0.0064675973532
0.0625000000000 0.0064675973532
0.0937500000000 0.0106366767416
0.1250000000000 0.0151222726141
0.1250000000000 0.0151222726141
0.1250000000000 0.0151222726141
0.1562500000000 0.0198497501765
0.1875000000000 0.0247668460999
0.1875000000000 0.0247668460999
0.2187500000000 0.0298370306650
0.2500000000000 0.0350329441102
0.2500000000000 0.0350329441102
0.2500000000000 0.0350329441102
0.2500000000000 0.0350329441102
0.2812500000000 0.0403331205650
0.3125000000000 0.0457202234169
0.3125000000000 0.0457202234169
0.3437500000000 0.0511799052458
0.3750000000000 0.0567000649766
0.3750000000000 0.0567000649766
0.3750000000000 0.0567000649766
0.4062500000000 0.0622703603468
0.4375000000000 0.0678818592068
0.4375000000000 0.0678818592068
0.4687500000000 0.0735267698650
0.5000000000000 0.0791982345345
0.5000000000000 0.0791982345345
0.5000000000000 0.0791982345345
0.5000000000000 0.0791982345345
0.5000000000000 0.0791982345345
0.5312500000000 0.0848901779503
0.5625000000000 0.0905971931328
0.5625000000000 0.0905971931328
0.5937500000000 0.0963144473613
0.6250000000000 0.1020376024979
0.6250000000000 0.1020376024979
0.6250000000000 0.1020376024979
0.6562500000000 0.1077627499609
0.6875000000000 0.1134863587016
0.6875000000000 0.1134863587016
0.7187500000000 0.1192052318477
0.7500000000000 0.1249164686732
0.7500000000000 0.1249164686732
0.7500000000000 0.1249164686732
0.7500000000000 0.1249164686732
0.7812500000000 0.1306174310787
0.8125000000000 0.1363057148767
0.8125000000000 0.1363057148767
0.8437500000000 0.1419791256677
0.8750000000000 0.1476356582714
0.8750000000000 0.1476356582714
0.8750000000000 0.1476356582714
0.9062500000000 0.1532734787881
0.9375000000000 0.1588909086533
0.9375000000000 0.1588909086533
0.9687500000000 0.1644864103524
1.0000000000000 0.1700585748113
1.0000000000000 0.1700585748113
1.0000000000000 0.1700585748113
1.0000000000000 0.1700585748113
1.0000000000000 0.1700585748113
1.0000000000000 0.1700585748113
1.0312500000000 0.1756061104234
1.0625000000000 0.1811278334494
1.0625000000000 0.1811278334494
1.0937500000000 0.1866226594641
1.1250000000000 0.1920895955546
1.1250000000000 0.1920895955546
1.1250000000000 0.1920895955546
1.1562500000000 0.1975277331328
1.1875000000000 0.2029362412830
1.1875000000000 0.2029362412830
1.2187500000000 0.2083143606225
1.2500000000000 0.2136613977577
1.2500000000000 0.2136613977577
1.2500000000000 0.2136613977577
1.2500000000000 0.2136613977577
1.2812500000000 0.2189767202855
1.3125000000000 0.2242597523449
1.3125000000000 0.2242597523449
1.3437500000000 0.2295099705915
1.3750000000000 0.2347269005539
1.3750000000000 0.2347269005539
1.3750000000000 0.2347269005539
1.4062500000000 0.2399101132928
1.4375000000000 0.2450592222867
1.4375000000000 0.2450592222867
1.4687500000000 0.2501738805428
1.5000000000000 0.2552537779361
1.5000000000000 0.2552537779361
1.5000000000000 0.2552537779361
1.5000000000000 0.2552537779361
1.5000000000000 0.2552537779361
1.5312500000000 0.2602986387613
1.5625000000000 0.2653082195097
1.5625000000000 0.2653082195097
1.5937500000000 0.2702823068278
1.6250000000000 0.2752207156488
1.6250000000000 0.2752207156488
1.6250000000000 0.2752207156488
1.6562500000000 0.2801232874397
1.6875000000000 0.2849898885899
1.6875000000000 0.2849898885899
1.7187500000000 0.2898204088928
1.7500000000000 0.2946147601280
1.7500000000000 0.2946147601280
1.7500000000000 0.2946147601280
1.7500000000000 0.2946147601280
1.7812500000000 0.2993728747434
1.8125000000000 0.3040947046214
1.8125000000000 0.3040947046214
1.8437500000000 0.3087802199357
1.8750000000000 0.3134294080716
1.8750000000000 0.3134294080716
1.8750000000000 0.3134294080716
1.9062500000000 0.3180422726319
1.9375000000000 0.3226188325016
1.9375000000000 0.3226188325016
1.9687500000000 0.3271591209744
2.0000000000000 0.3316631849401
2.0000000000000 0.3316631849401
2.0000000000000 0.3316631849401
2.0000000000000 0.3316631849401
2.0000000000000 0.3316631849401
2.0000000000000 0.3316631849401
2.0000000000000 0.3316631849401
2.0312500000000 0.3361310841237
2.0625000000000 0.3405628903664
2.0625000000000 0.3405628903664
2.0937500000000 0.3449586869511
2.1250000000000 0.3493185679679
2.1250000000000 0.3493185679679
2.1250000000000 0.3493185679679
2.1562500000000 0.3536426377094
2.1875000000000 0.3579310101028
2.1875000000000 0.3579310101028
2.2187500000000 0.3621838081697
2.2500000000000 0.3664011635166
2.2500000000000 0.3664011635166
2.2500000000000 0.3664011635166
2.2500000000000 0.3664011635166
2.2812500000000 0.3705832158479
2.3125000000000 0.3747301125038
2.3125000000000 0.3747301125038
2.3437500000000 0.3788420080196
2.3750000000000 0.3829190637113
2.3750000000000 0.3829190637113
2.3750000000000 0.3829190637113
2.4062500000000 0.3869614472768
2.4375000000000 0.3909693324207
2.4375000000000 0.3909693324207
2.4687500000000 0.3949428984940
2.5000000000000 0.3988823301541
2.5000000000000 0.3988823301541
2.5000000000000 0.3988823301541
2.5000000000000 0.3988823301541
2.5000000000000 0.3988823301541
2.5312500000000 0.4027878170385
2.5625000000000 0.4066595534569
2.5625000000000 0.4066595534569
2.5937500000000 0.4104977380946
2.6250000000000 0.4143025737318
2.6250000000000 0.4143025737318
2.6250000000000 0.4143025737318
2.6562500000000 0.4180742669749
2.6875000000000 0.4218130280002
2.6875000000000 0.4218130280002
2.7187500000000 0.4255190703084
2.7500000000000 0.4291926104912
2.7500000000000 0.4291926104912
2.7500000000000 0.4291926104912
2.7500000000000 0.4291926104912
2.7812500000000 0.4328338680063
2.8125000000000 0.4364430649632
2.8125000000000 0.4364430649632
2.8437500000000 0.4400204259156
2.8750000000000 0.4435661776712
2.8750000000000 0.4435661776712
2.8750000000000 0.4435661776712
2.9062500000000 0.4470805491110
2.9375000000000 0.4505637708981
2.9375000000000 0.4505637708981
2.9687500000000 0.4540160754822
3.0000000000000 0.4574376960498
3.0000000000000 0.4574376960498
3.0000000000000 0.4574376960498
3.0000000000000 0.4574376960498
3.0000000000000 0.4574376960498
3.0000000000000 0.4574376960498
3.0312500000000 0.4608288607469
3.0625000000000 0.4641898124432
3.0625000000000 0.4641898124432
3.0937500000000 0.4675207903604
3.1250000000000 0.4708220335891
3.1250000000000 0.4708220335891
3.1250000000000 0.4708220335891
3.1562500000000 0.4740937806627
3.1875000000000 0.4773362724753
3.1875000000000 0.4773362724753
3.2187500000000 0.4805497489038
3.2500000000000 0.4837344515329
3.2500000000000 0.4837344515329
3.2500000000000 0.4837344515329
3.2500000000000 0.4837344515329
3.2812500000000 0.4868906213158
3.3125000000000 0.4900185000238
3.3750000000000 0.4961903504828
3.3750000000000 0.4961903504828
3.4375000000000 0.5022519354242
3.5000000000000 0.5082051843036
3.5000000000000 0.5082051843036
3.5000000000000 0.5082051843036
3.5000000000000 0.5082051843036
3.5625000000000 0.5140520207256
3.6250000000000 0.5197943598914
3.6250000000000 0.5197943598914
3.6875000000000 0.5254341062635
3.7500000000000 0.5309731514403
3.7500000000000 0.5309731514403
3.7500000000000 0.5309731514403
3.8125000000000 0.5364133722246
3.8750000000000 0.5417566288752
3.8750000000000 0.5417566288752
3.9375000000000 0.5470047635337
4.0000000000000 0.5521595988094
4.0000000000000 0.5521595988094
4.0000000000000 0.5521595988094
4.0000000000000 0.5521595988094
4.0000000000000 0.5521595988094
4.0000000000000 0.5521595988094
4.0000000000000 0.5521595988094
4.0625000000000 0.5572229365156
4.1250000000000 0.5621965565459
4.1250000000000 0.5621965565459
4.1875000000000 0.5670822158817
4.2500000000000 0.5718816477235
4.2500000000000 0.5718816477235
4.2500000000000 0.5718816477235
4.3125000000000 0.5765965607350
4.3750000000000 0.5812286383963
4.3750000000000 0.5812286383963
4.4375000000000 0.5857795384558
4.5000000000000 0.5902508924774
4.5000000000000 0.5902508924774
4.5000000000000 0.5902508924774
4.5000000000000 0.5902508924774
4.5625000000000 0.5946443054723
4.6250000000000 0.5989613556113
4.6250000000000 0.5989613556113
4.6875000000000 0.6032035940100
4.7500000000000 0.6073725445790
4.7500000000000 0.6073725445790
4.7500000000000 0.6073725445790
4.8125000000000 0.6114697039366
4.8750000000000 0.6154965413742
4.8750000000000 0.6154965413742
4.9375000000000 0.6194544988733
5.0000000000000 0.6233449911649
5.0000000000000 0.6233449911649
5.0000000000000 0.6233449911649
5.0000000000000 0.6233449911649
5.0000000000000 0.6233449911649
5.0625000000000 0.6271694058308
5.1250000000000 0.6309291034407
5.1250000000000 0.6309291034407
5.1875000000000 0.6346254177232
5.2500000000000 0.6382596557661
5.2500000000000 0.6382596557661
5.2500000000000 0.6382596557661
5.3125000000000 0.6418330982459
5.3750000000000 0.6453469996805
5.3750000000000 0.6453469996805
5.4375000000000 0.6488025887059
5.5000000000000 0.6522010683727
5.5000000000000 0.6522010683727
5.5000000000000 0.6522010683727
5.5000000000000 0.6522010683727
5.5625000000000 0.6555436164615
5.6250000000000 0.6588313858154
5.6250000000000 0.6588313858154
5.6875000000000 0.6620655046861
5.7500000000000 0.6652470770934
5.7500000000000 0.6652470770934
5.7500000000000 0.6652470770934
5.8125000000000 0.6683771831999
5.8750000000000 0.6714568796841
5.8750000000000 0.6714568796841
5.9375000000000 0.6744871999947
6.0000000000000 0.6774691540765
6.0000000000000 0.6774691540765
6.0000000000000 0.6774691540765
6.0000000000000 0.6774691540765
6.0000000000000 0.6774691540765
6.0000000000000 0.6774691540765
6.0625000000000 0.6804037231821
6.1250000000000 0.6832918610293
6.1250000000000 0.6832918610293
6.1875000000000 0.6861345514236
6.2500000000000 0.6889326853543
6.2500000000000 0.6889326853543
6.2500000000000 0.6889326853543
6.3125000000000 0.6916871974172
6.3750000000000 0.6943989405979
6.3750000000000 0.6943989405979
6.4375000000000 0.6970688077156
6.5000000000000 0.6996976138647
6.5000000000000 0.6996976138647
6.5000000000000 0.6996976138647
6.5000000000000 0.6996976138647
6.5625000000000 0.7022862121999
6.6250000000000 0.7048353813585
6.7500000000000 0.7098186212123
6.7500000000000 0.7098186212123
6.8750000000000 0.7146534262326
7.0000000000000 0.7193456162875
7.0000000000000 0.7193456162875
7.0000000000000 0.7193456162875
7.0000000000000 0.7193456162875
7.1250000000000 0.7239007503811
7.2500000000000 0.7283241383625
7.2500000000000 0.7283241383625
7.3750000000000 0.7326208522531
7.5000000000000 0.7367957371783
7.5000000000000 0.7367957371783
7.5000000000000 0.7367957371783
7.6250000000000 0.7408534218981
7.7500000000000 0.7447983289040
7.7500000000000 0.7447983289040
7.8750000000000 0.7486346835615
8.0000000000000 0.7523665196677
8.0000000000000 0.7523665196677
8.0000000000000 0.7523665196677
8.0000000000000 0.7523665196677
8.0000000000000 0.7523665196677
8.0000000000000 0.7523665196677
8.0000000000000 0.7523665196677
8.1250000000000 0.7559976646255
8.2500000000000 0.7595316939882
8.2500000000000 0.7595316939882
8.3750000000000 0.7629724134397
8.5000000000000 0.7663229599903
8.5000000000000 0.7663229599903
8.5000000000000 0.7663229599903
8.6250000000000 0.7695867787241
8.7500000000000 0.7727667511046
8.7500000000000 0.7727667511046
8.8750000000000 0.7758660261905
9.0000000000000 0.7788872462804
9.0000000000000 0.7788872462804
9.0000000000000 0.7788872462804
9.0000000000000 0.7788872462804
9.1250000000000 0.7818332953047
9.2500000000000 0.7847065974268
9.5000000000000 0.7902451173846
9.5000000000000 0.7902451173846
9.7500000000000 0.7955214515733
10.0000000000000 0.8005527320473
10.0000000000000 0.8005527320473
10.0000000000000 0.8005527320473
10.0000000000000 0.8005527320473
10.2500000000000 0.8053547166219
10.5000000000000 0.8099419146670
10.5000000000000 0.8099419146670
10.7500000000000 0.8143277009975
11.0000000000000 0.8185244187789
11.0000000000000 0.8185244187789
11.0000000000000 0.8185244187789
11.2500000000000 0.8225434722134
11.5000000000000 0.8263954096839
11.5000000000000 0.8263954096839
11.7500000000000 0.8300899974772
12.0000000000000 0.8336362772797
12.0000000000000 0.8336362772797
12.0000000000000 0.8336362772797
12.0000000000000 0.8336362772797
12.0000000000000 0.8336362772797
12.2500000000000 0.8370425732500
12.5000000000000 0.8403162807844
12.5000000000000 0.8403162807844
12.7500000000000 0.8434655707516
13.0000000000000 0.8464964408943
13.0000000000000 0.8464964408943
13.0000000000000 0.8464964408943
13.2500000000000 0.8494158616212
13.5000000000000 0.8522290858024
13.5000000000000 0.8522290858024
13.7500000000000 0.8549421550594
14.0000000000000 0.8575596735465
14.0000000000000 0.8575596735465
14.0000000000000 0.8575596735465
14.0000000000000 0.8575596735465
14.2500000000000 0.8600869110455
14.5000000000000 0.8625279122950
15.0000000000000 0.8671686100420
15.0000000000000 0.8671686100420
15.5000000000000 0.8715123650538
16.0000000000000 0.8755861504658
16.0000000000000 0.8755861504658
16.0000000000000 0.8755861504658
16.0000000000000 0.8755861504658
16.0000000000000 0.8755861504658
16.0000000000000 0.8755861504658
16.5000000000000 0.8794138291095
17.0000000000000 0.8830165804255
17.0000000000000 0.8830165804255
17.5000000000000 0.8864132498734
18.0000000000000 0.8896206676120
18.0000000000000 0.8896206676120
18.0000000000000 0.8896206676120
18.5000000000000 0.8926539297013
19.0000000000000 0.8955266065257
19.0000000000000 0.8955266065257
19.5000000000000 0.8982509060094
20.0000000000000 0.9008378320677
20.0000000000000 0.9008378320677
20.0000000000000 0.9008378320677
20.0000000000000 0.9008378320677
20.5000000000000 0.9032973339071
21.0000000000000 0.9056384345334
21.0000000000000 0.9056384345334
21.5000000000000 0.9078693436401
22.0000000000000 0.9099975549736
22.0000000000000 0.9099975549736
22.0000000000000 0.9099975549736
22.5000000000000 0.9120299201978
23.0000000000000 0.9139726984653
23.0000000000000 0.9139726984653
23.5000000000000 0.9158316074031
24.0000000000000 0.9176118869886
24.0000000000000 0.9176118869886
24.0000000000000 0.9176118869886
24.0000000000000 0.9176118869886
24.0000000000000 0.9176118869886
24.5000000000000 0.9193183334040
25.0000000000000 0.9209551549644
25.0000000000000 0.9209551549644
25.5000000000000 0.9225270375149
26.0000000000000 0.9240373446480
26.0000000000000 0.9240373446480
26.0000000000000 0.9240373446480
26.5000000000000 0.9254900373556
27.0000000000000 0.9268880092852
27.0000000000000 0.9268880092852
27.5000000000000 0.9282346400508
28.0000000000000 0.9295324327457
28.0000000000000 0.9295324327457
28.0000000000000 0.9295324327457
28.0000000000000 0.9295324327457
28.5000000000000 0.9307842835993
29.0000000000000 0.9319923928165
30.0000000000000 0.9342868831842
30.0000000000000 0.9342868831842
31.0000000000000 0.9364322803577
32.0000000000000 0.9384425950537
32.0000000000000 0.9384425950537
32.0000000000000 0.9384425950537
32.0000000000000 0.9384425950537
32.0000000000000 0.9384425950537
33.0000000000000 0.9403301728523
34.0000000000000 0.9421059238941
34.0000000000000 0.9421059238941
35.0000000000000 0.9437793240244
36.0000000000000 0.9453588641247
36.0000000000000 0.9453588641247
36.0000000000000 0.9453588641247
37.0000000000000 0.9468522504977
38.0000000000000 0.9482662974668
38.0000000000000 0.9482662974668
39.0000000000000 0.9496069758634
40.0000000000000 0.9508796529153
40.0000000000000 0.9508796529153
40.0000000000000 0.9508796529153
40.0000000000000 0.9508796529153
41.0000000000000 0.9520893068239
42.0000000000000 0.9532401473476
42.0000000000000 0.9532401473476
43.0000000000000 0.9543370065739
44.0000000000000 0.9553829957167
44.0000000000000 0.9553829957167
44.0000000000000 0.9553829957167
45.0000000000000 0.9563819683004
46.0000000000000 0.9573365294809
46.0000000000000 0.9573365294809
47.0000000000000 0.9582498807640
48.0000000000000 0.9591240866241
48.0000000000000 0.9591240866241
48.0000000000000 0.9591240866241
48.0000000000000 0.9591240866241
48.0000000000000 0.9591240866241
49.0000000000000 0.9599616710130
50.0000000000000 0.9607644570043
52.0000000000000 0.9622736269656
52.0000000000000 0.9622736269656
54.0000000000000 0.9636656545323
56.0000000000000 0.9649532651707
56.0000000000000 0.9649532651707
56.0000000000000 0.9649532651707
58.0000000000000 0.9661474721142
60.0000000000000 0.9672572752761
60.0000000000000 0.9672572752761
62.0000000000000 0.9682911121681
64.0000000000000 0.9692578416029
64.0000000000000 0.9692578416029
64.0000000000000 0.9692578416029
64.0000000000000 0.9692578416029
66.0000000000000 0.9701666536351
68.0000000000000 0.9710244966433
68.0000000000000 0.9710244966433
70.0000000000000 0.9718356230140
72.0000000000000 0.9726028184516
72.0000000000000 0.9726028184516
72.0000000000000 0.9726028184516
74.0000000000000 0.9733286570389
76.0000000000000 0.9740168937287
76.0000000000000 0.9740168937287
78.0000000000000 0.9746715777857
80.0000000000000 0.9752958168121
80.0000000000000 0.9752958168121
80.0000000000000 0.9752958168121
80.0000000000000 0.9752958168121
82.0000000000000 0.9758919268635
84.0000000000000 0.9764612320248
84.0000000000000 0.9764612320248
86.0000000000000 0.9770056850495
88.0000000000000 0.9775257159874
88.0000000000000 0.9775257159874
88.0000000000000 0.9775257159874
90.0000000000000 0.9780218257240
92.0000000000000 0.9784957545063
92.0000000000000 0.9784957545063
94.0000000000000 0.9789491521824
96.0000000000000 0.9793827908347
96.0000000000000 0.9793827908347
96.0000000000000 0.9793827908347
96.0000000000000 0.9793827908347
98.0000000000000 0.9797975733377
100.0000000000000 0.9801947571633
104.0000000000000 0.9809410040718
104.0000000000000 0.9809410040718
108.0000000000000 0.9816320452525
112.0000000000000 0.9822740321918
112.0000000000000 0.9822740321918
112.0000000000000 0.9822740321918
116.0000000000000 0.9828686248444
120.0000000000000 0.9834259906949
120.0000000000000 0.9834259906949
124.0000000000000 0.9839495484739
128.0000000000000 0.9844419969534
128.0000000000000 0.9844419969534
128.0000000000000 0.9844419969534
132.0000000000000 0.9849074903881
136.0000000000000 0.9853455778020
136.0000000000000 0.9853455778020
140.0000000000000 0.9857562407076
144.0000000000000 0.9861423358936
144.0000000000000 0.9861423358936
144.0000000000000 0.9861423358936
148.0000000000000 0.9865069260130
152.0000000000000 0.9868493749849
152.0000000000000 0.9868493749849
156.0000000000000 0.9871685186617
160.0000000000000 0.9874690038971
160.0000000000000 0.9874690038971
160.0000000000000 0.9874690038971
164.0000000000000 0.9877554757077
168.0000000000000 0.9880267754580
176.0000000000000 0.9885250278888
176.0000000000000 0.9885250278888
184.0000000000000 0.9889843256912
192.0000000000000 0.9894066303693
192.0000000000000 0.9894066303693
200.0000000000000 0.9897856022210
208.0000000000000 0.9901382341230
208.0000000000000 0.9901382341230
216.0000000000000 0.9904806222010
224.0000000000000 0.9908217021777
224.0000000000000 0.9908217021777
232.0000000000000 0.9911530546088
240.0000000000000 0.9914636202072
240.0000000000000 0.9914636202072
248.0000000000000 0.9917624196073
256.0000000000000 0.9920309729245
256.0000000000000 0.9920309729245
264.0000000000000 0.9922462173257
272.0000000000000 0.9924309222903
272.0000000000000 0.9924309222903
280.0000000000000 0.9925958658135
288.0000000000000 0.9927539595145
288.0000000000000 0.9927539595145
296.0000000000000 0.9929261493142
304.0000000000000 0.9930991103019
304.0000000000000 0.9930991103019
312.0000000000000 0.9932645016611
320.0000000000000 0.9934283170289
336.0000000000000 0.9937608598852
352.0000000000000 0.9940141745788
368.0000000000000 0.9942666461091
384.0000000000000 0.9944894892103
400.0000000000000 0.9946734463330
416.0000000000000 0.9949060844348
432.0000000000000 0.9950414422329
448.0000000000000 0.9952090640410
464.0000000000000 0.9954146147218
480.0000000000000 0.9954764121275
496.0000000000000 0.9955952916536
512.0000000000000 0.9958152725168
528.0000000000000 0.9958671277081
544.0000000000000 0.9958116723282
560.0000000000000 0.9959335066584
576.0000000000000 0.9962338131241
592.0000000000000 0.9964932356412
608.0000000000000 0.9966061949629
624.0000000000000 0.9966319269299
640.0000000000000 0.9966449889321
656.0000000000000 0.9966719298100
672.0000000000000 0.9967155692848
688.0000000000000 0.9967687233398
704.0000000000000 0.9968243625095
720.0000000000000 0.9968846936131
736.0000000000000 0.9969495007099
752.0000000000000 0.9970083599218
768.0000000000000 0.9970538931744
784.0000000000000 0.9970911219805
800.0000000000000 0.9971292262148
816.0000000000000 0.9971717272697
832.0000000000000 0.9972166206839
848.0000000000000 0.9972610851834
864.0000000000000 0.9973038640292
880.0000000000000 0.9973448981125
896.0000000000000 0.9973844095563
912.0000000000000 0.9974225335677
928.0000000000000 0.9974593480990
944.0000000000000 0.9974949214322
960.0000000000000 0.9975293067526
976.0000000000000 0.9975625561787
992.0000000000000 0.9975947358222
1008.0000000000000 0.9976259065340
1024.0000000000000 0.9976561095524
1040.0000000000000 0.9976853765395
1056.0000000000000 0.9977137465546
1072.0000000000000 0.9977412660536
1088.0000000000000 0.9977679790191
1104.0000000000000 0.9977939218873
1120.0000000000000 0.9978191269735
1136.0000000000000 0.9978436232773
1152.0000000000000 0.9978674395261
1168.0000000000000 0.9978906036484
1184.0000000000000 0.9979131433608
1200.0000000000000 0.9979350851508
1216.0000000000000 0.9979564542794
1232.0000000000000 0.9979772746075
1248.0000000000000 0.9979975684741
1264.0000000000000 0.9980173576528
1280.0000000000000 0.9980366630895
1296.0000000000000 0.9980555046487
1312.0000000000000 0.9980739006801
1328.0000000000000 0.9980918690311
1344.0000000000000 0.9981094265209
1360.0000000000000 0.9981265895234
1376.0000000000000 0.9981433735875
1392.0000000000000 0.9981597939436
1408.0000000000000 0.9981758649830
1424.0000000000000 0.9981916003805
1440.0000000000000 0.9982070131302
1456.0000000000000 0.9982221159593
1472.0000000000000 0.9982369207298
1488.0000000000000 0.9982514390357
1504.0000000000000 0.9982656819209
1520.0000000000000 0.9982796599204
1536.0000000000000 0.9982933834434
1552.0000000000000 0.9983068624452
1568.0000000000000 0.9983201067268
1584.0000000000000 0.9983331253280
1600.0000000000000 0.9983459272343
1616.0000000000000 0.9983585209541
1632.0000000000000 0.9983709149362
1648.0000000000000 0.9983831173079
1664.0000000000000 0.9983951354898
1680.0000000000000 0.9984069772018
1696.0000000000000 0.9984186495240
1712.0000000000000 0.9984301592149
1728.0000000000000 0.9984415132662
1744.0000000000000 0.9984527180023
1760.0000000000000 0.9984637797488
1776.0000000000000 0.9984747047819
1792.0000000000000 0.9984854990855
1808.0000000000000 0.9984961686016
1824.0000000000000 0.9985067189611
1840.0000000000000 0.9985171553273
1856.0000000000000 0.9985274829653
1872.0000000000000 0.9985377071831
1888.0000000000000 0.9985478333521
1904.0000000000000 0.9985578660138
1920.0000000000000 0.9985678099206
1936.0000000000000 0.9985776700356
1952.0000000000000 0.9985874505920
1968.0000000000000 0.9985971559530
1984.0000000000000 0.9986067905290
