# x lapse
-317.4400000000000 0.9943353769893
-314.8800000000000 0.9942897315066
-312.3200000000000 0.9942433438183
-309.7600000000000 0.9941961958926
-307.2000000000000 0.9941482666306
-304.6400000000000 0.9940995342411
-302.0800000000000 0.9940499806976
-299.5200000000000 0.9939995869264
-296.9600000000000 0.9939483323376
-294.4000000000000 0.9938961934562
-291.8400000000000 0.9938431448499
-289.2800000000000 0.9937891581194
-286.7200000000000 0.9937341945209
-284.1600000000000 0.9936781992684
-281.6000000000000 0.9936211814579
-279.0400000000000 0.9935634286584
-276.4800000000000 0.9935058098092
-273.9200000000000 0.9934498410450
-271.3600000000000 0.9933969986064
-268.8000000000000 0.9933471810439
-266.2400000000000 0.9932974028296
-263.6800000000000 0.9932425910537
-261.1200000000000 0.9931789675631
-258.5600000000000 0.9931072959770
-256.0000000000000 0.9930322764527
-253.4400000000000 0.9929581707907
-250.8800000000000 0.9928854392908
-248.3200000000000 0.9928120501548
-245.7600000000000 0.9927369650235
-243.2000000000000 0.9926609190728
-240.6400000000000 0.9925844055149
-238.0800000000000 0.9925067436838
-235.5200000000000 0.9924273009693
-232.9600000000000 0.9923462044032
-230.4000000000000 0.9922635142759
-227.8400000000000 0.9921788735588
-225.2800000000000 0.9920922082525
-222.7200000000000 0.9920037373466
-220.1600000000000 0.9919133506985
-217.6000000000000 0.9918208948010
-215.0400000000000 0.9917265195119
-212.4800000000000 0.9916301997440
-209.9200000000000 0.9915318079293
-207.3600000000000 0.9914313984738
-204.8000000000000 0.9913289036847
-202.2400000000000 0.9912242611998
-199.6800000000000 0.9911175413292
-197.1200000000000 0.9910086971042
-194.5600000000000 0.9908976822329
-192.0000000000000 0.9907844807319
-189.4400000000000 0.9906691096443
-186.8800000000000 0.9905517245051
-184.3200000000000 0.9904324315595
-181.7600000000000 0.9903113090362
-179.2000000000000 0.9901884741401
-176.6400000000000 0.9900641467355
-174.0800000000000 0.9899386915025
-171.5200000000000 0.9898125026890
-168.9600000000000 0.9896860546996
-166.4000000000000 0.9895599172300
-163.8400000000000 0.9894348546721
-161.2800000000000 0.9893117435984
-158.7200000000000 0.9891916088511
-156.1600000000000 0.9890756499479
-153.6000000000000 0.9889651102147
-151.0400000000000 0.9888612401045
-148.4800000000000 0.9887650212410
-145.9200000000000 0.9886768663991
-143.3600000000000 0.9885960266444
-140.8000000000000 0.9885198581720
-139.5200000000000 0.9884820436738
-138.2400000000000 0.9884428767787
-138.2400000000000 0.9884428767787
-136.9600000000000 0.9884014734193
-135.6800000000000 0.9883558891315
-135.6800000000000 0.9883558891315
-134.4000000000000 0.9883046950265
-133.1200000000000 0.9882454603102
-133.1200000000000 0.9882454603102
-131.8400000000000 0.9881761383611
-130.5600000000000 0.9880941477718
-130.5600000000000 0.9880941477718
-129.2800000000000 0.9879969569213
-128.0000000000000 0.9878823698283
-128.0000000000000 0.9878823698283
-126.7200000000000 0.9877479938344
-125.4400000000000 0.9875918873495
-125.4400000000000 0.9875918873495
-124.1600000000000 0.9874124956921
-122.8800000000000 0.9872088908400
-122.8800000000000 0.9872088908400
-121.6000000000000 0.9869808691124
-120.3200000000000 0.9867288943360
-120.3200000000000 0.9867288943360
-119.0400000000000 0.9864541156657
-117.7600000000000 0.9861583386396
-117.7600000000000 0.9861583386396
-116.4800000000000 0.9858440620790
-115.2000000000000 0.9855144760136
-115.2000000000000 0.9855144760136
-113.9200000000000 0.9851732408136
-112.6400000000000 0.9848241582766
-112.6400000000000 0.9848241582766
-111.3600000000000 0.9844709375437
-110.0800000000000 0.9841172516044
-110.0800000000000 0.9841172516044
-108.8000000000000 0.9837667400203
-107.5200000000000 0.9834226915022
-107.5200000000000 0.9834226915022
-106.2400000000000 0.9830877657956
-104.9600000000000 0.9827639196109
-104.9600000000000 0.9827639196109
-103.6800000000000 0.9824525153938
-102.4000000000000 0.9821545062506
-102.4000000000000 0.9821545062506
-101.1200000000000 0.9818703067419
-99.8400000000000 0.9815995670876
-99.8400000000000 0.9815995670876
-98.5600000000000 0.9813413163330
-97.2800000000000 0.9810941553694
-97.2800000000000 0.9810941553694
-96.0000000000000 0.9808563424655
-94.7200000000000 0.9806258967019
-94.7200000000000 0.9806258967019
-93.4400000000000 0.9804006712200
-92.1600000000000 0.9801783631413
-92.1600000000000 0.9801783631413
-90.8800000000000 0.9799564132957
-89.6000000000000 0.9797322545032
-89.6000000000000 0.9797322545032
-88.3200000000000 0.9795036232646
-87.0400000000000 0.9792683271322
-87.0400000000000 0.9792683271322
-85.7600000000000 0.9790242381538
-84.4800000000000 0.9787694580641
-84.4800000000000 0.9787694580641
-83.2000000000000 0.9785021949276
-81.9200000000000 0.9782208693203
-81.9200000000000 0.9782208693203
-80.6400000000000 0.9779242359747
-79.3600000000000 0.9776112509420
-79.3600000000000 0.9776112509420
-78.0800000000000 0.9772809971141
-76.8000000000000 0.9769327223820
-76.8000000000000 0.9769327223820
-75.5200000000000 0.9765658496563
-74.2400000000000 0.9761799685265
-74.2400000000000 0.9761799685265
-72.9600000000000 0.9757747820374
-71.6800000000000 0.9753499538197
-71.6800000000000 0.9753499538197
-70.4000000000000 0.9749052192557
-69.1200000000000 0.9744403440782
-69.1200000000000 0.9744403440782
-67.8400000000000 0.9739549670894
-66.5600000000000 0.9734487687448
-66.5600000000000 0.9734487687448
-65.2800000000000 0.9729213100262
-64.0000000000000 0.9723719942824
-64.0000000000000 0.9723719942824
-62.7200000000000 0.9718001311729
-61.4400000000000 0.9712048247789
-61.4400000000000 0.9712048247789
-60.1600000000001 0.9705850658364
-58.8800000000001 0.9699396234606
-58.8800000000000 0.9699396234606
-57.6000000000001 0.9692670413080
-56.3200000000001 0.9685656266929
-56.3200000000000 0.9685656266929
-55.0400000000000 0.9678333990368
-53.7600000000000 0.9670682330163
-53.7600000000000 0.9670682330163
-52.4800000000000 0.9662676205187
-51.2000000000000 0.9654286911980
-51.2000000000000 0.9654286911980
-49.9200000000000 0.9645483717460
-48.6400000000000 0.9636231296784
-48.6400000000000 0.9636231296784
-47.3600000000000 0.9626490153030
-46.0800000000000 0.9616217120926
-46.0800000000000 0.9616217120926
-44.8000000000000 0.9605363224659
-43.5200000000000 0.9593873576953
-43.5200000000000 0.9593873576953
-42.2400000000000 0.9581687879001
-40.9600000000000 0.9568737877752
-40.9600000000000 0.9568737877752
-39.6800000000000 0.9554945526393
-38.4000000000000 0.9540223165268
-38.4000000000000 0.9540223165268
-37.7600000000000 0.9532483707349
-37.1200000000000 0.9524473251600
-37.1200000000000 0.9524473251600
-36.4800000000000 0.9516178807153
-35.8400000000000 0.9507582907837
-35.8400000000000 0.9507582907837
-35.8400000000000 0.9507582907837
-35.2000000000000 0.9498670298428
-34.5600000000000 0.9489421355217
-34.5600000000000 0.9489421355217
-33.9200000000000 0.9479818997910
-33.2800000000000 0.9469840341041
-33.2800000000000 0.9469840341041
-33.2800000000000 0.9469840341041
-32.6400000000000 0.9459466193483
-32.0000000000000 0.9448668391919
-32.0000000000000 0.9448668391919
-31.3600000000000 0.9437421232289
-30.7200000000000 0.9425698145686
-30.7200000000000 0.9425698145686
-30.7200000000000 0.9425698145686
-30.0800000000000 0.9413469027270
-29.4400000000000 0.9400700130751
-29.4400000000000 0.9400700130751
-28.8000000000000 0.9387354756039
-28.1600000000000 0.9373393985233
-28.1600000000000 0.9373393985233
-28.1600000000000 0.9373393985233
-27.5200000000000 0.9358773418873
-26.8800000000000 0.9343445690532
-26.8800000000000 0.9343445690532
-26.2400000000000 0.9327359557976
-25.6000000000000 0.9310457904781
-25.6000000000000 0.9310457904781
-25.6000000000000 0.9310457904781
-24.9600000000000 0.9292677939319
-24.3200000000000 0.9273949252322
-24.3200000000000 0.9273949252322
-23.6800000000000 0.9254195360610
-23.0400000000000 0.9233330410356
-23.0400000000000 0.9233330410356
-23.0400000000000 0.9233330410356
-22.7199999999999 0.9222452004248
-22.4000000000000 0.9211258765861
-22.3999999999999 0.9211258765861
-22.0799999999999 0.9199738470473
-21.7600000000000 0.9187875157369
-21.7600000000000 0.9187875157369
-21.7599999999999 0.9187875157369
-21.4399999999999 0.9175654722108
-21.1200000000000 0.9163059371149
-21.1199999999999 0.9163059371149
-20.7999999999999 0.9150073059277
-20.4800000000000 0.9136676437072
-20.4800000000000 0.9136676437072
-20.4800000000000 0.9136676437072
-20.4799999999999 0.9136676437072
-20.1599999999999 0.9122852616159
-19.8400000000000 0.9108578168186
-19.8400000000000 0.9108578168186
-19.5199999999999 0.9093831702178
-19.2000000000000 0.9078590217637
-19.2000000000000 0.9078590217637
-19.1999999999999 0.9078590217637
-18.8800000000000 0.9062829016698
-18.5600000000000 0.9046521163800
-18.5600000000000 0.9046521163800
-18.2400000000000 0.9029638255295
-17.9200000000000 0.9012150096609
-17.9200000000000 0.9012150096609
-17.9200000000000 0.9012150096609
-17.9200000000000 0.9012150096609
-17.6000000000000 0.8994024002921
-17.2800000000000 0.8975224843484
-17.2800000000000 0.8975224843484
-16.9600000000000 0.8955714607844
-16.6400000000000 0.8935453123650
-16.6400000000000 0.8935453123650
-16.6400000000000 0.8935453123650
-16.3199999999999 0.8914397485897
-16.0000000000000 0.8892500850788
-15.9999999999999 0.8892500850788
-15.6799999999999 0.8869713133592
-15.5200000000000 0.8857968401420
-15.3600000000000 0.8845979889192
-15.3600000000000 0.8845979889192
-15.3600000000000 0.8845979889192
-15.3600000000000 0.8845979889192
-15.3599999999999 0.8845979889192
-15.2000000000000 0.8833740469526
-15.0400000000000 0.8821241931548
-15.0399999999999 0.8821241931548
-14.8800000000000 0.8808476685731
-14.7200000000000 0.8795435740658
-14.7200000000000 0.8795435740658
-14.7199999999999 0.8795435740658
-14.5600000000000 0.8782110830435
-14.4000000000000 0.8768492188962
-14.3999999999999 0.8768492188962
-14.2400000000000 0.8754570860773
-14.0800000000000 0.8740336148071
-14.0800000000000 0.8740336148071
-14.0800000000000 0.8740336148071
-14.0800000000000 0.8740336148071
-13.9200000000000 0.8725777971683
-13.7600000000000 0.8710885520270
-13.7600000000000 0.8710885520270
-13.6000000000000 0.8695647486334
-13.4400000000000 0.8680052062923
-13.4400000000000 0.8680052062923
-13.4400000000000 0.8680052062923
-13.2800000000000 0.8664086880345
-13.1200000000000 0.8647739008972
-13.1200000000000 0.8647739008972
-12.9600000000000 0.8630994976270
-12.8000000000000 0.8613840638819
-12.8000000000000 0.8613840638819
-12.8000000000000 0.8613840638819
-12.8000000000000 0.8613840638819
-12.8000000000000 0.8613840638819
-12.6400000000000 0.8596261058344
-12.4800000000000 0.8578240602054
-12.4800000000000 0.8578240602054
-12.3200000000000 0.8559762991721
-12.1600000000000 0.8540811133600
-12.1600000000000 0.8540811133600
-12.1600000000000 0.8540811133600
-12.0000000000000 0.8521367084265
-11.8400000000000 0.8501412152296
-11.8400000000000 0.8501412152296
-11.6800000000000 0.8480926796972
-11.5200000000000 0.8459890422116
-11.5200000000000 0.8459890422116
-11.5200000000000 0.8459890422116
-11.5200000000000 0.8459890422116
-11.3600000000000 0.8438281322304
-11.2000000000000 0.8416076683148
-11.2000000000000 0.8416076683148
-11.0400000000001 0.8393252447389
-10.8800000000001 0.8369783196114
-10.8800000000000 0.8369783196114
-10.8800000000000 0.8369783196114
-10.8000000000001 0.8357798419788
-10.7200000000001 0.8345642195725
-10.7200000000001 0.8345642195725
-10.6400000000001 0.8333311109689
-10.5600000000001 0.8320801362552
-10.5600000000001 0.8320801362552
-10.5600000000000 0.8320801362552
-10.4800000000001 0.8308109348575
-10.4000000000001 0.8295231073360
-10.4000000000001 0.8295231073360
-10.3200000000001 0.8282162740053
-10.2400000000001 0.8268900150282
-10.2400000000001 0.8268900150282
-10.2400000000000 0.8268900150282
-10.2400000000000 0.8268900150282
-10.2400000000000 0.8268900150282
-10.2400000000000 0.8268900150282
-10.1600000000001 0.8255439337757
-10.0800000000001 0.8241775809383
-10.0800000000001 0.8241775809383
-10.0000000000001 0.8227905255376
-9.9200000000001 0.8213823159525
-9.9200000000001 0.8213823159525
-9.9200000000000 0.8213823159525
-9.8400000000001 0.8199524863344
-9.7600000000001 0.8185005581601
-9.7600000000001 0.8185005581601
-9.6800000000001 0.8170260403366
-9.6000000000001 0.8155284285319
-9.6000000000001 0.8155284285319
-9.6000000000001 0.8155284285319
-9.6000000000000 0.8155284285319
-9.5200000000001 0.8140072040898
-9.4400000000001 0.8124618329023
-9.4400000000001 0.8124618329023
-9.3600000000001 0.8108917645724
-9.2800000000001 0.8092964319982
-9.2800000000001 0.8092964319982
-9.2800000000001 0.8092964319982
-9.2000000000001 0.8076752512749
-9.1200000000001 0.8060276216722
-9.1200000000001 0.8060276216722
-9.0400000000001 0.8043529253993
-8.9600000000001 0.8026505269657
-8.9600000000001 0.8026505269657
-8.9600000000001 0.8026505269657
-8.9600000000000 0.8026505269657
-8.9600000000000 0.8026505269657
-8.8800000000001 0.8009197721802
-8.8000000000001 0.7991599870461
-8.8000000000001 0.7991599870461
-8.7200000000001 0.7973704768202
-8.6400000000001 0.7955505253207
-8.6400000000001 0.7955505253207
-8.6400000000001 0.7955505253207
-8.5600000000001 0.7936993944016
-8.4800000000001 0.7918163234771
-8.4800000000001 0.7918163234771
-8.4000000000001 0.7899005290001
-8.3200000000001 0.7879512038142
-8.3200000000001 0.7879512038142
-8.3200000000001 0.7879512038142
-8.3200000000000 0.7879512038142
-8.2400000000001 0.7859675163459
-8.1600000000001 0.7839486096456
-8.1600000000001 0.7839486096456
-8.0800000000001 0.7818936002992
-8.0000000000001 0.7798015771794
-8.0000000000000 0.7798015771794
-8.0000000000000 0.7798015771794
-7.9200000000000 0.7776716000529
-7.8400000000001 0.7755026982072
-7.8400000000000 0.7755026982072
-7.7600000000001 0.7732938693386
-7.6800000000001 0.7710440787782
-7.6800000000001 0.7710440787782
-7.6800000000001 0.7710440787782
-7.6800000000000 0.7710440787782
-7.6800000000000 0.7710440787782
-7.6800000000000 0.7710440787782
-7.6000000000001 0.7687522588590
-7.5200000000001 0.7664173081364
-7.5200000000001 0.7664173081364
-7.4400000000001 0.7640380903096
-7.3600000000001 0.7616134328034
-7.3600000000001 0.7616134328034
-7.3600000000001 0.7616134328034
-7.2800000000000 0.7591421250168
-7.2000000000001 0.7566229163306
-7.2000000000000 0.7566229163306
-7.1200000000000 0.7540545141367
-7.0400000000001 0.7514355822494
-7.0400000000000 0.7514355822494
-7.0400000000000 0.7514355822494
-7.0400000000000 0.7514355822494
-6.9600000000000 0.7487647399132
-6.8800000000001 0.7460405611208
-6.8800000000000 0.7460405611208
-6.8000000000000 0.7432615735399
-6.7200000000001 0.7404262564930
-6.7200000000001 0.7404262564930
-6.7200000000001 0.7404262564930
-6.6400000000000 0.7375330381589
-6.5600000000000 0.7345802927606
-6.5600000000000 0.7345802927606
-6.4800000000000 0.7315663384598
-6.4000000000000 0.7284894360980
-6.4000000000000 0.7284894360980
-6.4000000000000 0.7284894360980
-6.4000000000000 0.7284894360980
-6.4000000000000 0.7284894360980
-6.3600000000000 0.7269268214350
-6.3200000000000 0.7253477883211
-6.3200000000000 0.7253477883211
-6.2800000000000 0.7237521085128
-6.2400000000000 0.7221395383522
-6.2400000000000 0.7221395383522
-6.2400000000000 0.7221395383522
-6.2000000000000 0.7205098420933
-6.1600000000000 0.7188627677571
-6.1600000000000 0.7188627677571
-6.1200000000000 0.7171980717310
-6.0800000000000 0.7155154931696
-6.0800000000000 0.7155154931696
-6.0800000000000 0.7155154931696
-6.0800000000000 0.7155154931696
-6.0400000000000 0.7138147803957
-6.0000000000000 0.7120956622911
-6.0000000000000 0.7120956622911
-5.9600000000000 0.7103578742119
-5.9200000000000 0.7086011450573
-5.9200000000000 0.7086011450573
-5.9200000000000 0.7086011450573
-5.8800000000000 0.7068251981274
-5.8400000000000 0.7050297519180
-5.8400000000000 0.7050297519180
-5.8000000000000 0.7032145201874
-5.7600000000000 0.7013792119112
-5.7600000000000 0.7013792119112
-5.7600000000000 0.7013792119112
-5.7600000000000 0.7013792119112
-5.7600000000000 0.7013792119112
-5.7200000000000 0.6995235311987
-5.6800000000000 0.6976471771920
-5.6800000000000 0.6976471771920
-5.6400000000000 0.6957498439562
-5.6000000000000 0.6938312203631
-5.6000000000000 0.6938312203631
-5.6000000000000 0.6938312203631
-5.5600000000000 0.6918909899810
-5.5200000000000 0.6899288309733
-5.5200000000000 0.6899288309733
-5.4800000000000 0.6879444160102
-5.4400000000000 0.6859374121899
-5.4400000000000 0.6859374121899
-5.4400000000000 0.6859374121899
-5.4400000000000 0.6859374121899
-5.4000000000000 0.6839074809751
-5.3600000000000 0.6818542781374
-5.3600000000000 0.6818542781374
-5.3200000000000 0.6797774536974
-5.2800000000000 0.6776766518660
-5.2800000000000 0.6776766518660
-5.2800000000000 0.6776766518660
-5.2400000000000 0.6755515109550
-5.2000000000000 0.6734016632819
-5.2000000000000 0.6734016632819
-5.1600000000000 0.6712267350732
-5.1200000000000 0.6690263463429
-5.1200000000000 0.6690263463429
-5.1200000000000 0.6690263463429
-5.1200000000000 0.6690263463429
-5.1200000000000 0.6690263463429
-5.1200000000000 0.6690263463429
-5.1200000000000 0.6690263463429
-5.0800000000000 0.6668001107687
-5.0400000000000 0.6645476355573
-5.0400000000000 0.6645476355573
-5.0000000000000 0.6622685213179
-4.9600000000000 0.6599623619487
-4.9600000000000 0.6599623619487
-4.9600000000000 0.6599623619487
-4.9200000000000 0.6576287445368
-4.8800000000000 0.6552672492761
-4.8800000000000 0.6552672492761
-4.8400000000000 0.6528774494023
-4.8000000000000 0.6504589111458
-4.8000000000000 0.6504589111458
-4.8000000000000 0.6504589111458
-4.8000000000000 0.6504589111458
-4.7600000000000 0.6480111937057
-4.7200000000000 0.6455338492168
-4.7200000000000 0.6455338492168
-4.6800000000000 0.6430264227017
-4.6400000000000 0.6404884520084
-4.6400000000000 0.6404884520084
-4.6400000000000 0.6404884520084
-4.6000000000000 0.6379194677280
-4.5600000000000 0.6353189930921
-4.5600000000000 0.6353189930921
-4.5200000000000 0.6326865438650
-4.4800000000000 0.6300216282391
-4.4800000000000 0.6300216282391
-4.4800000000000 0.6300216282391
-4.4800000000000 0.6300216282391
-4.4800000000000 0.6300216282391
-4.4400000000000 0.6273237467282
-4.4000000000000 0.6245923920650
-4.4000000000000 0.6245923920650
-4.3600000000000 0.6218270491081
-4.3200000000000 0.6190271947551
-4.3200000000000 0.6190271947551
-4.3200000000000 0.6190271947551
-4.2800000000000 0.6161922978547
-4.2400000000000 0.6133218191237
-4.2400000000000 0.6133218191237
-4.2000000000000 0.6104152110704
-4.1600000000000 0.6074719179317
-4.1600000000000 0.6074719179317
-4.1600000000000 0.6074719179317
-4.1600000000000 0.6074719179317
-4.1200000000000 0.6044913756281
-4.0800000000000 0.6014730117405
-4.0800000000000 0.6014730117405
-4.0400000000000 0.5984162455086
-4.0000000000000 0.5953204878464
-4.0000000000000 0.5953204878464
-4.0000000000000 0.5953204878464
-3.9600000000000 0.5921851413702
-3.9200000000000 0.5890096004329
-3.9200000000000 0.5890096004329
-3.8800000000000 0.5857932511563
-3.8400000000000 0.5825354714534
-3.8400000000000 0.5825354714534
-3.8400000000000 0.5825354714534
-3.8400000000000 0.5825354714534
-3.8400000000000 0.5825354714534
-3.8400000000000 0.5825354714534
-3.8000000000000 0.5792356310354
-3.7600000000000 0.5758930914034
-3.7600000000000 0.5758930914034
-3.7200000000000 0.5725072058267
-3.6800000000000 0.5690773193193
-3.6800000000000 0.5690773193193
-3.6800000000000 0.5690773193193
-3.6400000000000 0.5656027686227
-3.6000000000000 0.5620828822053
-3.6000000000000 0.5620828822053
-3.5600000000000 0.5585169802875
-3.5200000000000 0.5549043748965
-3.5200000000000 0.5549043748965
-3.5200000000000 0.5549043748965
-3.5200000000000 0.5549043748965
-3.4800000000000 0.5512443699518
-3.4400000000000 0.5475362613778
-3.4400000000000 0.5475362613778
-3.4000000000000 0.5437793372332
-3.3600000000000 0.5399728778550
-3.3600000000000 0.5399728778550
-3.3600000000000 0.5399728778550
-3.3200000000000 0.5361161560121
-3.2800000000000 0.5322084370760
-3.2800000000000 0.5322084370760
-3.2400000000000 0.5282489792167
-3.2000000000000 0.5242370336297
-3.2000000000000 0.5242370336297
-3.2000000000000 0.5242370336297
-3.2000000000000 0.5242370336297
-3.2000000000000 0.5242370336297
-3.1800000000001 0.5222111422401
-3.1600000000001 0.5201718447991
-3.1600000000000 0.5201718447991
-3.1400000000001 0.5181190464451
-3.1200000000001 0.5160526507998
-3.1200000000000 0.5160526507998
-3.1200000000000 0.5160526507998
-3.1000000000001 0.5139725622198
-3.0800000000001 0.5118786836379
-3.0800000000000 0.5118786836379
-3.0600000000001 0.5097709186874
-3.0400000000001 0.5076491696241
-3.0400000000000 0.5076491696241
-3.0400000000000 0.5076491696241
-3.0400000000000 0.5076491696241
-3.0200000000001 0.5055133395388
-3.0000000000001 0.5033633295592
-3.0000000000000 0.5033633295592
-2.9800000000001 0.5011990409144
-2.9600000000001 0.4990203763913
-2.9600000000000 0.4990203763913
-2.9600000000000 0.4990203763913
-2.9400000000001 0.4968272374430
-2.9200000000001 0.4946195251459
-2.9200000000000 0.4946195251459
-2.9000000000001 0.4923971403256
-2.8800000000001 0.4901599835576
-2.8800000000000 0.4901599835576
-2.8800000000000 0.4901599835576
-2.8800000000000 0.4901599835576
-2.8800000000000 0.4901599835576
-2.8600000000001 0.4879079551907
-2.8400000000001 0.4856409553550
-2.8400000000000 0.4856409553550
-2.8200000000001 0.4833588839715
-2.8000000000001 0.4810616407650
-2.8000000000000 0.4810616407650
-2.8000000000000 0.4810616407650
-2.7800000000001 0.4787491252775
-2.7600000000001 0.4764212368842
-2.7600000000000 0.4764212368842
-2.7400000000001 0.4740778748118
-2.7200000000001 0.4717189381595
-2.7200000000000 0.4717189381595
-2.7200000000000 0.4717189381595
-2.7200000000000 0.4717189381595
-2.7000000000001 0.4693443259220
-2.6800000000001 0.4669539370144
-2.6800000000000 0.4669539370144
-2.6600000000001 0.4645476702991
-2.6400000000001 0.4621254246138
-2.6400000000000 0.4621254246138
-2.6400000000000 0.4621254246138
-2.6200000000001 0.4596870987986
-2.6000000000001 0.4572325917248
-2.6000000000000 0.4572325917248
-2.5800000000001 0.4547618023217
-2.5600000000001 0.4522746296036
-2.5600000000000 0.4522746296036
-2.5600000000000 0.4522746296036
-2.5600000000000 0.4522746296036
-2.5600000000000 0.4522746296036
-2.5600000000000 0.4522746296036
-2.5600000000000 0.4522746296036
-2.5600000000000 0.4522746296036
-2.5400000000001 0.4497709726951
-2.5200000000001 0.4472507308564
-2.5200000000000 0.4472507308564
-2.5000000000001 0.4447138035078
-2.4800000000001 0.4421600902546
-2.4800000000000 0.4421600902546
-2.4800000000000 0.4421600902546
-2.4600000000001 0.4395894909132
-2.4400000000001 0.4370019055376
-2.4400000000000 0.4370019055376
-2.4200000000001 0.4343972344451
-2.4000000000001 0.4317753782462
-2.4000000000000 0.4317753782462
-2.4000000000000 0.4317753782462
-2.4000000000000 0.4317753782462
-2.3800000000001 0.4291362378743
-2.3600000000001 0.4264797146168
-2.3600000000000 0.4264797146168
-2.3400000000001 0.4238057101465
-2.3200000000001 0.4211141265571
-2.3200000000000 0.4211141265571
-2.3200000000000 0.4211141265571
-2.3000000000001 0.4184048664002
-2.2800000000001 0.4156778327266
-2.2800000000000 0.4156778327266
-2.2599999999999 0.4129329291288
-2.2400000000000 0.4101700597878
-2.2400000000000 0.4101700597878
-2.2400000000000 0.4101700597878
-2.2400000000000 0.4101700597878
-2.2399999999999 0.4101700597878
-2.2199999999999 0.4073891295224
-2.2000000000000 0.4045900438432
-2.1999999999999 0.4045900438432
-2.1799999999999 0.4017727090084
-2.1600000000000 0.3989370320838
-2.1600000000000 0.3989370320838
-2.1599999999999 0.3989370320838
-2.1399999999999 0.3960829210064
-2.1200000000000 0.3932102846472
-2.1199999999999 0.3932102846472
-2.0999999999999 0.3903190328755
-2.0800000000000 0.3874090766211
-2.0800000000000 0.3874090766211
-2.0800000000000 0.3874090766211
-2.0799999999999 0.3874090766211
-2.0599999999999 0.3844803279367
-2.0400000000000 0.3815327000588
-2.0399999999999 0.3815327000588
-2.0199999999999 0.3785661074690
-2.0000000000000 0.3755804659577
-2.0000000000000 0.3755804659577
-2.0000000000000 0.3755804659577
-1.9800000000000 0.3725756926897
-1.9600000000000 0.3695517062757
-1.9600000000000 0.3695517062757
-1.9399999999999 0.3665084268505
-1.9200000000000 0.3634457761599
-1.9200000000000 0.3634457761599
-1.9200000000000 0.3634457761599
-1.9200000000000 0.3634457761599
-1.9200000000000 0.3634457761599
-1.9199999999999 0.3634457761599
-1.8999999999999 0.3603636776556
-1.8800000000000 0.3572620565989
-1.8799999999999 0.3572620565989
-1.8599999999999 0.3541408401697
-1.8400000000000 0.3509999575775
-1.8400000000000 0.3509999575775
-1.8399999999999 0.3509999575775
-1.8200000000000 0.3478393401744
-1.8000000000000 0.3446589215634
-1.8000000000000 0.3446589215634
-1.7800000000000 0.3414586377061
-1.7600000000000 0.3382384270286
-1.7600000000000 0.3382384270286
-1.7600000000000 0.3382384270286
-1.7600000000000 0.3382384270286
-1.7400000000000 0.3349982305297
-1.7200000000000 0.3317379918943
-1.7200000000000 0.3317379918943
-1.7000000000000 0.3284576576140
-1.6800000000000 0.3251571771188
-1.6800000000000 0.3251571771188
-1.6800000000000 0.3251571771188
-1.6600000000000 0.3218365029167
-1.6400000000000 0.3184955907433
-1.6400000000000 0.3184955907433
-1.6200000000000 0.3151343997239
-1.6000000000000 0.3117528925426
-1.6000000000000 0.3117528925426
-1.6000000000000 0.3117528925426
-1.6000000000000 0.3117528925426
-1.6000000000000 0.3117528925426
-1.5800000000000 0.3083510356195
-1.5600000000000 0.3049287992917
-1.5600000000000 0.3049287992917
-1.5400000000000 0.3014861579920
-1.5200000000000 0.2980230904346
-1.5200000000000 0.2980230904346
-1.5200000000000 0.2980230904346
-1.5000000000000 0.2945395798137
-1.4800000000000 0.2910356140345
-1.4800000000000 0.2910356140345
-1.4600000000000 0.2875111859770
-1.4400000000000 0.2839662938013
-1.4400000000000 0.2839662938013
-1.4400000000000 0.2839662938013
-1.4400000000000 0.2839662938013
-1.4200000000000 0.2804009412787
-1.4000000000000 0.2768151381340
-1.4000000000000 0.2768151381340
-1.3800000000000 0.2732089003850
-1.3600000000000 0.2695822506738
-1.3600000000000 0.2695822506738
-1.3600000000000 0.2695822506738
-1.3400000000000 0.2659352185915
-1.3200000000000 0.2622678410106
-1.3200000000000 0.2622678410106
-1.3000000000000 0.2585801624301
-1.2800000000000 0.2548722353454
-1.2800000000000 0.2548722353454
-1.2800000000000 0.2548722353454
-1.2800000000000 0.2548722353454
-1.2800000000000 0.2548722353454
-1.2800000000000 0.2548722353454
-1.2800000000000 0.2548722353454
-1.2600000000000 0.2511441206552
-1.2400000000000 0.2473958881283
-1.2400000000000 0.2473958881283
-1.2200000000000 0.2436276169366
-1.2000000000000 0.2398393962511
-1.2000000000000 0.2398393962511
-1.2000000000000 0.2398393962511
-1.1800000000000 0.2360313258624
-1.1600000000000 0.2322035167743
-1.1600000000000 0.2322035167743
-1.1400000000000 0.2283560917345
-1.1200000000000 0.2244891857175
-1.1200000000000 0.2244891857175
-1.1200000000000 0.2244891857175
-1.1200000000000 0.2244891857175
-1.1000000000000 0.2206029464410
-1.0800000000000 0.2166975350275
-1.0800000000000 0.2166975350275
-1.0600000000000 0.2127731268833
-1.0400000000000 0.2088299127746
-1.0400000000000 0.2088299127746
-1.0400000000000 0.2088299127746
-1.0200000000000 0.2048681000106
-1.0000000000000 0.2008879136436
-1.0000000000000 0.2008879136436
-0.9800000000000 0.1968895976507
-0.9600000000000 0.1928734160868
-0.9600000000000 0.1928734160868
-0.9600000000000 0.1928734160868
-0.9600000000000 0.1928734160868
-0.9600000000000 0.1928734160868
-0.9400000000000 0.1888396541568
-0.9200000000000 0.1847886191190
-0.9200000000000 0.1847886191190
-0.9000000000000 0.1807206410970
-0.8800000000000 0.1766360741581
-0.8800000000000 0.1766360741581
-0.8800000000000 0.1766360741581
-0.8600000000000 0.1725352981803
-0.8400000000000 0.1684187216725
-0.8400000000000 0.1684187216725
-0.8200000000000 0.1642867850748
-0.8000000000000 0.1601399636205
-0.8000000000000 0.1601399636205
-0.8000000000000 0.1601399636205
-0.8000000000000 0.1601399636205
-0.7800000000000 0.1559787690276
-0.7600000000000 0.1518037501235
-0.7600000000000 0.1518037501235
-0.7400000000000 0.1476154935542
-0.7200000000000 0.1434146261900
-0.7200000000000 0.1434146261900
-0.7200000000000 0.1434146261900
-0.7000000000000 0.1392018199830
-0.6800000000000 0.1349777981937
-0.6800000000000 0.1349777981937
-0.6600000000000 0.1307433408404
-0.6400000000000 0.1264992884173
-0.6400000000000 0.1264992884173
-0.6400000000000 0.1264992884173
-0.6400000000000 0.1264992884173
-0.6400000000000 0.1264992884173
-0.6400000000000 0.1264992884173
-0.6200000000000 0.1222465452210
-0.6000000000000 0.1179860843865
-0.6000000000000 0.1179860843865
-0.5800000000000 0.1137189550489
-0.5600000000000 0.1094462897642
-0.5600000000000 0.1094462897642
-0.5600000000000 0.1094462897642
-0.5400000000000 0.1051693102443
-0.5200000000000 0.1008893327246
-0.5200000000000 0.1008893327246
-0.5000000000000 0.0966077778241
-0.4800000000000 0.0923261873596
-0.4800000000000 0.0923261873596
-0.4800000000000 0.0923261873596
-0.4800000000000 0.0923261873596
-0.4600000000000 0.0880462417334
-0.4400000000000 0.0837697689748
-0.4400000000000 0.0837697689748
-0.4200000000000 0.0794987515201
-0.4000000000000 0.0752353491223
-0.4000000000000 0.0752353491223
-0.4000000000000 0.0752353491223
-0.3800000000000 0.0709819371511
-0.3600000000000 0.0667411367148
-0.3600000000000 0.0667411367148
-0.3400000000000 0.0625158346837
-0.3200000000000 0.0583092212486
-0.3200000000000 0.0583092212486
-0.3200000000000 0.0583092212486
-0.3200000000000 0.0583092212486
-0.3200000000000 0.0583092212486
-0.3000000000000 0.0541248510882
-0.2800000000000 0.0499667048471
-0.2800000000000 0.0499667048471
-0.2600000000000 0.0458392518774
-0.2400000000000 0.0417475472102
-0.2400000000000 0.0417475472102
-0.2400000000000 0.0417475472102
-0.2200000000000 0.0376973775896
-0.2000000000000 0.0336954421940
-0.2000000000000 0.0336954421940
-0.1800000000000 0.0297495727632
-0.1600000000000 0.0258690631404
-0.1600000000000 0.0258690631404
-0.1600000000000 0.0258690631404
-0.1600000000000 0.0258690631404
-0.1400000000000 0.0220651729047
-0.1200000000000 0.0183518806494
-0.1200000000000 0.0183518806494
-0.1000000000000 0.0147470629794
-0.0800000000000 0.0112751314832
-0.0800000000000 0.0112751314832
-0.0800000000000 0.0112751314832
-0.0600000000000 0.0079687054898
-0.0400000000000 0.0048954408227
-0.0400000000000 0.0048954408227
-0.0200000000000 0.0021389423864
0.0000000000000 0.0000017089235
0.0000000000000 0.0000017089235
0.0000000000000 0.0000017089235
0.0000000000000 0.0000017089235
0.0000000000000 0.0000017089235
0.0000000000000 0.0000017089235
0.0000000000000 0.0000017089235
0.0000000000000 0.0000017089235
0.0200000000000 0.0021382238820
0.0400000000000 0.0048946954998
0.0400000000000 0.0048946954998
0.0600000000000 0.0079678679970
0.0800000000000 0.0112742480382
0.0800000000000 0.0112742480382
0.0800000000000 0.0112742480382
0.1000000000000 0.0147461407221
0.1200000000000 0.0183509276193
0.1200000000000 0.0183509276193
0.1400000000000 0.0220641943750
0.1600000000000 0.0258680632091
0.1600000000000 0.0258680632091
0.1600000000000 0.0258680632091
0.1600000000000 0.0258680632091
0.1800000000000 0.0297485545619
0.2000000000000 0.0336944084231
0.2000000000000 0.0336944084231
0.2200000000000 0.0376963307073
0.2400000000000 0.0417464890508
0.2400000000000 0.0417464890508
0.2400000000000 0.0417464890508
0.2600000000000 0.0458381838837
0.2800000000000 0.0499656284793
0.2800000000000 0.0499656284793
0.3000000000000 0.0541237676273
0.3200000000000 0.0583081317519
0.3200000000000 0.0583081317519
0.3200000000000 0.0583081317519
0.3200000000000 0.0583081317519
0.3200000000000 0.0583081317519
0.3400000000000 0.0625147401324
0.3600000000000 0.0667400379949
0.3600000000000 0.0667400379949
0.3800000000000 0.0709808350891
0.4000000000000 0.0752342445495
0.4000000000000 0.0752342445495
0.4000000000000 0.0752342445495
0.4200000000000 0.0794976451810
0.4400000000000 0.0837686613913
0.4400000000000 0.0837686613913
0.4600000000000 0.0880451332592
0.4800000000000 0.0923250784219
0.4800000000000 0.0923250784219
0.4800000000000 0.0923250784219
0.4800000000000 0.0923250784219
0.5000000000000 0.0966066690509
0.5200000000000 0.1008882247697
0.5200000000000 0.1008882247697
0.5400000000000 0.1051682035343
0.5600000000000 0.1094451844793
0.5600000000000 0.1094451844793
0.5600000000000 0.1094451844793
0.5800000000000 0.1137178513398
0.6000000000000 0.1179849825373
0.6000000000000 0.1179849825373
0.6200000000000 0.1222454456212
0.6400000000000 0.1264981914581
0.6400000000000 0.1264981914581
0.6400000000000 0.1264981914581
0.6400000000000 0.1264981914581
0.6400000000000 0.1264981914581
0.6400000000000 0.1264981914581
0.6600000000000 0.1307422468481
0.6800000000000 0.1349767074131
0.6800000000000 0.1349767074131
0.7000000000000 0.1392007325687
0.7200000000000 0.1434135422054
0.7200000000000 0.1434135422054
0.7200000000000 0.1434135422054
0.7400000000000 0.1476144130093
0.7600000000000 0.1518026730466
0.7600000000000 0.1518026730466
0.7800000000000 0.1559776955252
0.8000000000000 0.1601388938804
0.8000000000000 0.1601388938804
0.8000000000000 0.1601388938804
0.8000000000000 0.1601388938804
0.8200000000000 0.1642857193232
0.8400000000000 0.1684176601208
0.8400000000000 0.1684176601208
0.8600000000000 0.1725342409923
0.8800000000000 0.1766350214484
0.8800000000000 0.1766350214484
0.8800000000000 0.1766350214484
0.9000000000000 0.1807195929499
0.9200000000000 0.1847875756078
0.9200000000000 0.1847875756078
0.9400000000000 0.1888386153562
0.9600000000000 0.1928723820857
0.9600000000000 0.1928723820857
0.9600000000000 0.1928723820857
0.9600000000000 0.1928723820857
0.9600000000000 0.1928723820857
0.9800000000000 0.1968885685500
1.0000000000000 0.2008868895470
1.0000000000000 0.2008868895470
1.0200000000000 0.2048670810076
1.0400000000000 0.2088288989282
1.0400000000000 0.2088288989282
1.0400000000000 0.2088288989282
1.0600000000000 0.2127721182270
1.0800000000000 0.2166965315750
1.0800000000000 0.2166965315750
1.1000000000000 0.2206019482035
1.1200000000000 0.2244881927166
1.1200000000000 0.2244881927166
1.1200000000000 0.2244881927166
1.1200000000000 0.2244881927166
1.1400000000000 0.2283551040047
1.1600000000000 0.2322025343533
1.1600000000000 0.2322025343533
1.1800000000000 0.2360303487799
1.2000000000000 0.2398384245271
1.2000000000000 0.2398384245271
1.2000000000000 0.2398384245271
1.2200000000000 0.2436266505855
1.2400000000000 0.2473949271620
1.2400000000000 0.2473949271620
1.2600000000000 0.2511431650845
1.2800000000000 0.2548712851802
1.2800000000000 0.2548712851802
1.2800000000000 0.2548712851802
1.2800000000000 0.2548712851802
1.2800000000000 0.2548712851802
1.2800000000000 0.2548712851802
1.2800000000000 0.2548712851802
1.3000000000000 0.2585792176780
1.3200000000000 0.2622669016735
1.3200000000000 0.2622669016735
1.3400000000000 0.2659342846668
1.3600000000000 0.2695813221556
1.3600000000000 0.2695813221556
1.3600000000000 0.2695813221556
1.3800000000001 0.2732079772657
1.4000000000000 0.2768142204081
1.4000000000001 0.2768142204081
1.4200000000000 0.2804000289450
1.4400000000000 0.2839653868627
1.4400000000000 0.2839653868627
1.4400000000000 0.2839653868627
1.4400000000000 0.2839653868627
1.4600000000001 0.2875102844394
1.4800000000000 0.2910347179045
1.4800000000001 0.2910347179045
1.5000000000001 0.2945386890967
1.5200000000000 0.2980222051327
1.5200000000000 0.2980222051327
1.5200000000001 0.2980222051327
1.5400000000001 0.3014852781049
1.5600000000000 0.3049279248153
1.5600000000001 0.3049279248153
1.5800000000001 0.3083501665476
1.6000000000000 0.3117520288671
1.6000000000000 0.3117520288671
1.6000000000000 0.3117520288671
1.6000000000000 0.3117520288671
1.6000000000001 0.3117520288671
1.6200000000001 0.3151335414370
1.6400000000000 0.3184947378369
1.6400000000001 0.3184947378369
1.6600000000001 0.3218356553831
1.6800000000000 0.3251563349493
1.6800000000000 0.3251563349493
1.6800000000001 0.3251563349493
1.7000000000001 0.3284568207974
1.7200000000000 0.3317371604148
1.7200000000001 0.3317371604148
1.7400000000001 0.3349974043663
1.7600000000000 0.3382376061547
1.7600000000000 0.3382376061547
1.7600000000000 0.3382376061547
1.7600000000001 0.3382376061547
1.7800000000001 0.3414578220915
1.8000000000001 0.3446581111759
1.8000000000001 0.3446581111759
1.8200000000001 0.3478385349811
1.8400000000000 0.3509991575459
1.8400000000001 0.3509991575459
1.8400000000001 0.3509991575459
1.8600000000001 0.3541400452685
1.8800000000001 0.3572612667995
1.8800000000001 0.3572612667995
1.9000000000001 0.3603628929328
1.9200000000000 0.3634449964921
1.9200000000000 0.3634449964921
1.9200000000000 0.3634449964921
1.9200000000000 0.3634449964921
1.9200000000000 0.3634449964921
1.9200000000001 0.3634449964921
1.9400000000001 0.3665076522194
1.9600000000000 0.3695509366650
1.9600000000001 0.3695509366650
1.9800000000001 0.3725749280853
2.0000000000000 0.3755797063473
2.0000000000001 0.3755797063473
2.0000000000001 0.3755797063473
2.0200000000001 0.3785653528412
2.0400000000001 0.3815319504026
2.0400000000001 0.3815319504026
2.0600000000001 0.3844795832397
2.0800000000000 0.3874083368677
2.0800000000000 0.3874083368677
2.0800000000001 0.3874083368677
2.0800000000001 0.3874083368677
2.1000000000001 0.3903182980470
2.1200000000001 0.3932095547214
2.1200000000001 0.3932095547214
2.1400000000001 0.3960821959576
2.1600000000000 0.3989363118824
2.1600000000001 0.3989363118824
2.1600000000001 0.3989363118824
2.1800000000001 0.4017719936207
2.2000000000001 0.4045893332324
2.2000000000001 0.4045893332324
2.2200000000001 0.4073884236484
2.2400000000000 0.4101693586081
2.2400000000000 0.4101693586081
2.2400000000000 0.4101693586081
2.2400000000001 0.4101693586081
2.2400000000001 0.4101693586081
2.2600000000001 0.4129322326002
2.2800000000001 0.4156771408062
2.2800000000001 0.4156771408062
2.3000000000000 0.4184041790470
2.3200000000000 0.4211134437333
2.3200000000000 0.4211134437333
2.3200000000001 0.4211134437333
2.3400000000000 0.4238050318189
2.3600000000000 0.4264790407563
2.3600000000001 0.4264790407563
2.3800000000000 0.4291355684562
2.4000000000000 0.4317747132499
2.4000000000000 0.4317747132499
2.4000000000000 0.4317747132499
2.4000000000001 0.4317747132499
2.4200000000000 0.4343965738532
2.4400000000000 0.4370012493343
2.4400000000001 0.4370012493343
2.4600000000000 0.4395888390827
2.4800000000000 0.4421594427798
2.4800000000000 0.4421594427798
2.4800000000001 0.4421594427798
2.5000000000000 0.4447131603703
2.5200000000000 0.4472500920346
2.5200000000001 0.4472500920346
2.5400000000000 0.4497703381640
2.5600000000000 0.4522739993349
2.5600000000000 0.4522739993349
2.5600000000000 0.4522739993349
2.5600000000000 0.4522739993349
2.5600000000000 0.4522739993349
2.5600000000000 0.4522739993349
2.5600000000000 0.4522739993349
2.5600000000001 0.4522739993349
2.5800000000000 0.4547611762845
2.6000000000000 0.4572319698855
2.6000000000001 0.4572319698855
2.6200000000000 0.4596864811224
2.6400000000000 0.4621248110650
2.6400000000000 0.4621248110650
2.6400000000001 0.4621248110650
2.6600000000000 0.4645470608419
2.6800000000000 0.4669533316133
2.6800000000001 0.4669533316133
2.7000000000000 0.4693437245431
2.7200000000000 0.4717183407708
2.7200000000000 0.4717183407708
2.7200000000000 0.4717183407708
2.7200000000001 0.4717183407708
2.7400000000000 0.4740772813839
2.7600000000000 0.4764206473904
2.7600000000000 0.4764206473904
2.7800000000000 0.4787485396940
2.8000000000000 0.4810610590706
2.8000000000000 0.4810610590706
2.8000000000000 0.4810610590706
2.8200000000000 0.4833583061472
2.8400000000000 0.4856403813834
2.8400000000000 0.4856403813834
2.8600000000000 0.4879073850556
2.8800000000000 0.4901594172427
2.8800000000000 0.4901594172427
2.8800000000000 0.4901594172427
2.8800000000000 0.4901594172427
2.8800000000000 0.4901594172427
2.9000000000000 0.4923965778144
2.9200000000000 0.4946189664207
2.9200000000000 0.4946189664207
2.9400000000000 0.4968266824845
2.9600000000000 0.4990198251782
2.9600000000000 0.4990198251782
2.9600000000000 0.4990198251782
2.9800000000000 0.5011984934234
3.0000000000000 0.5033627857651
3.0000000000000 0.5033627857651
3.0200000000000 0.5055127994151
3.0400000000000 0.5076486331421
3.0400000000000 0.5076486331421
3.0400000000000 0.5076486331421
3.0400000000000 0.5076486331421
3.0600000000000 0.5097703858160
3.0800000000000 0.5118781543457
3.0800000000000 0.5118781543457
3.1000000000000 0.5139720364742
3.1200000000000 0.5160521285688
3.1200000000000 0.5160521285688
3.1200000000000 0.5160521285688
3.1400000000000 0.5181185276962
3.1600000000000 0.5201713295008
3.1600000000000 0.5201713295008
3.1800000000000 0.5222106303615
3.2000000000000 0.5242365251411
3.2000000000000 0.5242365251411
3.2000000000000 0.5242365251411
3.2000000000000 0.5242365251411
3.2000000000000 0.5242365251411
3.2400000000000 0.5282484774247
3.2800000000000 0.5322079418789
3.2800000000000 0.5322079418789
3.3200000000000 0.5361156673179
3.3600000000000 0.5399723955764
3.3600000000000 0.5399723955764
3.3600000000000 0.5399723955764
3.4000000000000 0.5437788612810
3.4400000000000 0.5475357916549
3.4400000000000 0.5475357916549
3.4800000000000 0.5512439063509
3.5200000000000 0.5549039173003
3.5200000000000 0.5549039173003
3.5200000000000 0.5549039173003
3.5200000000000 0.5549039173003
3.5600000000000 0.5585165285726
3.6000000000000 0.5620824362461
3.6000000000000 0.5620824362461
3.6400000000000 0.5656023282971
3.6800000000000 0.5690768845135
3.6800000000000 0.5690768845135
3.6800000000000 0.5690768845135
3.7200000000000 0.5725067764401
3.7600000000000 0.5758926673514
3.7600000000000 0.5758926673514
3.8000000000000 0.5792352122508
3.8400000000000 0.5825350578844
3.8400000000000 0.5825350578844
3.8400000000000 0.5825350578844
3.8400000000000 0.5825350578844
3.8400000000000 0.5825350578844
3.8400000000000 0.5825350578844
3.8800000000000 0.5857928427642
3.9200000000000 0.5890091971857
3.9200000000000 0.5890091971857
3.9600000000000 0.5921847432361
4.0000000000000 0.5953200947871
4.0000000000000 0.5953200947871
4.0000000000000 0.5953200947871
4.0400000000000 0.5984158574735
4.0800000000000 0.6014726286629
4.0800000000000 0.6014726286629
4.1200000000000 0.6044909974256
4.1600000000000 0.6074715445099
4.1600000000000 0.6074715445099
4.1600000000000 0.6074715445099
4.1600000000000 0.6074715445099
4.2000000000000 0.6104148423286
4.2400000000000 0.6133214549624
4.2400000000000 0.6133214549624
4.2800000000000 0.6161919381813
4.3200000000000 0.6190268394873
4.3200000000000 0.6190268394873
4.3200000000001 0.6190268394873
4.3600000000000 0.6218266981746
4.4000000000000 0.6245920454027
4.4000000000000 0.6245920454027
4.4400000000000 0.6273234042791
4.4800000000000 0.6300212899454
4.4800000000000 0.6300212899454
4.4800000000000 0.6300212899454
4.4800000000000 0.6300212899454
4.4800000000001 0.6300212899454
4.5200000000000 0.6326862096669
4.5600000000000 0.6353186629255
4.5600000000000 0.6353186629255
4.6000000000000 0.6379191415202
4.6400000000000 0.6404881296775
4.6400000000000 0.6404881296775
4.6400000000001 0.6404881296775
4.6800000000000 0.6430261041626
4.7199999999999 0.6455335343884
4.7200000000000 0.6455335343884
4.7600000000000 0.6480108825127
4.7999999999999 0.6504586035197
4.8000000000000 0.6504586035197
4.8000000000000 0.6504586035197
4.8000000000001 0.6504586035197
4.8400000000000 0.6528771452806
4.8799999999999 0.6552669485968
4.8800000000000 0.6552669485968
4.9200000000000 0.6576284472362
4.9599999999999 0.6599620679695
4.9600000000000 0.6599620679695
4.9600000000001 0.6599620679695
5.0000000000000 0.6622682306141
5.0399999999999 0.6645473480924
5.0400000000000 0.6645473480924
5.0800000000000 0.6667998265107
5.1199999999999 0.6690260652582
5.1200000000000 0.6690260652582
5.1200000000000 0.6690260652582
5.1200000000000 0.6690260652582
5.1200000000000 0.6690260652582
5.1200000000000 0.6690260652582
5.1200000000001 0.6690260652582
5.1600000000000 0.6712264571265
5.1999999999999 0.6734013884374
5.2000000000000 0.6734013884374
5.2400000000000 0.6755512391726
5.2799999999999 0.6776763831015
5.2800000000000 0.6776763831015
5.2800000000001 0.6776763831015
5.3200000000000 0.6797771878974
5.3599999999999 0.6818540152470
5.3600000000000 0.6818540152470
5.4000000000000 0.6839072209467
5.4399999999999 0.6859371549787
5.4400000000000 0.6859371549787
5.4400000000000 0.6859371549787
5.4400000000001 0.6859371549787
5.4800000000000 0.6879441615732
5.5199999999999 0.6899285792692
5.5200000000000 0.6899285792692
5.5600000000000 0.6918907409715
5.5999999999999 0.6938309740123
5.6000000000000 0.6938309740123
5.6000000000001 0.6938309740123
5.6400000000000 0.6957496002276
5.6799999999999 0.6976469360480
5.6800000000000 0.6976469360480
5.7200000000000 0.6995232926014
5.7599999999999 0.7013789758236
5.7600000000000 0.7013789758236
5.7600000000000 0.7013789758236
5.7600000000000 0.7013789758236
5.7600000000001 0.7013789758236
5.8000000000000 0.7032142865730
5.8399999999999 0.7050295207408
5.8400000000000 0.7050295207408
5.8800000000000 0.7068249693529
5.9199999999999 0.7086009186532
5.9200000000000 0.7086009186532
5.9200000000001 0.7086009186532
5.9600000000000 0.7103576501503
5.9999999999999 0.7120954405497
6.0000000000000 0.7120954405497
6.0400000000000 0.7138145609597
6.0799999999999 0.7155152760289
6.0800000000000 0.7155152760289
6.0800000000000 0.7155152760289
6.0800000000001 0.7155152760289
6.1200000000000 0.7171978568835
6.1599999999999 0.7188625551992
6.1600000000000 0.7188625551992
6.2000000000000 0.7205096318271
6.2399999999999 0.7221393303683
6.2400000000000 0.7221393303683
6.2400000000001 0.7221393303683
6.2800000000000 0.7237519027984
6.3199999999999 0.7253475848463
6.3200000000000 0.7253475848463
6.3600000000000 0.7269266201558
6.3999999999999 0.7284892369571
6.4000000000000 0.7284892369571
6.4000000000000 0.7284892369571
6.4000000000000 0.7284892369571
6.4000000000001 0.7284892369571
6.4799999999999 0.7315661433690
6.5599999999999 0.7345801013953
6.5600000000001 0.7345801013953
6.6399999999999 0.7375328502521
6.7199999999999 0.7404260719000
6.7200000000001 0.7404260719000
6.7200000000001 0.7404260719000
6.7999999999999 0.7432613922398
6.8799999999999 0.7460403831605
6.8800000000000 0.7460403831605
6.9599999999999 0.7487645653352
7.0399999999999 0.7514354110465
7.0400000000000 0.7514354110465
7.0400000000000 0.7514354110465
7.0400000000000 0.7514354110465
7.1199999999999 0.7540543462458
7.1999999999999 0.7566227516566
7.2000000000000 0.7566227516566
7.2799999999999 0.7591419634546
7.3599999999999 0.7616132742488
7.3600000000000 0.7616132742488
7.3600000000001 0.7616132742488
7.4399999999999 0.7640379346574
7.5199999999999 0.7664171552714
7.5200000000000 0.7664171552714
7.5999999999999 0.7687521086286
7.6799999999999 0.7710439309630
7.6800000000000 0.7710439309630
7.6800000000000 0.7710439309630
7.6800000000000 0.7710439309630
7.6800000000000 0.7710439309630
7.6800000000001 0.7710439309630
7.7599999999999 0.7732937236597
7.8400000000000 0.7755025543882
7.8400000000001 0.7755025543882
7.9200000000001 0.7776714579170
8.0000000000000 0.7798014367228
8.0000000000000 0.7798014367228
8.0000000000001 0.7798014367228
8.0800000000001 0.7818934616868
8.1600000000000 0.7839484731314
8.1600000000001 0.7839484731314
8.2400000000001 0.7859673821645
8.3200000000000 0.7879510721029
8.3200000000000 0.7879510721029
8.3200000000001 0.7879510721029
8.3200000000001 0.7879510721029
8.4000000000001 0.7899003997785
8.4800000000000 0.7918161966751
8.4800000000001 0.7918161966751
8.5600000000001 0.7936992698958
8.6400000000000 0.7955504029608
8.6400000000001 0.7955504029608
8.6400000000001 0.7955504029608
8.7200000000001 0.7973703564413
8.8000000000000 0.7991598684845
8.8000000000001 0.7991598684845
8.8800000000001 0.8009196553019
8.9600000000000 0.8026504116913
8.9600000000000 0.8026504116913
8.9600000000000 0.8026504116913
8.9600000000001 0.8026504116913
8.9600000000001 0.8026504116913
9.0400000000001 0.8043528117040
9.1200000000000 0.8060275095577
9.1200000000001 0.8060275095577
9.2000000000001 0.8076751407368
9.2800000000000 0.8092963230114
9.2800000000001 0.8092963230114
9.2800000000001 0.8092963230114
9.3600000000001 0.8108916570989
9.4400000000000 0.8124617269124
9.4400000000001 0.8124617269124
9.5200000000001 0.8140070995854
9.6000000000000 0.8155283255568
9.6000000000000 0.8155283255568
9.6000000000001 0.8155283255568
9.6000000000001 0.8155283255568
9.6800000000001 0.8170259389598
9.7600000000000 0.8185004584303
9.7600000000001 0.8185004584303
9.8400000000001 0.8199523882308
9.9200000000000 0.8213822193680
9.9200000000000 0.8213822193680
9.9200000000001 0.8213822193680
10.0000000000001 0.8227904303129
10.0800000000000 0.8241774869273
10.0800000000001 0.8241774869273
10.1600000000001 0.8255438409011
10.2400000000000 0.8268899232788
10.2400000000000 0.8268899232788
10.2400000000000 0.8268899232788
10.2400000000000 0.8268899232788
10.2400000000000 0.8268899232788
10.2400000000001 0.8268899232788
10.3200000000001 0.8282161834852
10.4000000000000 0.8295230180699
10.4000000000001 0.8295230180699
10.4800000000001 0.8308108468451
10.5600000000000 0.8320800494480
10.5600000000000 0.8320800494480
10.5600000000001 0.8320800494480
10.6400000000001 0.8333310252521
10.7200000000000 0.8345641348615
10.7200000000001 0.8345641348615
10.8000000000001 0.8357797581722
10.8800000000000 0.8369782366812
10.8800000000000 0.8369782366812
10.8800000000000 0.8369782366812
11.0400000000000 0.8393251636809
11.2000000000000 0.8416075895108
11.2000000000000 0.8416075895108
11.3599999999999 0.8438280556839
11.5199999999999 0.8459889673848
11.5200000000000 0.8459889673848
11.5200000000000 0.8459889673848
11.5200000000000 0.8459889673848
11.6799999999999 0.8480926061101
11.8399999999999 0.8501411428566
11.8400000000000 0.8501411428566
11.9999999999999 0.8521366374076
12.1599999999999 0.8540810436037
12.1600000000000 0.8540810436037
12.1600000000000 0.8540810436037
12.3199999999999 0.8559762304166
12.4799999999999 0.8578239924833
12.4800000000000 0.8578239924833
12.6399999999999 0.8596260395653
12.7999999999999 0.8613839993882
12.8000000000000 0.8613839993882
12.8000000000000 0.8613839993882
12.8000000000000 0.8613839993882
12.8000000000000 0.8613839993882
12.9599999999999 0.8630994349677
13.1199999999999 0.8647738400631
13.1200000000000 0.8647738400631
13.2799999999999 0.8664086288611
13.4399999999999 0.8680051484150
13.4400000000000 0.8680051484150
13.4400000000000 0.8680051484150
13.5999999999999 0.8695646917369
13.7599999999999 0.8710884960096
13.7600000000000 0.8710884960096
13.9199999999999 0.8725777421143
14.0799999999999 0.8740335608791
14.0800000000000 0.8740335608791
14.0800000000000 0.8740335608791
14.0800000000000 0.8740335608791
14.2399999999999 0.8754570333413
14.3999999999999 0.8768491672625
14.3999999999999 0.8768491672625
14.5599999999999 0.8782110321918
14.7199999999999 0.8795435238035
14.7199999999999 0.8795435238035
14.7200000000000 0.8795435238035
14.8799999999999 0.8808476186999
15.0399999999999 0.8821241436453
15.0399999999999 0.8821241436453
15.1999999999999 0.8833739979624
15.3599999999999 0.8845979405775
15.3599999999999 0.8845979405775
15.3600000000000 0.8845979405775
15.3600000000000 0.8845979405775
15.3600000000000 0.8845979405775
15.5199999999999 0.8857967926596
15.6799999999999 0.8869712668029
15.9999999999999 0.8892500402244
16.0000000000000 0.8892500402244
16.3199999999999 0.8914397060889
16.6400000000000 0.8935452719795
16.6400000000000 0.8935452719795
16.6400000000001 0.8935452719795
16.9600000000001 0.8955714206666
17.2800000000000 0.8975224448164
17.2800000000001 0.8975224448164
17.6000000000001 0.8994023630248
17.9200000000000 0.9012149740574
17.9200000000000 0.9012149740574
17.9200000000000 0.9012149740574
17.9200000000001 0.9012149740574
18.2400000000001 0.9029637904986
18.5600000000000 0.9046520822404
18.5600000000001 0.9046520822404
18.8800000000001 0.9062828684950
19.2000000000000 0.9078589896332
19.2000000000000 0.9078589896332
19.2000000000001 0.9078589896332
19.5200000000001 0.9093831394919
19.8400000000000 0.9108577867619
19.8400000000001 0.9108577867619
20.1600000000001 0.9122852319903
20.4800000000000 0.9136676145428
20.4800000000000 0.9136676145428
20.4800000000000 0.9136676145428
20.4800000000001 0.9136676145428
20.8000000000001 0.9150072779489
21.1200000000000 0.9163059102634
21.1200000000001 0.9163059102634
21.4400000000001 0.9175654455859
21.7600000000000 0.9187874893116
21.7600000000000 0.9187874893116
21.7600000000001 0.9187874893116
22.0800000000001 0.9199738217001
22.4000000000000 0.9211258522575
22.4000000000002 0.9211258522575
22.7200000000002 0.9222451761085
23.0400000000000 0.9233330166568
23.0400000000000 0.9233330166568
23.0400000000000 0.9233330166568
23.6800000000000 0.9254195131800
24.3200000000000 0.9273949046757
24.3200000000000 0.9273949046757
24.9600000000000 0.9292677736306
25.6000000000000 0.9310457697692
25.6000000000000 0.9310457697692
25.6000000000000 0.9310457697692
26.2400000000000 0.9327359356648
26.8800000000000 0.9343445511619
26.8800000000000 0.9343445511619
27.5200000000000 0.9358773253098
28.1600000000000 0.9373393818447
28.1600000000000 0.9373393818447
28.1600000000000 0.9373393818447
28.8000000000000 0.9387354589108
29.4400000000000 0.9400699973645
29.4400000000000 0.9400699973645
30.0800000000000 0.9413468884855
30.7200000000000 0.9425698005799
30.7200000000000 0.9425698005799
30.7200000000000 0.9425698005799
31.3600000000000 0.9437421090292
32.0000000000000 0.9448668254703
32.0000000000000 0.9448668254703
32.6400000000000 0.9459466064000
33.2800000000000 0.9469840219410
33.2800000000000 0.9469840219410
33.2800000000000 0.9469840219410
33.9200000000000 0.9479818878230
34.5600000000000 0.9489421237213
34.5600000000000 0.9489421237213
35.2000000000000 0.9498670187217
35.8400000000000 0.9507582803218
35.8400000000000 0.9507582803218
35.8400000000000 0.9507582803218
36.4800000000000 0.9516178703814
37.1200000000000 0.9524473148998
37.1200000000000 0.9524473148998
37.7600000000000 0.9532483609315
38.4000000000000 0.9540223071714
38.4000000000000 0.9540223071714
39.6800000000000 0.9554945434151
40.9600000000000 0.9568737795231
40.9600000000000 0.9568737795231
42.2400000000000 0.9581687796518
43.5200000000000 0.9593873495934
43.5200000000000 0.9593873495934
44.8000000000000 0.9605363149595
46.0800000000000 0.9616217049652
46.0800000000000 0.9616217049652
47.3600000000000 0.9626490080827
48.6400000000000 0.9636231225266
48.6400000000000 0.9636231225266
49.9200000000000 0.9645483652999
51.2000000000000 0.9654286848106
51.2000000000000 0.9654286848106
52.4800000000000 0.9662676143445
53.7600000000000 0.9670682271999
53.7600000000000 0.9670682271999
55.0400000000000 0.9678333932547
56.3200000000000 0.9685656213613
56.3200000000000 0.9685656213613
57.6000000000000 0.9692670362274
58.8800000000000 0.9699396184707
58.8800000000000 0.9699396184707
60.1600000000000 0.9705850609998
61.4400000000000 0.9712048201202
61.4400000000000 0.9712048201202
62.7200000000000 0.9718001268415
64.0000000000000 0.9723719899944
64.0000000000000 0.9723719899944
65.2800000000000 0.9729213058979
66.5600000000000 0.9734487648202
66.5600000000000 0.9734487648202
67.8400000000000 0.9739549631883
69.1200000000000 0.9744403405560
69.1200000000000 0.9744403405560
70.4000000000000 0.9749052159336
71.6800000000000 0.9753499505875
71.6800000000000 0.9753499505875
72.9600000000000 0.9757747792902
74.2400000000000 0.9761799659273
74.2400000000000 0.9761799659273
75.5200000000000 0.9765658471327
76.8000000000000 0.9769327202222
76.8000000000000 0.9769327202222
78.0800000000000 0.9772809950162
79.3600000000000 0.9776112489673
79.3600000000000 0.9776112489673
80.6400000000000 0.9779242343041
81.9200000000000 0.9782208678466
81.9200000000000 0.9782208678466
83.2000000000000 0.9785021936371
84.4800000000000 0.9787694568241
84.4800000000000 0.9787694568241
85.7600000000000 0.9790242371596
87.0400000000000 0.9792683265041
87.0400000000000 0.9792683265041
88.3200000000000 0.9795036228161
89.6000000000000 0.9797322544802
89.6000000000000 0.9797322544802
90.8800000000000 0.9799564136070
92.1600000000000 0.9801783636126
92.1600000000000 0.9801783636126
93.4400000000000 0.9804006722524
94.7200000000000 0.9806258980278
94.7200000000000 0.9806258980278
96.0000000000000 0.9808563436678
97.2800000000000 0.9810941569523
97.2800000000000 0.9810941569523
98.5600000000000 0.9813413184606
99.8400000000000 0.9815995693562
99.8400000000000 0.9815995693562
101.1200000000000 0.9818703091206
102.4000000000000 0.9821545087469
102.4000000000000 0.9821545087469
103.6800000000000 0.9824525178813
104.9600000000000 0.9827639220977
104.9600000000000 0.9827639220977
106.2400000000000 0.9830877682739
107.5200000000000 0.9834226940487
107.5200000000000 0.9834226940487
108.8000000000000 0.9837667426668
110.0800000000000 0.9841172543149
110.0800000000000 0.9841172543149
111.3600000000000 0.9844709406685
112.6400000000000 0.9848241618124
112.6400000000000 0.9848241618124
113.9200000000000 0.9851732439423
115.2000000000000 0.9855144785501
115.2000000000000 0.9855144785501
116.4800000000000 0.9858440646462
117.7600000000000 0.9861583411428
117.7600000000000 0.9861583411428
119.0400000000000 0.9864541174555
120.3200000000000 0.9867288953766
120.3200000000000 0.9867288953766
121.6000000000000 0.9869808697607
122.8800000000000 0.9872088913394
122.8800000000000 0.9872088913394
124.1600000000000 0.9874124963054
125.4400000000000 0.9875918881177
125.4400000000000 0.9875918881177
126.7200000000000 0.9877479944150
128.0000000000000 0.9878823701413
128.0000000000000 0.9878823701413
129.2800000000000 0.9879969573580
130.5600000000000 0.9880941483461
130.5600000000000 0.9880941483461
131.8400000000000 0.9881761387643
133.1200000000000 0.9882454605399
133.1200000000000 0.9882454605399
134.4000000000000 0.9883046953260
135.6800000000000 0.9883558896037
135.6800000000000 0.9883558896037
136.9600000000000 0.9884014741483
138.2400000000000 0.9884428777310
138.2400000000000 0.9884428777310
139.5200000000000 0.9884820446521
140.8000000000000 0.9885198590998
143.3600000000000 0.9885960274400
145.9200000000000 0.9886768673746
148.4800000000000 0.9887650220253
151.0400000000000 0.9888612403879
153.6000000000000 0.9889651101952
156.1600000000000 0.9890756499520
158.7200000000000 0.9891916091310
161.2800000000000 0.9893117439552
163.8400000000000 0.9894348547800
166.4000000000000 0.9895599172852
168.9600000000000 0.9896860548313
171.5200000000000 0.9898125026615
174.0800000000000 0.9899386913515
176.6400000000000 0.9900641466571
179.2000000000000 0.9901884740884
181.7600000000000 0.9903113089631
184.3200000000000 0.9904324315796
186.8800000000000 0.9905517246228
189.4400000000000 0.9906691096887
192.0000000000000 0.9907844806392
194.5600000000000 0.9908976821192
197.1200000000000 0.9910086970686
199.6800000000000 0.9911175413608
202.2400000000000 0.9912242612436
204.8000000000000 0.9913289037067
207.3600000000000 0.9914313984730
209.9200000000000 0.9915318079174
212.4800000000000 0.9916301997257
215.0400000000000 0.9917265194865
217.6000000000000 0.9918208947799
220.1600000000000 0.9919133507015
222.7200000000000 0.9920037373761
225.2800000000000 0.9920922082873
227.8400000000000 0.9921788735814
230.4000000000000 0.9922635142914
232.9600000000000 0.9923462044226
235.5200000000000 0.9924273009916
238.0800000000000 0.9925067437004
240.6400000000000 0.9925844055232
243.2000000000000 0.9926609190767
245.7600000000000 0.9927369650267
248.3200000000000 0.9928120501575
250.8800000000000 0.9928854392923
253.4400000000000 0.9929581707909
256.0000000000000 0.9930322764524
258.5600000000000 0.9931072959767
261.1200000000000 0.9931789675629
263.6800000000000 0.9932425910536
266.2400000000000 0.9932974028295
268.8000000000000 0.9933471810439
271.3600000000000 0.9933969986064
273.9200000000000 0.9934498410450
276.4800000000000 0.9935058098091
279.0400000000000 0.9935634286584
281.6000000000000 0.9936211814579
284.1600000000000 0.9936781992684
286.7200000000000 0.9937341945209
289.2800000000000 0.9937891581194
291.8400000000000 0.9938431448499
294.4000000000000 0.9938961934562
296.9600000000000 0.9939483323376
299.5200000000000 0.9939995869264
302.0800000000000 0.9940499806976
304.6400000000000 0.9940995342411
307.2000000000000 0.9941482666306
309.7600000000000 0.9941961958926
312.3200000000000 0.9942433438183
314.8800000000000 0.9942897315066
317.4400000000000 0.9943353769893
