# x lapse
-1984.0000000000000 0.9989265091583
-1968.0000000000000 0.9989181463245
-1952.0000000000000 0.9989096828195
-1936.0000000000000 0.9989011142246
-1920.0000000000000 0.9988924359089
-1904.0000000000000 0.9988836431701
-1888.0000000000000 0.9988747312622
-1872.0000000000000 0.9988656951590
-1856.0000000000000 0.9988565297306
-1840.0000000000000 0.9988472297803
-1824.0000000000000 0.9988377899277
-1808.0000000000000 0.9988282045538
-1792.0000000000000 0.9988184679697
-1776.0000000000000 0.9988085742818
-1760.0000000000000 0.9987985174564
-1744.0000000000000 0.9987882912880
-1728.0000000000000 0.9987778892881
-1712.0000000000000 0.9987673048595
-1696.0000000000000 0.9987565311793
-1680.0000000000000 0.9987455609942
-1664.0000000000000 0.9987343869206
-1648.0000000000000 0.9987230015905
-1632.0000000000000 0.9987113972286
-1616.0000000000000 0.9986995654678
-1600.0000000000000 0.9986874981000
-1584.0000000000000 0.9986751873872
-1568.0000000000000 0.9986626256073
-1552.0000000000000 0.9986498049431
-1536.0000000000000 0.9986367173729
-1520.0000000000000 0.9986233544194
-1504.0000000000000 0.9986097073197
-1488.0000000000000 0.9985957669140
-1472.0000000000000 0.9985815236267
-1456.0000000000000 0.9985669675262
-1440.0000000000000 0.9985520881338
-1424.0000000000000 0.9985368746140
-1408.0000000000000 0.9985213155030
-1392.0000000000000 0.9985053988925
-1376.0000000000000 0.9984891122311
-1360.0000000000000 0.9984724424973
-1344.0000000000000 0.9984553761504
-1328.0000000000000 0.9984378989350
-1312.0000000000000 0.9984199957494
-1296.0000000000000 0.9984016507299
-1280.0000000000000 0.9983828474975
-1264.0000000000000 0.9983635686931
-1248.0000000000000 0.9983437957765
-1232.0000000000000 0.9983235096965
-1216.0000000000000 0.9983026903098
-1200.0000000000000 0.9982813162700
-1184.0000000000000 0.9982593651280
-1168.0000000000000 0.9982368133042
-1152.0000000000000 0.9982136356591
-1136.0000000000000 0.9981898056967
-1120.0000000000000 0.9981652954469
-1104.0000000000000 0.9981400753914
-1088.0000000000000 0.9981141142564
-1072.0000000000000 0.9980873788128
-1056.0000000000000 0.9980598336297
-1040.0000000000000 0.9980314414532
-1024.0000000000000 0.9980021628215
-1008.0000000000000 0.9979719553258
-992.0000000000000 0.9979407742798
-976.0000000000000 0.9979085723368
-960.0000000000000 0.9978752982072
-944.0000000000000 0.9978408976716
-928.0000000000000 0.9978053126751
-912.0000000000000 0.9977684802623
-896.0000000000000 0.9977303338066
-880.0000000000000 0.9976908014437
-864.0000000000000 0.9976498061179
-848.0000000000000 0.9976072656980
-832.0000000000000 0.9975630910488
-816.0000000000000 0.9975171866429
-800.0000000000000 0.9974694489574
-784.0000000000000 0.9974197644856
-768.0000000000000 0.9973680120164
-752.0000000000000 0.9973140596656
-736.0000000000000 0.9972577651790
-720.0000000000000 0.9971989725268
-704.0000000000000 0.9971375113443
-688.0000000000000 0.9970731952737
-672.0000000000000 0.9970058197177
-656.0000000000000 0.9969351633579
-640.0000000000000 0.9968609820912
-624.0000000000000 0.9967830133825
-608.0000000000000 0.9967009619856
-592.0000000000000 0.9966144831925
-576.0000000000000 0.9965231810099
-560.0000000000000 0.9964266436486
-544.0000000000000 0.9963244483083
-528.0000000000000 0.9962160901696
-512.0000000000000 0.9961009708449
-496.0000000000000 0.9959784416332
-480.0000000000000 0.9958477612422
-464.0000000000000 0.9957080497552
-448.0000000000000 0.9955583798208
-432.0000000000000 0.9953976919583
-416.0000000000000 0.9952246778860
-400.0000000000000 0.9950377479501
-384.0000000000000 0.9948344383076
-368.0000000000000 0.9946133954753
-352.0000000000000 0.9943823750839
-336.0000000000000 0.9941527629673
-320.0000000000000 0.9939036486763
-312.0000000000000 0.9937568811051
-304.0000000000000 0.9935968923542
-304.0000000000000 0.9935968923542
-296.0000000000000 0.9934252691522
-288.0000000000000 0.9932420086255
-288.0000000000000 0.9932420086255
-280.0000000000000 0.9930476687546
-272.0000000000000 0.9928421537060
-272.0000000000000 0.9928421537060
-264.0000000000000 0.9926250609467
-256.0000000000000 0.9923978685555
-256.0000000000000 0.9923978685555
-248.0000000000000 0.9921626794131
-240.0000000000000 0.9919172165807
-240.0000000000000 0.9919172165807
-232.0000000000000 0.9916627171122
-224.0000000000000 0.9913907419098
-224.0000000000000 0.9913907419098
-216.0000000000000 0.9911058920220
-208.0000000000000 0.9908110339020
-208.0000000000000 0.9908110339020
-200.0000000000000 0.9905043418305
-192.0000000000000 0.9901830845756
-192.0000000000000 0.9901830845756
-184.0000000000000 0.9898522894735
-176.0000000000000 0.9895151568693
-176.0000000000000 0.9895151568693
-168.0000000000000 0.9891679105395
-164.0000000000000 0.9889849205429
-160.0000000000000 0.9887845914515
-160.0000000000000 0.9887845914515
-160.0000000000000 0.9887845914515
-156.0000000000000 0.9885646331519
-152.0000000000000 0.9882986323639
-152.0000000000000 0.9882986323639
-148.0000000000000 0.9879695365014
-144.0000000000000 0.9875469733687
-144.0000000000000 0.9875469733687
-144.0000000000000 0.9875469733687
-140.0000000000000 0.9869867081086
-136.0000000000000 0.9863132761186
-136.0000000000000 0.9863132761186
-132.0000000000000 0.9855091244944
-128.0000000000000 0.9846562832838
-128.0000000000000 0.9846562832838
-128.0000000000000 0.9846562832838
-124.0000000000000 0.9838104962600
-120.0000000000000 0.9830330693421
-120.0000000000000 0.9830330693421
-116.0000000000000 0.9823459751001
-112.0000000000000 0.9817517047522
-112.0000000000000 0.9817517047522
-112.0000000000000 0.9817517047522
-108.0000000000000 0.9812198350872
-104.0000000000000 0.9807039970593
-104.0000000000000 0.9807039970593
-100.0000000000000 0.9801559788159
-98.0000000000000 0.9798561421888
-96.0000000000000 0.9795331915231
-96.0000000000000 0.9795331915231
-96.0000000000000 0.9795331915231
-96.0000000000000 0.9795331915231
-94.0000000000000 0.9791818050687
-92.0000000000000 0.9788002609710
-92.0000000000000 0.9788002609710
-90.0000000000000 0.9783848840727
-88.0000000000000 0.9779362125324
-88.0000000000000 0.9779362125324
-88.0000000000000 0.9779362125324
-86.0000000000000 0.9774540860667
-84.0000000000000 0.9769369248437
-84.0000000000000 0.9769369248437
-82.0000000000000 0.9763831423819
-80.0000000000000 0.9757925983468
-80.0000000000000 0.9757925983468
-80.0000000000000 0.9757925983468
-80.0000000000000 0.9757925983468
-78.0000000000000 0.9751646664892
-76.0000000000000 0.9744992180727
-76.0000000000000 0.9744992180727
-74.0000000000000 0.9737967844910
-72.0000000000000 0.9730575295606
-72.0000000000000 0.9730575295606
-72.0000000000000 0.9730575295606
-70.0000000000000 0.9722804698213
-68.0000000000000 0.9714637139470
-68.0000000000000 0.9714637139470
-66.0000000000000 0.9706030024848
-64.0000000000000 0.9696911101823
-64.0000000000000 0.9696911101823
-64.0000000000000 0.9696911101823
-64.0000000000000 0.9696911101823
-62.0000000000000 0.9687205820170
-60.0000000000000 0.9676858126873
-60.0000000000000 0.9676858126873
-58.0000000000000 0.9665806180154
-56.0000000000000 0.9653978674566
-56.0000000000000 0.9653978674566
-56.0000000000000 0.9653978674566
-54.0000000000000 0.9641316587615
-52.0000000000000 0.9627725629569
-52.0000000000000 0.9627725629569
-50.0000000000000 0.9613064548829
-49.0000000000000 0.9605283836848
-48.0000000000000 0.9597173249136
-48.0000000000000 0.9597173249136
-48.0000000000000 0.9597173249136
-48.0000000000000 0.9597173249136
-48.0000000000000 0.9597173249136
-47.0000000000000 0.9588711674100
-46.0000000000000 0.9579873162542
-46.0000000000000 0.9579873162542
-45.0000000000000 0.9570635255812
-44.0000000000000 0.9560966370677
-44.0000000000000 0.9560966370677
-44.0000000000000 0.9560966370677
-43.0000000000000 0.9550839795128
-42.0000000000000 0.9540218456846
-42.0000000000000 0.9540218456846
-41.0000000000000 0.9529072976409
-40.0000000000000 0.9517353563113
-40.0000000000000 0.9517353563113
-40.0000000000000 0.9517353563113
-40.0000000000000 0.9517353563113
-39.0000000000000 0.9505016343068
-38.0000000000000 0.9492014186411
-38.0000000000000 0.9492014186411
-37.0000000000000 0.9478304477558
-36.0000000000000 0.9463830544147
-36.0000000000000 0.9463830544147
-36.0000000000000 0.9463830544147
-35.0000000000000 0.9448516009106
-34.0000000000000 0.9432278934119
-34.0000000000000 0.9432278934119
-33.0000000000000 0.9415036314675
-32.0000000000000 0.9396701814162
-32.0000000000000 0.9396701814162
-32.0000000000000 0.9396701814162
-32.0000000000000 0.9396701814162
-32.0000000000000 0.9396701814162
-31.0000000000000 0.9377177479360
-30.0000000000000 0.9356336958413
-30.0000000000000 0.9356336958413
-29.0000000000000 0.9334029934982
-28.5000000000000 0.9322279148365
-28.0000000000000 0.9310101672830
-28.0000000000000 0.9310101672830
-28.0000000000000 0.9310101672830
-28.0000000000000 0.9310101672830
-27.5000000000000 0.9297478375908
-27.0000000000000 0.9284381138051
-27.0000000000000 0.9284381138051
-26.5000000000000 0.9270786718810
-26.0000000000000 0.9256661348429
-26.0000000000000 0.9256661348429
-26.0000000000000 0.9256661348429
-25.5000000000000 0.9241976234646
-25.0000000000000 0.9226693204530
-25.0000000000000 0.9226693204530
-24.5000000000000 0.9210779827251
-24.0000000000000 0.9194190084242
-24.0000000000000 0.9194190084242
-24.0000000000000 0.9194190084242
-24.0000000000000 0.9194190084242
-24.0000000000000 0.9194190084242
-23.5000000000000 0.9176882233323
-23.0000000000000 0.9158811014508
-23.0000000000000 0.9158811014508
-22.5000000000000 0.9139926889434
-22.0000000000000 0.9120174852636
-22.0000000000000 0.9120174852636
-22.0000000000000 0.9120174852636
-21.5000000000000 0.9099494720202
-21.0000000000000 0.9077820481648
-21.0000000000000 0.9077820481648
-20.5000000000000 0.9055078050060
-20.0000000000000 0.9031185905313
-20.0000000000000 0.9031185905313
-20.0000000000000 0.9031185905313
-20.0000000000000 0.9031185905313
-19.5000000000000 0.9006055963143
-19.0000000000000 0.8979591269314
-19.0000000000000 0.8979591269314
-18.5000000000000 0.8951684628308
-18.0000000000000 0.8922218671721
-18.0000000000000 0.8922218671721
-18.0000000000000 0.8922218671721
-17.5000000000000 0.8891063813171
-17.0000000000000 0.8858074829891
-17.0000000000000 0.8858074829891
-16.5000000000000 0.8823088527767
-16.0000000000000 0.8785922055196
-16.0000000000000 0.8785922055196
-16.0000000000000 0.8785922055196
-16.0000000000000 0.8785922055196
-16.0000000000000 0.8785922055196
-16.0000000000000 0.8785922055196
-15.5000000000000 0.8746371019758
-15.0000000000000 0.8704204862438
-15.0000000000000 0.8704204862438
-14.5000000000000 0.8659161394566
-14.2500000000000 0.8635470167310
-14.0000000000000 0.8610942952589
-14.0000000000000 0.8610942952589
-14.0000000000000 0.8610942952589
-14.0000000000000 0.8610942952589
-13.7500000000000 0.8585540568648
-13.5000000000000 0.8559211584998
-13.5000000000000 0.8559211584998
-13.2500000000000 0.8531911097202
-13.0000000000000 0.8503580345343
-13.0000000000000 0.8503580345343
-13.0000000000000 0.8503580345343
-12.7500000000000 0.8474168106975
-12.5000000000000 0.8443606865243
-12.5000000000000 0.8443606865243
-12.2500000000000 0.8411838488569
-12.0000000000000 0.8378783598675
-12.0000000000000 0.8378783598675
-12.0000000000000 0.8378783598675
-12.0000000000000 0.8378783598675
-12.0000000000000 0.8378783598675
-11.7500000000000 0.8344370454500
-11.5000000000000 0.8308518012819
-11.5000000000000 0.8308518012819
-11.2500000000000 0.8271138129845
-11.0000000000000 0.8232135518321
-11.0000000000000 0.8232135518321
-11.0000000000000 0.8232135518321
-10.7500000000000 0.8191407181588
-10.5000000000000 0.8148841781056
-10.5000000000000 0.8148841781056
-10.2500000000000 0.8104318814626
-10.0000000000000 0.8057707523078
-10.0000000000000 0.8057707523078
-10.0000000000000 0.8057707523078
-10.0000000000000 0.8057707523078
-9.7500000000000 0.8008865842535
-9.5000000000000 0.7957639426662
-9.5000000000000 0.7957639426662
-9.2500000000000 0.7903860444235
-9.1250000000000 0.7875957651306
-9.0000000000000 0.7847346068774
-9.0000000000000 0.7847346068774
-9.0000000000000 0.7847346068774
-9.0000000000000 0.7847346068774
-8.8750000000000 0.7818001913407
-8.7500000000000 0.7787896769525
-8.7500000000000 0.7787896769525
-8.6250000000000 0.7757004654948
-8.5000000000000 0.7725294485936
-8.5000000000000 0.7725294485936
-8.5000000000000 0.7725294485936
-8.3750000000000 0.7692737867680
-8.2500000000000 0.7659300751201
-8.2500000000000 0.7659300751201
-8.1250000000000 0.7624952179378
-8.0000000000000 0.7589654481833
-8.0000000000000 0.7589654481833
-8.0000000000000 0.7589654481833
-8.0000000000000 0.7589654481833
-8.0000000000000 0.7589654481833
-8.0000000000000 0.7589654481833
-8.0000000000000 0.7589654481833
-7.8750000000000 0.7553372303694
-7.7500000000000 0.7516067741319
-7.7500000000000 0.7516067741319
-7.6250000000000 0.7477700826837
-7.5000000000000 0.7438229661900
-7.5000000000000 0.7438229661900
-7.5000000000000 0.7438229661900
-7.3750000000000 0.7397610349101
-7.2500000000000 0.7355796880346
-7.2500000000000 0.7355796880346
-7.1250000000000 0.7312741011828
-7.0000000000000 0.7268392137453
-7.0000000000000 0.7268392137453
-7.0000000000000 0.7268392137453
-7.0000000000000 0.7268392137453
-6.8750000000000 0.7222697165784
-6.7500000000000 0.7175600399213
-6.7500000000000 0.7175600399213
-6.6250000000000 0.7127043412267
-6.5625000000000 0.7102198373226
-6.5000000000000 0.7076964927282
-6.5000000000000 0.7076964927282
-6.5000000000000 0.7076964927282
-6.5000000000000 0.7076964927282
-6.4375000000000 0.7051335236969
-6.3750000000000 0.7025300685120
-6.3750000000000 0.7025300685120
-6.3125000000000 0.6998853053425
-6.2500000000000 0.6971983307859
-6.2500000000000 0.6971983307859
-6.2500000000000 0.6971983307859
-6.1875000000000 0.6944682833523
-6.1250000000000 0.6916942154722
-6.1250000000000 0.6916942154722
-6.0625000000000 0.6888752256847
-6.0000000000000 0.6860103141740
-6.0000000000000 0.6860103141740
-6.0000000000000 0.6860103141740
-6.0000000000000 0.6860103141740
-6.0000000000000 0.6860103141740
-6.0000000000000 0.6860103141740
-5.9375000000000 0.6830985133381
-5.8750000000000 0.6801388250741
-5.8750000000000 0.6801388250741
-5.8125000000000 0.6771302210408
-5.7500000000000 0.6740716475939
-5.7500000000000 0.6740716475939
-5.7500000000000 0.6740716475939
-5.6875000000000 0.6709620259903
-5.6250000000000 0.6678002520391
-5.6250000000000 0.6678002520391
-5.5625000000000 0.6645851956204
-5.5000000000000 0.6613157001829
-5.5000000000000 0.6613157001829
-5.5000000000000 0.6613157001829
-5.5000000000000 0.6613157001829
-5.4375000000000 0.6579905822298
-5.3750000000000 0.6546086307983
-5.3750000000000 0.6546086307983
-5.3125000000000 0.6511686069435
-5.2500000000000 0.6476692432427
-5.2500000000000 0.6476692432427
-5.2500000000000 0.6476692432427
-5.1875000000000 0.6441092433307
-5.1250000000000 0.6404872814685
-5.1250000000000 0.6404872814685
-5.0625000000000 0.6368020021416
-5.0000000000000 0.6330520196784
-5.0000000000000 0.6330520196784
-5.0000000000000 0.6330520196784
-5.0000000000000 0.6330520196784
-5.0000000000000 0.6330520196784
-4.9375000000000 0.6292359178878
-4.8750000000000 0.6253522497172
-4.8750000000000 0.6253522497172
-4.8125000000000 0.6213995369359
-4.7500000000000 0.6173762698474
-4.7500000000000 0.6173762698474
-4.7500000000000 0.6173762698474
-4.6875000000000 0.6132809070299
-4.6250000000000 0.6091118750989
-4.6250000000000 0.6091118750989
-4.5625000000000 0.6048675684966
-4.5000000000000 0.6005463493152
-4.5000000000000 0.6005463493152
-4.5000000000000 0.6005463493152
-4.5000000000000 0.6005463493152
-4.4375000000000 0.5961465471757
-4.3750000000000 0.5916664591780
-4.3750000000000 0.5916664591780
-4.3125000000000 0.5871043499254
-4.2500000000000 0.5824584516213
-4.2500000000000 0.5824584516213
-4.2500000000000 0.5824584516213
-4.1875000000000 0.5777269642276
-4.1250000000000 0.5729080556929
-4.1250000000000 0.5729080556929
-4.0625000000000 0.5679998622629
-4.0000000000000 0.5630004888949
-4.0000000000000 0.5630004888949
-4.0000000000000 0.5630004888949
-4.0000000000000 0.5630004888949
-4.0000000000000 0.5630004888949
-4.0000000000000 0.5630004888949
-4.0000000000000 0.5630004888949
-3.9375000000000 0.5579080097973
-3.8750000000000 0.5527204691108
-3.8750000000000 0.5527204691108
-3.8125000000000 0.5474358817540
-3.7500000000000 0.5420522344420
-3.7500000000000 0.5420522344420
-3.7500000000000 0.5420522344420
-3.6875000000000 0.5365674868876
-3.6250000000000 0.5309795731366
-3.6250000000000 0.5309795731366
-3.5625000000000 0.5252864030138
-3.5000000000000 0.5194858636528
-3.5000000000000 0.5194858636528
-3.5000000000000 0.5194858636528
-3.5000000000000 0.5194858636528
-3.4375000000000 0.5135758211478
-3.3750000000000 0.5075541224036
-3.3750000000000 0.5075541224036
-3.3125000000000 0.5014185972705
-3.2812500000000 0.4983074678157
-3.2500000000000 0.4951670610268
-3.2500000000000 0.4951670610268
-3.2500000000000 0.4951670610268
-3.2500000000000 0.4951670610268
-3.2187500000000 0.4919971028816
-3.1875000000000 0.4887973172199
-3.1875000000000 0.4887973172199
-3.1562500000000 0.4855674287314
-3.1250000000000 0.4823071608441
-3.1250000000000 0.4823071608441
-3.1250000000000 0.4823071608441
-3.0937500000000 0.4790162374552
-3.0625000000000 0.4756943818464
-3.0625000000000 0.4756943818464
-3.0312500000000 0.4723413182684
-3.0000000000000 0.4689567677106
-3.0000000000000 0.4689567677106
-3.0000000000000 0.4689567677106
-3.0000000000000 0.4689567677106
-3.0000000000000 0.4689567677106
-3.0000000000000 0.4689567677106
-2.9687500000000 0.4655404486209
-2.9375000000000 0.4620920928751
-2.9375000000000 0.4620920928751
-2.9062500000000 0.4586114265675
-2.8750000000000 0.4550981758284
-2.8750000000000 0.4550981758284
-2.8750000000000 0.4550981758284
-2.8437500000000 0.4515520678360
-2.8125000000000 0.4479728308597
-2.8125000000000 0.4479728308597
-2.7812500000000 0.4443601945496
-2.7500000000000 0.4407138901210
-2.7500000000000 0.4407138901210
-2.7500000000000 0.4407138901210
-2.7500000000000 0.4407138901210
-2.7187500000000 0.4370336505514
-2.6875000000000 0.4333192107920
-2.6875000000000 0.4333192107920
-2.6562500000000 0.4295703079858
-2.6250000000000 0.4257866816923
-2.6250000000000 0.4257866816923
-2.6250000000000 0.4257866816923
-2.5937500000000 0.4219680741216
-2.5625000000000 0.4181142303762
-2.5625000000000 0.4181142303762
-2.5312500000000 0.4142248987039
-2.5000000000000 0.4102998307629
-2.5000000000000 0.4102998307629
-2.5000000000000 0.4102998307629
-2.5000000000000 0.4102998307629
-2.5000000000000 0.4102998307629
-2.4687500000000 0.4063387819010
-2.4375000000000 0.4023415114547
-2.4375000000000 0.4023415114547
-2.4062500000000 0.3983077830679
-2.3750000000000 0.3942373650359
-2.3750000000000 0.3942373650359
-2.3750000000000 0.3942373650359
-2.3437500000000 0.3901300306726
-2.3125000000000 0.3859855587022
-2.3125000000000 0.3859855587022
-2.2812500000000 0.3818037336694
-2.2500000000000 0.3775843463766
-2.2500000000000 0.3775843463766
-2.2500000000000 0.3775843463766
-2.2500000000000 0.3775843463766
-2.2187500000000 0.3733271943315
-2.1875000000000 0.3690320822189
-2.1875000000000 0.3690320822189
-2.1562500000000 0.3646988223821
-2.1250000000000 0.3603272353266
-2.1250000000000 0.3603272353266
-2.1250000000000 0.3603272353266
-2.0937500000000 0.3559171502392
-2.0625000000000 0.3514684055293
-2.0625000000000 0.3514684055293
-2.0312500000000 0.3469808494005
-2.0000000000000 0.3424543404590
-2.0000000000000 0.3424543404590
-2.0000000000000 0.3424543404590
-2.0000000000000 0.3424543404590
-2.0000000000000 0.3424543404590
-2.0000000000000 0.3424543404590
-2.0000000000000 0.3424543404590
-1.9687500000000 0.3378887483789
-1.9375000000000 0.3332839546311
-1.9375000000000 0.3332839546311
-1.9062500000000 0.3286398532928
-1.8750000000000 0.3239563519450
-1.8750000000000 0.3239563519450
-1.8750000000000 0.3239563519450
-1.8437500000000 0.3192333726595
-1.8125000000000 0.3144708530648
-1.8125000000000 0.3144708530648
-1.7812500000000 0.3096687474673
-1.7500000000000 0.3048270280023
-1.7500000000000 0.3048270280023
-1.7500000000000 0.3048270280023
-1.7500000000000 0.3048270280023
-1.7187500000000 0.2999456857942
-1.6875000000000 0.2950247321172
-1.6875000000000 0.2950247321172
-1.6562500000000 0.2900641995677
-1.6250000000000 0.2850641432814
-1.6250000000000 0.2850641432814
-1.6250000000000 0.2850641432814
-1.5937500000000 0.2800246422542
-1.5625000000000 0.2749458008188
-1.5625000000000 0.2749458008188
-1.5312500000000 0.2698277503285
-1.5000000000000 0.2646706510710
-1.5000000000000 0.2646706510710
-1.5000000000000 0.2646706510710
-1.5000000000000 0.2646706510710
-1.5000000000000 0.2646706510710
-1.4687500000000 0.2594746944057
-1.4375000000000 0.2542401050848
-1.4375000000000 0.2542401050848
-1.4062500000000 0.2489671437322
-1.3750000000000 0.2436561094643
-1.3750000000000 0.2436561094643
-1.3750000000000 0.2436561094643
-1.3437500000000 0.2383073427074
-1.3125000000000 0.2329212283235
-1.3125000000000 0.2329212283235
-1.2812500000000 0.2274981991124
-1.2500000000000 0.2220387397330
-1.2500000000000 0.2220387397330
-1.2500000000000 0.2220387397330
-1.2500000000000 0.2220387397330
-1.2187500000000 0.2165433909406
-1.1875000000000 0.2110127540194
-1.1875000000000 0.2110127540194
-1.1562500000000 0.2054474952932
-1.1250000000000 0.1998483508528
-1.1250000000000 0.1998483508528
-1.1250000000000 0.1998483508528
-1.0937500000000 0.1942161317329
-1.0625000000000 0.1885517297926
-1.0625000000000 0.1885517297926
-1.0312500000000 0.1828561246244
-1.0000000000000 0.1771303916659
-1.0000000000000 0.1771303916659
-1.0000000000000 0.1771303916659
-1.0000000000000 0.1771303916659
-1.0000000000000 0.1771303916659
-1.0000000000000 0.1771303916659
-0.9687500000000 0.1713757116902
-0.9375000000000 0.1655933816253
-0.9375000000000 0.1655933816253
-0.9062500000000 0.1597848262614
-0.8750000000000 0.1539516100919
-0.8750000000000 0.1539516100919
-0.8750000000000 0.1539516100919
-0.8437500000000 0.1480954491170
-0.8125000000000 0.1422182238294
-0.8125000000000 0.1422182238294
-0.7812500000000 0.1363219953818
-0.7500000000000 0.1304090260293
-0.7500000000000 0.1304090260293
-0.7500000000000 0.1304090260293
-0.7500000000000 0.1304090260293
-0.7187500000000 0.1244818034287
-0.6875000000000 0.1185430675778
-0.6875000000000 0.1185430675778
-0.6562500000000 0.1125958386504
-0.6250000000000 0.1066434453985
-0.6250000000000 0.1066434453985
-0.6250000000000 0.1066434453985
-0.5937500000000 0.1006895604547
-0.5625000000000 0.0947382532935
-0.5625000000000 0.0947382532935
-0.5312500000000 0.0887940629313
-0.5000000000000 0.0828620773556
-0.5000000000000 0.0828620773556
-0.5000000000000 0.0828620773556
-0.5000000000000 0.0828620773556
-0.5000000000000 0.0828620773556
-0.4687500000000 0.0769480064743
-0.4375000000000 0.0710582623503
-0.4375000000000 0.0710582623503
-0.4062500000000 0.0652000811632
-0.3750000000000 0.0593816926162
-0.3750000000000 0.0593816926162
-0.3750000000000 0.0593816926162
-0.3437500000000 0.0536125393757
-0.3125000000000 0.0479035809580
-0.3125000000000 0.0479035809580
-0.2812500000000 0.0422676657513
-0.2500000000000 0.0367199981269
-0.2500000000000 0.0367199981269
-0.2500000000000 0.0367199981269
-0.2500000000000 0.0367199981269
-0.2187500000000 0.0312788953877
-0.1875000000000 0.0259670387569
-0.1875000000000 0.0259670387569
-0.1562500000000 0.0208133716096
-0.1250000000000 0.0158564796458
-0.1250000000000 0.0158564796458
-0.1250000000000 0.0158564796458
-0.0937500000000 0.0111527538823
-0.0625000000000 0.0067725255541
-0.0625000000000 0.0067725255541
-0.0312500000000 0.0030271625304
0.0000000000000 0.0000045500465
0.0000000000000 0.0000045500465
0.0000000000000 0.0000045500465
0.0000000000000 0.0000045500465
0.0000000000000 0.0000045500465
0.0000000000000 0.0000045500465
0.0000000000000 0.0000045500465
0.0000000000000 0.0000045500465
0.0000000000000 0.0000045500465
0.0000000000000 0.0000045500465
0.0312500000000 0.0030282433295
0.0625000000000 0.0067734558379
0.0625000000000 0.0067734558379
0.0937500000000 0.0111538576820
0.1250000000000 0.0158576352141
0.1250000000000 0.0158576352141
0.1250000000000 0.0158576352141
0.1562500000000 0.0208145787669
0.1875000000000 0.0259682868365
0.1875000000000 0.0259682868365
0.2187500000000 0.0312801766731
0.2500000000000 0.0367213063258
0.2500000000000 0.0367213063258
0.2500000000000 0.0367213063258
0.2500000000000 0.0367213063258
0.2812500000000 0.0422689960358
0.3125000000000 0.0479049304911
0.3125000000000 0.0479049304911
0.3437500000000 0.0536139057402
0.3750000000000 0.0593830730085
0.3750000000000 0.0593830730085
0.3750000000000 0.0593830730085
0.4062500000000 0.0652014732359
0.4375000000000 0.0710596643823
0.4375000000000 0.0710596643823
0.4687500000000 0.0769494167909
0.5000000000000 0.0828634941036
0.5000000000000 0.0828634941036
0.5000000000000 0.0828634941036
0.5000000000000 0.0828634941036
0.5000000000000 0.0828634941036
0.5312500000000 0.0887954842112
0.5625000000000 0.0947396773768
0.5625000000000 0.0947396773768
0.5937500000000 0.1006909860525
0.6250000000000 0.1066448716588
0.6250000000000 0.1066448716588
0.6250000000000 0.1066448716588
0.6562500000000 0.1125972646732
0.6875000000000 0.1185444922156
0.6875000000000 0.1185444922156
0.7187500000000 0.1244832257309
0.7500000000000 0.1304104455747
0.7500000000000 0.1304104455747
0.7500000000000 0.1304104455747
0.7500000000000 0.1304104455747
0.7812500000000 0.1363234120303
0.8125000000000 0.1422196373249
0.8125000000000 0.1422196373249
0.8437500000000 0.1480968589620
0.8750000000000 0.1539530155468
0.8750000000000 0.1539530155468
0.8750000000000 0.1539530155468
0.9062500000000 0.1597862264159
0.9375000000000 0.1655947755361
0.9375000000000 0.1655947755361
0.9687500000000 0.1713770985929
1.0000000000000 0.1771317711491
1.0000000000000 0.1771317711491
1.0000000000000 0.1771317711491
1.0000000000000 0.1771317711491
1.0000000000000 0.1771317711491
1.0000000000000 0.1771317711491
1.0312500000000 0.1828574966576
1.0625000000000 0.1885530945931
1.0625000000000 0.1885530945931
1.0937500000000 0.1942174895682
1.1250000000000 0.1998497018940
1.1250000000000 0.1998497018940
1.1250000000000 0.1998497018940
1.1562500000000 0.2054488395481
1.1875000000000 0.2110140913516
1.1875000000000 0.2110140913516
1.2187500000000 0.2165447211170
1.2500000000000 0.2220400624977
1.2500000000000 0.2220400624977
1.2500000000000 0.2220400624977
1.2500000000000 0.2220400624977
1.2812500000000 0.2274995142282
1.3125000000000 0.2329225355413
1.3125000000000 0.2329225355413
1.3437500000000 0.2383086417405
1.3750000000000 0.2436573999986
1.3750000000000 0.2436573999986
1.3750000000000 0.2436573999986
1.4062500000000 0.2489684254825
1.4375000000000 0.2542413778402
1.4375000000000 0.2542413778402
1.4687500000000 0.2594759580532
1.5000000000000 0.2646719055813
1.5000000000000 0.2646719055813
1.5000000000000 0.2646719055813
1.5000000000000 0.2646719055813
1.5000000000000 0.2646719055813
1.5312500000000 0.2698289957221
1.5625000000000 0.2749470371389
1.5625000000000 0.2749470371389
1.5937500000000 0.2800258695522
1.6250000000000 0.2850653616145
1.6250000000000 0.2850653616145
1.6250000000000 0.2850653616145
1.6562500000000 0.2900654089987
1.6875000000000 0.2950259327096
1.6875000000000 0.2950259327096
1.7187500000000 0.2999468776049
1.7500000000000 0.3048282110733
1.7500000000000 0.3048282110733
1.7500000000000 0.3048282110733
1.7500000000000 0.3048282110733
1.7812500000000 0.3096699218199
1.8125000000000 0.3144720187019
1.8125000000000 0.3144720187019
1.8437500000000 0.3192345295760
1.8750000000000 0.3239575001444
1.8750000000000 0.3239575001444
1.8750000000000 0.3239575001444
1.9062500000000 0.3286409927999
1.9375000000000 0.3332850854977
1.9375000000000 0.3332850854977
1.9687500000000 0.3378898706805
2.0000000000000 0.3424554542854
2.0000000000000 0.3424554542854
2.0000000000000 0.3424554542854
2.0000000000000 0.3424554542854
2.0000000000000 0.3424554542854
2.0000000000000 0.3424554542854
2.0000000000000 0.3424554542854
2.0312500000000 0.3469819548409
2.0625000000000 0.3514695026630
2.0625000000000 0.3514695026630
2.0937500000000 0.3559182391283
2.1250000000000 0.3603283160152
2.1250000000000 0.3603283160152
2.1250000000000 0.3603283160152
2.1562500000000 0.3646998948924
2.1875000000000 0.3690331465518
2.1875000000000 0.3690331465518
2.2187500000000 0.3733282504643
2.2500000000000 0.3775853942661
2.2500000000000 0.3775853942661
2.2500000000000 0.3775853942661
2.2500000000000 0.3775853942661
2.2812500000000 0.3818047732584
2.3125000000000 0.3859865899291
2.3125000000000 0.3859865899291
2.3437500000000 0.3901310534840
2.3750000000000 0.3942383793960
2.3750000000000 0.3942383793960
2.3750000000000 0.3942383793960
2.4062500000000 0.3983087889682
2.4375000000000 0.4023425089160
2.4375000000000 0.4023425089160
2.4687500000000 0.4063397709725
2.5000000000000 0.4103008115177
2.5000000000000 0.4103008115177
2.5000000000000 0.4103008115177
2.5000000000000 0.4103008115177
2.5000000000000 0.4103008115177
2.5312500000000 0.4142258712355
2.5625000000000 0.4181151947922
2.5625000000000 0.4181151947922
2.5937500000000 0.4219690305408
2.6250000000000 0.4257876302399
2.6250000000000 0.4257876302399
2.6250000000000 0.4257876302399
2.6562500000000 0.4295712487901
2.6875000000000 0.4333201439803
2.6875000000000 0.4333201439803
2.7187500000000 0.4370345762456
2.7500000000000 0.4407148084326
2.7500000000000 0.4407148084326
2.7500000000000 0.4407148084326
2.7500000000000 0.4407148084326
2.7812500000000 0.4443611055749
2.8125000000000 0.4479737346764
2.8125000000000 0.4479737346764
2.8437500000000 0.4515529645002
2.8750000000000 0.4550990653733
2.8750000000000 0.4550990653733
2.8750000000000 0.4550990653733
2.9062500000000 0.4586123090029
2.9375000000000 0.4620929681894
2.9375000000000 0.4620929681894
2.9687500000000 0.4655413167838
3.0000000000000 0.4689576286781
3.0000000000000 0.4689576286781
3.0000000000000 0.4689576286781
3.0000000000000 0.4689576286781
3.0000000000000 0.4689576286781
3.0000000000000 0.4689576286781
3.0312500000000 0.4723421719847
3.0625000000000 0.4756952282640
3.0625000000000 0.4756952282640
3.0937500000000 0.4790170765261
3.1250000000000 0.4823079925344
3.1250000000000 0.4823079925344
3.1250000000000 0.4823079925344
3.1562500000000 0.4855682530163
3.1875000000000 0.4887981340896
3.1875000000000 0.4887981340896
3.2187500000000 0.4919979123414
3.2500000000000 0.4951678630920
3.2500000000000 0.4951678630920
3.2500000000000 0.4951678630920
3.2500000000000 0.4951678630920
3.2812500000000 0.4983082625152
3.3125000000000 0.5014193846371
3.3750000000000 0.5075548952290
3.3750000000000 0.5075548952290
3.4375000000000 0.5135765796221
3.5000000000000 0.5194866080083
3.5000000000000 0.5194866080083
3.5000000000000 0.5194866080083
3.5000000000000 0.5194866080083
3.5625000000000 0.5252871335540
3.6250000000000 0.5309802902579
3.6250000000000 0.5309802902579
3.6875000000000 0.5365681910746
3.7500000000000 0.5420529262391
3.7500000000000 0.5420529262391
3.7500000000000 0.5420529262391
3.8125000000000 0.5474365617191
3.8750000000000 0.5527211377754
3.8750000000000 0.5527211377754
3.9375000000000 0.5579086676424
4.0000000000000 0.5630011363485
4.0000000000000 0.5630011363485
4.0000000000000 0.5630011363485
4.0000000000000 0.5630011363485
4.0000000000000 0.5630011363485
4.0000000000000 0.5630011363485
4.0000000000000 0.5630011363485
4.0625000000000 0.5680004997033
4.1250000000000 0.5729086834493
4.1250000000000 0.5729086834493
4.1875000000000 0.5777275825770
4.2500000000000 0.5824590607861
4.2500000000000 0.5824590607861
4.2500000000000 0.5824590607861
4.3125000000000 0.5871049500790
4.3750000000000 0.5916670504626
4.3750000000000 0.5916670504626
4.4375000000000 0.5961471297287
4.5000000000000 0.6005469232881
4.5000000000000 0.6005469232881
4.5000000000000 0.6005469232881
4.5000000000000 0.6005469232881
4.5625000000000 0.6048681340556
4.6250000000000 0.6091124324017
4.6250000000000 0.6091124324017
4.6875000000000 0.6132814561926
4.7500000000000 0.6173768109206
4.7500000000000 0.6173768109206
4.7500000000000 0.6173768109206
4.8125000000000 0.6214000699049
4.8750000000000 0.6253527745300
4.8750000000000 0.6253527745300
4.9375000000000 0.6292364344986
5.0000000000000 0.6330525280891
5.0000000000000 0.6330525280891
5.0000000000000 0.6330525280891
5.0000000000000 0.6330525280891
5.0000000000000 0.6330525280891
5.0625000000000 0.6368025024234
5.1250000000000 0.6404877737568
5.1250000000000 0.6404877737568
5.1875000000000 0.6441097277987
5.2500000000000 0.6476697200660
5.2500000000000 0.6476697200660
5.2500000000000 0.6476697200660
5.3125000000000 0.6511690762708
5.3750000000000 0.6546090927398
5.3750000000000 0.6546090927398
5.4375000000000 0.6579910368654
5.5000000000000 0.6613161475825
5.5000000000000 0.6613161475825
5.5000000000000 0.6613161475825
5.5000000000000 0.6613161475825
5.5625000000000 0.6645856358642
5.6250000000000 0.6678006852290
5.6250000000000 0.6678006852290
5.6875000000000 0.6709624522507
5.7500000000000 0.6740720670640
5.7500000000000 0.6740720670640
5.7500000000000 0.6740720670640
5.8125000000000 0.6771306338667
5.8750000000000 0.6801392314079
5.8750000000000 0.6801392314079
5.9375000000000 0.6830989133438
6.0000000000000 0.6860107080346
6.0000000000000 0.6860107080346
6.0000000000000 0.6860107080346
6.0000000000000 0.6860107080346
6.0000000000000 0.6860107080346
6.0000000000000 0.6860107080346
6.0625000000000 0.6888756136022
6.1250000000000 0.6916945976541
6.1250000000000 0.6916945976541
6.1875000000000 0.6944686600368
6.2500000000000 0.6971987021551
6.2500000000000 0.6971987021551
6.2500000000000 0.6971987021551
6.3125000000000 0.6998856715480
6.3750000000000 0.7025304296594
6.3750000000000 0.7025304296594
6.4375000000000 0.7051338798394
6.5000000000000 0.7076968439080
6.5000000000000 0.7076968439080
6.5000000000000 0.7076968439080
6.5000000000000 0.7076968439080
6.5625000000000 0.7102201835538
6.6250000000000 0.7127046825201
6.7500000000000 0.7175603713334
6.7500000000000 0.7175603713334
6.8750000000000 0.7222700380861
7.0000000000000 0.7268395254554
7.0000000000000 0.7268395254554
7.0000000000000 0.7268395254554
7.0000000000000 0.7268395254554
7.1250000000000 0.7312744035289
7.2500000000000 0.7355799818182
7.2500000000000 0.7355799818182
7.3750000000000 0.7397613211382
7.5000000000000 0.7438232458168
7.5000000000000 0.7438232458168
7.5000000000000 0.7438232458168
7.6250000000000 0.7477703564307
7.7500000000000 0.7516070425226
7.7500000000000 0.7516070425226
7.8750000000000 0.7553374938953
8.0000000000000 0.7589657073452
8.0000000000000 0.7589657073452
8.0000000000000 0.7589657073452
8.0000000000000 0.7589657073452
8.0000000000000 0.7589657073452
8.0000000000000 0.7589657073452
8.0000000000000 0.7589657073452
8.1250000000000 0.7624954730932
8.2500000000000 0.7659303262986
8.2500000000000 0.7659303262986
8.3750000000000 0.7692740335283
8.5000000000000 0.7725296907805
8.5000000000000 0.7725296907805
8.5000000000000 0.7725296907805
8.6250000000000 0.7757007030991
8.7500000000000 0.7787899099142
8.7500000000000 0.7787899099142
8.8750000000000 0.7818004196203
9.0000000000000 0.7847348303680
9.0000000000000 0.7847348303680
9.0000000000000 0.7847348303680
9.0000000000000 0.7847348303680
9.1250000000000 0.7875959836761
9.2500000000000 0.7903862578345
9.5000000000000 0.7957641450908
9.5000000000000 0.7957641450908
9.7500000000000 0.8008867762389
10.0000000000000 0.8057709364577
10.0000000000000 0.8057709364577
10.0000000000000 0.8057709364577
10.0000000000000 0.8057709364577
10.2500000000000 0.8104320600031
10.5000000000000 0.8148843515346
10.5000000000000 0.8148843515346
10.7500000000000 0.8191408861110
11.0000000000000 0.8232137142566
11.0000000000000 0.8232137142566
11.0000000000000 0.8232137142566
11.2500000000000 0.8271139702063
11.5000000000000 0.8308519533284
11.5000000000000 0.8308519533284
11.7500000000000 0.8344371924115
12.0000000000000 0.8378785027592
12.0000000000000 0.8378785027592
12.0000000000000 0.8378785027592
12.0000000000000 0.8378785027592
12.0000000000000 0.8378785027592
12.2500000000000 0.8411839888897
12.5000000000000 0.8443608236322
12.5000000000000 0.8443608236322
12.7500000000000 0.8474169431437
13.0000000000000 0.8503581619599
13.0000000000000 0.8503581619599
13.0000000000000 0.8503581619599
13.2500000000000 0.8531912324514
13.5000000000000 0.8559212772706
13.5000000000000 0.8559212772706
13.7500000000000 0.8585541733215
14.0000000000000 0.8610944102192
14.0000000000000 0.8610944102192
14.0000000000000 0.8610944102192
14.0000000000000 0.8610944102192
14.2500000000000 0.8635471309772
14.5000000000000 0.8659162523045
15.0000000000000 0.8704205898065
15.0000000000000 0.8704205898065
15.5000000000000 0.8746371957834
16.0000000000000 0.8785922923540
16.0000000000000 0.8785922923540
16.0000000000000 0.8785922923540
16.0000000000000 0.8785922923540
16.0000000000000 0.8785922923540
16.0000000000000 0.8785922923540
16.5000000000000 0.8823089301377
17.0000000000000 0.8858075531281
17.0000000000000 0.8858075531281
17.5000000000000 0.8891064506106
18.0000000000000 0.8922219358307
18.0000000000000 0.8922219358307
18.0000000000000 0.8922219358307
18.5000000000000 0.8951685263520
19.0000000000000 0.8979591856233
19.0000000000000 0.8979591856233
19.5000000000000 0.9006056532743
20.0000000000000 0.9031186461972
20.0000000000000 0.9031186461972
20.0000000000000 0.9031186461972
20.0000000000000 0.9031186461972
20.5000000000000 0.9055078544219
21.0000000000000 0.9077820888541
21.0000000000000 0.9077820888541
21.5000000000000 0.9099495115785
22.0000000000000 0.9120175305004
22.0000000000000 0.9120175305004
22.0000000000000 0.9120175305004
22.5000000000000 0.9139927391936
23.0000000000000 0.9158811499989
23.0000000000000 0.9158811499989
23.5000000000000 0.9176882623481
24.0000000000000 0.9194190368971
24.0000000000000 0.9194190368971
24.0000000000000 0.9194190368971
24.0000000000000 0.9194190368971
24.0000000000000 0.9194190368971
24.5000000000000 0.9210780115685
25.0000000000000 0.9226693522110
25.0000000000000 0.9226693522110
25.5000000000000 0.9241976552621
26.0000000000000 0.9256661668784
26.0000000000000 0.9256661668784
26.0000000000000 0.9256661668784
26.5000000000000 0.9270787073229
27.0000000000000 0.9284381507132
27.0000000000000 0.9284381507132
27.5000000000000 0.9297478677212
28.0000000000000 0.9310101889467
28.0000000000000 0.9310101889467
28.0000000000000 0.9310101889467
28.0000000000000 0.9310101889467
28.5000000000000 0.9322279309806
29.0000000000000 0.9334030065208
30.0000000000000 0.9356337128046
30.0000000000000 0.9356337128046
31.0000000000000 0.9377177796829
32.0000000000000 0.9396702066776
32.0000000000000 0.9396702066776
32.0000000000000 0.9396702066776
32.0000000000000 0.9396702066776
32.0000000000000 0.9396702066776
33.0000000000000 0.9415036402154
34.0000000000000 0.9432278997179
34.0000000000000 0.9432278997179
35.0000000000000 0.9448516154636
36.0000000000000 0.9463830756327
36.0000000000000 0.9463830756327
36.0000000000000 0.9463830756327
37.0000000000000 0.9478304768310
38.0000000000000 0.9492014517123
38.0000000000000 0.9492014517123
39.0000000000000 0.9505016591104
40.0000000000000 0.9517353662553
40.0000000000000 0.9517353662553
40.0000000000000 0.9517353662553
40.0000000000000 0.9517353662553
41.0000000000000 0.9529073096380
42.0000000000000 0.9540218622384
42.0000000000000 0.9540218622384
43.0000000000000 0.9550839947968
44.0000000000000 0.9560966505240
44.0000000000000 0.9560966505240
44.0000000000000 0.9560966505240
45.0000000000000 0.9570635401575
46.0000000000000 0.9579873318583
46.0000000000000 0.9579873318583
47.0000000000000 0.9588711815166
48.0000000000000 0.9597173366814
48.0000000000000 0.9597173366814
48.0000000000000 0.9597173366814
48.0000000000000 0.9597173366814
48.0000000000000 0.9597173366814
49.0000000000000 0.9605283929153
50.0000000000000 0.9613064620683
52.0000000000000 0.9627725702451
52.0000000000000 0.9627725702451
54.0000000000000 0.9641316593058
56.0000000000000 0.9653978647022
56.0000000000000 0.9653978647022
56.0000000000000 0.9653978647022
58.0000000000000 0.9665806144503
60.0000000000000 0.9676858093069
60.0000000000000 0.9676858093069
62.0000000000000 0.9687205781707
64.0000000000000 0.9696911061513
64.0000000000000 0.9696911061513
64.0000000000000 0.9696911061513
64.0000000000000 0.9696911061513
66.0000000000000 0.9706030048999
68.0000000000000 0.9714637164847
68.0000000000000 0.9714637164847
70.0000000000000 0.9722804709385
72.0000000000000 0.9730575312748
72.0000000000000 0.9730575312748
72.0000000000000 0.9730575312748
74.0000000000000 0.9737967849589
76.0000000000000 0.9744992192621
76.0000000000000 0.9744992192621
78.0000000000000 0.9751646698997
80.0000000000000 0.9757926050804
80.0000000000000 0.9757926050804
80.0000000000000 0.9757926050804
80.0000000000000 0.9757926050804
82.0000000000000 0.9763831498393
84.0000000000000 0.9769369322034
84.0000000000000 0.9769369322034
86.0000000000000 0.9774540935352
88.0000000000000 0.9779362188647
88.0000000000000 0.9779362188647
88.0000000000000 0.9779362188647
90.0000000000000 0.9783848857756
92.0000000000000 0.9788002579703
92.0000000000000 0.9788002579703
94.0000000000000 0.9791818009352
96.0000000000000 0.9795331869031
96.0000000000000 0.9795331869031
96.0000000000000 0.9795331869031
96.0000000000000 0.9795331869031
98.0000000000000 0.9798561349071
100.0000000000000 0.9801559700330
104.0000000000000 0.9807039959407
104.0000000000000 0.9807039959407
108.0000000000000 0.9812198423971
112.0000000000000 0.9817517125479
112.0000000000000 0.9817517125479
112.0000000000000 0.9817517125479
116.0000000000000 0.9823459871735
120.0000000000000 0.9830330789104
120.0000000000000 0.9830330789104
124.0000000000000 0.9838105033372
128.0000000000000 0.9846562876865
128.0000000000000 0.9846562876865
128.0000000000000 0.9846562876865
132.0000000000000 0.9855091253777
136.0000000000000 0.9863132740235
136.0000000000000 0.9863132740235
140.0000000000000 0.9869867051667
144.0000000000000 0.9875469704376
144.0000000000000 0.9875469704376
144.0000000000000 0.9875469704376
148.0000000000000 0.9879695337690
152.0000000000000 0.9882986297956
152.0000000000000 0.9882986297956
156.0000000000000 0.9885646298866
160.0000000000000 0.9887845877713
160.0000000000000 0.9887845877713
160.0000000000000 0.9887845877713
164.0000000000000 0.9889849181594
168.0000000000000 0.9891679094788
176.0000000000000 0.9895151549054
176.0000000000000 0.9895151549054
184.0000000000000 0.9898522829191
192.0000000000000 0.9901830815284
192.0000000000000 0.9901830815284
200.0000000000000 0.9905043433137
208.0000000000000 0.9908110347773
208.0000000000000 0.9908110347773
216.0000000000000 0.9911058914089
224.0000000000000 0.9913907408712
224.0000000000000 0.9913907408712
232.0000000000000 0.9916627160530
240.0000000000000 0.9919172154692
240.0000000000000 0.9919172154692
248.0000000000000 0.9921626786933
256.0000000000000 0.9923978682902
256.0000000000000 0.9923978682902
264.0000000000000 0.9926250609561
272.0000000000000 0.9928421538704
272.0000000000000 0.9928421538704
280.0000000000000 0.9930476688893
288.0000000000000 0.9932420086787
288.0000000000000 0.9932420086787
296.0000000000000 0.9934252692097
304.0000000000000 0.9935968924224
304.0000000000000 0.9935968924224
312.0000000000000 0.9937568811460
320.0000000000000 0.9939036486847
336.0000000000000 0.9941527629491
352.0000000000000 0.9943823750752
368.0000000000000 0.9946133954744
384.0000000000000 0.9948344383080
400.0000000000000 0.9950377479502
416.0000000000000 0.9952246778859
432.0000000000000 0.9953976919583
448.0000000000000 0.9955583798208
464.0000000000000 0.9957080497552
480.0000000000000 0.9958477612422
496.0000000000000 0.9959784416332
512.0000000000000 0.9961009708449
528.0000000000000 0.9962160901696
544.0000000000000 0.9963244483083
560.0000000000000 0.9964266436486
576.0000000000000 0.9965231810099
592.0000000000000 0.9966144831925
608.0000000000000 0.9967009619856
624.0000000000000 0.9967830133825
640.0000000000000 0.9968609820912
656.0000000000000 0.9969351633579
672.0000000000000 0.9970058197177
688.0000000000000 0.9970731952737
704.0000000000000 0.9971375113443
720.0000000000000 0.9971989725268
736.0000000000000 0.9972577651790
752.0000000000000 0.9973140596656
768.0000000000000 0.9973680120164
784.0000000000000 0.9974197644856
800.0000000000000 0.9974694489574
816.0000000000000 0.9975171866429
832.0000000000000 0.9975630910488
848.0000000000000 0.9976072656980
864.0000000000000 0.9976498061179
880.0000000000000 0.9976908014437
896.0000000000000 0.9977303338066
912.0000000000000 0.9977684802623
928.0000000000000 0.9978053126751
944.0000000000000 0.9978408976716
960.0000000000000 0.9978752982072
976.0000000000000 0.9979085723368
992.0000000000000 0.9979407742798
1008.0000000000000 0.9979719553258
1024.0000000000000 0.9980021628215
1040.0000000000000 0.9980314414532
1056.0000000000000 0.9980598336297
1072.0000000000000 0.9980873788128
1088.0000000000000 0.9981141142564
1104.0000000000000 0.9981400753914
1120.0000000000000 0.9981652954469
1136.0000000000000 0.9981898056967
1152.0000000000000 0.9982136356591
1168.0000000000000 0.9982368133042
1184.0000000000000 0.9982593651280
1200.0000000000000 0.9982813162700
1216.0000000000000 0.9983026903098
1232.0000000000000 0.9983235096965
1248.0000000000000 0.9983437957765
1264.0000000000000 0.9983635686931
1280.0000000000000 0.9983828474975
1296.0000000000000 0.9984016507299
1312.0000000000000 0.9984199957494
1328.0000000000000 0.9984378989350
1344.0000000000000 0.9984553761504
1360.0000000000000 0.9984724424973
1376.0000000000000 0.9984891122311
1392.0000000000000 0.9985053988925
1408.0000000000000 0.9985213155030
1424.0000000000000 0.9985368746140
1440.0000000000000 0.9985520881338
1456.0000000000000 0.9985669675262
1472.0000000000000 0.9985815236267
1488.0000000000000 0.9985957669140
1504.0000000000000 0.9986097073197
1520.0000000000000 0.9986233544194
1536.0000000000000 0.9986367173729
1552.0000000000000 0.9986498049431
1568.0000000000000 0.9986626256073
1584.0000000000000 0.9986751873872
1600.0000000000000 0.9986874981000
1616.0000000000000 0.9986995654678
1632.0000000000000 0.9987113972286
1648.0000000000000 0.9987230015905
1664.0000000000000 0.9987343869206
1680.0000000000000 0.9987455609942
1696.0000000000000 0.9987565311793
1712.0000000000000 0.9987673048595
1728.0000000000000 0.9987778892881
1744.0000000000000 0.9987882912880
1760.0000000000000 0.9987985174564
1776.0000000000000 0.9988085742818
1792.0000000000000 0.9988184679697
1808.0000000000000 0.9988282045538
1824.0000000000000 0.9988377899277
1840.0000000000000 0.9988472297803
1856.0000000000000 0.9988565297306
1872.0000000000000 0.9988656951590
1888.0000000000000 0.9988747312622
1904.0000000000000 0.9988836431701
1920.0000000000000 0.9988924359089
1936.0000000000000 0.9989011142246
1952.0000000000000 0.9989096828195
1968.0000000000000 0.9989181463245
1984.0000000000000 0.9989265091583
