# x rho
-1984.0000000000000 0.0000000001000
-1968.0000000000000 0.0000000001000
-1952.0000000000000 0.0000000001002
-1936.0000000000000 0.0000000001000
-1920.0000000000000 0.0000000001001
-1904.0000000000000 0.0000000001003
-1888.0000000000000 0.0000000001000
-1872.0000000000000 0.0000000001000
-1856.0000000000000 0.0000000001003
-1840.0000000000000 0.0000000001002
-1824.0000000000000 0.0000000001000
-1808.0000000000000 0.0000000001000
-1792.0000000000000 0.0000000001001
-1776.0000000000000 0.0000000001001
-1760.0000000000000 0.0000000001001
-1744.0000000000000 0.0000000001001
-1728.0000000000000 0.0000000001001
-1712.0000000000000 0.0000000001001
-1696.0000000000000 0.0000000001000
-1680.0000000000000 0.0000000001000
-1664.0000000000000 0.0000000001000
-1648.0000000000000 0.0000000001001
-1632.0000000000000 0.0000000001001
-1616.0000000000000 0.0000000001001
-1600.0000000000000 0.0000000001001
-1584.0000000000000 0.0000000001001
-1568.0000000000000 0.0000000001001
-1552.0000000000000 0.0000000001001
-1536.0000000000000 0.0000000001001
-1520.0000000000000 0.0000000001001
-1504.0000000000000 0.0000000001001
-1488.0000000000000 0.0000000001001
-1472.0000000000000 0.0000000001001
-1456.0000000000000 0.0000000001000
-1440.0000000000000 0.0000000001000
-1424.0000000000000 0.0000000001000
-1408.0000000000000 0.0000000001000
-1392.0000000000000 0.0000000001000
-1376.0000000000000 0.0000000001001
-1360.0000000000000 0.0000000001001
-1344.0000000000000 0.0000000001001
-1328.0000000000000 0.0000000001001
-1312.0000000000000 0.0000000001001
-1296.0000000000000 0.0000000001001
-1280.0000000000000 0.0000000001001
-1264.0000000000000 0.0000000001001
-1248.0000000000000 0.0000000001001
-1232.0000000000000 0.0000000001001
-1216.0000000000000 0.0000000001001
-1200.0000000000000 0.0000000001001
-1184.0000000000000 0.0000000001001
-1168.0000000000000 0.0000000001001
-1152.0000000000000 0.0000000001001
-1136.0000000000000 0.0000000001001
-1120.0000000000000 0.0000000001001
-1104.0000000000000 0.0000000001001
-1088.0000000000000 0.0000000001001
-1072.0000000000000 0.0000000001001
-1056.0000000000000 0.0000000001001
-1040.0000000000000 0.0000000001000
-1024.0000000000000 0.0000000001003
-1008.0000000000000 0.0000000001007
-992.0000000000000 0.0000000001000
-976.0000000000000 0.0000000001001
-960.0000000000000 0.0000000001013
-944.0000000000000 0.0000000001005
-928.0000000000000 0.0000000001000
-912.0000000000000 0.0000000001000
-896.0000000000000 0.0000000001008
-880.0000000000000 0.0000000001005
-864.0000000000000 0.0000000001000
-848.0000000000000 0.0000000001001
-832.0000000000000 0.0000000001013
-816.0000000000000 0.0000000001002
-800.0000000000000 0.0000000001000
-784.0000000000000 0.0000000001011
-768.0000000000000 0.0000000001006
-752.0000000000000 0.0000000001000
-736.0000000000000 0.0000000001007
-720.0000000000000 0.0000000001013
-704.0000000000000 0.0000000001000
-688.0000000000000 0.0000000001008
-672.0000000000000 0.0000000001013
-656.0000000000000 0.0000000001000
-640.0000000000000 0.0000000001017
-624.0000000000000 0.0000000001005
-608.0000000000000 0.0000000001000
-592.0000000000000 0.0000000001022
-576.0000000000000 0.0000000001000
-560.0000000000000 0.0000000001001
-544.0000000000000 0.0000000001029
-528.0000000000000 0.0000000001000
-512.0000000000000 0.0000000001013
-496.0000000000000 0.0000000001021
-480.0000000000000 0.0000000001000
-464.0000000000000 0.0000000001029
-448.0000000000000 0.0000000001002
-432.0000000000000 0.0000000001000
-416.0000000000000 0.0000000001049
-400.0000000000000 0.0000000001000
-384.0000000000000 0.0000000001024
-368.0000000000000 0.0000000001034
-352.0000000000000 0.0000000001000
-336.0000000000000 0.0000000001064
-320.0000000000000 0.0000000001012
-312.0000000000000 0.0000000001001
-304.0000000000000 0.0000000001000
-304.0000000000000 0.0000000001000
-296.0000000000000 0.0000000001049
-288.0000000000000 0.0000000001097
-288.0000000000000 0.0000000001097
-280.0000000000000 0.0000000001052
-272.0000000000000 0.0000000001006
-272.0000000000000 0.0000000001006
-264.0000000000000 0.0000000001003
-256.0000000000000 0.0000000001000
-256.0000000000000 0.0000000001000
-248.0000000000000 0.0000000001086
-240.0000000000000 0.0000000001173
-240.0000000000000 0.0000000001173
-232.0000000000000 0.0000000001072
-224.0000000000000 0.0000000001000
-224.0000000000000 0.0000000001000
-216.0000000000000 0.0000000001301
-208.0000000000000 0.0000000001154
-208.0000000000000 0.0000000001154
-200.0000000000000 0.0000000001000
-192.0000000000000 0.0000000001288
-192.0000000000000 0.0000000001288
-184.0000000000000 0.0000000001140
-176.0000000000000 0.0000000001000
-176.0000000000000 0.0000000001000
-168.0000000000000 0.0000000001071
-164.0000000000000 0.0000000001151
-160.0000000000000 0.0000000001231
-160.0000000000000 0.0000000001231
-160.0000000000000 0.0000000001231
-156.0000000000000 0.0000000001244
-152.0000000000000 0.0000000001257
-152.0000000000000 0.0000000001257
-148.0000000000000 0.0000000001162
-144.0000000000000 0.0000000001067
-144.0000000000000 0.0000000001067
-144.0000000000000 0.0000000001067
-140.0000000000000 0.0000000001018
-136.0000000000000 0.0000000001000
-136.0000000000000 0.0000000001000
-132.0000000000000 0.0000000001034
-128.0000000000000 0.0000000001114
-128.0000000000000 0.0000000001114
-128.0000000000000 0.0000000001114
-124.0000000000000 0.0000000001778
-120.0000000000000 0.0000000002033
-120.0000000000000 0.0000000002033
-116.0000000000000 0.0000000001336
-112.0000000000000 0.0000000001008
-112.0000000000000 0.0000000001008
-112.0000000000000 0.0000000001008
-108.0000000000000 0.0000000001000
-104.0000000000000 0.0000000002276
-104.0000000000000 0.0000000002276
-100.0000000000000 0.0000000002757
-98.0000000000000 0.0000000001969
-96.0000000000000 0.0000000001182
-96.0000000000000 0.0000000001182
-96.0000000000000 0.0000000001182
-96.0000000000000 0.0000000001182
-94.0000000000000 0.0000000001046
-92.0000000000000 0.0000000001000
-92.0000000000000 0.0000000001000
-90.0000000000000 0.0000000001042
-88.0000000000000 0.0000000001171
-88.0000000000000 0.0000000001171
-88.0000000000000 0.0000000001171
-86.0000000000000 0.0000000001892
-84.0000000000000 0.0000000002611
-84.0000000000000 0.0000000002611
-82.0000000000000 0.0000000002589
-80.0000000000000 0.0000000002366
-80.0000000000000 0.0000000002366
-80.0000000000000 0.0000000002366
-80.0000000000000 0.0000000002366
-78.0000000000000 0.0000000001715
-76.0000000000000 0.0000000001325
-76.0000000000000 0.0000000001325
-74.0000000000000 0.0000000001503
-72.0000000000000 0.0000000001812
-72.0000000000000 0.0000000001812
-72.0000000000000 0.0000000001812
-70.0000000000000 0.0000000001684
-68.0000000000000 0.0000000001401
-68.0000000000000 0.0000000001401
-66.0000000000000 0.0000000001230
-64.0000000000000 0.0000000001114
-64.0000000000000 0.0000000001114
-64.0000000000000 0.0000000001114
-64.0000000000000 0.0000000001114
-62.0000000000000 0.0000000001015
-60.0000000000000 0.0000000001000
-60.0000000000000 0.0000000001000
-58.0000000000000 0.0000000001343
-56.0000000000000 0.0000000006192
-56.0000000000000 0.0000000006192
-56.0000000000000 0.0000000006192
-54.0000000000000 0.0000000008344
-52.0000000000000 0.0000000004312
-52.0000000000000 0.0000000004312
-50.0000000000000 0.0000000002172
-49.0000000000000 0.0000000001953
-48.0000000000000 0.0000000001867
-48.0000000000000 0.0000000001867
-48.0000000000000 0.0000000001867
-48.0000000000000 0.0000000001867
-48.0000000000000 0.0000000001867
-47.0000000000000 0.0000000001981
-46.0000000000000 0.0000000002094
-46.0000000000000 0.0000000002094
-45.0000000000000 0.0000000002087
-44.0000000000000 0.0000000002001
-44.0000000000000 0.0000000002001
-44.0000000000000 0.0000000002001
-43.0000000000000 0.0000000001653
-42.0000000000000 0.0000000001305
-42.0000000000000 0.0000000001305
-41.0000000000000 0.0000000001156
-40.0000000000000 0.0000000001063
-40.0000000000000 0.0000000001063
-40.0000000000000 0.0000000001063
-40.0000000000000 0.0000000001063
-39.0000000000000 0.0000000001052
-38.0000000000000 0.0000000001045
-38.0000000000000 0.0000000001045
-37.0000000000000 0.0000000001032
-36.0000000000000 0.0000000001013
-36.0000000000000 0.0000000001013
-36.0000000000000 0.0000000001013
-35.0000000000000 0.0000000001002
-34.0000000000000 0.0000000001000
-34.0000000000000 0.0000000001000
-33.0000000000000 0.0000000001437
-32.0000000000000 0.0000000001927
-32.0000000000000 0.0000000001927
-32.0000000000000 0.0000000001927
-32.0000000000000 0.0000000001927
-32.0000000000000 0.0000000001927
-31.0000000000000 0.0000000001989
-30.0000000000000 0.0000000002342
-30.0000000000000 0.0000000002342
-29.0000000000000 0.0000000003727
-28.5000000000000 0.0000000004256
-28.0000000000000 0.0000000004676
-28.0000000000000 0.0000000004676
-28.0000000000000 0.0000000004676
-28.0000000000000 0.0000000004676
-27.5000000000000 0.0000000004928
-27.0000000000000 0.0000000005178
-27.0000000000000 0.0000000005178
-26.5000000000000 0.0000000006525
-26.0000000000000 0.0000000008597
-26.0000000000000 0.0000000008597
-26.0000000000000 0.0000000008597
-25.5000000000000 0.0000000015370
-25.0000000000000 0.0000000022117
-25.0000000000000 0.0000000022117
-24.5000000000000 0.0000000025623
-24.0000000000000 0.0000000026960
-24.0000000000000 0.0000000026960
-24.0000000000000 0.0000000026960
-24.0000000000000 0.0000000026960
-24.0000000000000 0.0000000026960
-23.5000000000000 0.0000000026928
-23.0000000000000 0.0000000023167
-23.0000000000000 0.0000000023167
-22.5000000000000 0.0000000016596
-22.0000000000000 0.0000000010644
-22.0000000000000 0.0000000010644
-22.0000000000000 0.0000000010644
-21.5000000000000 0.0000000006747
-21.0000000000000 0.0000000004896
-21.0000000000000 0.0000000004896
-20.5000000000000 0.0000000004085
-20.0000000000000 0.0000000003782
-20.0000000000000 0.0000000003782
-20.0000000000000 0.0000000003782
-20.0000000000000 0.0000000003782
-19.5000000000000 0.0000000003637
-19.0000000000000 0.0000000003587
-19.0000000000000 0.0000000003587
-18.5000000000000 0.0000000003561
-18.0000000000000 0.0000000003567
-18.0000000000000 0.0000000003567
-18.0000000000000 0.0000000003567
-17.5000000000000 0.0000000003583
-17.0000000000000 0.0000000003650
-17.0000000000000 0.0000000003650
-16.5000000000000 0.0000000003687
-16.0000000000000 0.0000000003718
-16.0000000000000 0.0000000003718
-16.0000000000000 0.0000000003718
-16.0000000000000 0.0000000003718
-16.0000000000000 0.0000000003718
-16.0000000000000 0.0000000003718
-15.5000000000000 0.0000000003768
-15.0000000000000 0.0000000003893
-15.0000000000000 0.0000000003893
-14.5000000000000 0.0000000004038
-14.2500000000000 0.0000000004122
-14.0000000000000 0.0000000004204
-14.0000000000000 0.0000000004204
-14.0000000000000 0.0000000004204
-14.0000000000000 0.0000000004204
-13.7500000000000 0.0000000004155
-13.5000000000000 0.0000000004105
-13.5000000000000 0.0000000004105
-13.2500000000000 0.0000000003964
-13.0000000000000 0.0000000003766
-13.0000000000000 0.0000000003766
-13.0000000000000 0.0000000003766
-12.7500000000000 0.0000000003494
-12.5000000000000 0.0000000003223
-12.5000000000000 0.0000000003223
-12.2500000000000 0.0000000003179
-12.0000000000000 0.0000000003134
-12.0000000000000 0.0000000003134
-12.0000000000000 0.0000000003134
-12.0000000000000 0.0000000003134
-12.0000000000000 0.0000000003134
-11.7500000000000 0.0000000003115
-11.5000000000000 0.0000000003249
-11.5000000000000 0.0000000003249
-11.2500000000000 0.0000000003396
-11.0000000000000 0.0000000003435
-11.0000000000000 0.0000000003435
-11.0000000000000 0.0000000003435
-10.7500000000000 0.0000000003473
-10.5000000000000 0.0000000003521
-10.5000000000000 0.0000000003521
-10.2500000000000 0.0000000003528
-10.0000000000000 0.0000000003590
-10.0000000000000 0.0000000003590
-10.0000000000000 0.0000000003590
-10.0000000000000 0.0000000003590
-9.7500000000000 0.0000000003764
-9.5000000000000 0.0000000003983
-9.5000000000000 0.0000000003983
-9.2500000000000 0.0000000004192
-9.1250000000000 0.0000000004265
-9.0000000000000 0.0000000004318
-9.0000000000000 0.0000000004318
-9.0000000000000 0.0000000004318
-9.0000000000000 0.0000000004318
-8.8750000000000 0.0000000004332
-8.7500000000000 0.0000000004345
-8.7500000000000 0.0000000004345
-8.6250000000000 0.0000000004369
-8.5000000000000 0.0000000004401
-8.5000000000000 0.0000000004401
-8.5000000000000 0.0000000004401
-8.3750000000000 0.0000000004458
-8.2500000000000 0.0000000004535
-8.2500000000000 0.0000000004535
-8.1250000000000 0.0000000004641
-8.0000000000000 0.0000000004764
-8.0000000000000 0.0000000004764
-8.0000000000000 0.0000000004764
-8.0000000000000 0.0000000004764
-8.0000000000000 0.0000000004764
-8.0000000000000 0.0000000004764
-8.0000000000000 0.0000000004764
-7.8750000000000 0.0000000004900
-7.7500000000000 0.0000000005057
-7.7500000000000 0.0000000005057
-7.6250000000000 0.0000000005204
-7.5000000000000 0.0000000005265
-7.5000000000000 0.0000000005265
-7.5000000000000 0.0000000005265
-7.3750000000000 0.0000000005269
-7.2500000000000 0.0000000005289
-7.2500000000000 0.0000000005289
-7.1250000000000 0.0000000005363
-7.0000000000000 0.0000000005488
-7.0000000000000 0.0000000005488
-7.0000000000000 0.0000000005488
-7.0000000000000 0.0000000005488
-6.8750000000000 0.0000000005570
-6.7500000000000 0.0000000005619
-6.7500000000000 0.0000000005619
-6.6250000000000 0.0000000005755
-6.5625000000000 0.0000000005844
-6.5000000000000 0.0000000005932
-6.5000000000000 0.0000000005932
-6.5000000000000 0.0000000005932
-6.5000000000000 0.0000000005932
-6.4375000000000 0.0000000005981
-6.3750000000000 0.0000000006015
-6.3750000000000 0.0000000006015
-6.3125000000000 0.0000000006028
-6.2500000000000 0.0000000006039
-6.2500000000000 0.0000000006039
-6.2500000000000 0.0000000006039
-6.1875000000000 0.0000000006058
-6.1250000000000 0.0000000006080
-6.1250000000000 0.0000000006080
-6.0625000000000 0.0000000006135
-6.0000000000000 0.0000000006187
-6.0000000000000 0.0000000006187
-6.0000000000000 0.0000000006187
-6.0000000000000 0.0000000006187
-6.0000000000000 0.0000000006187
-6.0000000000000 0.0000000006187
-5.9375000000000 0.0000000006242
-5.8750000000000 0.0000000006290
-5.8750000000000 0.0000000006290
-5.8125000000000 0.0000000006314
-5.7500000000000 0.0000000006320
-5.7500000000000 0.0000000006320
-5.7500000000000 0.0000000006320
-5.6875000000000 0.0000000006325
-5.6250000000000 0.0000000006325
-5.6250000000000 0.0000000006325
-5.5625000000000 0.0000000006306
-5.5000000000000 0.0000000006275
-5.5000000000000 0.0000000006275
-5.5000000000000 0.0000000006275
-5.5000000000000 0.0000000006275
-5.4375000000000 0.0000000006263
-5.3750000000000 0.0000000006275
-5.3750000000000 0.0000000006275
-5.3125000000000 0.0000000006306
-5.2500000000000 0.0000000006352
-5.2500000000000 0.0000000006352
-5.2500000000000 0.0000000006352
-5.1875000000000 0.0000000006379
-5.1250000000000 0.0000000006385
-5.1250000000000 0.0000000006385
-5.0625000000000 0.0000000006388
-5.0000000000000 0.0000000006379
-5.0000000000000 0.0000000006379
-5.0000000000000 0.0000000006379
-5.0000000000000 0.0000000006379
-5.0000000000000 0.0000000006379
-4.9375000000000 0.0000000006348
-4.8750000000000 0.0000000006301
-4.8750000000000 0.0000000006301
-4.8125000000000 0.0000000006231
-4.7500000000000 0.0000000006184
-4.7500000000000 0.0000000006184
-4.7500000000000 0.0000000006184
-4.6875000000000 0.0000000006142
-4.6250000000000 0.0000000006108
-4.6250000000000 0.0000000006108
-4.5625000000000 0.0000000006085
-4.5000000000000 0.0000000006075
-4.5000000000000 0.0000000006075
-4.5000000000000 0.0000000006075
-4.5000000000000 0.0000000006075
-4.4375000000000 0.0000000006092
-4.3750000000000 0.0000000006118
-4.3750000000000 0.0000000006118
-4.3125000000000 0.0000000006132
-4.2500000000000 0.0000000006103
-4.2500000000000 0.0000000006103
-4.2500000000000 0.0000000006103
-4.1875000000000 0.0000000005968
-4.1250000000000 0.0000000005804
-4.1250000000000 0.0000000005804
-4.0625000000000 0.0000000005726
-4.0000000000000 0.0000000005696
-4.0000000000000 0.0000000005696
-4.0000000000000 0.0000000005696
-4.0000000000000 0.0000000005696
-4.0000000000000 0.0000000005696
-4.0000000000000 0.0000000005696
-4.0000000000000 0.0000000005696
-3.9375000000000 0.0000000005749
-3.8750000000000 0.0000000005817
-3.8750000000000 0.0000000005817
-3.8125000000000 0.0000000005868
-3.7500000000000 0.0000000005881
-3.7500000000000 0.0000000005881
-3.7500000000000 0.0000000005881
-3.6875000000000 0.0000000005886
-3.6250000000000 0.0000000005898
-3.6250000000000 0.0000000005898
-3.5625000000000 0.0000000005927
-3.5000000000000 0.0000000006109
-3.5000000000000 0.0000000006109
-3.5000000000000 0.0000000006109
-3.5000000000000 0.0000000006109
-3.4375000000000 0.0000000006207
-3.3750000000000 0.0000000006413
-3.3750000000000 0.0000000006413
-3.3125000000000 0.0000000006496
-3.2812500000000 0.0000000006622
-3.2500000000000 0.0000000006743
-3.2500000000000 0.0000000006743
-3.2500000000000 0.0000000006743
-3.2500000000000 0.0000000006743
-3.2187500000000 0.0000000006802
-3.1875000000000 0.0000000006857
-3.1875000000000 0.0000000006857
-3.1562500000000 0.0000000007089
-3.1250000000000 0.0000000007312
-3.1250000000000 0.0000000007312
-3.1250000000000 0.0000000007312
-3.0937500000000 0.0000000007426
-3.0625000000000 0.0000000007535
-3.0625000000000 0.0000000007535
-3.0312500000000 0.0000000007938
-3.0000000000000 0.0000000008376
-3.0000000000000 0.0000000008376
-3.0000000000000 0.0000000008376
-3.0000000000000 0.0000000008376
-3.0000000000000 0.0000000008376
-3.0000000000000 0.0000000008376
-2.9687500000000 0.0000000008737
-2.9375000000000 0.0000000009350
-2.9375000000000 0.0000000009350
-2.9062500000000 0.0000000009738
-2.8750000000000 0.0000000010761
-2.8750000000000 0.0000000010761
-2.8750000000000 0.0000000010761
-2.8437500000000 0.0000000011499
-2.8125000000000 0.0000000012977
-2.8125000000000 0.0000000012977
-2.7812500000000 0.0000000014302
-2.7500000000000 0.0000000016298
-2.7500000000000 0.0000000016298
-2.7500000000000 0.0000000016298
-2.7500000000000 0.0000000016298
-2.7187500000000 0.0000000018085
-2.6875000000000 0.0000000020400
-2.6875000000000 0.0000000020400
-2.6562500000000 0.0000000022634
-2.6250000000000 0.0000000025086
-2.6250000000000 0.0000000025086
-2.6250000000000 0.0000000025086
-2.5937500000000 0.0000000027388
-2.5625000000000 0.0000000029444
-2.5625000000000 0.0000000029444
-2.5312500000000 0.0000000031266
-2.5000000000000 0.0000000031841
-2.5000000000000 0.0000000031841
-2.5000000000000 0.0000000031841
-2.5000000000000 0.0000000031841
-2.5000000000000 0.0000000031841
-2.4687500000000 0.0000000032009
-2.4375000000000 0.0000000031537
-2.4375000000000 0.0000000031537
-2.4062500000000 0.0000000031014
-2.3750000000000 0.0000000030086
-2.3750000000000 0.0000000030086
-2.3750000000000 0.0000000030086
-2.3437500000000 0.0000000029159
-2.3125000000000 0.0000000028110
-2.3125000000000 0.0000000028110
-2.2812500000000 0.0000000027247
-2.2500000000000 0.0000000026523
-2.2500000000000 0.0000000026523
-2.2500000000000 0.0000000026523
-2.2500000000000 0.0000000026523
-2.2187500000000 0.0000000026227
-2.1875000000000 0.0000000026196
-2.1875000000000 0.0000000026196
-2.1562500000000 0.0000000026959
-2.1250000000000 0.0000000027806
-2.1250000000000 0.0000000027806
-2.1250000000000 0.0000000027806
-2.0937500000000 0.0000000029855
-2.0625000000000 0.0000000031517
-2.0625000000000 0.0000000031517
-2.0312500000000 0.0000000033870
-2.0000000000000 0.0000000035801
-2.0000000000000 0.0000000035801
-2.0000000000000 0.0000000035801
-2.0000000000000 0.0000000035801
-2.0000000000000 0.0000000035801
-2.0000000000000 0.0000000035801
-2.0000000000000 0.0000000035801
-1.9687500000000 0.0000000037081
-1.9375000000000 0.0000000036787
-1.9375000000000 0.0000000036787
-1.9062500000000 0.0000000036438
-1.8750000000000 0.0000000034744
-1.8750000000000 0.0000000034744
-1.8750000000000 0.0000000034744
-1.8437500000000 0.0000000033855
-1.8125000000000 0.0000000032004
-1.8125000000000 0.0000000032004
-1.7812500000000 0.0000000032646
-1.7500000000000 0.0000000033382
-1.7500000000000 0.0000000033382
-1.7500000000000 0.0000000033382
-1.7500000000000 0.0000000033382
-1.7187500000000 0.0000000037296
-1.6875000000000 0.0000000040802
-1.6875000000000 0.0000000040802
-1.6562500000000 0.0000000047074
-1.6250000000000 0.0000000055355
-1.6250000000000 0.0000000055355
-1.6250000000000 0.0000000055355
-1.5937500000000 0.0000000074270
-1.5625000000000 0.0000000097610
-1.5625000000000 0.0000000097610
-1.5312500000000 0.0000000127619
-1.5000000000000 0.0000000163305
-1.5000000000000 0.0000000163305
-1.5000000000000 0.0000000163305
-1.5000000000000 0.0000000163305
-1.5000000000000 0.0000000163305
-1.4687500000000 0.0000000189863
-1.4375000000000 0.0000000197303
-1.4375000000000 0.0000000197303
-1.4062500000000 0.0000000178840
-1.3750000000000 0.0000000152148
-1.3750000000000 0.0000000152148
-1.3750000000000 0.0000000152148
-1.3437500000000 0.0000000133640
-1.3125000000000 0.0000000130291
-1.3125000000000 0.0000000130291
-1.2812500000000 0.0000000131899
-1.2500000000000 0.0000000134633
-1.2500000000000 0.0000000134633
-1.2500000000000 0.0000000134633
-1.2500000000000 0.0000000134633
-1.2187500000000 0.0000000135479
-1.1875000000000 0.0000000131001
-1.1875000000000 0.0000000131001
-1.1562500000000 0.0000000114878
-1.1250000000000 0.0000000090453
-1.1250000000000 0.0000000090453
-1.1250000000000 0.0000000090453
-1.0937500000000 0.0000000062411
-1.0625000000000 0.0000000050945
-1.0625000000000 0.0000000050945
-1.0312500000000 0.0000000046810
-1.0000000000000 0.0000000045814
-1.0000000000000 0.0000000045814
-1.0000000000000 0.0000000045814
-1.0000000000000 0.0000000045814
-1.0000000000000 0.0000000045814
-1.0000000000000 0.0000000045814
-0.9687500000000 0.0000000047667
-0.9375000000000 0.0000000053580
-0.9375000000000 0.0000000053580
-0.9062500000000 0.0000000055626
-0.8750000000000 0.0000000053359
-0.8750000000000 0.0000000053359
-0.8750000000000 0.0000000053359
-0.8437500000000 0.0000000047296
-0.8125000000000 0.0000000029162
-0.8125000000000 0.0000000029162
-0.7812500000000 0.0000000014297
-0.7500000000000 0.0000000007374
-0.7500000000000 0.0000000007374
-0.7500000000000 0.0000000007374
-0.7500000000000 0.0000000007374
-0.7187500000000 0.0000000014436
-0.6875000000000 0.0000000021248
-0.6875000000000 0.0000000021248
-0.6562500000000 0.0000000043608
-0.6250000000000 0.0000000071190
-0.6250000000000 0.0000000071190
-0.6250000000000 0.0000000071190
-0.5937500000000 0.0000000110762
-0.5625000000000 0.0000000246982
-0.5625000000000 0.0000000246982
-0.5312500000000 0.0000000231537
-0.5000000000000 0.0000000192736
-0.5000000000000 0.0000000192736
-0.5000000000000 0.0000000192736
-0.5000000000000 0.0000000192736
-0.5000000000000 0.0000000192736
-0.4687500000000 0.0000000083359
-0.4375000000000 0.0000000084865
-0.4375000000000 0.0000000084865
-0.4062500000000 0.0000000114818
-0.3750000000000 0.0000000121423
-0.3750000000000 0.0000000121423
-0.3750000000000 0.0000000121423
-0.3437500000000 0.0000000099313
-0.3125000000000 0.0000000057454
-0.3125000000000 0.0000000057454
-0.2812500000000 0.0000000047942
-0.2500000000000 0.0000000064943
-0.2500000000000 0.0000000064943
-0.2500000000000 0.0000000064943
-0.2500000000000 0.0000000064943
-0.2187500000000 0.0000000094546
-0.1875000000000 0.0000000107288
-0.1875000000000 0.0000000107288
-0.1562500000000 0.0000000100705
-0.1250000000000 0.0000000091973
-0.1250000000000 0.0000000091973
-0.1250000000000 0.0000000091973
-0.0937500000000 0.0000000071363
-0.0625000000000 0.0000000066066
-0.0625000000000 0.0000000066066
-0.0312500000000 0.0000000001000
0.0000000000000 0.0000000006948
0.0000000000000 0.0000000006948
0.0000000000000 0.0000000006948
0.0000000000000 0.0000000006948
0.0000000000000 0.0000000006948
0.0000000000000 0.0000000006948
0.0000000000000 0.0000000006948
0.0000000000000 0.0000000006948
0.0000000000000 0.0000000006948
0.0000000000000 0.0000000006948
0.0312500000000 0.0000000001000
0.0625000000000 0.0000000065521
0.0625000000000 0.0000000065521
0.0937500000000 0.0000000071278
0.1250000000000 0.0000000090869
0.1250000000000 0.0000000090869
0.1250000000000 0.0000000090869
0.1562500000000 0.0000000103345
0.1875000000000 0.0000000109752
0.1875000000000 0.0000000109752
0.2187500000000 0.0000000097885
0.2500000000000 0.0000000073245
0.2500000000000 0.0000000073245
0.2500000000000 0.0000000073245
0.2500000000000 0.0000000073245
0.2812500000000 0.0000000055760
0.3125000000000 0.0000000065711
0.3125000000000 0.0000000065711
0.3437500000000 0.0000000108207
0.3750000000000 0.0000000112059
0.3750000000000 0.0000000112059
0.3750000000000 0.0000000112059
0.4062500000000 0.0000000098114
0.4375000000000 0.0000000078984
0.4375000000000 0.0000000078984
0.4687500000000 0.0000000099320
0.5000000000000 0.0000000202293
0.5000000000000 0.0000000202293
0.5000000000000 0.0000000202293
0.5000000000000 0.0000000202293
0.5000000000000 0.0000000202293
0.5312500000000 0.0000000235302
0.5625000000000 0.0000000186589
0.5625000000000 0.0000000186589
0.5937500000000 0.0000000091471
0.6250000000000 0.0000000062577
0.6250000000000 0.0000000062577
0.6250000000000 0.0000000062577
0.6562500000000 0.0000000050447
0.6875000000000 0.0000000023353
0.6875000000000 0.0000000023353
0.7187500000000 0.0000000008054
0.7500000000000 0.0000000008536
0.7500000000000 0.0000000008536
0.7500000000000 0.0000000008536
0.7500000000000 0.0000000008536
0.7812500000000 0.0000000018312
0.8125000000000 0.0000000038545
0.8125000000000 0.0000000038545
0.8437500000000 0.0000000057322
0.8750000000000 0.0000000069544
0.8750000000000 0.0000000069544
0.8750000000000 0.0000000069544
0.9062500000000 0.0000000065059
0.9375000000000 0.0000000049702
0.9375000000000 0.0000000049702
0.9687500000000 0.0000000037767
1.0000000000000 0.0000000030624
1.0000000000000 0.0000000030624
1.0000000000000 0.0000000030624
1.0000000000000 0.0000000030624
1.0000000000000 0.0000000030624
1.0000000000000 0.0000000030624
1.0312500000000 0.0000000033900
1.0625000000000 0.0000000044512
1.0625000000000 0.0000000044512
1.0937500000000 0.0000000073388
1.1250000000000 0.0000000100980
1.1250000000000 0.0000000100980
1.1250000000000 0.0000000100980
1.1562500000000 0.0000000119860
1.1875000000000 0.0000000129425
1.1875000000000 0.0000000129425
1.2187500000000 0.0000000128355
1.2500000000000 0.0000000124738
1.2500000000000 0.0000000124738
1.2500000000000 0.0000000124738
1.2500000000000 0.0000000124738
1.2812500000000 0.0000000127641
1.3125000000000 0.0000000143377
1.3125000000000 0.0000000143377
1.3437500000000 0.0000000175858
1.3750000000000 0.0000000204773
1.3750000000000 0.0000000204773
1.3750000000000 0.0000000204773
1.4062500000000 0.0000000226891
1.4375000000000 0.0000000239261
1.4375000000000 0.0000000239261
1.4687500000000 0.0000000224607
1.5000000000000 0.0000000164122
1.5000000000000 0.0000000164122
1.5000000000000 0.0000000164122
1.5000000000000 0.0000000164122
1.5000000000000 0.0000000164122
1.5312500000000 0.0000000123705
1.5625000000000 0.0000000078928
1.5625000000000 0.0000000078928
1.5937500000000 0.0000000060741
1.6250000000000 0.0000000048029
1.6250000000000 0.0000000048029
1.6250000000000 0.0000000048029
1.6562500000000 0.0000000045856
1.6875000000000 0.0000000041797
1.6875000000000 0.0000000041797
1.7187500000000 0.0000000040845
1.7500000000000 0.0000000039553
1.7500000000000 0.0000000039553
1.7500000000000 0.0000000039553
1.7500000000000 0.0000000039553
1.7812500000000 0.0000000039633
1.8125000000000 0.0000000039786
1.8125000000000 0.0000000039786
1.8437500000000 0.0000000040587
1.8750000000000 0.0000000041329
1.8750000000000 0.0000000041329
1.8750000000000 0.0000000041329
1.9062500000000 0.0000000041745
1.9375000000000 0.0000000041590
1.9375000000000 0.0000000041590
1.9687500000000 0.0000000041105
2.0000000000000 0.0000000039589
2.0000000000000 0.0000000039589
2.0000000000000 0.0000000039589
2.0000000000000 0.0000000039589
2.0000000000000 0.0000000039589
2.0000000000000 0.0000000039589
2.0000000000000 0.0000000039589
2.0312500000000 0.0000000038075
2.0625000000000 0.0000000036279
2.0625000000000 0.0000000036279
2.0937500000000 0.0000000034292
2.1250000000000 0.0000000032279
2.1250000000000 0.0000000032279
2.1250000000000 0.0000000032279
2.1562500000000 0.0000000030307
2.1875000000000 0.0000000029003
2.1875000000000 0.0000000029003
2.2187500000000 0.0000000029185
2.2500000000000 0.0000000030637
2.2500000000000 0.0000000030637
2.2500000000000 0.0000000030637
2.2500000000000 0.0000000030637
2.2812500000000 0.0000000033690
2.3125000000000 0.0000000036605
2.3125000000000 0.0000000036605
2.3437500000000 0.0000000039455
2.3750000000000 0.0000000041642
2.3750000000000 0.0000000041642
2.3750000000000 0.0000000041642
2.4062500000000 0.0000000044092
2.4375000000000 0.0000000045446
2.4375000000000 0.0000000045446
2.4687500000000 0.0000000047030
2.5000000000000 0.0000000047655
2.5000000000000 0.0000000047655
2.5000000000000 0.0000000047655
2.5000000000000 0.0000000047655
2.5000000000000 0.0000000047655
2.5312500000000 0.0000000047172
2.5625000000000 0.0000000044966
2.5625000000000 0.0000000044966
2.5937500000000 0.0000000041500
2.6250000000000 0.0000000038011
2.6250000000000 0.0000000038011
2.6250000000000 0.0000000038011
2.6562500000000 0.0000000034442
2.6875000000000 0.0000000030549
2.6875000000000 0.0000000030549
2.7187500000000 0.0000000027664
2.7500000000000 0.0000000024365
2.7500000000000 0.0000000024365
2.7500000000000 0.0000000024365
2.7500000000000 0.0000000024365
2.7812500000000 0.0000000022232
2.8125000000000 0.0000000019221
2.8125000000000 0.0000000019221
2.8437500000000 0.0000000017653
2.8750000000000 0.0000000015796
2.8750000000000 0.0000000015796
2.8750000000000 0.0000000015796
2.9062500000000 0.0000000015019
2.9375000000000 0.0000000013807
2.9375000000000 0.0000000013807
2.9687500000000 0.0000000013040
3.0000000000000 0.0000000012034
3.0000000000000 0.0000000012034
3.0000000000000 0.0000000012034
3.0000000000000 0.0000000012034
3.0000000000000 0.0000000012034
3.0000000000000 0.0000000012034
3.0312500000000 0.0000000011326
3.0625000000000 0.0000000010698
3.0625000000000 0.0000000010698
3.0937500000000 0.0000000010161
3.1250000000000 0.0000000009703
3.1250000000000 0.0000000009703
3.1250000000000 0.0000000009703
3.1562500000000 0.0000000009375
3.1875000000000 0.0000000009037
3.1875000000000 0.0000000009037
3.2187500000000 0.0000000008671
3.2500000000000 0.0000000008293
3.2500000000000 0.0000000008293
3.2500000000000 0.0000000008293
3.2500000000000 0.0000000008293
3.2812500000000 0.0000000008169
3.3125000000000 0.0000000008039
3.3750000000000 0.0000000007459
3.3750000000000 0.0000000007459
3.4375000000000 0.0000000007218
3.5000000000000 0.0000000006780
3.5000000000000 0.0000000006780
3.5000000000000 0.0000000006780
3.5000000000000 0.0000000006780
3.5625000000000 0.0000000006649
3.6250000000000 0.0000000006341
3.6250000000000 0.0000000006341
3.6875000000000 0.0000000006161
3.7500000000000 0.0000000005922
3.7500000000000 0.0000000005922
3.7500000000000 0.0000000005922
3.8125000000000 0.0000000005708
3.8750000000000 0.0000000005436
3.8750000000000 0.0000000005436
3.9375000000000 0.0000000005357
4.0000000000000 0.0000000005280
4.0000000000000 0.0000000005280
4.0000000000000 0.0000000005280
4.0000000000000 0.0000000005280
4.0000000000000 0.0000000005280
4.0000000000000 0.0000000005280
4.0000000000000 0.0000000005280
4.0625000000000 0.0000000005300
4.1250000000000 0.0000000005373
4.1250000000000 0.0000000005373
4.1875000000000 0.0000000005472
4.2500000000000 0.0000000005542
4.2500000000000 0.0000000005542
4.2500000000000 0.0000000005542
4.3125000000000 0.0000000005638
4.3750000000000 0.0000000005706
4.3750000000000 0.0000000005706
4.4375000000000 0.0000000005803
4.5000000000000 0.0000000005875
4.5000000000000 0.0000000005875
4.5000000000000 0.0000000005875
4.5000000000000 0.0000000005875
4.5625000000000 0.0000000005900
4.6250000000000 0.0000000005917
4.6250000000000 0.0000000005917
4.6875000000000 0.0000000005960
4.7500000000000 0.0000000005999
4.7500000000000 0.0000000005999
4.7500000000000 0.0000000005999
4.8125000000000 0.0000000006035
4.8750000000000 0.0000000006039
4.8750000000000 0.0000000006039
4.9375000000000 0.0000000006050
5.0000000000000 0.0000000006095
5.0000000000000 0.0000000006095
5.0000000000000 0.0000000006095
5.0000000000000 0.0000000006095
5.0000000000000 0.0000000006095
5.0625000000000 0.0000000006174
5.1250000000000 0.0000000006210
5.1250000000000 0.0000000006210
5.1875000000000 0.0000000006197
5.2500000000000 0.0000000006165
5.2500000000000 0.0000000006165
5.2500000000000 0.0000000006165
5.3125000000000 0.0000000006109
5.3750000000000 0.0000000006036
5.3750000000000 0.0000000006036
5.4375000000000 0.0000000005966
5.5000000000000 0.0000000005919
5.5000000000000 0.0000000005919
5.5000000000000 0.0000000005919
5.5000000000000 0.0000000005919
5.5625000000000 0.0000000005880
5.6250000000000 0.0000000005832
5.6250000000000 0.0000000005832
5.6875000000000 0.0000000005790
5.7500000000000 0.0000000005774
5.7500000000000 0.0000000005774
5.7500000000000 0.0000000005774
5.8125000000000 0.0000000005779
5.8750000000000 0.0000000005787
5.8750000000000 0.0000000005787
5.9375000000000 0.0000000005785
6.0000000000000 0.0000000005778
6.0000000000000 0.0000000005778
6.0000000000000 0.0000000005778
6.0000000000000 0.0000000005778
6.0000000000000 0.0000000005778
6.0000000000000 0.0000000005778
6.0625000000000 0.0000000005766
6.1250000000000 0.0000000005750
6.1250000000000 0.0000000005750
6.1875000000000 0.0000000005730
6.2500000000000 0.0000000005710
6.2500000000000 0.0000000005710
6.2500000000000 0.0000000005710
6.3125000000000 0.0000000005708
6.3750000000000 0.0000000005708
6.3750000000000 0.0000000005708
6.4375000000000 0.0000000005711
6.5000000000000 0.0000000005713
6.5000000000000 0.0000000005713
6.5000000000000 0.0000000005713
6.5000000000000 0.0000000005713
6.5625000000000 0.0000000005703
6.6250000000000 0.0000000005685
6.7500000000000 0.0000000005630
6.7500000000000 0.0000000005630
6.8750000000000 0.0000000005596
7.0000000000000 0.0000000005564
7.0000000000000 0.0000000005564
7.0000000000000 0.0000000005564
7.0000000000000 0.0000000005564
7.1250000000000 0.0000000005519
7.2500000000000 0.0000000005373
7.2500000000000 0.0000000005373
7.3750000000000 0.0000000005202
7.5000000000000 0.0000000005111
7.5000000000000 0.0000000005111
7.5000000000000 0.0000000005111
7.6250000000000 0.0000000005031
7.7500000000000 0.0000000004945
7.7500000000000 0.0000000004945
7.8750000000000 0.0000000004853
8.0000000000000 0.0000000004804
8.0000000000000 0.0000000004804
8.0000000000000 0.0000000004804
8.0000000000000 0.0000000004804
8.0000000000000 0.0000000004804
8.0000000000000 0.0000000004804
8.0000000000000 0.0000000004804
8.1250000000000 0.0000000004743
8.2500000000000 0.0000000004693
8.2500000000000 0.0000000004693
8.3750000000000 0.0000000004662
8.5000000000000 0.0000000004630
8.5000000000000 0.0000000004630
8.5000000000000 0.0000000004630
8.6250000000000 0.0000000004553
8.7500000000000 0.0000000004474
8.7500000000000 0.0000000004474
8.8750000000000 0.0000000004427
9.0000000000000 0.0000000004379
9.0000000000000 0.0000000004379
9.0000000000000 0.0000000004379
9.0000000000000 0.0000000004379
9.1250000000000 0.0000000004312
9.2500000000000 0.0000000004230
9.5000000000000 0.0000000004030
9.5000000000000 0.0000000004030
9.7500000000000 0.0000000003935
10.0000000000000 0.0000000003828
10.0000000000000 0.0000000003828
10.0000000000000 0.0000000003828
10.0000000000000 0.0000000003828
10.2500000000000 0.0000000003653
10.5000000000000 0.0000000003601
10.5000000000000 0.0000000003601
10.7500000000000 0.0000000003593
11.0000000000000 0.0000000003585
11.0000000000000 0.0000000003585
11.0000000000000 0.0000000003585
11.2500000000000 0.0000000003544
11.5000000000000 0.0000000003511
11.5000000000000 0.0000000003511
11.7500000000000 0.0000000003424
12.0000000000000 0.0000000003332
12.0000000000000 0.0000000003332
12.0000000000000 0.0000000003332
12.0000000000000 0.0000000003332
12.0000000000000 0.0000000003332
12.2500000000000 0.0000000003252
12.5000000000000 0.0000000003178
12.5000000000000 0.0000000003178
12.7500000000000 0.0000000003449
13.0000000000000 0.0000000003721
13.0000000000000 0.0000000003721
13.0000000000000 0.0000000003721
13.2500000000000 0.0000000003938
13.5000000000000 0.0000000004119
13.5000000000000 0.0000000004119
13.7500000000000 0.0000000004158
14.0000000000000 0.0000000004206
14.0000000000000 0.0000000004206
14.0000000000000 0.0000000004206
14.0000000000000 0.0000000004206
14.2500000000000 0.0000000004127
14.5000000000000 0.0000000004046
15.0000000000000 0.0000000003899
15.0000000000000 0.0000000003899
15.5000000000000 0.0000000003826
16.0000000000000 0.0000000003811
16.0000000000000 0.0000000003811
16.0000000000000 0.0000000003811
16.0000000000000 0.0000000003811
16.0000000000000 0.0000000003811
16.0000000000000 0.0000000003811
16.5000000000000 0.0000000003781
17.0000000000000 0.0000000003776
17.0000000000000 0.0000000003776
17.5000000000000 0.0000000003693
18.0000000000000 0.0000000003648
18.0000000000000 0.0000000003648
18.0000000000000 0.0000000003648
18.5000000000000 0.0000000003626
19.0000000000000 0.0000000003572
19.0000000000000 0.0000000003572
19.5000000000000 0.0000000003576
20.0000000000000 0.0000000003709
20.0000000000000 0.0000000003709
20.0000000000000 0.0000000003709
20.0000000000000 0.0000000003709
20.5000000000000 0.0000000004052
21.0000000000000 0.0000000004912
21.0000000000000 0.0000000004912
21.5000000000000 0.0000000006747
22.0000000000000 0.0000000010585
22.0000000000000 0.0000000010585
22.0000000000000 0.0000000010585
22.5000000000000 0.0000000016508
23.0000000000000 0.0000000023110
23.0000000000000 0.0000000023110
23.5000000000000 0.0000000026820
24.0000000000000 0.0000000026814
24.0000000000000 0.0000000026814
24.0000000000000 0.0000000026814
24.0000000000000 0.0000000026814
24.0000000000000 0.0000000026814
24.5000000000000 0.0000000025528
25.0000000000000 0.0000000022134
25.0000000000000 0.0000000022134
25.5000000000000 0.0000000015445
26.0000000000000 0.0000000008731
26.0000000000000 0.0000000008731
26.0000000000000 0.0000000008731
26.5000000000000 0.0000000006585
27.0000000000000 0.0000000005189
27.0000000000000 0.0000000005189
27.5000000000000 0.0000000004927
28.0000000000000 0.0000000004664
28.0000000000000 0.0000000004664
28.0000000000000 0.0000000004664
28.0000000000000 0.0000000004664
28.5000000000000 0.0000000004269
29.0000000000000 0.0000000003786
30.0000000000000 0.0000000002403
30.0000000000000 0.0000000002403
31.0000000000000 0.0000000002006
32.0000000000000 0.0000000001952
32.0000000000000 0.0000000001952
32.0000000000000 0.0000000001952
32.0000000000000 0.0000000001952
32.0000000000000 0.0000000001952
33.0000000000000 0.0000000001495
34.0000000000000 0.0000000001000
34.0000000000000 0.0000000001000
35.0000000000000 0.0000000001001
36.0000000000000 0.0000000001013
36.0000000000000 0.0000000001013
36.0000000000000 0.0000000001013
37.0000000000000 0.0000000001031
38.0000000000000 0.0000000001045
38.0000000000000 0.0000000001045
39.0000000000000 0.0000000001051
40.0000000000000 0.0000000001062
40.0000000000000 0.0000000001062
40.0000000000000 0.0000000001062
40.0000000000000 0.0000000001062
41.0000000000000 0.0000000001153
42.0000000000000 0.0000000001299
42.0000000000000 0.0000000001299
43.0000000000000 0.0000000001645
44.0000000000000 0.0000000001992
44.0000000000000 0.0000000001992
44.0000000000000 0.0000000001992
45.0000000000000 0.0000000002085
46.0000000000000 0.0000000002096
46.0000000000000 0.0000000002096
47.0000000000000 0.0000000001986
48.0000000000000 0.0000000001875
48.0000000000000 0.0000000001875
48.0000000000000 0.0000000001875
48.0000000000000 0.0000000001875
48.0000000000000 0.0000000001875
49.0000000000000 0.0000000001957
50.0000000000000 0.0000000002169
52.0000000000000 0.0000000004300
52.0000000000000 0.0000000004300
54.0000000000000 0.0000000008361
56.0000000000000 0.0000000006186
56.0000000000000 0.0000000006186
56.0000000000000 0.0000000006186
58.0000000000000 0.0000000001340
60.0000000000000 0.0000000001000
60.0000000000000 0.0000000001000
62.0000000000000 0.0000000001016
64.0000000000000 0.0000000001113
64.0000000000000 0.0000000001113
64.0000000000000 0.0000000001113
64.0000000000000 0.0000000001113
66.0000000000000 0.0000000001235
68.0000000000000 0.0000000001395
68.0000000000000 0.0000000001395
70.0000000000000 0.0000000001686
72.0000000000000 0.0000000001812
72.0000000000000 0.0000000001812
72.0000000000000 0.0000000001812
74.0000000000000 0.0000000001503
76.0000000000000 0.0000000001325
76.0000000000000 0.0000000001325
78.0000000000000 0.0000000001715
80.0000000000000 0.0000000002366
80.0000000000000 0.0000000002366
80.0000000000000 0.0000000002366
80.0000000000000 0.0000000002366
82.0000000000000 0.0000000002588
84.0000000000000 0.0000000002611
84.0000000000000 0.0000000002611
86.0000000000000 0.0000000001892
88.0000000000000 0.0000000001171
88.0000000000000 0.0000000001171
88.0000000000000 0.0000000001171
90.0000000000000 0.0000000001042
92.0000000000000 0.0000000001000
92.0000000000000 0.0000000001000
94.0000000000000 0.0000000001046
96.0000000000000 0.0000000001182
96.0000000000000 0.0000000001182
96.0000000000000 0.0000000001182
96.0000000000000 0.0000000001182
98.0000000000000 0.0000000001969
100.0000000000000 0.0000000002757
104.0000000000000 0.0000000002276
104.0000000000000 0.0000000002276
108.0000000000000 0.0000000001000
112.0000000000000 0.0000000001008
112.0000000000000 0.0000000001008
112.0000000000000 0.0000000001008
116.0000000000000 0.0000000001336
120.0000000000000 0.0000000002033
120.0000000000000 0.0000000002033
124.0000000000000 0.0000000001778
128.0000000000000 0.0000000001114
128.0000000000000 0.0000000001114
128.0000000000000 0.0000000001114
132.0000000000000 0.0000000001034
136.0000000000000 0.0000000001000
136.0000000000000 0.0000000001000
140.0000000000000 0.0000000001018
144.0000000000000 0.0000000001067
144.0000000000000 0.0000000001067
144.0000000000000 0.0000000001067
148.0000000000000 0.0000000001162
152.0000000000000 0.0000000001257
152.0000000000000 0.0000000001257
156.0000000000000 0.0000000001244
160.0000000000000 0.0000000001231
160.0000000000000 0.0000000001231
160.0000000000000 0.0000000001231
164.0000000000000 0.0000000001151
168.0000000000000 0.0000000001071
176.0000000000000 0.0000000001000
176.0000000000000 0.0000000001000
184.0000000000000 0.0000000001140
192.0000000000000 0.0000000001288
192.0000000000000 0.0000000001288
200.0000000000000 0.0000000001000
208.0000000000000 0.0000000001154
208.0000000000000 0.0000000001154
216.0000000000000 0.0000000001301
224.0000000000000 0.0000000001000
224.0000000000000 0.0000000001000
232.0000000000000 0.0000000001072
240.0000000000000 0.0000000001173
240.0000000000000 0.0000000001173
248.0000000000000 0.0000000001086
256.0000000000000 0.0000000001000
256.0000000000000 0.0000000001000
264.0000000000000 0.0000000001003
272.0000000000000 0.0000000001006
272.0000000000000 0.0000000001006
280.0000000000000 0.0000000001052
288.0000000000000 0.0000000001097
288.0000000000000 0.0000000001097
296.0000000000000 0.0000000001049
304.0000000000000 0.0000000001000
304.0000000000000 0.0000000001000
312.0000000000000 0.0000000001001
320.0000000000000 0.0000000001012
336.0000000000000 0.0000000001064
352.0000000000000 0.0000000001000
368.0000000000000 0.0000000001034
384.0000000000000 0.0000000001024
400.0000000000000 0.0000000001000
416.0000000000000 0.0000000001049
432.0000000000000 0.0000000001000
448.0000000000000 0.0000000001002
464.0000000000000 0.0000000001029
480.0000000000000 0.0000000001000
496.0000000000000 0.0000000001021
512.0000000000000 0.0000000001013
528.0000000000000 0.0000000001000
544.0000000000000 0.0000000001029
560.0000000000000 0.0000000001001
576.0000000000000 0.0000000001000
592.0000000000000 0.0000000001022
608.0000000000000 0.0000000001000
624.0000000000000 0.0000000001005
640.0000000000000 0.0000000001017
656.0000000000000 0.0000000001000
672.0000000000000 0.0000000001013
688.0000000000000 0.0000000001008
704.0000000000000 0.0000000001000
720.0000000000000 0.0000000001013
736.0000000000000 0.0000000001007
752.0000000000000 0.0000000001000
768.0000000000000 0.0000000001006
784.0000000000000 0.0000000001011
800.0000000000000 0.0000000001000
816.0000000000000 0.0000000001002
832.0000000000000 0.0000000001013
848.0000000000000 0.0000000001001
864.0000000000000 0.0000000001000
880.0000000000000 0.0000000001005
896.0000000000000 0.0000000001008
912.0000000000000 0.0000000001000
928.0000000000000 0.0000000001000
944.0000000000000 0.0000000001005
960.0000000000000 0.0000000001013
976.0000000000000 0.0000000001001
992.0000000000000 0.0000000001000
1008.0000000000000 0.0000000001007
1024.0000000000000 0.0000000001003
1040.0000000000000 0.0000000001000
1056.0000000000000 0.0000000001001
1072.0000000000000 0.0000000001001
1088.0000000000000 0.0000000001001
1104.0000000000000 0.0000000001001
1120.0000000000000 0.0000000001001
1136.0000000000000 0.0000000001001
1152.0000000000000 0.0000000001001
1168.0000000000000 0.0000000001001
1184.0000000000000 0.0000000001001
1200.0000000000000 0.0000000001001
1216.0000000000000 0.0000000001001
1232.0000000000000 0.0000000001001
1248.0000000000000 0.0000000001001
1264.0000000000000 0.0000000001001
1280.0000000000000 0.0000000001001
1296.0000000000000 0.0000000001001
1312.0000000000000 0.0000000001001
1328.0000000000000 0.0000000001001
1344.0000000000000 0.0000000001001
1360.0000000000000 0.0000000001001
1376.0000000000000 0.0000000001001
1392.0000000000000 0.0000000001000
1408.0000000000000 0.0000000001000
1424.0000000000000 0.0000000001000
1440.0000000000000 0.0000000001000
1456.0000000000000 0.0000000001000
1472.0000000000000 0.0000000001001
1488.0000000000000 0.0000000001001
1504.0000000000000 0.0000000001001
1520.0000000000000 0.0000000001001
1536.0000000000000 0.0000000001001
1552.0000000000000 0.0000000001001
1568.0000000000000 0.0000000001001
1584.0000000000000 0.0000000001001
1600.0000000000000 0.0000000001001
1616.0000000000000 0.0000000001001
1632.0000000000000 0.0000000001001
1648.0000000000000 0.0000000001001
1664.0000000000000 0.0000000001000
1680.0000000000000 0.0000000001000
1696.0000000000000 0.0000000001000
1712.0000000000000 0.0000000001001
1728.0000000000000 0.0000000001001
1744.0000000000000 0.0000000001001
1760.0000000000000 0.0000000001001
1776.0000000000000 0.0000000001001
1792.0000000000000 0.0000000001001
1808.0000000000000 0.0000000001000
1824.0000000000000 0.0000000001000
1840.0000000000000 0.0000000001002
1856.0000000000000 0.0000000001003
1872.0000000000000 0.0000000001000
1888.0000000000000 0.0000000001000
1904.0000000000000 0.0000000001003
1920.0000000000000 0.0000000001001
1936.0000000000000 0.0000000001000
1952.0000000000000 0.0000000001002
1968.0000000000000 0.0000000001000
1984.0000000000000 0.0000000001000
