# x rho
-1984.0000000000000 0.0000000001000
-1968.0000000000000 0.0000000001000
-1952.0000000000000 0.0000000001000
-1936.0000000000000 0.0000000001000
-1920.0000000000000 0.0000000001001
-1904.0000000000000 0.0000000001000
-1888.0000000000000 0.0000000001000
-1872.0000000000000 0.0000000001001
-1856.0000000000000 0.0000000001000
-1840.0000000000000 0.0000000001000
-1824.0000000000000 0.0000000001000
-1808.0000000000000 0.0000000001001
-1792.0000000000000 0.0000000001001
-1776.0000000000000 0.0000000001000
-1760.0000000000000 0.0000000001000
-1744.0000000000000 0.0000000001000
-1728.0000000000000 0.0000000001000
-1712.0000000000000 0.0000000001001
-1696.0000000000000 0.0000000001000
-1680.0000000000000 0.0000000001001
-1664.0000000000000 0.0000000001000
-1648.0000000000000 0.0000000001000
-1632.0000000000000 0.0000000001000
-1616.0000000000000 0.0000000001000
-1600.0000000000000 0.0000000001000
-1584.0000000000000 0.0000000001000
-1568.0000000000000 0.0000000001000
-1552.0000000000000 0.0000000001000
-1536.0000000000000 0.0000000001000
-1520.0000000000000 0.0000000001000
-1504.0000000000000 0.0000000001000
-1488.0000000000000 0.0000000001000
-1472.0000000000000 0.0000000001000
-1456.0000000000000 0.0000000001000
-1440.0000000000000 0.0000000001000
-1424.0000000000000 0.0000000001000
-1408.0000000000000 0.0000000001000
-1392.0000000000000 0.0000000001000
-1376.0000000000000 0.0000000001000
-1360.0000000000000 0.0000000001000
-1344.0000000000000 0.0000000001000
-1328.0000000000000 0.0000000001000
-1312.0000000000000 0.0000000001000
-1296.0000000000000 0.0000000001000
-1280.0000000000000 0.0000000001000
-1264.0000000000000 0.0000000001000
-1248.0000000000000 0.0000000001000
-1232.0000000000000 0.0000000001000
-1216.0000000000000 0.0000000001000
-1200.0000000000000 0.0000000001000
-1184.0000000000000 0.0000000001000
-1168.0000000000000 0.0000000001000
-1152.0000000000000 0.0000000001000
-1136.0000000000000 0.0000000001000
-1120.0000000000000 0.0000000001000
-1104.0000000000000 0.0000000001000
-1088.0000000000000 0.0000000001000
-1072.0000000000000 0.0000000001000
-1056.0000000000000 0.0000000001000
-1040.0000000000000 0.0000000001000
-1024.0000000000000 0.0000000001000
-1008.0000000000000 0.0000000001000
-992.0000000000000 0.0000000001001
-976.0000000000000 0.0000000001007
-960.0000000000000 0.0000000001002
-944.0000000000000 0.0000000001000
-928.0000000000000 0.0000000001001
-912.0000000000000 0.0000000001003
-896.0000000000000 0.0000000001001
-880.0000000000000 0.0000000001000
-864.0000000000000 0.0000000001002
-848.0000000000000 0.0000000001004
-832.0000000000000 0.0000000001000
-816.0000000000000 0.0000000001000
-800.0000000000000 0.0000000001006
-784.0000000000000 0.0000000001001
-768.0000000000000 0.0000000001000
-752.0000000000000 0.0000000001004
-736.0000000000000 0.0000000001004
-720.0000000000000 0.0000000001000
-704.0000000000000 0.0000000001002
-688.0000000000000 0.0000000001006
-672.0000000000000 0.0000000001000
-656.0000000000000 0.0000000001005
-640.0000000000000 0.0000000001004
-624.0000000000000 0.0000000001000
-608.0000000000000 0.0000000001008
-592.0000000000000 0.0000000001000
-576.0000000000000 0.0000000001000
-560.0000000000000 0.0000000001012
-544.0000000000000 0.0000000001000
-528.0000000000000 0.0000000001004
-512.0000000000000 0.0000000001009
-496.0000000000000 0.0000000001000
-480.0000000000000 0.0000000001010
-464.0000000000000 0.0000000001003
-448.0000000000000 0.0000000001000
-432.0000000000000 0.0000000001017
-416.0000000000000 0.0000000001000
-400.0000000000000 0.0000000001006
-384.0000000000000 0.0000000001016
-368.0000000000000 0.0000000001000
-352.0000000000000 0.0000000001023
-336.0000000000000 0.0000000001005
-320.0000000000000 0.0000000001000
-312.0000000000000 0.0000000001017
-304.0000000000000 0.0000000001034
-304.0000000000000 0.0000000001034
-296.0000000000000 0.0000000001017
-288.0000000000000 0.0000000001000
-288.0000000000000 0.0000000001000
-280.0000000000000 0.0000000001003
-272.0000000000000 0.0000000001006
-272.0000000000000 0.0000000001006
-264.0000000000000 0.0000000001027
-256.0000000000000 0.0000000001047
-256.0000000000000 0.0000000001047
-248.0000000000000 0.0000000001024
-240.0000000000000 0.0000000001001
-240.0000000000000 0.0000000001001
-232.0000000000000 0.0000000001000
-224.0000000000000 0.0000000001189
-224.0000000000000 0.0000000001189
-216.0000000000000 0.0000000001025
-208.0000000000000 0.0000000001000
-208.0000000000000 0.0000000001000
-200.0000000000000 0.0000000001170
-192.0000000000000 0.0000000001000
-192.0000000000000 0.0000000001000
-184.0000000000000 0.0000000001017
-176.0000000000000 0.0000000001170
-176.0000000000000 0.0000000001170
-168.0000000000000 0.0000000001000
-164.0000000000000 0.0000000001000
-160.0000000000000 0.0000000001001
-160.0000000000000 0.0000000001001
-160.0000000000000 0.0000000001001
-156.0000000000000 0.0000000001019
-152.0000000000000 0.0000000001045
-152.0000000000000 0.0000000001045
-148.0000000000000 0.0000000001081
-144.0000000000000 0.0000000001116
-144.0000000000000 0.0000000001116
-144.0000000000000 0.0000000001116
-140.0000000000000 0.0000000001134
-136.0000000000000 0.0000000001140
-136.0000000000000 0.0000000001140
-132.0000000000000 0.0000000001073
-128.0000000000000 0.0000000001006
-128.0000000000000 0.0000000001006
-128.0000000000000 0.0000000001006
-124.0000000000000 0.0000000001000
-120.0000000000000 0.0000000001452
-120.0000000000000 0.0000000001452
-116.0000000000000 0.0000000001611
-112.0000000000000 0.0000000001092
-112.0000000000000 0.0000000001092
-112.0000000000000 0.0000000001092
-108.0000000000000 0.0000000001000
-104.0000000000000 0.0000000001309
-104.0000000000000 0.0000000001309
-100.0000000000000 0.0000000001786
-98.0000000000000 0.0000000001444
-96.0000000000000 0.0000000001103
-96.0000000000000 0.0000000001103
-96.0000000000000 0.0000000001103
-96.0000000000000 0.0000000001103
-94.0000000000000 0.0000000001052
-92.0000000000000 0.0000000001000
-92.0000000000000 0.0000000001000
-90.0000000000000 0.0000000001219
-88.0000000000000 0.0000000001437
-88.0000000000000 0.0000000001437
-88.0000000000000 0.0000000001437
-86.0000000000000 0.0000000001651
-84.0000000000000 0.0000000001863
-84.0000000000000 0.0000000001863
-82.0000000000000 0.0000000001738
-80.0000000000000 0.0000000001597
-80.0000000000000 0.0000000001597
-80.0000000000000 0.0000000001597
-80.0000000000000 0.0000000001597
-78.0000000000000 0.0000000001587
-76.0000000000000 0.0000000001266
-76.0000000000000 0.0000000001266
-74.0000000000000 0.0000000001009
-72.0000000000000 0.0000000001000
-72.0000000000000 0.0000000001000
-72.0000000000000 0.0000000001000
-70.0000000000000 0.0000000002457
-68.0000000000000 0.0000000004258
-68.0000000000000 0.0000000004258
-66.0000000000000 0.0000000001599
-64.0000000000000 0.0000000001000
-64.0000000000000 0.0000000001000
-64.0000000000000 0.0000000001000
-64.0000000000000 0.0000000001000
-62.0000000000000 0.0000000001218
-60.0000000000000 0.0000000003548
-60.0000000000000 0.0000000003548
-58.0000000000000 0.0000000001579
-56.0000000000000 0.0000000001044
-56.0000000000000 0.0000000001044
-56.0000000000000 0.0000000001044
-54.0000000000000 0.0000000002000
-52.0000000000000 0.0000000004465
-52.0000000000000 0.0000000004465
-50.0000000000000 0.0000000002040
-49.0000000000000 0.0000000001384
-48.0000000000000 0.0000000001000
-48.0000000000000 0.0000000001000
-48.0000000000000 0.0000000001000
-48.0000000000000 0.0000000001000
-48.0000000000000 0.0000000001000
-47.0000000000000 0.0000000001023
-46.0000000000000 0.0000000001042
-46.0000000000000 0.0000000001042
-45.0000000000000 0.0000000001529
-44.0000000000000 0.0000000002328
-44.0000000000000 0.0000000002328
-44.0000000000000 0.0000000002328
-43.0000000000000 0.0000000003667
-42.0000000000000 0.0000000005002
-42.0000000000000 0.0000000005002
-41.0000000000000 0.0000000004405
-40.0000000000000 0.0000000003643
-40.0000000000000 0.0000000003643
-40.0000000000000 0.0000000003643
-40.0000000000000 0.0000000003643
-39.0000000000000 0.0000000002364
-38.0000000000000 0.0000000001622
-38.0000000000000 0.0000000001622
-37.0000000000000 0.0000000001470
-36.0000000000000 0.0000000001556
-36.0000000000000 0.0000000001556
-36.0000000000000 0.0000000001556
-35.0000000000000 0.0000000001570
-34.0000000000000 0.0000000001570
-34.0000000000000 0.0000000001570
-33.0000000000000 0.0000000001572
-32.0000000000000 0.0000000001563
-32.0000000000000 0.0000000001563
-32.0000000000000 0.0000000001563
-32.0000000000000 0.0000000001563
-32.0000000000000 0.0000000001563
-31.0000000000000 0.0000000001445
-30.0000000000000 0.0000000001109
-30.0000000000000 0.0000000001109
-29.0000000000000 0.0000000001000
-28.5000000000000 0.0000000001025
-28.0000000000000 0.0000000001096
-28.0000000000000 0.0000000001096
-28.0000000000000 0.0000000001096
-28.0000000000000 0.0000000001096
-27.5000000000000 0.0000000001474
-27.0000000000000 0.0000000002077
-27.0000000000000 0.0000000002077
-26.5000000000000 0.0000000003079
-26.0000000000000 0.0000000004077
-26.0000000000000 0.0000000004077
-26.0000000000000 0.0000000004077
-25.5000000000000 0.0000000004696
-25.0000000000000 0.0000000005064
-25.0000000000000 0.0000000005064
-24.5000000000000 0.0000000004977
-24.0000000000000 0.0000000004842
-24.0000000000000 0.0000000004842
-24.0000000000000 0.0000000004842
-24.0000000000000 0.0000000004842
-24.0000000000000 0.0000000004842
-23.5000000000000 0.0000000004584
-23.0000000000000 0.0000000004429
-23.0000000000000 0.0000000004429
-22.5000000000000 0.0000000004237
-22.0000000000000 0.0000000003848
-22.0000000000000 0.0000000003848
-22.0000000000000 0.0000000003848
-21.5000000000000 0.0000000003592
-21.0000000000000 0.0000000003548
-21.0000000000000 0.0000000003548
-20.5000000000000 0.0000000003409
-20.0000000000000 0.0000000003086
-20.0000000000000 0.0000000003086
-20.0000000000000 0.0000000003086
-20.0000000000000 0.0000000003086
-19.5000000000000 0.0000000002903
-19.0000000000000 0.0000000002646
-19.0000000000000 0.0000000002646
-18.5000000000000 0.0000000002400
-18.0000000000000 0.0000000002379
-18.0000000000000 0.0000000002379
-18.0000000000000 0.0000000002379
-17.5000000000000 0.0000000002379
-17.0000000000000 0.0000000002335
-17.0000000000000 0.0000000002335
-16.5000000000000 0.0000000002365
-16.0000000000000 0.0000000002834
-16.0000000000000 0.0000000002834
-16.0000000000000 0.0000000002834
-16.0000000000000 0.0000000002834
-16.0000000000000 0.0000000002834
-16.0000000000000 0.0000000002834
-15.5000000000000 0.0000000003019
-15.0000000000000 0.0000000002982
-15.0000000000000 0.0000000002982
-14.5000000000000 0.0000000002795
-14.2500000000000 0.0000000002656
-14.0000000000000 0.0000000002513
-14.0000000000000 0.0000000002513
-14.0000000000000 0.0000000002513
-14.0000000000000 0.0000000002513
-13.7500000000000 0.0000000002363
-13.5000000000000 0.0000000002214
-13.5000000000000 0.0000000002214
-13.2500000000000 0.0000000002130
-13.0000000000000 0.0000000002047
-13.0000000000000 0.0000000002047
-13.0000000000000 0.0000000002047
-12.7500000000000 0.0000000001934
-12.5000000000000 0.0000000001820
-12.5000000000000 0.0000000001820
-12.2500000000000 0.0000000001744
-12.0000000000000 0.0000000001692
-12.0000000000000 0.0000000001692
-12.0000000000000 0.0000000001692
-12.0000000000000 0.0000000001692
-12.0000000000000 0.0000000001692
-11.7500000000000 0.0000000001683
-11.5000000000000 0.0000000001653
-11.5000000000000 0.0000000001653
-11.2500000000000 0.0000000001649
-11.0000000000000 0.0000000001801
-11.0000000000000 0.0000000001801
-11.0000000000000 0.0000000001801
-10.7500000000000 0.0000000002008
-10.5000000000000 0.0000000002136
-10.5000000000000 0.0000000002136
-10.2500000000000 0.0000000002198
-10.0000000000000 0.0000000002215
-10.0000000000000 0.0000000002215
-10.0000000000000 0.0000000002215
-10.0000000000000 0.0000000002215
-9.7500000000000 0.0000000002018
-9.5000000000000 0.0000000001596
-9.5000000000000 0.0000000001596
-9.2500000000000 0.0000000001278
-9.1250000000000 0.0000000001202
-9.0000000000000 0.0000000001140
-9.0000000000000 0.0000000001140
-9.0000000000000 0.0000000001140
-9.0000000000000 0.0000000001140
-8.8750000000000 0.0000000001093
-8.7500000000000 0.0000000001060
-8.7500000000000 0.0000000001060
-8.6250000000000 0.0000000001058
-8.5000000000000 0.0000000001052
-8.5000000000000 0.0000000001052
-8.5000000000000 0.0000000001052
-8.3750000000000 0.0000000001333
-8.2500000000000 0.0000000001803
-8.2500000000000 0.0000000001803
-8.1250000000000 0.0000000002552
-8.0000000000000 0.0000000003292
-8.0000000000000 0.0000000003292
-8.0000000000000 0.0000000003292
-8.0000000000000 0.0000000003292
-8.0000000000000 0.0000000003292
-8.0000000000000 0.0000000003292
-8.0000000000000 0.0000000003292
-7.8750000000000 0.0000000003782
-7.7500000000000 0.0000000004041
-7.7500000000000 0.0000000004041
-7.6250000000000 0.0000000003755
-7.5000000000000 0.0000000003096
-7.5000000000000 0.0000000003096
-7.5000000000000 0.0000000003096
-7.3750000000000 0.0000000002608
-7.2500000000000 0.0000000002267
-7.2500000000000 0.0000000002267
-7.1250000000000 0.0000000001998
-7.0000000000000 0.0000000001818
-7.0000000000000 0.0000000001818
-7.0000000000000 0.0000000001818
-7.0000000000000 0.0000000001818
-6.8750000000000 0.0000000001782
-6.7500000000000 0.0000000001883
-6.7500000000000 0.0000000001883
-6.6250000000000 0.0000000001938
-6.5625000000000 0.0000000001947
-6.5000000000000 0.0000000001955
-6.5000000000000 0.0000000001955
-6.5000000000000 0.0000000001955
-6.5000000000000 0.0000000001955
-6.4375000000000 0.0000000001967
-6.3750000000000 0.0000000001983
-6.3750000000000 0.0000000001983
-6.3125000000000 0.0000000002100
-6.2500000000000 0.0000000002216
-6.2500000000000 0.0000000002216
-6.2500000000000 0.0000000002216
-6.1875000000000 0.0000000002305
-6.1250000000000 0.0000000002374
-6.1250000000000 0.0000000002374
-6.0625000000000 0.0000000002284
-6.0000000000000 0.0000000002187
-6.0000000000000 0.0000000002187
-6.0000000000000 0.0000000002187
-6.0000000000000 0.0000000002187
-6.0000000000000 0.0000000002187
-6.0000000000000 0.0000000002187
-5.9375000000000 0.0000000002033
-5.8750000000000 0.0000000001966
-5.8750000000000 0.0000000001966
-5.8125000000000 0.0000000001956
-5.7500000000000 0.0000000002113
-5.7500000000000 0.0000000002113
-5.7500000000000 0.0000000002113
-5.6875000000000 0.0000000001999
-5.6250000000000 0.0000000001404
-5.6250000000000 0.0000000001404
-5.5625000000000 0.0000000001037
-5.5000000000000 0.0000000001062
-5.5000000000000 0.0000000001062
-5.5000000000000 0.0000000001062
-5.5000000000000 0.0000000001062
-5.4375000000000 0.0000000001534
-5.3750000000000 0.0000000003110
-5.3750000000000 0.0000000003110
-5.3125000000000 0.0000000004442
-5.2500000000000 0.0000000005016
-5.2500000000000 0.0000000005016
-5.2500000000000 0.0000000005016
-5.1875000000000 0.0000000005269
-5.1250000000000 0.0000000005404
-5.1250000000000 0.0000000005404
-5.0625000000000 0.0000000005544
-5.0000000000000 0.0000000005677
-5.0000000000000 0.0000000005677
-5.0000000000000 0.0000000005677
-5.0000000000000 0.0000000005677
-5.0000000000000 0.0000000005677
-4.9375000000000 0.0000000005670
-4.8750000000000 0.0000000005521
-4.8750000000000 0.0000000005521
-4.8125000000000 0.0000000005567
-4.7500000000000 0.0000000005652
-4.7500000000000 0.0000000005652
-4.7500000000000 0.0000000005652
-4.6875000000000 0.0000000006095
-4.6250000000000 0.0000000006360
-4.6250000000000 0.0000000006360
-4.5625000000000 0.0000000006842
-4.5000000000000 0.0000000007082
-4.5000000000000 0.0000000007082
-4.5000000000000 0.0000000007082
-4.5000000000000 0.0000000007082
-4.4375000000000 0.0000000007586
-4.3750000000000 0.0000000008291
-4.3750000000000 0.0000000008291
-4.3125000000000 0.0000000009281
-4.2500000000000 0.0000000010116
-4.2500000000000 0.0000000010116
-4.2500000000000 0.0000000010116
-4.1875000000000 0.0000000010907
-4.1250000000000 0.0000000011113
-4.1250000000000 0.0000000011113
-4.0625000000000 0.0000000011556
-4.0000000000000 0.0000000011921
-4.0000000000000 0.0000000011921
-4.0000000000000 0.0000000011921
-4.0000000000000 0.0000000011921
-4.0000000000000 0.0000000011921
-4.0000000000000 0.0000000011921
-4.0000000000000 0.0000000011921
-3.9375000000000 0.0000000013546
-3.8750000000000 0.0000000015269
-3.8750000000000 0.0000000015269
-3.8125000000000 0.0000000018067
-3.7500000000000 0.0000000020677
-3.7500000000000 0.0000000020677
-3.7500000000000 0.0000000020677
-3.6875000000000 0.0000000023528
-3.6250000000000 0.0000000025402
-3.6250000000000 0.0000000025402
-3.5625000000000 0.0000000028346
-3.5000000000000 0.0000000030325
-3.5000000000000 0.0000000030325
-3.5000000000000 0.0000000030325
-3.5000000000000 0.0000000030325
-3.4375000000000 0.0000000031945
-3.3750000000000 0.0000000032544
-3.3750000000000 0.0000000032544
-3.3125000000000 0.0000000033302
-3.2812500000000 0.0000000033468
-3.2500000000000 0.0000000033495
-3.2500000000000 0.0000000033495
-3.2500000000000 0.0000000033495
-3.2500000000000 0.0000000033495
-3.2187500000000 0.0000000033306
-3.1875000000000 0.0000000033064
-3.1875000000000 0.0000000033064
-3.1562500000000 0.0000000032749
-3.1250000000000 0.0000000032432
-3.1250000000000 0.0000000032432
-3.1250000000000 0.0000000032432
-3.0937500000000 0.0000000032290
-3.0625000000000 0.0000000032258
-3.0625000000000 0.0000000032258
-3.0312500000000 0.0000000032681
-3.0000000000000 0.0000000033082
-3.0000000000000 0.0000000033082
-3.0000000000000 0.0000000033082
-3.0000000000000 0.0000000033082
-3.0000000000000 0.0000000033082
-3.0000000000000 0.0000000033082
-2.9687500000000 0.0000000033423
-2.9375000000000 0.0000000033705
-2.9375000000000 0.0000000033705
-2.9062500000000 0.0000000033900
-2.8750000000000 0.0000000034400
-2.8750000000000 0.0000000034400
-2.8750000000000 0.0000000034400
-2.8437500000000 0.0000000034892
-2.8125000000000 0.0000000035661
-2.8125000000000 0.0000000035661
-2.7812500000000 0.0000000036136
-2.7500000000000 0.0000000037310
-2.7500000000000 0.0000000037310
-2.7500000000000 0.0000000037310
-2.7500000000000 0.0000000037310
-2.7187500000000 0.0000000038206
-2.6875000000000 0.0000000040057
-2.6875000000000 0.0000000040057
-2.6562500000000 0.0000000041405
-2.6250000000000 0.0000000043947
-2.6250000000000 0.0000000043947
-2.6250000000000 0.0000000043947
-2.5937500000000 0.0000000045941
-2.5625000000000 0.0000000048979
-2.5625000000000 0.0000000048979
-2.5312500000000 0.0000000051467
-2.5000000000000 0.0000000054802
-2.5000000000000 0.0000000054802
-2.5000000000000 0.0000000054802
-2.5000000000000 0.0000000054802
-2.5000000000000 0.0000000054802
-2.4687500000000 0.0000000056527
-2.4375000000000 0.0000000057885
-2.4375000000000 0.0000000057885
-2.4062500000000 0.0000000058348
-2.3750000000000 0.0000000058655
-2.3750000000000 0.0000000058655
-2.3750000000000 0.0000000058655
-2.3437500000000 0.0000000058536
-2.3125000000000 0.0000000058163
-2.3125000000000 0.0000000058163
-2.2812500000000 0.0000000056808
-2.2500000000000 0.0000000055948
-2.2500000000000 0.0000000055948
-2.2500000000000 0.0000000055948
-2.2500000000000 0.0000000055948
-2.2187500000000 0.0000000054327
-2.1875000000000 0.0000000053599
-2.1875000000000 0.0000000053599
-2.1562500000000 0.0000000052087
-2.1250000000000 0.0000000051427
-2.1250000000000 0.0000000051427
-2.1250000000000 0.0000000051427
-2.0937500000000 0.0000000049795
-2.0625000000000 0.0000000049208
-2.0625000000000 0.0000000049208
-2.0312500000000 0.0000000047540
-2.0000000000000 0.0000000047328
-2.0000000000000 0.0000000047328
-2.0000000000000 0.0000000047328
-2.0000000000000 0.0000000047328
-2.0000000000000 0.0000000047328
-2.0000000000000 0.0000000047328
-2.0000000000000 0.0000000047328
-1.9687500000000 0.0000000047789
-1.9375000000000 0.0000000050559
-1.9375000000000 0.0000000050559
-1.9062500000000 0.0000000053483
-1.8750000000000 0.0000000062223
-1.8750000000000 0.0000000062223
-1.8750000000000 0.0000000062223
-1.8437500000000 0.0000000068331
-1.8125000000000 0.0000000083057
-1.8125000000000 0.0000000083057
-1.7812500000000 0.0000000097968
-1.7500000000000 0.0000000112674
-1.7500000000000 0.0000000112674
-1.7500000000000 0.0000000112674
-1.7500000000000 0.0000000112674
-1.7187500000000 0.0000000116252
-1.6875000000000 0.0000000110041
-1.6875000000000 0.0000000110041
-1.6562500000000 0.0000000103165
-1.6250000000000 0.0000000090104
-1.6250000000000 0.0000000090104
-1.6250000000000 0.0000000090104
-1.5937500000000 0.0000000074250
-1.5625000000000 0.0000000066176
-1.5625000000000 0.0000000066176
-1.5312500000000 0.0000000062407
-1.5000000000000 0.0000000058297
-1.5000000000000 0.0000000058297
-1.5000000000000 0.0000000058297
-1.5000000000000 0.0000000058297
-1.5000000000000 0.0000000058297
-1.4687500000000 0.0000000055159
-1.4375000000000 0.0000000052822
-1.4375000000000 0.0000000052822
-1.4062500000000 0.0000000048565
-1.3750000000000 0.0000000042589
-1.3750000000000 0.0000000042589
-1.3750000000000 0.0000000042589
-1.3437500000000 0.0000000034230
-1.3125000000000 0.0000000026254
-1.3125000000000 0.0000000026254
-1.2812500000000 0.0000000019602
-1.2500000000000 0.0000000017433
-1.2500000000000 0.0000000017433
-1.2500000000000 0.0000000017433
-1.2500000000000 0.0000000017433
-1.2187500000000 0.0000000017500
-1.1875000000000 0.0000000019581
-1.1875000000000 0.0000000019581
-1.1562500000000 0.0000000022360
-1.1250000000000 0.0000000023634
-1.1250000000000 0.0000000023634
-1.1250000000000 0.0000000023634
-1.0937500000000 0.0000000023231
-1.0625000000000 0.0000000018909
-1.0625000000000 0.0000000018909
-1.0312500000000 0.0000000014183
-1.0000000000000 0.0000000012751
-1.0000000000000 0.0000000012751
-1.0000000000000 0.0000000012751
-1.0000000000000 0.0000000012751
-1.0000000000000 0.0000000012751
-1.0000000000000 0.0000000012751
-0.9687500000000 0.0000000017552
-0.9375000000000 0.0000000025367
-0.9375000000000 0.0000000025367
-0.9062500000000 0.0000000027564
-0.8750000000000 0.0000000027398
-0.8750000000000 0.0000000027398
-0.8750000000000 0.0000000027398
-0.8437500000000 0.0000000023820
-0.8125000000000 0.0000000020293
-0.8125000000000 0.0000000020293
-0.7812500000000 0.0000000017989
-0.7500000000000 0.0000000011908
-0.7500000000000 0.0000000011908
-0.7500000000000 0.0000000011908
-0.7500000000000 0.0000000011908
-0.7187500000000 0.0000000012192
-0.6875000000000 0.0000000028378
-0.6875000000000 0.0000000028378
-0.6562500000000 0.0000000041423
-0.6250000000000 0.0000000074900
-0.6250000000000 0.0000000074900
-0.6250000000000 0.0000000074900
-0.5937500000000 0.0000000120375
-0.5625000000000 0.0000000167599
-0.5625000000000 0.0000000167599
-0.5312500000000 0.0000000147246
-0.5000000000000 0.0000000100931
-0.5000000000000 0.0000000100931
-0.5000000000000 0.0000000100931
-0.5000000000000 0.0000000100931
-0.5000000000000 0.0000000100931
-0.4687500000000 0.0000000063377
-0.4375000000000 0.0000000051054
-0.4375000000000 0.0000000051054
-0.4062500000000 0.0000000044366
-0.3750000000000 0.0000000035731
-0.3750000000000 0.0000000035731
-0.3750000000000 0.0000000035731
-0.3437500000000 0.0000000017323
-0.3125000000000 0.0000000012702
-0.3125000000000 0.0000000012702
-0.2812500000000 0.0000000024797
-0.2500000000000 0.0000000049253
-0.2500000000000 0.0000000049253
-0.2500000000000 0.0000000049253
-0.2500000000000 0.0000000049253
-0.2187500000000 0.0000000051934
-0.1875000000000 0.0000000049537
-0.1875000000000 0.0000000049537
-0.1562500000000 0.0000000055209
-0.1250000000000 0.0000000073448
-0.1250000000000 0.0000000073448
-0.1250000000000 0.0000000073448
-0.0937500000000 0.0000000047041
-0.0625000000000 0.0000000044233
-0.0625000000000 0.0000000044233
-0.0312500000000 0.0000000001000
0.0000000000000 0.0000000015107
0.0000000000000 0.0000000015107
0.0000000000000 0.0000000015107
0.0000000000000 0.0000000015107
0.0000000000000 0.0000000015107
0.0000000000000 0.0000000015107
0.0000000000000 0.0000000015107
0.0000000000000 0.0000000015107
0.0000000000000 0.0000000015107
0.0000000000000 0.0000000015107
0.0312500000000 0.0000000001000
0.0625000000000 0.0000000044058
0.0625000000000 0.0000000044058
0.0937500000000 0.0000000047096
0.1250000000000 0.0000000071988
0.1250000000000 0.0000000071988
0.1250000000000 0.0000000071988
0.1562500000000 0.0000000053662
0.1875000000000 0.0000000050628
0.1875000000000 0.0000000050628
0.2187500000000 0.0000000055053
0.2500000000000 0.0000000050500
0.2500000000000 0.0000000050500
0.2500000000000 0.0000000050500
0.2500000000000 0.0000000050500
0.2812500000000 0.0000000027461
0.3125000000000 0.0000000013822
0.3125000000000 0.0000000013822
0.3437500000000 0.0000000018587
0.3750000000000 0.0000000035238
0.3750000000000 0.0000000035238
0.3750000000000 0.0000000035238
0.4062500000000 0.0000000045749
0.4375000000000 0.0000000051801
0.4375000000000 0.0000000051801
0.4687500000000 0.0000000066384
0.5000000000000 0.0000000099108
0.5000000000000 0.0000000099108
0.5000000000000 0.0000000099108
0.5000000000000 0.0000000099108
0.5000000000000 0.0000000099108
0.5312500000000 0.0000000144155
0.5625000000000 0.0000000162211
0.5625000000000 0.0000000162211
0.5937500000000 0.0000000120420
0.6250000000000 0.0000000074625
0.6250000000000 0.0000000074625
0.6250000000000 0.0000000074625
0.6562500000000 0.0000000042753
0.6875000000000 0.0000000026835
0.6875000000000 0.0000000026835
0.7187500000000 0.0000000009462
0.7500000000000 0.0000000005502
0.7500000000000 0.0000000005502
0.7500000000000 0.0000000005502
0.7500000000000 0.0000000005502
0.7812500000000 0.0000000011091
0.8125000000000 0.0000000017358
0.8125000000000 0.0000000017358
0.8437500000000 0.0000000027906
0.8750000000000 0.0000000038258
0.8750000000000 0.0000000038258
0.8750000000000 0.0000000038258
0.9062500000000 0.0000000042044
0.9375000000000 0.0000000039461
0.9375000000000 0.0000000039461
0.9687500000000 0.0000000031724
1.0000000000000 0.0000000024391
1.0000000000000 0.0000000024391
1.0000000000000 0.0000000024391
1.0000000000000 0.0000000024391
1.0000000000000 0.0000000024391
1.0000000000000 0.0000000024391
1.0312500000000 0.0000000022685
1.0625000000000 0.0000000022460
1.0625000000000 0.0000000022460
1.0937500000000 0.0000000022046
1.1250000000000 0.0000000022074
1.1250000000000 0.0000000022074
1.1250000000000 0.0000000022074
1.1562500000000 0.0000000021931
1.1875000000000 0.0000000020828
1.1875000000000 0.0000000020828
1.2187500000000 0.0000000019919
1.2500000000000 0.0000000019348
1.2500000000000 0.0000000019348
1.2500000000000 0.0000000019348
1.2500000000000 0.0000000019348
1.2812500000000 0.0000000022130
1.3125000000000 0.0000000028992
1.3125000000000 0.0000000028992
1.3437500000000 0.0000000037269
1.3750000000000 0.0000000044919
1.3750000000000 0.0000000044919
1.3750000000000 0.0000000044919
1.4062500000000 0.0000000048728
1.4375000000000 0.0000000050592
1.4375000000000 0.0000000050592
1.4687500000000 0.0000000051757
1.5000000000000 0.0000000052052
1.5000000000000 0.0000000052052
1.5000000000000 0.0000000052052
1.5000000000000 0.0000000052052
1.5000000000000 0.0000000052052
1.5312500000000 0.0000000052592
1.5625000000000 0.0000000052660
1.5625000000000 0.0000000052660
1.5937500000000 0.0000000056436
1.6250000000000 0.0000000065749
1.6250000000000 0.0000000065749
1.6250000000000 0.0000000065749
1.6562500000000 0.0000000085808
1.6875000000000 0.0000000101677
1.6875000000000 0.0000000101677
1.7187500000000 0.0000000110404
1.7500000000000 0.0000000107052
1.7500000000000 0.0000000107052
1.7500000000000 0.0000000107052
1.7500000000000 0.0000000107052
1.7812500000000 0.0000000096269
1.8125000000000 0.0000000082491
1.8125000000000 0.0000000082491
1.8437500000000 0.0000000069505
1.8750000000000 0.0000000061560
1.8750000000000 0.0000000061560
1.8750000000000 0.0000000061560
1.9062500000000 0.0000000052069
1.9375000000000 0.0000000047610
1.9375000000000 0.0000000047610
1.9687500000000 0.0000000042226
2.0000000000000 0.0000000040495
2.0000000000000 0.0000000040495
2.0000000000000 0.0000000040495
2.0000000000000 0.0000000040495
2.0000000000000 0.0000000040495
2.0000000000000 0.0000000040495
2.0000000000000 0.0000000040495
2.0312500000000 0.0000000038820
2.0625000000000 0.0000000039607
2.0625000000000 0.0000000039607
2.0937500000000 0.0000000042340
2.1250000000000 0.0000000044550
2.1250000000000 0.0000000044550
2.1250000000000 0.0000000044550
2.1562500000000 0.0000000047099
2.1875000000000 0.0000000048569
2.1875000000000 0.0000000048569
2.2187500000000 0.0000000051334
2.2500000000000 0.0000000053053
2.2500000000000 0.0000000053053
2.2500000000000 0.0000000053053
2.2500000000000 0.0000000053053
2.2812500000000 0.0000000054809
2.3125000000000 0.0000000055835
2.3125000000000 0.0000000055835
2.3437500000000 0.0000000057073
2.3750000000000 0.0000000057412
2.3750000000000 0.0000000057412
2.3750000000000 0.0000000057412
2.4062500000000 0.0000000057674
2.4375000000000 0.0000000056622
2.4375000000000 0.0000000056622
2.4687500000000 0.0000000055615
2.5000000000000 0.0000000052862
2.5000000000000 0.0000000052862
2.5000000000000 0.0000000052862
2.5000000000000 0.0000000052862
2.5000000000000 0.0000000052862
2.5312500000000 0.0000000051139
2.5625000000000 0.0000000048331
2.5625000000000 0.0000000048331
2.5937500000000 0.0000000046983
2.6250000000000 0.0000000044576
2.6250000000000 0.0000000044576
2.6250000000000 0.0000000044576
2.6562500000000 0.0000000043493
2.6875000000000 0.0000000041595
2.6875000000000 0.0000000041595
2.7187500000000 0.0000000040744
2.7500000000000 0.0000000039422
2.7500000000000 0.0000000039422
2.7500000000000 0.0000000039422
2.7500000000000 0.0000000039422
2.7812500000000 0.0000000038808
2.8125000000000 0.0000000037788
2.8125000000000 0.0000000037788
2.8437500000000 0.0000000036897
2.8750000000000 0.0000000036006
2.8750000000000 0.0000000036006
2.8750000000000 0.0000000036006
2.9062500000000 0.0000000034917
2.9375000000000 0.0000000034496
2.9375000000000 0.0000000034496
2.9687500000000 0.0000000034004
3.0000000000000 0.0000000033887
3.0000000000000 0.0000000033887
3.0000000000000 0.0000000033887
3.0000000000000 0.0000000033887
3.0000000000000 0.0000000033887
3.0000000000000 0.0000000033887
3.0312500000000 0.0000000033731
3.0625000000000 0.0000000033680
3.0625000000000 0.0000000033680
3.0937500000000 0.0000000034565
3.1250000000000 0.0000000035461
3.1250000000000 0.0000000035461
3.1250000000000 0.0000000035461
3.1562500000000 0.0000000035980
3.1875000000000 0.0000000036596
3.1875000000000 0.0000000036596
3.2187500000000 0.0000000036757
3.2500000000000 0.0000000036853
3.2500000000000 0.0000000036853
3.2500000000000 0.0000000036853
3.2500000000000 0.0000000036853
3.2812500000000 0.0000000036885
3.3125000000000 0.0000000036849
3.3750000000000 0.0000000034847
3.3750000000000 0.0000000034847
3.4375000000000 0.0000000033337
3.5000000000000 0.0000000030684
3.5000000000000 0.0000000030684
3.5000000000000 0.0000000030684
3.5000000000000 0.0000000030684
3.5625000000000 0.0000000029128
3.6250000000000 0.0000000026737
3.6250000000000 0.0000000026737
3.6875000000000 0.0000000024176
3.7500000000000 0.0000000020989
3.7500000000000 0.0000000020989
3.7500000000000 0.0000000020989
3.8125000000000 0.0000000018707
3.8750000000000 0.0000000016481
3.8750000000000 0.0000000016481
3.9375000000000 0.0000000014887
4.0000000000000 0.0000000013115
4.0000000000000 0.0000000013115
4.0000000000000 0.0000000013115
4.0000000000000 0.0000000013115
4.0000000000000 0.0000000013115
4.0000000000000 0.0000000013115
4.0000000000000 0.0000000013115
4.0625000000000 0.0000000012603
4.1250000000000 0.0000000011469
4.1250000000000 0.0000000011469
4.1875000000000 0.0000000009799
4.2500000000000 0.0000000008571
4.2500000000000 0.0000000008571
4.2500000000000 0.0000000008571
4.3125000000000 0.0000000007821
4.3750000000000 0.0000000007173
4.3750000000000 0.0000000007173
4.4375000000000 0.0000000006848
4.5000000000000 0.0000000006197
4.5000000000000 0.0000000006197
4.5000000000000 0.0000000006197
4.5000000000000 0.0000000006197
4.5625000000000 0.0000000005798
4.6250000000000 0.0000000004973
4.6250000000000 0.0000000004973
4.6875000000000 0.0000000004597
4.7500000000000 0.0000000004224
4.7500000000000 0.0000000004224
4.7500000000000 0.0000000004224
4.8125000000000 0.0000000004021
4.8750000000000 0.0000000003858
4.8750000000000 0.0000000003858
4.9375000000000 0.0000000003785
5.0000000000000 0.0000000003598
5.0000000000000 0.0000000003598
5.0000000000000 0.0000000003598
5.0000000000000 0.0000000003598
5.0000000000000 0.0000000003598
5.0625000000000 0.0000000003369
5.1250000000000 0.0000000003093
5.1250000000000 0.0000000003093
5.1875000000000 0.0000000002962
5.2500000000000 0.0000000002972
5.2500000000000 0.0000000002972
5.2500000000000 0.0000000002972
5.3125000000000 0.0000000003034
5.3750000000000 0.0000000003113
5.3750000000000 0.0000000003113
5.4375000000000 0.0000000003086
5.5000000000000 0.0000000002950
5.5000000000000 0.0000000002950
5.5000000000000 0.0000000002950
5.5000000000000 0.0000000002950
5.5625000000000 0.0000000002733
5.6250000000000 0.0000000002525
5.6250000000000 0.0000000002525
5.6875000000000 0.0000000002398
5.7500000000000 0.0000000002326
5.7500000000000 0.0000000002326
5.7500000000000 0.0000000002326
5.8125000000000 0.0000000002259
5.8750000000000 0.0000000002177
5.8750000000000 0.0000000002177
5.9375000000000 0.0000000002100
6.0000000000000 0.0000000002031
6.0000000000000 0.0000000002031
6.0000000000000 0.0000000002031
6.0000000000000 0.0000000002031
6.0000000000000 0.0000000002031
6.0000000000000 0.0000000002031
6.0625000000000 0.0000000001952
6.1250000000000 0.0000000001872
6.1250000000000 0.0000000001872
6.1875000000000 0.0000000001824
6.2500000000000 0.0000000001781
6.2500000000000 0.0000000001781
6.2500000000000 0.0000000001781
6.3125000000000 0.0000000001746
6.3750000000000 0.0000000001710
6.3750000000000 0.0000000001710
6.4375000000000 0.0000000001665
6.5000000000000 0.0000000001619
6.5000000000000 0.0000000001619
6.5000000000000 0.0000000001619
6.5000000000000 0.0000000001619
6.5625000000000 0.0000000001579
6.6250000000000 0.0000000001544
6.7500000000000 0.0000000001520
6.7500000000000 0.0000000001520
6.8750000000000 0.0000000001451
7.0000000000000 0.0000000001419
7.0000000000000 0.0000000001419
7.0000000000000 0.0000000001419
7.0000000000000 0.0000000001419
7.1250000000000 0.0000000001427
7.2500000000000 0.0000000001448
7.2500000000000 0.0000000001448
7.3750000000000 0.0000000001584
7.5000000000000 0.0000000001756
7.5000000000000 0.0000000001756
7.5000000000000 0.0000000001756
7.6250000000000 0.0000000001869
7.7500000000000 0.0000000002050
7.7500000000000 0.0000000002050
7.8750000000000 0.0000000002354
8.0000000000000 0.0000000002870
8.0000000000000 0.0000000002870
8.0000000000000 0.0000000002870
8.0000000000000 0.0000000002870
8.0000000000000 0.0000000002870
8.0000000000000 0.0000000002870
8.0000000000000 0.0000000002870
8.1250000000000 0.0000000003483
8.2500000000000 0.0000000004103
8.2500000000000 0.0000000004103
8.3750000000000 0.0000000004434
8.5000000000000 0.0000000004570
8.5000000000000 0.0000000004570
8.5000000000000 0.0000000004570
8.6250000000000 0.0000000004208
8.7500000000000 0.0000000003750
8.7500000000000 0.0000000003750
8.8750000000000 0.0000000003149
9.0000000000000 0.0000000002539
9.0000000000000 0.0000000002539
9.0000000000000 0.0000000002539
9.0000000000000 0.0000000002539
9.1250000000000 0.0000000002293
9.2500000000000 0.0000000002146
9.5000000000000 0.0000000002156
9.5000000000000 0.0000000002156
9.7500000000000 0.0000000002212
10.0000000000000 0.0000000002291
10.0000000000000 0.0000000002291
10.0000000000000 0.0000000002291
10.0000000000000 0.0000000002291
10.2500000000000 0.0000000002274
10.5000000000000 0.0000000002164
10.5000000000000 0.0000000002164
10.7500000000000 0.0000000001957
11.0000000000000 0.0000000001713
11.0000000000000 0.0000000001713
11.0000000000000 0.0000000001713
11.2500000000000 0.0000000001641
11.5000000000000 0.0000000001712
11.5000000000000 0.0000000001712
11.7500000000000 0.0000000001776
12.0000000000000 0.0000000001792
12.0000000000000 0.0000000001792
12.0000000000000 0.0000000001792
12.0000000000000 0.0000000001792
12.0000000000000 0.0000000001792
12.2500000000000 0.0000000001848
12.5000000000000 0.0000000001905
12.5000000000000 0.0000000001905
12.7500000000000 0.0000000001951
13.0000000000000 0.0000000001997
13.0000000000000 0.0000000001997
13.0000000000000 0.0000000001997
13.2500000000000 0.0000000002061
13.5000000000000 0.0000000002138
13.5000000000000 0.0000000002138
13.7500000000000 0.0000000002298
14.0000000000000 0.0000000002460
14.0000000000000 0.0000000002460
14.0000000000000 0.0000000002460
14.0000000000000 0.0000000002460
14.2500000000000 0.0000000002547
14.5000000000000 0.0000000002633
15.0000000000000 0.0000000002797
15.0000000000000 0.0000000002797
15.5000000000000 0.0000000002981
16.0000000000000 0.0000000002955
16.0000000000000 0.0000000002955
16.0000000000000 0.0000000002955
16.0000000000000 0.0000000002955
16.0000000000000 0.0000000002955
16.0000000000000 0.0000000002955
16.5000000000000 0.0000000002470
17.0000000000000 0.0000000002348
17.0000000000000 0.0000000002348
17.5000000000000 0.0000000002378
18.0000000000000 0.0000000002383
18.0000000000000 0.0000000002383
18.0000000000000 0.0000000002383
18.5000000000000 0.0000000002372
19.0000000000000 0.0000000002611
19.0000000000000 0.0000000002611
19.5000000000000 0.0000000002959
20.0000000000000 0.0000000003140
20.0000000000000 0.0000000003140
20.0000000000000 0.0000000003140
20.0000000000000 0.0000000003140
20.5000000000000 0.0000000003367
21.0000000000000 0.0000000003519
21.0000000000000 0.0000000003519
21.5000000000000 0.0000000003589
22.0000000000000 0.0000000003874
22.0000000000000 0.0000000003874
22.0000000000000 0.0000000003874
22.5000000000000 0.0000000004275
23.0000000000000 0.0000000004409
23.0000000000000 0.0000000004409
23.5000000000000 0.0000000004532
24.0000000000000 0.0000000004817
24.0000000000000 0.0000000004817
24.0000000000000 0.0000000004817
24.0000000000000 0.0000000004817
24.0000000000000 0.0000000004817
24.5000000000000 0.0000000004975
25.0000000000000 0.0000000005101
25.0000000000000 0.0000000005101
25.5000000000000 0.0000000004770
26.0000000000000 0.0000000004161
26.0000000000000 0.0000000004161
26.0000000000000 0.0000000004161
26.5000000000000 0.0000000003135
27.0000000000000 0.0000000002104
27.0000000000000 0.0000000002104
27.5000000000000 0.0000000001493
28.0000000000000 0.0000000001107
28.0000000000000 0.0000000001107
28.0000000000000 0.0000000001107
28.0000000000000 0.0000000001107
28.5000000000000 0.0000000001030
29.0000000000000 0.0000000001000
30.0000000000000 0.0000000001107
30.0000000000000 0.0000000001107
31.0000000000000 0.0000000001441
32.0000000000000 0.0000000001553
32.0000000000000 0.0000000001553
32.0000000000000 0.0000000001553
32.0000000000000 0.0000000001553
32.0000000000000 0.0000000001553
33.0000000000000 0.0000000001557
34.0000000000000 0.0000000001568
34.0000000000000 0.0000000001568
35.0000000000000 0.0000000001569
36.0000000000000 0.0000000001522
36.0000000000000 0.0000000001522
36.0000000000000 0.0000000001522
37.0000000000000 0.0000000001413
38.0000000000000 0.0000000001600
38.0000000000000 0.0000000001600
39.0000000000000 0.0000000002326
40.0000000000000 0.0000000003709
40.0000000000000 0.0000000003709
40.0000000000000 0.0000000003709
40.0000000000000 0.0000000003709
41.0000000000000 0.0000000004470
42.0000000000000 0.0000000005033
42.0000000000000 0.0000000005033
43.0000000000000 0.0000000003677
44.0000000000000 0.0000000002315
44.0000000000000 0.0000000002315
44.0000000000000 0.0000000002315
45.0000000000000 0.0000000001527
46.0000000000000 0.0000000001044
46.0000000000000 0.0000000001044
47.0000000000000 0.0000000001024
48.0000000000000 0.0000000001000
48.0000000000000 0.0000000001000
48.0000000000000 0.0000000001000
48.0000000000000 0.0000000001000
48.0000000000000 0.0000000001000
49.0000000000000 0.0000000001384
50.0000000000000 0.0000000002041
52.0000000000000 0.0000000004466
52.0000000000000 0.0000000004466
54.0000000000000 0.0000000001999
56.0000000000000 0.0000000001044
56.0000000000000 0.0000000001044
56.0000000000000 0.0000000001044
58.0000000000000 0.0000000001579
60.0000000000000 0.0000000003549
60.0000000000000 0.0000000003549
62.0000000000000 0.0000000001218
64.0000000000000 0.0000000001000
64.0000000000000 0.0000000001000
64.0000000000000 0.0000000001000
64.0000000000000 0.0000000001000
66.0000000000000 0.0000000001599
68.0000000000000 0.0000000004257
68.0000000000000 0.0000000004257
70.0000000000000 0.0000000002457
72.0000000000000 0.0000000001000
72.0000000000000 0.0000000001000
72.0000000000000 0.0000000001000
74.0000000000000 0.0000000001009
76.0000000000000 0.0000000001266
76.0000000000000 0.0000000001266
78.0000000000000 0.0000000001587
80.0000000000000 0.0000000001597
80.0000000000000 0.0000000001597
80.0000000000000 0.0000000001597
80.0000000000000 0.0000000001597
82.0000000000000 0.0000000001738
84.0000000000000 0.0000000001863
84.0000000000000 0.0000000001863
86.0000000000000 0.0000000001651
88.0000000000000 0.0000000001437
88.0000000000000 0.0000000001437
88.0000000000000 0.0000000001437
90.0000000000000 0.0000000001219
92.0000000000000 0.0000000001000
92.0000000000000 0.0000000001000
94.0000000000000 0.0000000001052
96.0000000000000 0.0000000001103
96.0000000000000 0.0000000001103
96.0000000000000 0.0000000001103
96.0000000000000 0.0000000001103
98.0000000000000 0.0000000001444
100.0000000000000 0.0000000001786
104.0000000000000 0.0000000001309
104.0000000000000 0.0000000001309
108.0000000000000 0.0000000001000
112.0000000000000 0.0000000001092
112.0000000000000 0.0000000001092
112.0000000000000 0.0000000001092
116.0000000000000 0.0000000001611
120.0000000000000 0.0000000001452
120.0000000000000 0.0000000001452
124.0000000000000 0.0000000001000
128.0000000000000 0.0000000001006
128.0000000000000 0.0000000001006
128.0000000000000 0.0000000001006
132.0000000000000 0.0000000001073
136.0000000000000 0.0000000001140
136.0000000000000 0.0000000001140
140.0000000000000 0.0000000001134
144.0000000000000 0.0000000001116
144.0000000000000 0.0000000001116
144.0000000000000 0.0000000001116
148.0000000000000 0.0000000001081
152.0000000000000 0.0000000001045
152.0000000000000 0.0000000001045
156.0000000000000 0.0000000001019
160.0000000000000 0.0000000001001
160.0000000000000 0.0000000001001
160.0000000000000 0.0000000001001
164.0000000000000 0.0000000001000
168.0000000000000 0.0000000001000
176.0000000000000 0.0000000001170
176.0000000000000 0.0000000001170
184.0000000000000 0.0000000001017
192.0000000000000 0.0000000001000
192.0000000000000 0.0000000001000
200.0000000000000 0.0000000001170
208.0000000000000 0.0000000001000
208.0000000000000 0.0000000001000
216.0000000000000 0.0000000001025
224.0000000000000 0.0000000001189
224.0000000000000 0.0000000001189
232.0000000000000 0.0000000001000
240.0000000000000 0.0000000001001
240.0000000000000 0.0000000001001
248.0000000000000 0.0000000001024
256.0000000000000 0.0000000001047
256.0000000000000 0.0000000001047
264.0000000000000 0.0000000001027
272.0000000000000 0.0000000001006
272.0000000000000 0.0000000001006
280.0000000000000 0.0000000001003
288.0000000000000 0.0000000001000
288.0000000000000 0.0000000001000
296.0000000000000 0.0000000001017
304.0000000000000 0.0000000001034
304.0000000000000 0.0000000001034
312.0000000000000 0.0000000001017
320.0000000000000 0.0000000001000
336.0000000000000 0.0000000001005
352.0000000000000 0.0000000001023
368.0000000000000 0.0000000001000
384.0000000000000 0.0000000001016
400.0000000000000 0.0000000001006
416.0000000000000 0.0000000001000
432.0000000000000 0.0000000001017
448.0000000000000 0.0000000001000
464.0000000000000 0.0000000001003
480.0000000000000 0.0000000001010
496.0000000000000 0.0000000001000
512.0000000000000 0.0000000001009
528.0000000000000 0.0000000001004
544.0000000000000 0.0000000001000
560.0000000000000 0.0000000001012
576.0000000000000 0.0000000001000
592.0000000000000 0.0000000001000
608.0000000000000 0.0000000001008
624.0000000000000 0.0000000001000
640.0000000000000 0.0000000001004
656.0000000000000 0.0000000001005
672.0000000000000 0.0000000001000
688.0000000000000 0.0000000001006
704.0000000000000 0.0000000001002
720.0000000000000 0.0000000001000
736.0000000000000 0.0000000001004
752.0000000000000 0.0000000001004
768.0000000000000 0.0000000001000
784.0000000000000 0.0000000001001
800.0000000000000 0.0000000001006
816.0000000000000 0.0000000001000
832.0000000000000 0.0000000001000
848.0000000000000 0.0000000001004
864.0000000000000 0.0000000001002
880.0000000000000 0.0000000001000
896.0000000000000 0.0000000001001
912.0000000000000 0.0000000001003
928.0000000000000 0.0000000001001
944.0000000000000 0.0000000001000
960.0000000000000 0.0000000001002
976.0000000000000 0.0000000001007
992.0000000000000 0.0000000001001
1008.0000000000000 0.0000000001000
1024.0000000000000 0.0000000001000
1040.0000000000000 0.0000000001000
1056.0000000000000 0.0000000001000
1072.0000000000000 0.0000000001000
1088.0000000000000 0.0000000001000
1104.0000000000000 0.0000000001000
1120.0000000000000 0.0000000001000
1136.0000000000000 0.0000000001000
1152.0000000000000 0.0000000001000
1168.0000000000000 0.0000000001000
1184.0000000000000 0.0000000001000
1200.0000000000000 0.0000000001000
1216.0000000000000 0.0000000001000
1232.0000000000000 0.0000000001000
1248.0000000000000 0.0000000001000
1264.0000000000000 0.0000000001000
1280.0000000000000 0.0000000001000
1296.0000000000000 0.0000000001000
1312.0000000000000 0.0000000001000
1328.0000000000000 0.0000000001000
1344.0000000000000 0.0000000001000
1360.0000000000000 0.0000000001000
1376.0000000000000 0.0000000001000
1392.0000000000000 0.0000000001000
1408.0000000000000 0.0000000001000
1424.0000000000000 0.0000000001000
1440.0000000000000 0.0000000001000
1456.0000000000000 0.0000000001000
1472.0000000000000 0.0000000001000
1488.0000000000000 0.0000000001000
1504.0000000000000 0.0000000001000
1520.0000000000000 0.0000000001000
1536.0000000000000 0.0000000001000
1552.0000000000000 0.0000000001000
1568.0000000000000 0.0000000001000
1584.0000000000000 0.0000000001000
1600.0000000000000 0.0000000001000
1616.0000000000000 0.0000000001000
1632.0000000000000 0.0000000001000
1648.0000000000000 0.0000000001000
1664.0000000000000 0.0000000001000
1680.0000000000000 0.0000000001001
1696.0000000000000 0.0000000001000
1712.0000000000000 0.0000000001001
1728.0000000000000 0.0000000001000
1744.0000000000000 0.0000000001000
1760.0000000000000 0.0000000001000
1776.0000000000000 0.0000000001000
1792.0000000000000 0.0000000001001
1808.0000000000000 0.0000000001001
1824.0000000000000 0.0000000001000
1840.0000000000000 0.0000000001000
1856.0000000000000 0.0000000001000
1872.0000000000000 0.0000000001001
1888.0000000000000 0.0000000001000
1904.0000000000000 0.0000000001000
1920.0000000000000 0.0000000001001
1936.0000000000000 0.0000000001000
1952.0000000000000 0.0000000001000
1968.0000000000000 0.0000000001000
1984.0000000000000 0.0000000001000
