# x phi
-317.4400000000000 -0.0000000003825
-314.8800000000000 -0.0000000006066
-312.3200000000000 -0.0000000006562
-309.7600000000000 -0.0000000006889
-307.2000000000000 -0.0000000008586
-304.6400000000000 -0.0000000011455
-302.0800000000000 -0.0000000013845
-299.5200000000000 -0.0000000014723
-296.9600000000000 -0.0000000014943
-294.4000000000000 -0.0000000015929
-291.8400000000000 -0.0000000017586
-289.2800000000000 -0.0000000018563
-286.7200000000000 -0.0000000018562
-284.1600000000000 -0.0000000018999
-281.6000000000000 -0.0000000020717
-279.0400000000000 -0.0000000022486
-276.4800000000000 -0.0000000022881
-273.9200000000000 -0.0000000022529
-271.3600000000000 -0.0000000023007
-268.8000000000000 -0.0000000024430
-266.2400000000000 -0.0000000025580
-263.6800000000000 -0.0000000025792
-261.1200000000000 -0.0000000025582
-258.5600000000000 -0.0000000025919
-256.0000000000000 -0.0000000027369
-253.4400000000000 -0.0000000029292
-250.8800000000000 -0.0000000030227
-248.3200000000000 -0.0000000029858
-245.7600000000000 -0.0000000029635
-243.2000000000000 -0.0000000030621
-240.6400000000000 -0.0000000032234
-238.0800000000000 -0.0000000033675
-235.5200000000000 -0.0000000034913
-232.9600000000000 -0.0000000036093
-230.4000000000000 -0.0000000037305
-227.8400000000000 -0.0000000038787
-225.2800000000000 -0.0000000040664
-222.7200000000000 -0.0000000042930
-220.1600000000000 -0.0000000045616
-217.6000000000000 -0.0000000048671
-215.0400000000000 -0.0000000052077
-212.4800000000000 -0.0000000055999
-209.9200000000000 -0.0000000060634
-207.3600000000000 -0.0000000066133
-204.8000000000000 -0.0000000072568
-202.2400000000000 -0.0000000079830
-199.6800000000000 -0.0000000087945
-197.1200000000000 -0.0000000097540
-194.5600000000000 -0.0000000109384
-192.0000000000000 -0.0000000123257
-189.4400000000000 -0.0000000138196
-186.8800000000000 -0.0000000154616
-184.3200000000000 -0.0000000175058
-181.7600000000000 -0.0000000201507
-179.2000000000000 -0.0000000232815
-176.6400000000000 -0.0000000266741
-174.0800000000000 -0.0000000304190
-171.5200000000000 -0.0000000348554
-168.9600000000000 -0.0000000401239
-166.4000000000000 -0.0000000461619
-163.8400000000000 -0.0000000530320
-161.2800000000000 -0.0000000609428
-158.7200000000000 -0.0000000700336
-156.1600000000000 -0.0000000800728
-153.6000000000000 -0.0000000915251
-151.0400000000000 -0.0000001127490
-148.4800000000000 -0.0000001746335
-145.9200000000000 -0.0000003374112
-143.3600000000000 -0.0000006654120
-140.8000000000000 -0.0000011732609
-139.5200000000000 -0.0000014758234
-138.2400000000000 -0.0000017843874
-138.2400000000000 -0.0000017843874
-136.9600000000000 -0.0000020802780
-135.6800000000000 -0.0000023402482
-135.6800000000000 -0.0000023402482
-134.4000000000000 -0.0000025379468
-133.1200000000000 -0.0000026640115
-133.1200000000000 -0.0000026640115
-131.8400000000000 -0.0000026972004
-130.5600000000000 -0.0000026468009
-130.5600000000000 -0.0000026468009
-129.2800000000000 -0.0000025080193
-128.0000000000000 -0.0000023018565
-128.0000000000000 -0.0000023018565
-126.7200000000000 -0.0000020416497
-125.4400000000000 -0.0000017455959
-125.4400000000000 -0.0000017455959
-124.1600000000000 -0.0000014301878
-122.8800000000000 -0.0000011077818
-122.8800000000000 -0.0000011077818
-121.6000000000000 -0.0000007852188
-120.3200000000000 -0.0000004639640
-120.3200000000000 -0.0000004639640
-119.0400000000000 -0.0000001414699
-117.7600000000000 0.0000001868643
-117.7600000000000 0.0000001868643
-116.4800000000000 0.0000005258786
-115.2000000000000 0.0000008796337
-115.2000000000000 0.0000008796337
-113.9200000000000 0.0000012513550
-112.6400000000000 0.0000016438501
-112.6400000000000 0.0000016438501
-111.3600000000000 0.0000020596931
-110.0800000000000 0.0000025009998
-110.0800000000000 0.0000025009998
-108.8000000000000 0.0000029693298
-107.5200000000000 0.0000034662322
-107.5200000000000 0.0000034662322
-106.2400000000000 0.0000039940609
-104.9600000000000 0.0000045561315
-104.9600000000000 0.0000045561315
-103.6800000000000 0.0000051560413
-102.4000000000000 0.0000057971402
-102.4000000000000 0.0000057971402
-101.1200000000000 0.0000064830696
-99.8400000000000 0.0000072189956
-99.8400000000000 0.0000072189956
-98.5600000000000 0.0000080122733
-97.2800000000000 0.0000088718157
-97.2800000000000 0.0000088718157
-96.0000000000000 0.0000098067659
-94.7200000000000 0.0000108258508
-94.7200000000000 0.0000108258508
-93.4400000000000 0.0000119379995
-92.1600000000000 0.0000131531764
-92.1600000000000 0.0000131531764
-90.8800000000000 0.0000144822211
-89.6000000000000 0.0000159359998
-89.6000000000000 0.0000159359998
-88.3200000000000 0.0000175249888
-87.0400000000000 0.0000192598948
-87.0400000000000 0.0000192598948
-85.7600000000000 0.0000211531122
-84.4800000000000 0.0000232198640
-84.4800000000000 0.0000232198640
-83.2000000000000 0.0000254776229
-81.9200000000000 0.0000279442636
-81.9200000000000 0.0000279442636
-80.6400000000000 0.0000306373053
-79.3600000000000 0.0000335749223
-79.3600000000000 0.0000335749223
-78.0800000000000 0.0000367762397
-76.8000000000000 0.0000402595796
-76.8000000000000 0.0000402595796
-75.5200000000000 0.0000440410575
-74.2400000000000 0.0000481349110
-74.2400000000000 0.0000481349110
-72.9600000000000 0.0000525532950
-71.6800000000000 0.0000573046357
-71.6800000000000 0.0000573046357
-70.4000000000000 0.0000623921267
-69.1200000000000 0.0000678123912
-69.1200000000000 0.0000678123912
-67.8400000000000 0.0000735538212
-66.5600000000000 0.0000795949112
-66.5600000000000 0.0000795949112
-65.2800000000000 0.0000859025697
-64.0000000000000 0.0000924305724
-64.0000000000000 0.0000924305724
-62.7200000000000 0.0000991177146
-61.4400000000000 0.0001058858491
-61.4400000000000 0.0001058858491
-60.1600000000001 0.0001126390760
-58.8800000000001 0.0001192636419
-58.8800000000000 0.0001192636419
-57.6000000000001 0.0001256282205
-56.3200000000001 0.0001315854055
-56.3200000000000 0.0001315854055
-55.0400000000000 0.0001369751154
-53.7600000000000 0.0001416293896
-53.7600000000000 0.0001416293896
-52.4800000000000 0.0001453777247
-51.2000000000000 0.0001480537323
-51.2000000000000 0.0001480537323
-49.9200000000000 0.0001495021853
-48.6400000000000 0.0001495854331
-48.6400000000000 0.0001495854331
-47.3600000000000 0.0001481900708
-46.0800000000000 0.0001452326650
-46.0800000000000 0.0001452326650
-44.8000000000000 0.0001406619701
-43.5200000000000 0.0001344586968
-43.5200000000000 0.0001344586968
-42.2400000000000 0.0001266354171
-40.9600000000000 0.0001172342176
-40.9600000000000 0.0001172342176
-39.6800000000000 0.0001063220850
-38.4000000000000 0.0000939877092
-38.4000000000000 0.0000939877092
-37.7600000000000 0.0000873195098
-37.1200000000000 0.0000803367952
-37.1200000000000 0.0000803367952
-36.4800000000000 0.0000730536959
-35.8400000000000 0.0000654862984
-35.8400000000000 0.0000654862984
-35.8400000000000 0.0000654862984
-35.2000000000000 0.0000576499460
-34.5600000000000 0.0000495609994
-34.5600000000000 0.0000495609994
-33.9200000000000 0.0000412353885
-33.2800000000000 0.0000326897503
-33.2800000000000 0.0000326897503
-33.2800000000000 0.0000326897503
-32.6400000000000 0.0000239406937
-32.0000000000000 0.0000150042334
-32.0000000000000 0.0000150042334
-31.3600000000000 0.0000058961191
-30.7200000000000 -0.0000033662458
-30.7200000000000 -0.0000033662458
-30.7200000000000 -0.0000033662458
-30.0800000000000 -0.0000127656829
-29.4400000000000 -0.0000222863335
-29.4400000000000 -0.0000222863335
-28.8000000000000 -0.0000319135849
-28.1600000000000 -0.0000416327469
-28.1600000000000 -0.0000416327469
-28.1600000000000 -0.0000416327469
-27.5200000000000 -0.0000514280527
-26.8800000000000 -0.0000612834675
-26.8800000000000 -0.0000612834675
-26.2400000000000 -0.0000711848891
-25.6000000000000 -0.0000811211634
-25.6000000000000 -0.0000811211634
-25.6000000000000 -0.0000811211634
-24.9600000000000 -0.0000910825343
-24.3200000000000 -0.0001010570503
-24.3200000000000 -0.0001010570503
-23.6800000000000 -0.0001110311970
-23.0400000000000 -0.0001209948294
-23.0400000000000 -0.0001209948294
-23.0400000000000 -0.0001209948294
-22.7199999999999 -0.0001259710085
-22.4000000000000 -0.0001309427414
-22.3999999999999 -0.0001309427414
-22.0799999999999 -0.0001359096410
-21.7600000000000 -0.0001408708035
-21.7600000000000 -0.0001408708035
-21.7599999999999 -0.0001408708035
-21.4399999999999 -0.0001458256823
-21.1200000000000 -0.0001507728194
-21.1199999999999 -0.0001507728194
-20.7999999999999 -0.0001557107533
-20.4800000000000 -0.0001606389467
-20.4800000000000 -0.0001606389467
-20.4800000000000 -0.0001606389467
-20.4799999999999 -0.0001606389467
-20.1599999999999 -0.0001655558971
-19.8400000000000 -0.0001704630374
-19.8400000000000 -0.0001704630374
-19.5199999999999 -0.0001753612369
-19.2000000000000 -0.0001802506842
-19.2000000000000 -0.0001802506842
-19.1999999999999 -0.0001802506842
-18.8800000000000 -0.0001851307486
-18.5600000000000 -0.0001900006213
-18.5600000000000 -0.0001900006213
-18.2400000000000 -0.0001948599644
-17.9200000000000 -0.0001997089798
-17.9200000000000 -0.0001997089798
-17.9200000000000 -0.0001997089798
-17.9200000000000 -0.0001997089798
-17.6000000000000 -0.0002045480710
-17.2800000000000 -0.0002093777180
-17.2800000000000 -0.0002093777180
-16.9600000000000 -0.0002141985555
-16.6400000000000 -0.0002190112458
-16.6400000000000 -0.0002190112458
-16.6400000000000 -0.0002190112458
-16.3199999999999 -0.0002238163210
-16.0000000000000 -0.0002286142842
-15.9999999999999 -0.0002286142842
-15.6799999999999 -0.0002334057824
-15.5200000000000 -0.0002357993676
-15.3600000000000 -0.0002381917346
-15.3600000000000 -0.0002381917346
-15.3600000000000 -0.0002381917346
-15.3600000000000 -0.0002381917346
-15.3599999999999 -0.0002381917346
-15.2000000000000 -0.0002405830430
-15.0400000000000 -0.0002429734877
-15.0399999999999 -0.0002429734877
-14.8800000000000 -0.0002453632699
-14.7200000000000 -0.0002477525306
-14.7200000000000 -0.0002477525306
-14.7199999999999 -0.0002477525306
-14.5600000000000 -0.0002501414306
-14.4000000000000 -0.0002525301126
-14.3999999999999 -0.0002525301126
-14.2400000000000 -0.0002549187539
-14.0800000000000 -0.0002573074120
-14.0800000000000 -0.0002573074120
-14.0800000000000 -0.0002573074120
-14.0800000000000 -0.0002573074120
-13.9200000000000 -0.0002596961813
-13.7600000000000 -0.0002620851293
-13.7600000000000 -0.0002620851293
-13.6000000000000 -0.0002644743454
-13.4400000000000 -0.0002668639611
-13.4400000000000 -0.0002668639611
-13.4400000000000 -0.0002668639611
-13.2800000000000 -0.0002692541682
-13.1200000000000 -0.0002716452124
-13.1200000000000 -0.0002716452124
-12.9600000000000 -0.0002740373527
-12.8000000000000 -0.0002764308289
-12.8000000000000 -0.0002764308289
-12.8000000000000 -0.0002764308289
-12.8000000000000 -0.0002764308289
-12.8000000000000 -0.0002764308289
-12.6400000000000 -0.0002788258830
-12.4800000000000 -0.0002812228161
-12.4800000000000 -0.0002812228161
-12.3200000000000 -0.0002836220135
-12.1600000000000 -0.0002860239069
-12.1600000000000 -0.0002860239069
-12.1600000000000 -0.0002860239069
-12.0000000000000 -0.0002884289061
-11.8400000000000 -0.0002908373416
-11.8400000000000 -0.0002908373416
-11.6800000000000 -0.0002932494434
-11.5200000000000 -0.0002956653731
-11.5200000000000 -0.0002956653731
-11.5200000000000 -0.0002956653731
-11.5200000000000 -0.0002956653731
-11.3600000000000 -0.0002980852972
-11.2000000000000 -0.0003005094433
-11.2000000000000 -0.0003005094433
-11.0400000000001 -0.0003029380887
-10.8800000000001 -0.0003053715113
-10.8800000000000 -0.0003053715113
-10.8800000000000 -0.0003053715113
-10.8000000000001 -0.0003065900956
-10.7200000000001 -0.0003078099779
-10.7200000000001 -0.0003078099779
-10.6400000000001 -0.0003090311912
-10.5600000000001 -0.0003102537842
-10.5600000000001 -0.0003102537842
-10.5600000000000 -0.0003102537842
-10.4800000000001 -0.0003114777993
-10.4000000000001 -0.0003127032872
-10.4000000000001 -0.0003127032872
-10.3200000000001 -0.0003139302978
-10.2400000000001 -0.0003151588762
-10.2400000000001 -0.0003151588762
-10.2400000000000 -0.0003151588762
-10.2400000000000 -0.0003151588762
-10.2400000000000 -0.0003151588762
-10.2400000000000 -0.0003151588762
-10.1600000000001 -0.0003163890704
-10.0800000000001 -0.0003176209216
-10.0800000000001 -0.0003176209216
-10.0000000000001 -0.0003188544727
-9.9200000000001 -0.0003200897664
-9.9200000000001 -0.0003200897664
-9.9200000000000 -0.0003200897664
-9.8400000000001 -0.0003213268468
-9.7600000000001 -0.0003225657603
-9.7600000000001 -0.0003225657603
-9.6800000000001 -0.0003238065569
-9.6000000000001 -0.0003250492909
-9.6000000000001 -0.0003250492909
-9.6000000000001 -0.0003250492909
-9.6000000000000 -0.0003250492909
-9.5200000000001 -0.0003262940210
-9.4400000000001 -0.0003275408085
-9.4400000000001 -0.0003275408085
-9.3600000000001 -0.0003287897158
-9.2800000000001 -0.0003300408038
-9.2800000000001 -0.0003300408038
-9.2800000000001 -0.0003300408038
-9.2000000000001 -0.0003312941303
-9.1200000000001 -0.0003325497494
-9.1200000000001 -0.0003325497494
-9.0400000000001 -0.0003338077122
-8.9600000000001 -0.0003350680686
-8.9600000000001 -0.0003350680686
-8.9600000000001 -0.0003350680686
-8.9600000000000 -0.0003350680686
-8.9600000000000 -0.0003350680686
-8.8800000000001 -0.0003363308691
-8.8000000000001 -0.0003375961658
-8.8000000000001 -0.0003375961658
-8.7200000000001 -0.0003388640140
-8.6400000000001 -0.0003401344707
-8.6400000000001 -0.0003401344707
-8.6400000000001 -0.0003401344707
-8.5600000000001 -0.0003414075951
-8.4800000000001 -0.0003426834470
-8.4800000000001 -0.0003426834470
-8.4000000000001 -0.0003439620879
-8.3200000000001 -0.0003452435817
-8.3200000000001 -0.0003452435817
-8.3200000000001 -0.0003452435817
-8.3200000000000 -0.0003452435817
-8.2400000000001 -0.0003465279956
-8.1600000000001 -0.0003478154016
-8.1600000000001 -0.0003478154016
-8.0800000000001 -0.0003491058762
-8.0000000000001 -0.0003503995003
-8.0000000000000 -0.0003503995003
-8.0000000000000 -0.0003503995003
-7.9200000000000 -0.0003516963571
-7.8400000000001 -0.0003529965298
-7.8400000000000 -0.0003529965298
-7.7600000000001 -0.0003543000983
-7.6800000000001 -0.0003556071371
-7.6800000000001 -0.0003556071371
-7.6800000000001 -0.0003556071371
-7.6800000000000 -0.0003556071371
-7.6800000000000 -0.0003556071371
-7.6800000000000 -0.0003556071371
-7.6000000000001 -0.0003569177125
-7.5200000000001 -0.0003582318842
-7.5200000000001 -0.0003582318842
-7.4400000000001 -0.0003595497074
-7.3600000000001 -0.0003608712370
-7.3600000000001 -0.0003608712370
-7.3600000000001 -0.0003608712370
-7.2800000000000 -0.0003621965315
-7.2000000000001 -0.0003635256544
-7.2000000000000 -0.0003635256544
-7.1200000000000 -0.0003648586733
-7.0400000000001 -0.0003661956575
-7.0400000000000 -0.0003661956575
-7.0400000000000 -0.0003661956575
-7.0400000000000 -0.0003661956575
-6.9600000000000 -0.0003675366746
-6.8800000000001 -0.0003688817889
-6.8800000000000 -0.0003688817889
-6.8000000000000 -0.0003702310607
-6.7200000000001 -0.0003715845470
-6.7200000000001 -0.0003715845470
-6.7200000000001 -0.0003715845470
-6.6400000000000 -0.0003729423016
-6.5600000000000 -0.0003743043750
-6.5600000000000 -0.0003743043750
-6.4800000000000 -0.0003756708147
-6.4000000000000 -0.0003770416654
-6.4000000000000 -0.0003770416654
-6.4000000000000 -0.0003770416654
-6.4000000000000 -0.0003770416654
-6.4000000000000 -0.0003770416654
-6.3600000000000 -0.0003777287584
-6.3200000000000 -0.0003784169705
-6.3200000000000 -0.0003784169705
-6.2800000000000 -0.0003791063069
-6.2400000000000 -0.0003797967733
-6.2400000000000 -0.0003797967733
-6.2400000000000 -0.0003797967733
-6.2000000000000 -0.0003804883750
-6.1600000000000 -0.0003811811173
-6.1600000000000 -0.0003811811173
-6.1200000000000 -0.0003818750058
-6.0800000000000 -0.0003825700450
-6.0800000000000 -0.0003825700450
-6.0800000000000 -0.0003825700450
-6.0800000000000 -0.0003825700450
-6.0400000000000 -0.0003832662401
-6.0000000000000 -0.0003839635943
-6.0000000000000 -0.0003839635943
-5.9600000000000 -0.0003846621113
-5.9200000000000 -0.0003853617943
-5.9200000000000 -0.0003853617943
-5.9200000000000 -0.0003853617943
-5.8800000000000 -0.0003860626456
-5.8400000000000 -0.0003867646671
-5.8400000000000 -0.0003867646671
-5.8000000000000 -0.0003874678601
-5.7600000000000 -0.0003881722257
-5.7600000000000 -0.0003881722257
-5.7600000000000 -0.0003881722257
-5.7600000000000 -0.0003881722257
-5.7600000000000 -0.0003881722257
-5.7200000000000 -0.0003888777647
-5.6800000000000 -0.0003895844778
-5.6800000000000 -0.0003895844778
-5.6400000000000 -0.0003902923659
-5.6000000000000 -0.0003910014297
-5.6000000000000 -0.0003910014297
-5.6000000000000 -0.0003910014297
-5.5600000000000 -0.0003917116698
-5.5200000000000 -0.0003924230868
-5.5200000000000 -0.0003924230868
-5.4800000000000 -0.0003931356809
-5.4400000000000 -0.0003938494518
-5.4400000000000 -0.0003938494518
-5.4400000000000 -0.0003938494518
-5.4400000000000 -0.0003938494518
-5.4000000000000 -0.0003945643985
-5.3600000000000 -0.0003952805188
-5.3600000000000 -0.0003952805188
-5.3200000000000 -0.0003959978098
-5.2800000000000 -0.0003967162669
-5.2800000000000 -0.0003967162669
-5.2800000000000 -0.0003967162669
-5.2400000000000 -0.0003974358849
-5.2000000000000 -0.0003981566571
-5.2000000000000 -0.0003981566571
-5.1600000000000 -0.0003988785763
-5.1200000000000 -0.0003996016342
-5.1200000000000 -0.0003996016342
-5.1200000000000 -0.0003996016342
-5.1200000000000 -0.0003996016342
-5.1200000000000 -0.0003996016342
-5.1200000000000 -0.0003996016342
-5.1200000000000 -0.0003996016342
-5.0800000000000 -0.0004003258217
-5.0400000000000 -0.0004010511286
-5.0400000000000 -0.0004010511286
-5.0000000000000 -0.0004017775443
-4.9600000000000 -0.0004025050572
-4.9600000000000 -0.0004025050572
-4.9600000000000 -0.0004025050572
-4.9200000000000 -0.0004032336550
-4.8800000000000 -0.0004039633233
-4.8800000000000 -0.0004039633233
-4.8400000000000 -0.0004046940465
-4.8000000000000 -0.0004054258070
-4.8000000000000 -0.0004054258070
-4.8000000000000 -0.0004054258070
-4.8000000000000 -0.0004054258070
-4.7600000000000 -0.0004061585857
-4.7200000000000 -0.0004068923618
-4.7200000000000 -0.0004068923618
-4.6800000000000 -0.0004076271131
-4.6400000000000 -0.0004083628156
-4.6400000000000 -0.0004083628156
-4.6400000000000 -0.0004083628156
-4.6000000000000 -0.0004090994437
-4.5600000000000 -0.0004098369700
-4.5600000000000 -0.0004098369700
-4.5200000000000 -0.0004105753653
-4.4800000000000 -0.0004113145986
-4.4800000000000 -0.0004113145986
-4.4800000000000 -0.0004113145986
-4.4800000000000 -0.0004113145986
-4.4800000000000 -0.0004113145986
-4.4400000000000 -0.0004120546368
-4.4000000000000 -0.0004127954448
-4.4000000000000 -0.0004127954448
-4.3600000000000 -0.0004135369854
-4.3200000000000 -0.0004142792195
-4.3200000000000 -0.0004142792195
-4.3200000000000 -0.0004142792195
-4.2800000000000 -0.0004150221051
-4.2400000000000 -0.0004157655979
-4.2400000000000 -0.0004157655979
-4.2000000000000 -0.0004165096504
-4.1600000000000 -0.0004172542119
-4.1600000000000 -0.0004172542119
-4.1600000000000 -0.0004172542119
-4.1600000000000 -0.0004172542119
-4.1200000000000 -0.0004179992283
-4.0800000000000 -0.0004187446415
-4.0800000000000 -0.0004187446415
-4.0400000000000 -0.0004194903900
-4.0000000000000 -0.0004202364081
-4.0000000000000 -0.0004202364081
-4.0000000000000 -0.0004202364081
-3.9600000000000 -0.0004209826261
-3.9200000000000 -0.0004217289704
-3.9200000000000 -0.0004217289704
-3.8800000000000 -0.0004224753630
-3.8400000000000 -0.0004232217220
-3.8400000000000 -0.0004232217220
-3.8400000000000 -0.0004232217220
-3.8400000000000 -0.0004232217220
-3.8400000000000 -0.0004232217220
-3.8400000000000 -0.0004232217220
-3.8000000000000 -0.0004239679605
-3.7600000000000 -0.0004247139872
-3.7600000000000 -0.0004247139872
-3.7200000000000 -0.0004254597055
-3.6800000000000 -0.0004262050134
-3.6800000000000 -0.0004262050134
-3.6800000000000 -0.0004262050134
-3.6400000000000 -0.0004269498028
-3.6000000000000 -0.0004276939593
-3.6000000000000 -0.0004276939593
-3.5600000000000 -0.0004284373611
-3.5200000000000 -0.0004291798787
-3.5200000000000 -0.0004291798787
-3.5200000000000 -0.0004291798787
-3.5200000000000 -0.0004291798787
-3.4800000000000 -0.0004299213740
-3.4400000000000 -0.0004306617001
-3.4400000000000 -0.0004306617001
-3.4000000000000 -0.0004314007010
-3.3600000000000 -0.0004321382111
-3.3600000000000 -0.0004321382111
-3.3600000000000 -0.0004321382111
-3.3200000000000 -0.0004328740555
-3.2800000000000 -0.0004336080485
-3.2800000000000 -0.0004336080485
-3.2400000000000 -0.0004343399935
-3.2000000000000 -0.0004350696812
-3.2000000000000 -0.0004350696812
-3.2000000000000 -0.0004350696812
-3.2000000000000 -0.0004350696812
-3.2000000000000 -0.0004350696812
-3.1800000000001 -0.0004354336099
-3.1600000000001 -0.0004357968892
-3.1600000000000 -0.0004357968892
-3.1400000000001 -0.0004361594904
-3.1200000000001 -0.0004365213813
-3.1200000000000 -0.0004365213813
-3.1200000000000 -0.0004365213813
-3.1000000000001 -0.0004368825315
-3.0800000000001 -0.0004372429068
-3.0800000000000 -0.0004372429068
-3.0600000000001 -0.0004376024750
-3.0400000000001 -0.0004379612002
-3.0400000000000 -0.0004379612002
-3.0400000000000 -0.0004379612002
-3.0400000000000 -0.0004379612002
-3.0200000000001 -0.0004383190482
-3.0000000000001 -0.0004386759811
-3.0000000000000 -0.0004386759811
-2.9800000000001 -0.0004390319625
-2.9600000000001 -0.0004393869536
-2.9600000000000 -0.0004393869536
-2.9600000000000 -0.0004393869536
-2.9400000000001 -0.0004397409145
-2.9200000000001 -0.0004400938047
-2.9200000000000 -0.0004400938047
-2.9000000000001 -0.0004404455822
-2.8800000000001 -0.0004407962042
-2.8800000000000 -0.0004407962042
-2.8800000000000 -0.0004407962042
-2.8800000000000 -0.0004407962042
-2.8800000000000 -0.0004407962042
-2.8600000000001 -0.0004411456265
-2.8400000000001 -0.0004414938036
-2.8400000000000 -0.0004414938036
-2.8200000000001 -0.0004418406890
-2.8000000000001 -0.0004421862344
-2.8000000000000 -0.0004421862344
-2.8000000000000 -0.0004421862344
-2.7800000000001 -0.0004425303904
-2.7600000000001 -0.0004428731059
-2.7600000000000 -0.0004428731059
-2.7400000000001 -0.0004432143281
-2.7200000000001 -0.0004435540025
-2.7200000000000 -0.0004435540025
-2.7200000000000 -0.0004435540025
-2.7200000000000 -0.0004435540025
-2.7000000000001 -0.0004438920731
-2.6800000000001 -0.0004442284816
-2.6800000000000 -0.0004442284816
-2.6600000000001 -0.0004445631682
-2.6400000000001 -0.0004448960707
-2.6400000000000 -0.0004448960707
-2.6400000000000 -0.0004448960707
-2.6200000000001 -0.0004452271250
-2.6000000000001 -0.0004455562651
-2.6000000000000 -0.0004455562651
-2.5800000000001 -0.0004458834223
-2.5600000000001 -0.0004462085261
-2.5600000000000 -0.0004462085261
-2.5600000000000 -0.0004462085261
-2.5600000000000 -0.0004462085261
-2.5600000000000 -0.0004462085261
-2.5600000000000 -0.0004462085261
-2.5600000000000 -0.0004462085261
-2.5600000000000 -0.0004462085261
-2.5400000000001 -0.0004465315034
-2.5200000000001 -0.0004468522786
-2.5200000000000 -0.0004468522786
-2.5000000000001 -0.0004471707735
-2.4800000000001 -0.0004474869073
-2.4800000000000 -0.0004474869073
-2.4800000000000 -0.0004474869073
-2.4600000000001 -0.0004478005961
-2.4400000000001 -0.0004481117531
-2.4400000000000 -0.0004481117531
-2.4200000000001 -0.0004484202881
-2.4000000000001 -0.0004487261079
-2.4000000000000 -0.0004487261079
-2.4000000000000 -0.0004487261079
-2.4000000000000 -0.0004487261079
-2.3800000000001 -0.0004490291156
-2.3600000000001 -0.0004493292109
-2.3600000000000 -0.0004493292109
-2.3400000000001 -0.0004496262897
-2.3200000000001 -0.0004499202443
-2.3200000000000 -0.0004499202443
-2.3200000000000 -0.0004499202443
-2.3000000000001 -0.0004502109631
-2.2800000000001 -0.0004504983307
-2.2800000000000 -0.0004504983307
-2.2599999999999 -0.0004507822278
-2.2400000000000 -0.0004510625308
-2.2400000000000 -0.0004510625308
-2.2400000000000 -0.0004510625308
-2.2400000000000 -0.0004510625308
-2.2399999999999 -0.0004510625308
-2.2199999999999 -0.0004513391118
-2.2000000000000 -0.0004516118384
-2.1999999999999 -0.0004516118384
-2.1799999999999 -0.0004518805733
-2.1600000000000 -0.0004521451741
-2.1600000000000 -0.0004521451741
-2.1599999999999 -0.0004521451741
-2.1399999999999 -0.0004524054932
-2.1200000000000 -0.0004526613771
-2.1199999999999 -0.0004526613771
-2.0999999999999 -0.0004529126665
-2.0800000000000 -0.0004531591958
-2.0800000000000 -0.0004531591958
-2.0800000000000 -0.0004531591958
-2.0799999999999 -0.0004531591958
-2.0599999999999 -0.0004534007932
-2.0400000000000 -0.0004536372801
-2.0399999999999 -0.0004536372801
-2.0199999999999 -0.0004538684715
-2.0000000000000 -0.0004540941753
-2.0000000000000 -0.0004540941753
-2.0000000000000 -0.0004540941753
-1.9800000000000 -0.0004543141924
-1.9600000000000 -0.0004545283164
-1.9600000000000 -0.0004545283164
-1.9399999999999 -0.0004547363335
-1.9200000000000 -0.0004549380220
-1.9200000000000 -0.0004549380220
-1.9200000000000 -0.0004549380220
-1.9200000000000 -0.0004549380220
-1.9200000000000 -0.0004549380220
-1.9199999999999 -0.0004549380220
-1.8999999999999 -0.0004551331516
-1.8800000000000 -0.0004553214831
-1.8799999999999 -0.0004553214831
-1.8599999999999 -0.0004555027674
-1.8400000000000 -0.0004556767447
-1.8400000000000 -0.0004556767447
-1.8399999999999 -0.0004556767447
-1.8200000000000 -0.0004558431434
-1.8000000000000 -0.0004560016801
-1.8000000000000 -0.0004560016801
-1.7800000000000 -0.0004561520581
-1.7600000000000 -0.0004562939675
-1.7600000000000 -0.0004562939675
-1.7600000000000 -0.0004562939675
-1.7600000000000 -0.0004562939675
-1.7400000000000 -0.0004564270844
-1.7200000000000 -0.0004565510704
-1.7200000000000 -0.0004565510704
-1.7000000000000 -0.0004566655721
-1.6800000000000 -0.0004567702204
-1.6800000000000 -0.0004567702204
-1.6800000000000 -0.0004567702204
-1.6600000000000 -0.0004568646294
-1.6400000000000 -0.0004569483959
-1.6400000000000 -0.0004569483959
-1.6200000000000 -0.0004570210983
-1.6000000000000 -0.0004570822959
-1.6000000000000 -0.0004570822959
-1.6000000000000 -0.0004570822959
-1.6000000000000 -0.0004570822959
-1.6000000000000 -0.0004570822959
-1.5800000000000 -0.0004571315273
-1.5600000000000 -0.0004571683094
-1.5600000000000 -0.0004571683094
-1.5400000000000 -0.0004571921354
-1.5200000000000 -0.0004572024724
-1.5200000000000 -0.0004572024724
-1.5200000000000 -0.0004572024724
-1.5000000000000 -0.0004571987597
-1.4800000000000 -0.0004571804063
-1.4800000000000 -0.0004571804063
-1.4600000000000 -0.0004571467903
-1.4400000000000 -0.0004570972575
-1.4400000000000 -0.0004570972575
-1.4400000000000 -0.0004570972575
-1.4400000000000 -0.0004570972575
-1.4200000000000 -0.0004570311219
-1.4000000000000 -0.0004569476651
-1.4000000000000 -0.0004569476651
-1.3800000000000 -0.0004568461354
-1.3600000000000 -0.0004567257448
-1.3600000000000 -0.0004567257448
-1.3600000000000 -0.0004567257448
-1.3400000000000 -0.0004565856644
-1.3200000000000 -0.0004564250185
-1.3200000000000 -0.0004564250185
-1.3000000000000 -0.0004562428782
-1.2800000000000 -0.0004560382562
-1.2800000000000 -0.0004560382562
-1.2800000000000 -0.0004560382562
-1.2800000000000 -0.0004560382562
-1.2800000000000 -0.0004560382562
-1.2800000000000 -0.0004560382562
-1.2800000000000 -0.0004560382562
-1.2600000000000 -0.0004558101046
-1.2400000000000 -0.0004555573153
-1.2400000000000 -0.0004555573153
-1.2200000000000 -0.0004552787211
-1.2000000000000 -0.0004549730967
-1.2000000000000 -0.0004549730967
-1.2000000000000 -0.0004549730967
-1.1800000000000 -0.0004546391558
-1.1600000000000 -0.0004542755407
-1.1600000000000 -0.0004542755407
-1.1400000000000 -0.0004538808072
-1.1200000000000 -0.0004534534050
-1.1200000000000 -0.0004534534050
-1.1200000000000 -0.0004534534050
-1.1200000000000 -0.0004534534050
-1.1000000000000 -0.0004529916615
-1.0800000000000 -0.0004524937716
-1.0800000000000 -0.0004524937716
-1.0600000000000 -0.0004519577974
-1.0400000000000 -0.0004513816700
-1.0400000000000 -0.0004513816700
-1.0400000000000 -0.0004513816700
-1.0200000000000 -0.0004507631889
-1.0000000000000 -0.0004501000102
-1.0000000000000 -0.0004501000102
-0.9800000000000 -0.0004493896249
-0.9600000000000 -0.0004486293364
-0.9600000000000 -0.0004486293364
-0.9600000000000 -0.0004486293364
-0.9600000000000 -0.0004486293364
-0.9600000000000 -0.0004486293364
-0.9400000000000 -0.0004478162444
-0.9200000000000 -0.0004469472405
-0.9200000000000 -0.0004469472405
-0.9000000000000 -0.0004460190037
-0.8800000000000 -0.0004450279818
-0.8800000000000 -0.0004450279818
-0.8800000000000 -0.0004450279818
-0.8600000000000 -0.0004439703508
-0.8400000000000 -0.0004428419600
-0.8400000000000 -0.0004428419600
-0.8200000000000 -0.0004416382796
-0.8000000000000 -0.0004403543555
-0.8000000000000 -0.0004403543555
-0.8000000000000 -0.0004403543555
-0.8000000000000 -0.0004403543555
-0.7800000000000 -0.0004389847661
-0.7600000000000 -0.0004375235692
-0.7600000000000 -0.0004375235692
-0.7400000000000 -0.0004359642501
-0.7200000000000 -0.0004342996891
-0.7200000000000 -0.0004342996891
-0.7200000000000 -0.0004342996891
-0.7000000000000 -0.0004325221487
-0.6800000000000 -0.0004306232413
-0.6800000000000 -0.0004306232413
-0.6600000000000 -0.0004285938146
-0.6400000000000 -0.0004264237304
-0.6400000000000 -0.0004264237304
-0.6400000000000 -0.0004264237304
-0.6400000000000 -0.0004264237304
-0.6400000000000 -0.0004264237304
-0.6400000000000 -0.0004264237304
-0.6200000000000 -0.0004241015923
-0.6000000000000 -0.0004216145268
-0.6000000000000 -0.0004216145268
-0.5800000000000 -0.0004189480857
-0.5600000000000 -0.0004160862117
-0.5600000000000 -0.0004160862117
-0.5600000000000 -0.0004160862117
-0.5400000000000 -0.0004130111017
-0.5200000000000 -0.0004097028229
-0.5200000000000 -0.0004097028229
-0.5000000000000 -0.0004061386964
-0.4800000000000 -0.0004022926268
-0.4800000000000 -0.0004022926268
-0.4800000000000 -0.0004022926268
-0.4800000000000 -0.0004022926268
-0.4600000000000 -0.0003981345724
-0.4400000000000 -0.0003936301510
-0.4400000000000 -0.0003936301510
-0.4200000000000 -0.0003887400795
-0.4000000000000 -0.0003834189948
-0.4000000000000 -0.0003834189948
-0.4000000000000 -0.0003834189948
-0.3800000000000 -0.0003776134334
-0.3600000000000 -0.0003712593078
-0.3600000000000 -0.0003712593078
-0.3400000000000 -0.0003642795599
-0.3200000000000 -0.0003565820310
-0.3200000000000 -0.0003565820310
-0.3200000000000 -0.0003565820310
-0.3200000000000 -0.0003565820310
-0.3200000000000 -0.0003565820310
-0.3000000000000 -0.0003480561906
-0.2800000000000 -0.0003385672310
-0.2800000000000 -0.0003385672310
-0.2600000000000 -0.0003279471557
-0.2400000000000 -0.0003159795528
-0.2400000000000 -0.0003159795528
-0.2400000000000 -0.0003159795528
-0.2200000000000 -0.0003023777343
-0.2000000000000 -0.0002867842622
-0.2000000000000 -0.0002867842622
-0.1800000000000 -0.0002687698302
-0.1600000000000 -0.0002476092595
-0.1600000000000 -0.0002476092595
-0.1600000000000 -0.0002476092595
-0.1600000000000 -0.0002476092595
-0.1400000000000 -0.0002219649076
-0.1200000000000 -0.0001906799355
-0.1200000000000 -0.0001906799355
-0.1000000000000 -0.0001538524054
-0.0800000000000 -0.0001080296854
-0.0800000000000 -0.0001080296854
-0.0800000000000 -0.0001080296854
-0.0600000000000 -0.0000376896266
-0.0400000000000 0.0000714879088
-0.0400000000000 0.0000714879088
-0.0200000000000 0.0001912159906
0.0000000000000 0.0002463106874
0.0000000000000 0.0002463106874
0.0000000000000 0.0002463106874
0.0000000000000 0.0002463106874
0.0000000000000 0.0002463106874
0.0000000000000 0.0002463106874
0.0000000000000 0.0002463106874
0.0000000000000 0.0002463106874
0.0200000000000 0.0001912168563
0.0400000000000 0.0000714879399
0.0400000000000 0.0000714879399
0.0600000000000 -0.0000376906467
0.0800000000000 -0.0001080302971
0.0800000000000 -0.0001080302971
0.0800000000000 -0.0001080302971
0.1000000000000 -0.0001538521341
0.1200000000000 -0.0001906795219
0.1200000000000 -0.0001906795219
0.1400000000000 -0.0002219647907
0.1600000000000 -0.0002476092931
0.1600000000000 -0.0002476092931
0.1600000000000 -0.0002476092931
0.1600000000000 -0.0002476092931
0.1800000000000 -0.0002687698650
0.2000000000000 -0.0002867843082
0.2000000000000 -0.0002867843082
0.2200000000000 -0.0003023778149
0.2400000000000 -0.0003159796592
0.2400000000000 -0.0003159796592
0.2400000000000 -0.0003159796592
0.2600000000000 -0.0003279472784
0.2800000000000 -0.0003385673673
0.2800000000000 -0.0003385673673
0.3000000000000 -0.0003480563368
0.3200000000000 -0.0003565821807
0.3200000000000 -0.0003565821807
0.3200000000000 -0.0003565821807
0.3200000000000 -0.0003565821807
0.3200000000000 -0.0003565821807
0.3400000000000 -0.0003642797074
0.3600000000000 -0.0003712594520
0.3600000000000 -0.0003712594520
0.3800000000000 -0.0003776135759
0.4000000000000 -0.0003834191366
0.4000000000000 -0.0003834191366
0.4000000000000 -0.0003834191366
0.4200000000000 -0.0003887402200
0.4400000000000 -0.0003936302911
0.4400000000000 -0.0003936302911
0.4600000000000 -0.0003981347160
0.4800000000000 -0.0004022927781
0.4800000000000 -0.0004022927781
0.4800000000000 -0.0004022927781
0.4800000000000 -0.0004022927781
0.5000000000000 -0.0004061388551
0.5200000000000 -0.0004097029848
0.5200000000000 -0.0004097029848
0.5400000000000 -0.0004130112627
0.5600000000000 -0.0004160863716
0.5600000000000 -0.0004160863716
0.5600000000000 -0.0004160863716
0.5800000000000 -0.0004189482468
0.6000000000000 -0.0004216146906
0.6000000000000 -0.0004216146906
0.6200000000000 -0.0004241017571
0.6400000000000 -0.0004264238928
0.6400000000000 -0.0004264238928
0.6400000000000 -0.0004264238928
0.6400000000000 -0.0004264238928
0.6400000000000 -0.0004264238928
0.6400000000000 -0.0004264238928
0.6600000000000 -0.0004285939728
0.6800000000000 -0.0004306233966
0.6800000000000 -0.0004306233966
0.7000000000000 -0.0004325223044
0.7200000000000 -0.0004342998478
0.7200000000000 -0.0004342998478
0.7200000000000 -0.0004342998478
0.7400000000000 -0.0004359644116
0.7600000000000 -0.0004375237302
0.7600000000000 -0.0004375237302
0.7800000000000 -0.0004389849234
0.8000000000000 -0.0004403545085
0.8000000000000 -0.0004403545085
0.8000000000000 -0.0004403545085
0.8000000000000 -0.0004403545085
0.8200000000000 -0.0004416384309
0.8400000000000 -0.0004428421136
0.8400000000000 -0.0004428421136
0.8600000000000 -0.0004439705092
0.8800000000000 -0.0004450281443
0.8800000000000 -0.0004450281443
0.8800000000000 -0.0004450281443
0.9000000000000 -0.0004460191665
0.9200000000000 -0.0004469473991
0.9200000000000 -0.0004469473991
0.9400000000000 -0.0004478163954
0.9600000000000 -0.0004486294783
0.9600000000000 -0.0004486294783
0.9600000000000 -0.0004486294783
0.9600000000000 -0.0004486294783
0.9600000000000 -0.0004486294783
0.9800000000000 -0.0004493897578
1.0000000000000 -0.0004501001353
1.0000000000000 -0.0004501001353
1.0200000000000 -0.0004507633083
1.0400000000000 -0.0004513817862
1.0400000000000 -0.0004513817862
1.0400000000000 -0.0004513817862
1.0600000000000 -0.0004519579128
1.0800000000000 -0.0004524938879
1.0800000000000 -0.0004524938879
1.1000000000000 -0.0004529917788
1.1200000000000 -0.0004534535223
1.1200000000000 -0.0004534535223
1.1200000000000 -0.0004534535223
1.1200000000000 -0.0004534535223
1.1400000000000 -0.0004538809227
1.1600000000000 -0.0004542756527
1.1600000000000 -0.0004542756527
1.1800000000000 -0.0004546392631
1.2000000000000 -0.0004549731988
1.2000000000000 -0.0004549731988
1.2000000000000 -0.0004549731988
1.2200000000000 -0.0004552788181
1.2400000000000 -0.0004555574078
1.2400000000000 -0.0004555574078
1.2600000000000 -0.0004558101931
1.2800000000000 -0.0004560383410
1.2800000000000 -0.0004560383410
1.2800000000000 -0.0004560383410
1.2800000000000 -0.0004560383410
1.2800000000000 -0.0004560383410
1.2800000000000 -0.0004560383410
1.2800000000000 -0.0004560383410
1.3000000000000 -0.0004562429598
1.3200000000000 -0.0004564250973
1.3200000000000 -0.0004564250973
1.3400000000000 -0.0004565857407
1.3600000000000 -0.0004567258189
1.3600000000000 -0.0004567258189
1.3600000000000 -0.0004567258189
1.3800000000001 -0.0004568462078
1.4000000000000 -0.0004569477360
1.4000000000001 -0.0004569477360
1.4200000000000 -0.0004570311915
1.4400000000000 -0.0004570973259
1.4400000000000 -0.0004570973259
1.4400000000000 -0.0004570973259
1.4400000000000 -0.0004570973259
1.4600000000001 -0.0004571468575
1.4800000000000 -0.0004571804724
1.4800000000001 -0.0004571804724
1.5000000000001 -0.0004571988247
1.5200000000000 -0.0004572025366
1.5200000000000 -0.0004572025366
1.5200000000001 -0.0004572025366
1.5400000000001 -0.0004571921990
1.5600000000000 -0.0004571683728
1.5600000000001 -0.0004571683728
1.5800000000001 -0.0004571315907
1.6000000000000 -0.0004570823599
1.6000000000000 -0.0004570823599
1.6000000000000 -0.0004570823599
1.6000000000000 -0.0004570823599
1.6000000000001 -0.0004570823599
1.6200000000001 -0.0004570211632
1.6400000000000 -0.0004569484618
1.6400000000001 -0.0004569484618
1.6600000000001 -0.0004568646965
1.6800000000000 -0.0004567702886
1.6800000000000 -0.0004567702886
1.6800000000001 -0.0004567702886
1.7000000000001 -0.0004566656414
1.7200000000000 -0.0004565511406
1.7200000000001 -0.0004565511406
1.7400000000001 -0.0004564271554
1.7600000000000 -0.0004562940393
1.7600000000000 -0.0004562940393
1.7600000000000 -0.0004562940393
1.7600000000001 -0.0004562940393
1.7800000000001 -0.0004561521307
1.8000000000001 -0.0004560017533
1.8000000000001 -0.0004560017533
1.8200000000001 -0.0004558432171
1.8400000000000 -0.0004556768187
1.8400000000001 -0.0004556768187
1.8400000000001 -0.0004556768187
1.8600000000001 -0.0004555028416
1.8800000000001 -0.0004553215572
1.8800000000001 -0.0004553215572
1.9000000000001 -0.0004551332251
1.9200000000000 -0.0004549380947
1.9200000000000 -0.0004549380947
1.9200000000000 -0.0004549380947
1.9200000000000 -0.0004549380947
1.9200000000000 -0.0004549380947
1.9200000000001 -0.0004549380947
1.9400000000001 -0.0004547364052
1.9600000000000 -0.0004545283867
1.9600000000001 -0.0004545283867
1.9800000000001 -0.0004543142612
2.0000000000000 -0.0004540942426
2.0000000000001 -0.0004540942426
2.0000000000001 -0.0004540942426
2.0200000000001 -0.0004538685372
2.0400000000001 -0.0004536373442
2.0400000000001 -0.0004536373442
2.0600000000001 -0.0004534008557
2.0800000000000 -0.0004531592568
2.0800000000000 -0.0004531592568
2.0800000000001 -0.0004531592568
2.0800000000001 -0.0004531592568
2.1000000000001 -0.0004529127260
2.1200000000001 -0.0004526614352
2.1200000000001 -0.0004526614352
2.1400000000001 -0.0004524055497
2.1600000000000 -0.0004521452290
2.1600000000001 -0.0004521452290
2.1600000000001 -0.0004521452290
2.1800000000001 -0.0004518806263
2.2000000000001 -0.0004516118893
2.2000000000001 -0.0004516118893
2.2200000000001 -0.0004513391605
2.2400000000000 -0.0004510625769
2.2400000000000 -0.0004510625769
2.2400000000000 -0.0004510625769
2.2400000000001 -0.0004510625769
2.2400000000001 -0.0004510625769
2.2600000000001 -0.0004507822712
2.2800000000001 -0.0004504983712
2.2800000000001 -0.0004504983712
2.3000000000000 -0.0004502110004
2.3200000000000 -0.0004499202785
2.3200000000000 -0.0004499202785
2.3200000000001 -0.0004499202785
2.3400000000000 -0.0004496263208
2.3600000000000 -0.0004493292390
2.3600000000001 -0.0004493292390
2.3800000000000 -0.0004490291409
2.4000000000000 -0.0004487261305
2.4000000000000 -0.0004487261305
2.4000000000000 -0.0004487261305
2.4000000000001 -0.0004487261305
2.4200000000000 -0.0004484203083
2.4400000000000 -0.0004481117710
2.4400000000001 -0.0004481117710
2.4600000000000 -0.0004478006120
2.4800000000000 -0.0004474869214
2.4800000000000 -0.0004474869214
2.4800000000001 -0.0004474869214
2.5000000000000 -0.0004471707859
2.5200000000000 -0.0004468522894
2.5200000000001 -0.0004468522894
2.5400000000000 -0.0004465315127
2.5600000000000 -0.0004462085339
2.5600000000000 -0.0004462085339
2.5600000000000 -0.0004462085339
2.5600000000000 -0.0004462085339
2.5600000000000 -0.0004462085339
2.5600000000000 -0.0004462085339
2.5600000000000 -0.0004462085339
2.5600000000001 -0.0004462085339
2.5800000000000 -0.0004458834286
2.6000000000000 -0.0004455562697
2.6000000000001 -0.0004455562697
2.6200000000000 -0.0004452271281
2.6400000000000 -0.0004448960720
2.6400000000000 -0.0004448960720
2.6400000000001 -0.0004448960720
2.6600000000000 -0.0004445631676
2.6800000000000 -0.0004442284792
2.6800000000001 -0.0004442284792
2.7000000000000 -0.0004438920686
2.7200000000000 -0.0004435539959
2.7200000000000 -0.0004435539959
2.7200000000000 -0.0004435539959
2.7200000000001 -0.0004435539959
2.7400000000000 -0.0004432143192
2.7600000000000 -0.0004428730948
2.7600000000000 -0.0004428730948
2.7800000000000 -0.0004425303771
2.8000000000000 -0.0004421862188
2.8000000000000 -0.0004421862188
2.8000000000000 -0.0004421862188
2.8200000000000 -0.0004418406710
2.8400000000000 -0.0004414937832
2.8400000000000 -0.0004414937832
2.8600000000000 -0.0004411456036
2.8800000000000 -0.0004407961789
2.8800000000000 -0.0004407961789
2.8800000000000 -0.0004407961789
2.8800000000000 -0.0004407961789
2.8800000000000 -0.0004407961789
2.9000000000000 -0.0004404455545
2.9200000000000 -0.0004400937744
2.9200000000000 -0.0004400937744
2.9400000000000 -0.0004397408818
2.9600000000000 -0.0004393869183
2.9600000000000 -0.0004393869183
2.9600000000000 -0.0004393869183
2.9800000000000 -0.0004390319247
3.0000000000000 -0.0004386759407
3.0000000000000 -0.0004386759407
3.0200000000000 -0.0004383190052
3.0400000000000 -0.0004379611546
3.0400000000000 -0.0004379611546
3.0400000000000 -0.0004379611546
3.0400000000000 -0.0004379611546
3.0600000000000 -0.0004376024269
3.0800000000000 -0.0004372428561
3.0800000000000 -0.0004372428561
3.1000000000000 -0.0004368824782
3.1200000000000 -0.0004365213254
3.1200000000000 -0.0004365213254
3.1200000000000 -0.0004365213254
3.1400000000000 -0.0004361594320
3.1600000000000 -0.0004357968282
3.1600000000000 -0.0004357968282
3.1800000000000 -0.0004354335463
3.2000000000000 -0.0004350696149
3.2000000000000 -0.0004350696149
3.2000000000000 -0.0004350696149
3.2000000000000 -0.0004350696149
3.2000000000000 -0.0004350696149
3.2400000000000 -0.0004343399221
3.2800000000000 -0.0004336079720
3.2800000000000 -0.0004336079720
3.3200000000000 -0.0004328739740
3.3600000000000 -0.0004321381247
3.3600000000000 -0.0004321381247
3.3600000000000 -0.0004321381247
3.4000000000000 -0.0004314006098
3.4400000000000 -0.0004306616045
3.4400000000000 -0.0004306616045
3.4800000000000 -0.0004299212742
3.5200000000000 -0.0004291797750
3.5200000000000 -0.0004291797750
3.5200000000000 -0.0004291797750
3.5200000000000 -0.0004291797750
3.5600000000000 -0.0004284372540
3.6000000000000 -0.0004276938491
3.6000000000000 -0.0004276938491
3.6400000000000 -0.0004269496900
3.6800000000000 -0.0004262048981
3.6800000000000 -0.0004262048981
3.6800000000000 -0.0004262048981
3.7200000000000 -0.0004254595880
3.7600000000000 -0.0004247138675
3.7600000000000 -0.0004247138675
3.8000000000000 -0.0004239678387
3.8400000000000 -0.0004232215978
3.8400000000000 -0.0004232215978
3.8400000000000 -0.0004232215978
3.8400000000000 -0.0004232215978
3.8400000000000 -0.0004232215978
3.8400000000000 -0.0004232215978
3.8800000000000 -0.0004224752365
3.9200000000000 -0.0004217288411
3.9200000000000 -0.0004217288411
3.9600000000000 -0.0004209824940
4.0000000000000 -0.0004202362730
4.0000000000000 -0.0004202362730
4.0000000000000 -0.0004202362730
4.0400000000000 -0.0004194902518
4.0800000000000 -0.0004187445002
4.0800000000000 -0.0004187445002
4.1200000000000 -0.0004179990838
4.1600000000000 -0.0004172540646
4.1600000000000 -0.0004172540646
4.1600000000000 -0.0004172540646
4.1600000000000 -0.0004172540646
4.2000000000000 -0.0004165095003
4.2400000000000 -0.0004157654453
4.2400000000000 -0.0004157654453
4.2800000000000 -0.0004150219503
4.3200000000000 -0.0004142790627
4.3200000000000 -0.0004142790627
4.3200000000001 -0.0004142790627
4.3600000000000 -0.0004135368270
4.4000000000000 -0.0004127952851
4.4000000000000 -0.0004127952851
4.4400000000000 -0.0004120544762
4.4800000000000 -0.0004113144376
4.4800000000000 -0.0004113144376
4.4800000000000 -0.0004113144376
4.4800000000000 -0.0004113144376
4.4800000000001 -0.0004113144376
4.5200000000000 -0.0004105752042
4.5600000000000 -0.0004098368093
4.5600000000000 -0.0004098368093
4.6000000000000 -0.0004090992838
4.6400000000000 -0.0004083626569
4.6400000000000 -0.0004083626569
4.6400000000001 -0.0004083626569
4.6800000000000 -0.0004076269561
4.7199999999999 -0.0004068922068
4.7200000000000 -0.0004068922068
4.7600000000000 -0.0004061584329
4.7999999999999 -0.0004054256567
4.8000000000000 -0.0004054256567
4.8000000000000 -0.0004054256567
4.8000000000001 -0.0004054256567
4.8400000000000 -0.0004046938988
4.8799999999999 -0.0004039631782
4.8800000000000 -0.0004039631782
4.9200000000000 -0.0004032335123
4.9599999999999 -0.0004025049168
4.9600000000000 -0.0004025049168
4.9600000000001 -0.0004025049168
5.0000000000000 -0.0004017774059
5.0399999999999 -0.0004010509922
5.0400000000000 -0.0004010509922
5.0800000000000 -0.0004003256872
5.1199999999999 -0.0003996015016
5.1200000000000 -0.0003996015016
5.1200000000000 -0.0003996015016
5.1200000000000 -0.0003996015016
5.1200000000000 -0.0003996015016
5.1200000000000 -0.0003996015016
5.1200000000001 -0.0003996015016
5.1600000000000 -0.0003988784453
5.1999999999999 -0.0003981565274
5.2000000000000 -0.0003981565274
5.2400000000000 -0.0003974357560
5.2799999999999 -0.0003967161387
5.2800000000000 -0.0003967161387
5.2800000000001 -0.0003967161387
5.3200000000000 -0.0003959976821
5.3599999999999 -0.0003952803916
5.3600000000000 -0.0003952803916
5.4000000000000 -0.0003945642716
5.4399999999999 -0.0003938493253
5.4400000000000 -0.0003938493253
5.4400000000000 -0.0003938493253
5.4400000000001 -0.0003938493253
5.4800000000000 -0.0003931355547
5.5199999999999 -0.0003924229610
5.5200000000000 -0.0003924229610
5.5600000000000 -0.0003917115444
5.5999999999999 -0.0003910013048
5.6000000000000 -0.0003910013048
5.6000000000001 -0.0003910013048
5.6400000000000 -0.0003902922416
5.6799999999999 -0.0003895843542
5.6800000000000 -0.0003895843542
5.7200000000000 -0.0003888776418
5.7599999999999 -0.0003881721036
5.7600000000000 -0.0003881721036
5.7600000000000 -0.0003881721036
5.7600000000000 -0.0003881721036
5.7600000000001 -0.0003881721036
5.8000000000000 -0.0003874677390
5.8399999999999 -0.0003867645470
5.8400000000000 -0.0003867645470
5.8800000000000 -0.0003860625267
5.9199999999999 -0.0003853616767
5.9200000000000 -0.0003853616767
5.9200000000001 -0.0003853616767
5.9600000000000 -0.0003846619950
5.9999999999999 -0.0003839634794
6.0000000000000 -0.0003839634794
6.0400000000000 -0.0003832661266
6.0799999999999 -0.0003825699327
6.0800000000000 -0.0003825699327
6.0800000000000 -0.0003825699327
6.0800000000001 -0.0003825699327
6.1200000000000 -0.0003818748948
6.1599999999999 -0.0003811810075
6.1600000000000 -0.0003811810075
6.2000000000000 -0.0003804882662
6.2399999999999 -0.0003797966655
6.2400000000000 -0.0003797966655
6.2400000000001 -0.0003797966655
6.2800000000000 -0.0003791061999
6.3199999999999 -0.0003784168640
6.3200000000000 -0.0003784168640
6.3600000000000 -0.0003777286524
6.3999999999999 -0.0003770415597
6.4000000000000 -0.0003770415597
6.4000000000000 -0.0003770415597
6.4000000000000 -0.0003770415597
6.4000000000001 -0.0003770415597
6.4799999999999 -0.0003756707093
6.5599999999999 -0.0003743042697
6.5600000000001 -0.0003743042697
6.6399999999999 -0.0003729421964
6.7199999999999 -0.0003715844420
6.7200000000001 -0.0003715844420
6.7200000000001 -0.0003715844420
6.7999999999999 -0.0003702309559
6.8799999999999 -0.0003688816842
6.8800000000000 -0.0003688816842
6.9599999999999 -0.0003675365700
7.0399999999999 -0.0003661955531
7.0400000000000 -0.0003661955531
7.0400000000000 -0.0003661955531
7.0400000000000 -0.0003661955531
7.1199999999999 -0.0003648585697
7.1999999999999 -0.0003635255527
7.2000000000000 -0.0003635255527
7.2799999999999 -0.0003621964336
7.3599999999999 -0.0003608711449
7.3600000000000 -0.0003608711449
7.3600000000001 -0.0003608711449
7.4399999999999 -0.0003595496229
7.5199999999999 -0.0003582318088
7.5200000000000 -0.0003582318088
7.5999999999999 -0.0003569176466
7.6799999999999 -0.0003556070806
7.6800000000000 -0.0003556070806
7.6800000000000 -0.0003556070806
7.6800000000000 -0.0003556070806
7.6800000000000 -0.0003556070806
7.6800000000001 -0.0003556070806
7.7599999999999 -0.0003543000506
7.8400000000000 -0.0003529964897
7.8400000000001 -0.0003529964897
7.9200000000001 -0.0003516963239
8.0000000000000 -0.0003503994731
8.0000000000000 -0.0003503994731
8.0000000000001 -0.0003503994731
8.0800000000001 -0.0003491058544
8.1600000000000 -0.0003478153845
8.1600000000001 -0.0003478153845
8.2400000000001 -0.0003465279828
8.3200000000000 -0.0003452435727
8.3200000000000 -0.0003452435727
8.3200000000001 -0.0003452435727
8.3200000000001 -0.0003452435727
8.4000000000001 -0.0003439620828
8.4800000000000 -0.0003426834463
8.4800000000001 -0.0003426834463
8.5600000000001 -0.0003414076000
8.6400000000000 -0.0003401344831
8.6400000000001 -0.0003401344831
8.6400000000001 -0.0003401344831
8.7200000000001 -0.0003388640355
8.8000000000000 -0.0003375961976
8.8000000000001 -0.0003375961976
8.8800000000001 -0.0003363309113
8.9600000000000 -0.0003350681207
8.9600000000000 -0.0003350681207
8.9600000000000 -0.0003350681207
8.9600000000001 -0.0003350681207
8.9600000000001 -0.0003350681207
9.0400000000001 -0.0003338077728
9.1200000000000 -0.0003325498168
9.1200000000001 -0.0003325498168
9.2000000000001 -0.0003312942031
9.2800000000000 -0.0003300408808
9.2800000000001 -0.0003300408808
9.2800000000001 -0.0003300408808
9.3600000000001 -0.0003287897964
9.4400000000000 -0.0003275408925
9.4400000000001 -0.0003275408925
9.5200000000001 -0.0003262941083
9.6000000000000 -0.0003250493817
9.6000000000000 -0.0003250493817
9.6000000000001 -0.0003250493817
9.6000000000001 -0.0003250493817
9.6800000000001 -0.0003238066512
9.7600000000000 -0.0003225658584
9.7600000000001 -0.0003225658584
9.8400000000001 -0.0003213269488
9.9200000000000 -0.0003200898724
9.9200000000000 -0.0003200898724
9.9200000000001 -0.0003200898724
10.0000000000001 -0.0003188545826
10.0800000000000 -0.0003176210353
10.0800000000001 -0.0003176210353
10.1600000000001 -0.0003163891876
10.2400000000000 -0.0003151589963
10.2400000000000 -0.0003151589963
10.2400000000000 -0.0003151589963
10.2400000000000 -0.0003151589963
10.2400000000000 -0.0003151589963
10.2400000000001 -0.0003151589963
10.3200000000001 -0.0003139304200
10.4000000000000 -0.0003127034106
10.4000000000001 -0.0003127034106
10.4800000000001 -0.0003114779230
10.5600000000000 -0.0003102539074
10.5600000000000 -0.0003102539074
10.5600000000001 -0.0003102539074
10.6400000000001 -0.0003090313130
10.7200000000000 -0.0003078100973
10.7200000000001 -0.0003078100973
10.8000000000001 -0.0003065902119
10.8800000000000 -0.0003053716237
10.8800000000000 -0.0003053716237
10.8800000000000 -0.0003053716237
11.0400000000000 -0.0003029381908
11.2000000000000 -0.0003005095342
11.2000000000000 -0.0003005095342
11.3599999999999 -0.0002980853783
11.5199999999999 -0.0002956654479
11.5200000000000 -0.0002956654479
11.5200000000000 -0.0002956654479
11.5200000000000 -0.0002956654479
11.6799999999999 -0.0002932495161
11.8399999999999 -0.0002908374148
11.8400000000000 -0.0002908374148
11.9999999999999 -0.0002884289792
12.1599999999999 -0.0002860239772
12.1600000000000 -0.0002860239772
12.1600000000000 -0.0002860239772
12.3199999999999 -0.0002836220787
12.4799999999999 -0.0002812228760
12.4800000000000 -0.0002812228760
12.6399999999999 -0.0002788259372
12.7999999999999 -0.0002764308748
12.8000000000000 -0.0002764308748
12.8000000000000 -0.0002764308748
12.8000000000000 -0.0002764308748
12.8000000000000 -0.0002764308748
12.9599999999999 -0.0002740373858
13.1199999999999 -0.0002716452298
13.1200000000000 -0.0002716452298
13.2799999999999 -0.0002692541707
13.4399999999999 -0.0002668639519
13.4400000000000 -0.0002668639519
13.4400000000000 -0.0002668639519
13.5999999999999 -0.0002644743274
13.7599999999999 -0.0002620851043
13.7600000000000 -0.0002620851043
13.9199999999999 -0.0002596961522
14.0799999999999 -0.0002573073833
14.0800000000000 -0.0002573073833
14.0800000000000 -0.0002573073833
14.0800000000000 -0.0002573073833
14.2399999999999 -0.0002549187292
14.3999999999999 -0.0002525300916
14.3999999999999 -0.0002525300916
14.5599999999999 -0.0002501414077
14.7199999999999 -0.0002477525028
14.7199999999999 -0.0002477525028
14.7200000000000 -0.0002477525028
14.8799999999999 -0.0002453632347
15.0399999999999 -0.0002429734434
15.0399999999999 -0.0002429734434
15.1999999999999 -0.0002405829888
15.3599999999999 -0.0002381916699
15.3599999999999 -0.0002381916699
15.3600000000000 -0.0002381916699
15.3600000000000 -0.0002381916699
15.3600000000000 -0.0002381916699
15.5199999999999 -0.0002357992916
15.6799999999999 -0.0002334056961
15.9999999999999 -0.0002286141857
16.0000000000000 -0.0002286141857
16.3199999999999 -0.0002238162175
16.6400000000000 -0.0002190111315
16.6400000000000 -0.0002190111315
16.6400000000001 -0.0002190111315
16.9600000000001 -0.0002141984291
17.2800000000000 -0.0002093775944
17.2800000000001 -0.0002093775944
17.6000000000001 -0.0002045479644
17.9200000000000 -0.0001997088865
17.9200000000000 -0.0001997088865
17.9200000000000 -0.0001997088865
17.9200000000001 -0.0001997088865
18.2400000000001 -0.0001948598748
18.5600000000000 -0.0001900005376
18.5600000000001 -0.0001900005376
18.8800000000001 -0.0001851306800
19.2000000000000 -0.0001802506326
19.2000000000000 -0.0001802506326
19.2000000000001 -0.0001802506326
19.5200000000001 -0.0001753611966
19.8400000000000 -0.0001704630045
19.8400000000001 -0.0001704630045
20.1600000000001 -0.0001655558724
20.4800000000000 -0.0001606389323
20.4800000000000 -0.0001606389323
20.4800000000000 -0.0001606389323
20.4800000000001 -0.0001606389323
20.8000000000001 -0.0001557107561
21.1200000000000 -0.0001507728411
21.1200000000001 -0.0001507728411
21.4400000000001 -0.0001458257218
21.7600000000000 -0.0001408708584
21.7600000000000 -0.0001408708584
21.7600000000001 -0.0001408708584
22.0800000000001 -0.0001359097065
22.4000000000000 -0.0001309428148
22.4000000000002 -0.0001309428148
22.7200000000002 -0.0001259710882
23.0400000000000 -0.0001209949136
23.0400000000000 -0.0001209949136
23.0400000000000 -0.0001209949136
23.6800000000000 -0.0001110312873
24.3200000000000 -0.0001010571368
24.3200000000000 -0.0001010571368
24.9600000000000 -0.0000910825962
25.6000000000000 -0.0000811211852
25.6000000000000 -0.0000811211852
25.6000000000000 -0.0000811211852
26.2400000000000 -0.0000711848601
26.8800000000000 -0.0000612833745
26.8800000000000 -0.0000612833745
27.5200000000000 -0.0000514278978
28.1600000000000 -0.0000416325566
28.1600000000000 -0.0000416325566
28.1600000000000 -0.0000416325566
28.8000000000000 -0.0000319133933
29.4400000000000 -0.0000222861636
29.4400000000000 -0.0000222861636
30.0800000000000 -0.0000127655435
30.7200000000000 -0.0000033661438
30.7200000000000 -0.0000033661438
30.7200000000000 -0.0000033661438
31.3600000000000 0.0000058961705
32.0000000000000 0.0000150042291
32.0000000000000 0.0000150042291
32.6400000000000 0.0000239406493
33.2800000000000 0.0000326896797
33.2800000000000 0.0000326896797
33.2800000000000 0.0000326896797
33.9200000000000 0.0000412353170
34.5600000000000 0.0000495609342
34.5600000000000 0.0000495609342
35.2000000000000 0.0000576498772
35.8400000000000 0.0000654862237
35.8400000000000 0.0000654862237
35.8400000000000 0.0000654862237
36.4800000000000 0.0000730536105
37.1200000000000 0.0000803367057
37.1200000000000 0.0000803367057
37.7600000000000 0.0000873194369
38.4000000000000 0.0000939876627
38.4000000000000 0.0000939876627
39.6800000000000 0.0001063221010
40.9600000000000 0.0001172342781
40.9600000000000 0.0001172342781
42.2400000000000 0.0001266355010
43.5200000000000 0.0001344587698
43.5200000000000 0.0001344587698
44.8000000000000 0.0001406619865
46.0800000000000 0.0001452325973
46.0800000000000 0.0001452325973
47.3600000000000 0.0001481899334
48.6400000000000 0.0001495852705
48.6400000000000 0.0001495852705
49.9200000000000 0.0001495020440
51.2000000000000 0.0001480536434
51.2000000000000 0.0001480536434
52.4800000000000 0.0001453776953
53.7600000000000 0.0001416294009
53.7600000000000 0.0001416294009
55.0400000000000 0.0001369751409
56.3200000000000 0.0001315854325
56.3200000000000 0.0001315854325
57.6000000000000 0.0001256282526
58.8800000000000 0.0001192636841
58.8800000000000 0.0001192636841
60.1600000000000 0.0001126391236
61.4400000000000 0.0001058858904
61.4400000000000 0.0001058858904
62.7200000000000 0.0000991177403
64.0000000000000 0.0000924305802
64.0000000000000 0.0000924305802
65.2800000000000 0.0000859025636
66.5600000000000 0.0000795949005
66.5600000000000 0.0000795949005
67.8400000000000 0.0000735538158
69.1200000000000 0.0000678123933
69.1200000000000 0.0000678123933
70.4000000000000 0.0000623921287
71.6800000000000 0.0000573046296
71.6800000000000 0.0000573046296
72.9600000000000 0.0000525532820
74.2400000000000 0.0000481349009
74.2400000000000 0.0000481349009
75.5200000000000 0.0000440410589
76.8000000000000 0.0000402595908
76.8000000000000 0.0000402595908
78.0800000000000 0.0000367762513
79.3600000000000 0.0000335749273
79.3600000000000 0.0000335749273
80.6400000000000 0.0000306373028
81.9200000000000 0.0000279442556
81.9200000000000 0.0000279442556
83.2000000000000 0.0000254776114
84.4800000000000 0.0000232198525
84.4800000000000 0.0000232198525
85.7600000000000 0.0000211531055
87.0400000000000 0.0000192598948
87.0400000000000 0.0000192598948
88.3200000000000 0.0000175249928
89.6000000000000 0.0000159360038
89.6000000000000 0.0000159360038
90.8800000000000 0.0000144822234
92.1600000000000 0.0000131531772
92.1600000000000 0.0000131531772
93.4400000000000 0.0000119379990
94.7200000000000 0.0000108258498
94.7200000000000 0.0000108258498
96.0000000000000 0.0000098067659
97.2800000000000 0.0000088718176
97.2800000000000 0.0000088718176
98.5600000000000 0.0000080122765
99.8400000000000 0.0000072189987
99.8400000000000 0.0000072189987
101.1200000000000 0.0000064830717
102.4000000000000 0.0000057971407
102.4000000000000 0.0000057971407
103.6800000000000 0.0000051560401
104.9600000000000 0.0000045561291
104.9600000000000 0.0000045561291
106.2400000000000 0.0000039940585
107.5200000000000 0.0000034662304
107.5200000000000 0.0000034662304
108.8000000000000 0.0000029693287
110.0800000000000 0.0000025009990
110.0800000000000 0.0000025009990
111.3600000000000 0.0000020596925
112.6400000000000 0.0000016438500
112.6400000000000 0.0000016438500
113.9200000000000 0.0000012513554
115.2000000000000 0.0000008796344
115.2000000000000 0.0000008796344
116.4800000000000 0.0000005258792
117.7600000000000 0.0000001868647
117.7600000000000 0.0000001868647
119.0400000000000 -0.0000001414697
120.3200000000000 -0.0000004639639
120.3200000000000 -0.0000004639639
121.6000000000000 -0.0000007852185
122.8800000000000 -0.0000011077814
122.8800000000000 -0.0000011077814
124.1600000000000 -0.0000014301874
125.4400000000000 -0.0000017455958
125.4400000000000 -0.0000017455958
126.7200000000000 -0.0000020416498
128.0000000000000 -0.0000023018567
128.0000000000000 -0.0000023018567
129.2800000000000 -0.0000025080194
130.5600000000000 -0.0000026468009
130.5600000000000 -0.0000026468009
131.8400000000000 -0.0000026972004
133.1200000000000 -0.0000026640114
133.1200000000000 -0.0000026640114
134.4000000000000 -0.0000025379467
135.6800000000000 -0.0000023402482
135.6800000000000 -0.0000023402482
136.9600000000000 -0.0000020802780
138.2400000000000 -0.0000017843874
138.2400000000000 -0.0000017843874
139.5200000000000 -0.0000014758234
140.8000000000000 -0.0000011732609
143.3600000000000 -0.0000006654120
145.9200000000000 -0.0000003374112
148.4800000000000 -0.0000001746335
151.0400000000000 -0.0000001127490
153.6000000000000 -0.0000000915251
156.1600000000000 -0.0000000800728
158.7200000000000 -0.0000000700336
161.2800000000000 -0.0000000609428
163.8400000000000 -0.0000000530320
166.4000000000000 -0.0000000461619
168.9600000000000 -0.0000000401239
171.5200000000000 -0.0000000348554
174.0800000000000 -0.0000000304190
176.6400000000000 -0.0000000266741
179.2000000000000 -0.0000000232815
181.7600000000000 -0.0000000201507
184.3200000000000 -0.0000000175058
186.8800000000000 -0.0000000154616
189.4400000000000 -0.0000000138196
192.0000000000000 -0.0000000123257
194.5600000000000 -0.0000000109384
197.1200000000000 -0.0000000097540
199.6800000000000 -0.0000000087945
202.2400000000000 -0.0000000079830
204.8000000000000 -0.0000000072568
207.3600000000000 -0.0000000066133
209.9200000000000 -0.0000000060634
212.4800000000000 -0.0000000055999
215.0400000000000 -0.0000000052077
217.6000000000000 -0.0000000048671
220.1600000000000 -0.0000000045616
222.7200000000000 -0.0000000042930
225.2800000000000 -0.0000000040664
227.8400000000000 -0.0000000038787
230.4000000000000 -0.0000000037305
232.9600000000000 -0.0000000036093
235.5200000000000 -0.0000000034913
238.0800000000000 -0.0000000033675
240.6400000000000 -0.0000000032234
243.2000000000000 -0.0000000030621
245.7600000000000 -0.0000000029635
248.3200000000000 -0.0000000029858
250.8800000000000 -0.0000000030227
253.4400000000000 -0.0000000029292
256.0000000000000 -0.0000000027369
258.5600000000000 -0.0000000025919
261.1200000000000 -0.0000000025582
263.6800000000000 -0.0000000025792
266.2400000000000 -0.0000000025580
268.8000000000000 -0.0000000024430
271.3600000000000 -0.0000000023007
273.9200000000000 -0.0000000022529
276.4800000000000 -0.0000000022881
279.0400000000000 -0.0000000022486
281.6000000000000 -0.0000000020717
284.1600000000000 -0.0000000018999
286.7200000000000 -0.0000000018562
289.2800000000000 -0.0000000018563
291.8400000000000 -0.0000000017586
294.4000000000000 -0.0000000015929
296.9600000000000 -0.0000000014943
299.5200000000000 -0.0000000014723
302.0800000000000 -0.0000000013845
304.6400000000000 -0.0000000011455
307.2000000000000 -0.0000000008586
309.7600000000000 -0.0000000006889
312.3200000000000 -0.0000000006562
314.8800000000000 -0.0000000006066
317.4400000000000 -0.0000000003825
