# x lapse
-317.4400000000000 0.9943345315143
-314.8800000000000 0.9942888839785
-312.3200000000000 0.9942424946044
-309.7600000000000 0.9941953424895
-307.2000000000000 0.9941474073244
-304.6400000000000 0.9940986715561
-302.0800000000000 0.9940491163398
-299.5200000000000 0.9939987220329
-296.9600000000000 0.9939474663430
-294.4000000000000 0.9938953236960
-291.8400000000000 0.9938422665319
-289.2800000000000 0.9937882560750
-286.7200000000000 0.9937332392936
-284.1600000000000 0.9936772341651
-281.6000000000000 0.9936205510473
-279.0400000000000 0.9935640857623
-276.4800000000000 0.9935093565447
-273.9200000000000 0.9934577794742
-271.3600000000000 0.9934091318635
-268.8000000000000 0.9933603292204
-266.2400000000000 0.9933063395153
-263.6800000000000 0.9932435837373
-261.1200000000000 0.9931730337278
-258.5600000000000 0.9930994235491
-256.0000000000000 0.9930268641199
-253.4400000000000 0.9929556594777
-250.8800000000000 0.9928837583259
-248.3200000000000 0.9928101942103
-245.7600000000000 0.9927357371347
-243.2000000000000 0.9926608542146
-240.6400000000000 0.9925848460491
-238.0800000000000 0.9925070965398
-235.5200000000000 0.9924277488071
-232.9600000000000 0.9923468633569
-230.4000000000000 0.9922640876199
-227.8400000000000 0.9921793518745
-225.2800000000000 0.9920928781403
-222.7200000000000 0.9920045610972
-220.1600000000000 0.9919142472565
-217.6000000000000 0.9918220875055
-215.0400000000000 0.9917280669765
-212.4800000000000 0.9916320531162
-209.9200000000000 0.9915341021430
-207.3600000000000 0.9914341611838
-204.8000000000000 0.9913321610182
-202.2400000000000 0.9912281804322
-199.6800000000000 0.9911221791658
-197.1200000000000 0.9910141051106
-194.5600000000000 0.9909039570554
-192.0000000000000 0.9907917566694
-189.4400000000000 0.9906776635712
-186.8800000000000 0.9905617879563
-184.3200000000000 0.9904442057704
-181.7600000000000 0.9903250491145
-179.2000000000000 0.9902045384861
-176.6400000000000 0.9900830446319
-174.0800000000000 0.9899609672661
-171.5200000000000 0.9898387779098
-168.9600000000000 0.9897170520597
-166.4000000000000 0.9895965486195
-163.8400000000000 0.9894781484549
-161.2800000000000 0.9893628611664
-158.7200000000000 0.9892518826201
-156.1600000000000 0.9891464357075
-153.6000000000000 0.9890477470115
-151.0400000000000 0.9889567686562
-148.4800000000000 0.9888738665663
-145.9200000000000 0.9887982514790
-143.3600000000000 0.9887272291999
-140.8000000000000 0.9886553016380
-139.5200000000000 0.9886163938473
-138.2400000000000 0.9885733053522
-138.2400000000000 0.9885733053522
-136.9600000000000 0.9885246128855
-135.6800000000000 0.9884679321558
-135.6800000000000 0.9884679321558
-134.4000000000000 0.9884012435146
-133.1200000000000 0.9883220297669
-133.1200000000000 0.9883220297669
-131.8400000000000 0.9882278150126
-130.5600000000000 0.9881164557188
-130.5600000000000 0.9881164557188
-129.2800000000000 0.9879853936033
-128.0000000000000 0.9878333970141
-128.0000000000000 0.9878333970141
-126.7200000000000 0.9876586726442
-125.4400000000000 0.9874603471771
-125.4400000000000 0.9874603471771
-124.1600000000000 0.9872382755017
-122.8800000000000 0.9869929967636
-122.8800000000000 0.9869929967636
-121.6000000000000 0.9867256797656
-120.3200000000000 0.9864381435609
-120.3200000000000 0.9864381435609
-119.0400000000000 0.9861329204172
-117.7600000000000 0.9858132001755
-117.7600000000000 0.9858132001755
-116.4800000000000 0.9854825759837
-115.2000000000000 0.9851447819972
-115.2000000000000 0.9851447819972
-113.9200000000000 0.9848034721385
-112.6400000000000 0.9844622055245
-112.6400000000000 0.9844622055245
-111.3600000000000 0.9841245340667
-110.0800000000000 0.9837936705401
-110.0800000000000 0.9837936705401
-108.8000000000000 0.9834721362335
-107.5200000000000 0.9831618014045
-107.5200000000000 0.9831618014045
-106.2400000000000 0.9828639862635
-104.9600000000000 0.9825795616979
-104.9600000000000 0.9825795616979
-103.6800000000000 0.9823088988910
-102.4000000000000 0.9820516290392
-102.4000000000000 0.9820516290392
-101.1200000000000 0.9818067480795
-99.8400000000000 0.9815728807284
-99.8400000000000 0.9815728807284
-98.5600000000000 0.9813483164424
-97.2800000000000 0.9811311181632
-97.2800000000000 0.9811311181632
-96.0000000000000 0.9809192051659
-94.7200000000000 0.9807103135845
-94.7200000000000 0.9807103135845
-93.4400000000000 0.9805019819433
-92.1600000000000 0.9802917413450
-92.1600000000000 0.9802917413450
-90.8800000000000 0.9800773971380
-89.6000000000000 0.9798568813767
-89.6000000000000 0.9798568813767
-88.3200000000000 0.9796281592512
-87.0400000000000 0.9793894141850
-87.0400000000000 0.9793894141850
-85.7600000000000 0.9791389793880
-84.4800000000000 0.9788753740561
-84.4800000000000 0.9788753740561
-83.2000000000000 0.9785974475307
-81.9200000000000 0.9783042600003
-81.9200000000000 0.9783042600003
-80.6400000000000 0.9779949752576
-79.3600000000000 0.9776689409022
-79.3600000000000 0.9776689409022
-78.0800000000000 0.9773256950365
-76.8000000000000 0.9769648844467
-76.8000000000000 0.9769648844467
-75.5200000000000 0.9765863012231
-74.2400000000000 0.9761897469302
-74.2400000000000 0.9761897469302
-72.9600000000000 0.9757750129713
-71.6800000000000 0.9753419675641
-71.6800000000000 0.9753419675641
-70.4000000000000 0.9748903770101
-69.1200000000000 0.9744200138902
-69.1200000000000 0.9744200138902
-67.8400000000000 0.9739305976818
-66.5600000000000 0.9734216548943
-66.5600000000000 0.9734216548943
-65.2800000000000 0.9728926498612
-64.0000000000000 0.9723428927074
-64.0000000000000 0.9723428927074
-62.7200000000000 0.9717715632647
-61.4400000000000 0.9711776597001
-61.4400000000000 0.9711776597001
-60.1600000000001 0.9705599669534
-58.8800000000001 0.9699171129193
-58.8800000000000 0.9699171129193
-57.6000000000001 0.9692474563631
-56.3200000000001 0.9685491964307
-56.3200000000000 0.9685491964307
-55.0400000000000 0.9678202691597
-53.7600000000000 0.9670582972693
-53.7600000000000 0.9670582972693
-52.4800000000000 0.9662607362930
-51.2000000000000 0.9654246962076
-51.2000000000000 0.9654246962076
-49.9200000000000 0.9645469479829
-48.6400000000000 0.9636239212998
-48.6400000000000 0.9636239212998
-47.3600000000000 0.9626516328672
-46.0800000000000 0.9616257187955
-46.0800000000000 0.9616257187955
-44.8000000000000 0.9605413222415
-43.5200000000000 0.9593929952199
-43.5200000000000 0.9593929952199
-42.2400000000000 0.9581745716209
-40.9600000000000 0.9568792243965
-40.9600000000000 0.9568792243965
-39.6800000000000 0.9554993632962
-38.4000000000000 0.9540262613275
-38.4000000000000 0.9540262613275
-37.7600000000000 0.9532517305810
-37.1200000000000 0.9524500128476
-37.1200000000000 0.9524500128476
-36.4800000000000 0.9516198134531
-35.8400000000000 0.9507594149825
-35.8400000000000 0.9507594149825
-35.8400000000000 0.9507594149825
-35.2000000000000 0.9498673324980
-34.5600000000000 0.9489415738928
-34.5600000000000 0.9489415738928
-33.9200000000000 0.9479804143812
-33.2800000000000 0.9469815670621
-33.2800000000000 0.9469815670621
-33.2800000000000 0.9469815670621
-32.6400000000000 0.9459430807391
-32.0000000000000 0.9448622235119
-32.0000000000000 0.9448622235119
-31.3600000000000 0.9437365685734
-30.7200000000000 0.9425632494484
-30.7200000000000 0.9425632494484
-30.7200000000000 0.9425632494484
-30.0800000000000 0.9413391923098
-29.4400000000000 0.9400610746846
-29.4400000000000 0.9400610746846
-28.8000000000000 0.9387253696953
-28.1600000000000 0.9373281070796
-28.1600000000000 0.9373281070796
-28.1600000000000 0.9373281070796
-27.5200000000000 0.9358648881410
-26.8800000000000 0.9343308640897
-26.8800000000000 0.9343308640897
-26.2400000000000 0.9327209853338
-25.6000000000000 0.9310296598401
-25.6000000000000 0.9310296598401
-25.6000000000000 0.9310296598401
-24.9600000000000 0.9292503608876
-24.3200000000000 0.9273762316001
-24.3200000000000 0.9273762316001
-23.6800000000000 0.9253995981274
-23.0400000000000 0.9233116961770
-23.0400000000000 0.9233116961770
-23.0400000000000 0.9233116961770
-22.7199999999999 0.9222231826373
-22.4000000000000 0.9211031905777
-22.3999999999999 0.9211031905777
-22.0799999999999 0.9199504821970
-21.7600000000000 0.9187634604670
-21.7600000000000 0.9187634604670
-21.7599999999999 0.9187634604670
-21.4399999999999 0.9175406980335
-21.1200000000000 0.9162804480744
-21.1199999999999 0.9162804480744
-20.7999999999999 0.9149811603957
-20.4800000000000 0.9136408177589
-20.4800000000000 0.9136408177589
-20.4800000000000 0.9136408177589
-20.4799999999999 0.9136408177589
-20.1599999999999 0.9122576409132
-19.8400000000000 0.9108293657019
-19.8400000000000 0.9108293657019
-19.5199999999999 0.9093539274489
-19.2000000000000 0.9078289484612
-19.2000000000000 0.9078289484612
-19.1999999999999 0.9078289484612
-18.8800000000000 0.9062519697125
-18.5600000000000 0.9046203418429
-18.5600000000000 0.9046203418429
-18.2400000000000 0.9029311809397
-17.9200000000000 0.9011814737135
-17.9200000000000 0.9011814737135
-17.9200000000000 0.9011814737135
-17.9200000000000 0.9011814737135
-17.6000000000000 0.8993679540049
-17.2800000000000 0.8974870633238
-17.2800000000000 0.8974870633238
-16.9600000000000 0.8955350481390
-16.6400000000000 0.8935079272672
-16.6400000000000 0.8935079272672
-16.6400000000000 0.8935079272672
-16.3199999999999 0.8914013919534
-16.0000000000000 0.8892107316517
-15.9999999999999 0.8892107316517
-15.6799999999999 0.8869308641333
-15.5200000000000 0.8857558127808
-15.3600000000000 0.8845563718311
-15.3600000000000 0.8845563718311
-15.3600000000000 0.8845563718311
-15.3600000000000 0.8845563718311
-15.3599999999999 0.8845563718311
-15.2000000000000 0.8833318401935
-15.0400000000000 0.8820813875358
-15.0399999999999 0.8820813875358
-14.8800000000000 0.8808042514700
-14.7200000000000 0.8794995270739
-14.7200000000000 0.8794995270739
-14.7199999999999 0.8794995270739
-14.5600000000000 0.8781663774809
-14.4000000000000 0.8768038361361
-14.3999999999999 0.8768038361361
-14.2400000000000 0.8754110118645
-14.0800000000000 0.8739868416592
-14.0800000000000 0.8739868416592
-14.0800000000000 0.8739868416592
-14.0800000000000 0.8739868416592
-13.9200000000000 0.8725303269673
-13.7600000000000 0.8710403832519
-13.7600000000000 0.8710403832519
-13.6000000000000 0.8695158736280
-13.4400000000000 0.8679556096813
-13.4400000000000 0.8679556096813
-13.4400000000000 0.8679556096813
-13.2800000000000 0.8663583417144
-13.1200000000000 0.8647227657955
-13.1200000000000 0.8647227657955
-12.9600000000000 0.8630475324375
-12.8000000000000 0.8613312349381
-12.8000000000000 0.8613312349381
-12.8000000000000 0.8613312349381
-12.8000000000000 0.8613312349381
-12.8000000000000 0.8613312349381
-12.6400000000000 0.8595723928502
-12.4800000000000 0.8577694510927
-12.4800000000000 0.8577694510927
-12.3200000000000 0.8559207853342
-12.1600000000000 0.8540246956132
-12.1600000000000 0.8540246956132
-12.1600000000000 0.8540246956132
-12.0000000000000 0.8520793945103
-11.8400000000000 0.8500830004963
-11.8400000000000 0.8500830004963
-11.6800000000000 0.8480335329044
-11.5200000000000 0.8459289123728
-11.5200000000000 0.8459289123728
-11.5200000000000 0.8459289123728
-11.5200000000000 0.8459289123728
-11.3600000000000 0.8437669686212
-11.2000000000000 0.8415454315120
-11.2000000000000 0.8415454315120
-11.0400000000001 0.8392619026677
-10.8800000000001 0.8369138426593
-10.8800000000000 0.8369138426593
-10.8800000000000 0.8369138426593
-10.8000000000001 0.8357147856846
-10.7200000000001 0.8344985760717
-10.7200000000001 0.8344985760717
-10.6400000000001 0.8332648714309
-10.5600000000001 0.8320132949573
-10.5600000000001 0.8320132949573
-10.5600000000000 0.8320132949573
-10.4800000000001 0.8307434886190
-10.4000000000001 0.8294550537077
-10.4000000000001 0.8294550537077
-10.3200000000001 0.8281476136836
-10.2400000000001 0.8268207440088
-10.2400000000001 0.8268207440088
-10.2400000000000 0.8268207440088
-10.2400000000000 0.8268207440088
-10.2400000000000 0.8268207440088
-10.2400000000000 0.8268207440088
-10.1600000000001 0.8254740447304
-10.0800000000001 0.8241070655525
-10.0800000000001 0.8241070655525
-10.0000000000001 0.8227193732339
-9.9200000000001 0.8213105166567
-9.9200000000001 0.8213105166567
-9.9200000000000 0.8213105166567
-9.8400000000001 0.8198800311899
-9.7600000000001 0.8184274389329
-9.7600000000001 0.8184274389329
-9.6800000000001 0.8169522479722
-9.6000000000001 0.8154539518811
-9.6000000000001 0.8154539518811
-9.6000000000001 0.8154539518811
-9.6000000000000 0.8154539518811
-9.5200000000001 0.8139320296431
-9.4400000000001 0.8123859456664
-9.4400000000001 0.8123859456664
-9.3600000000001 0.8108151494988
-9.2800000000001 0.8092190751302
-9.2800000000001 0.8092190751302
-9.2800000000001 0.8092190751302
-9.2000000000001 0.8075971400676
-9.1200000000001 0.8059487444515
-9.1200000000001 0.8059487444515
-9.0400000000001 0.8042732703474
-8.9600000000001 0.8025700811683
-8.9600000000001 0.8025700811683
-8.9600000000001 0.8025700811683
-8.9600000000000 0.8025700811683
-8.9600000000000 0.8025700811683
-8.8800000000001 0.8008385211723
-8.8000000000001 0.7990779150945
-8.8000000000001 0.7990779150945
-8.7200000000001 0.7972875679378
-8.6400000000001 0.7954667646933
-8.6400000000001 0.7954667646933
-8.6400000000001 0.7954667646933
-8.5600000000001 0.7936147695948
-8.4800000000001 0.7917308247575
-8.4800000000001 0.7917308247575
-8.4000000000001 0.7898141485261
-8.3200000000001 0.7878639341005
-8.3200000000001 0.7878639341005
-8.3200000000001 0.7878639341005
-8.3200000000000 0.7878639341005
-8.2400000000001 0.7858793487664
-8.1600000000001 0.7838595335388
-8.1600000000001 0.7838595335388
-8.0800000000001 0.7818036027643
-8.0000000000001 0.7797106433751
-8.0000000000000 0.7797106433751
-8.0000000000000 0.7797106433751
-7.9200000000000 0.7775797138068
-7.8400000000001 0.7754098427859
-7.8400000000000 0.7754098427859
-7.7600000000001 0.7732000282095
-7.6800000000001 0.7709492361902
-7.6800000000001 0.7709492361902
-7.6800000000001 0.7709492361902
-7.6800000000000 0.7709492361902
-7.6800000000000 0.7709492361902
-7.6800000000000 0.7709492361902
-7.6000000000001 0.7686564001017
-7.5200000000001 0.7663204193384
-7.5200000000001 0.7663204193384
-7.4400000000001 0.7639401576692
-7.3600000000001 0.7615144414268
-7.3600000000001 0.7615144414268
-7.3600000000001 0.7615144414268
-7.2800000000000 0.7590420579345
-7.2000000000001 0.7565217543619
-7.2000000000000 0.7565217543619
-7.1200000000000 0.7539522367957
-7.0400000000001 0.7513321691451
-7.0400000000000 0.7513321691451
-7.0400000000000 0.7513321691451
-7.0400000000000 0.7513321691451
-6.9600000000000 0.7486601716452
-6.8800000000001 0.7459348190199
-6.8800000000000 0.7459348190199
-6.8000000000000 0.7431546385779
-6.7200000000001 0.7403181084930
-6.7200000000001 0.7403181084930
-6.7200000000001 0.7403181084930
-6.6400000000000 0.7374236562851
-6.5600000000000 0.7344696572112
-6.5600000000000 0.7344696572112
-6.4800000000000 0.7314544322127
-6.4000000000000 0.7283762453348
-6.4000000000000 0.7283762453348
-6.4000000000000 0.7283762453348
-6.4000000000000 0.7283762453348
-6.4000000000000 0.7283762453348
-6.3600000000000 0.7268129839400
-6.3200000000000 0.7252333009480
-6.3200000000000 0.7252333009480
-6.2800000000000 0.7236369681378
-6.2400000000000 0.7220237412919
-6.2400000000000 0.7220237412919
-6.2400000000000 0.7220237412919
-6.2000000000000 0.7203933842794
-6.1600000000000 0.7187456446197
-6.1600000000000 0.7187456446197
-6.1200000000000 0.7170802781275
-6.0800000000000 0.7153970237856
-6.0800000000000 0.7153970237856
-6.0800000000000 0.7153970237856
-6.0800000000000 0.7153970237856
-6.0400000000000 0.7136956294974
-6.0000000000000 0.7119758243162
-6.0000000000000 0.7119758243162
-5.9600000000000 0.7102373435695
-5.9200000000000 0.7084799163384
-5.9200000000000 0.7084799163384
-5.9200000000000 0.7084799163384
-5.8800000000000 0.7067032661185
-5.8400000000000 0.7049071115790
-5.8400000000000 0.7049071115790
-5.8000000000000 0.7030911665997
-5.7600000000000 0.7012551402209
-5.7600000000000 0.7012551402209
-5.7600000000000 0.7012551402209
-5.7600000000000 0.7012551402209
-5.7600000000000 0.7012551402209
-5.7200000000000 0.6993987365826
-5.6800000000000 0.6975216548671
-5.6800000000000 0.6975216548671
-5.6400000000000 0.6956235892399
-5.6000000000000 0.6937042287793
-5.6000000000000 0.6937042287793
-5.6000000000000 0.6937042287793
-5.5600000000000 0.6917632573915
-5.5200000000000 0.6898003537049
-5.5200000000000 0.6898003537049
-5.4800000000000 0.6878151909470
-5.4400000000000 0.6858074368075
-5.4400000000000 0.6858074368075
-5.4400000000000 0.6858074368075
-5.4400000000000 0.6858074368075
-5.4000000000000 0.6837767532986
-5.3600000000000 0.6817227966210
-5.3600000000000 0.6817227966210
-5.3200000000000 0.6796452170431
-5.2800000000000 0.6775436588007
-5.2800000000000 0.6775436588007
-5.2800000000000 0.6775436588007
-5.2400000000000 0.6754177600178
-5.2000000000000 0.6732671526493
-5.2000000000000 0.6732671526493
-5.1600000000000 0.6710914624388
-5.1200000000000 0.6688903088852
-5.1200000000000 0.6688903088852
-5.1200000000000 0.6688903088852
-5.1200000000000 0.6688903088852
-5.1200000000000 0.6688903088852
-5.1200000000000 0.6688903088852
-5.1200000000000 0.6688903088852
-5.0800000000000 0.6666633052053
-5.0400000000000 0.6644100582875
-5.0400000000000 0.6644100582875
-5.0000000000000 0.6621301686247
-4.9600000000000 0.6598232302251
-4.9600000000000 0.6598232302251
-4.9600000000000 0.6598232302251
-4.9200000000000 0.6574888305017
-4.8800000000000 0.6551265501454
-4.8800000000000 0.6551265501454
-4.8400000000000 0.6527359629964
-4.8000000000000 0.6503166359200
-4.8000000000000 0.6503166359200
-4.8000000000000 0.6503166359200
-4.8000000000000 0.6503166359200
-4.7600000000000 0.6478681286972
-4.7200000000000 0.6453899939323
-4.7200000000000 0.6453899939323
-4.6800000000000 0.6428817769917
-4.6400000000000 0.6403430159447
-4.6400000000000 0.6403430159447
-4.6400000000000 0.6403430159447
-4.6000000000000 0.6377732414933
-4.5600000000000 0.6351719769090
-4.5600000000000 0.6351719769090
-4.5200000000000 0.6325387379718
-4.4800000000000 0.6298730329101
-4.4800000000000 0.6298730329101
-4.4800000000000 0.6298730329101
-4.4800000000000 0.6298730329101
-4.4800000000000 0.6298730329101
-4.4400000000000 0.6271743623161
-4.4000000000000 0.6244422190551
-4.4000000000000 0.6244422190551
-4.3600000000000 0.6216760881688
-4.3200000000000 0.6188754467744
-4.3200000000000 0.6188754467744
-4.3200000000000 0.6188754467744
-4.2800000000000 0.6160397639733
-4.2400000000000 0.6131685007734
-4.2400000000000 0.6131685007734
-4.2000000000000 0.6102611100213
-4.1600000000000 0.6073170363513
-4.1600000000000 0.6073170363513
-4.1600000000000 0.6073170363513
-4.1600000000000 0.6073170363513
-4.1200000000000 0.6043357161540
-4.0800000000000 0.6013165775660
-4.0800000000000 0.6013165775660
-4.0400000000000 0.5982590404736
-4.0000000000000 0.5951625165280
-4.0000000000000 0.5951625165280
-4.0000000000000 0.5951625165280
-3.9600000000000 0.5920264091610
-3.9200000000000 0.5888501135920
-3.9200000000000 0.5888501135920
-3.8800000000000 0.5856330168230
-3.8400000000000 0.5823744976149
-3.8400000000000 0.5823744976149
-3.8400000000000 0.5823744976149
-3.8400000000000 0.5823744976149
-3.8400000000000 0.5823744976149
-3.8400000000000 0.5823744976149
-3.8000000000000 0.5790739264477
-3.7600000000000 0.5757306654711
-3.7600000000000 0.5757306654711
-3.7200000000000 0.5723440684595
-3.6800000000000 0.5689134807833
-3.6800000000000 0.5689134807833
-3.6800000000000 0.5689134807833
-3.6400000000000 0.5654382394147
-3.6000000000000 0.5619176729714
-3.6000000000000 0.5619176729714
-3.5600000000000 0.5583511018047
-3.5200000000000 0.5547378381242
-3.5200000000000 0.5547378381242
-3.5200000000000 0.5547378381242
-3.5200000000000 0.5547378381242
-3.4800000000000 0.5510771861550
-3.4400000000000 0.5473684423127
-3.4400000000000 0.5473684423127
-3.4000000000000 0.5436108953889
-3.3600000000000 0.5398038267298
-3.3600000000000 0.5398038267298
-3.3600000000000 0.5398038267298
-3.3200000000000 0.5359465104090
-3.2800000000000 0.5320382133864
-3.2800000000000 0.5320382133864
-3.2400000000000 0.5280781956620
-3.2000000000000 0.5240657104333
-3.2000000000000 0.5240657104333
-3.2000000000000 0.5240657104333
-3.2000000000000 0.5240657104333
-3.2000000000000 0.5240657104333
-3.1800000000001 0.5220395574589
-3.1600000000001 0.5200000042658
-3.1600000000000 0.5200000042658
-3.1400000000001 0.5179469562581
-3.1200000000001 0.5158803172871
-3.1200000000000 0.5158803172871
-3.1200000000000 0.5158803172871
-3.1000000000001 0.5137999919637
-3.0800000000001 0.5117058834135
-3.0800000000000 0.5117058834135
-3.0600000000001 0.5095978954971
-3.0400000000001 0.5074759306200
-3.0400000000000 0.5074759306200
-3.0400000000000 0.5074759306200
-3.0400000000000 0.5074759306200
-3.0200000000001 0.5053398920630
-3.0000000000001 0.5031896810605
-3.0000000000000 0.5031896810605
-2.9800000000001 0.5010251989746
-2.9600000000001 0.4988463487043
-2.9600000000000 0.4988463487043
-2.9600000000000 0.4988463487043
-2.9400000000001 0.4966530318044
-2.9200000000001 0.4944451494501
-2.9200000000000 0.4944451494501
-2.9000000000001 0.4922226025699
-2.8800000000001 0.4899852918530
-2.8800000000000 0.4899852918530
-2.8800000000000 0.4899852918530
-2.8800000000000 0.4899852918530
-2.8800000000000 0.4899852918530
-2.8600000000001 0.4877331177782
-2.8400000000001 0.4854659806260
-2.8400000000000 0.4854659806260
-2.8200000000001 0.4831837804924
-2.8000000000001 0.4808864173016
-2.8000000000000 0.4808864173016
-2.8000000000000 0.4808864173016
-2.7800000000001 0.4785737908189
-2.7600000000001 0.4762458006625
-2.7600000000000 0.4762458006625
-2.7400000000001 0.4739023463161
-2.7200000000001 0.4715433271412
-2.7200000000000 0.4715433271412
-2.7200000000000 0.4715433271412
-2.7200000000000 0.4715433271412
-2.7000000000001 0.4691686423919
-2.6800000000001 0.4667781912307
-2.6800000000000 0.4667781912307
-2.6600000000001 0.4643718727463
-2.6400000000001 0.4619495859743
-2.6400000000000 0.4619495859743
-2.6400000000000 0.4619495859743
-2.6200000000001 0.4595112299211
-2.6000000000001 0.4570567035914
-2.6000000000000 0.4570567035914
-2.5800000000001 0.4545859060172
-2.5600000000001 0.4520987362894
-2.5600000000000 0.4520987362894
-2.5600000000000 0.4520987362894
-2.5600000000000 0.4520987362894
-2.5600000000000 0.4520987362894
-2.5600000000000 0.4520987362894
-2.5600000000000 0.4520987362894
-2.5600000000000 0.4520987362894
-2.5400000000001 0.4495950935909
-2.5200000000001 0.4470748772314
-2.5200000000000 0.4470748772314
-2.5000000000001 0.4445379866826
-2.4800000000001 0.4419843216126
-2.4800000000000 0.4419843216126
-2.4800000000000 0.4419843216126
-2.4600000000001 0.4394137819201
-2.4400000000001 0.4368262677667
-2.4400000000000 0.4368262677667
-2.4200000000001 0.4342216796086
-2.4000000000001 0.4315999182266
-2.4000000000000 0.4315999182266
-2.4000000000000 0.4315999182266
-2.4000000000000 0.4315999182266
-2.3800000000001 0.4289608847555
-2.3600000000001 0.4263044807140
-2.3600000000000 0.4263044807140
-2.3400000000001 0.4236306080343
-2.3200000000001 0.4209391690921
-2.3200000000000 0.4209391690921
-2.3200000000000 0.4209391690921
-2.3000000000001 0.4182300667411
-2.2800000000001 0.4155032043490
-2.2800000000000 0.4155032043490
-2.2599999999999 0.4127584858394
-2.2400000000000 0.4099958157378
-2.2400000000000 0.4099958157378
-2.2400000000000 0.4099958157378
-2.2400000000000 0.4099958157378
-2.2399999999999 0.4099958157378
-2.2199999999999 0.4072150992225
-2.2000000000000 0.4044162421796
-2.1999999999999 0.4044162421796
-2.1799999999999 0.4015991512610
-2.1600000000000 0.3987637339448
-2.1600000000000 0.3987637339448
-2.1599999999999 0.3987637339448
-2.1399999999999 0.3959098985969
-2.1200000000000 0.3930375545335
-2.1199999999999 0.3930375545335
-2.0999999999999 0.3901466120808
-2.0800000000000 0.3872369826365
-2.0800000000000 0.3872369826365
-2.0800000000000 0.3872369826365
-2.0799999999999 0.3872369826365
-2.0599999999999 0.3843085787305
-2.0400000000000 0.3813613140854
-2.0399999999999 0.3813613140854
-2.0199999999999 0.3783951036781
-2.0000000000000 0.3754098638028
-2.0000000000000 0.3754098638028
-2.0000000000000 0.3754098638028
-1.9800000000000 0.3724055121378
-1.9600000000000 0.3693819678148
-1.9600000000000 0.3693819678148
-1.9399999999999 0.3663391514916
-1.9200000000000 0.3632769854295
-1.9200000000000 0.3632769854295
-1.9200000000000 0.3632769854295
-1.9200000000000 0.3632769854295
-1.9200000000000 0.3632769854295
-1.9199999999999 0.3632769854295
-1.8999999999999 0.3601953935757
-1.8800000000000 0.3570943016484
-1.8799999999999 0.3570943016484
-1.8599999999999 0.3539736372267
-1.8400000000000 0.3508333298436
-1.8400000000000 0.3508333298436
-1.8399999999999 0.3508333298436
-1.8200000000000 0.3476733110855
-1.8000000000000 0.3444935146971
-1.8000000000000 0.3444935146971
-1.7800000000000 0.3412938766921
-1.7600000000000 0.3380743354737
-1.7600000000000 0.3380743354737
-1.7600000000000 0.3380743354737
-1.7600000000000 0.3380743354737
-1.7400000000000 0.3348348319635
-1.7200000000000 0.3315753097392
-1.7200000000000 0.3315753097392
-1.7000000000000 0.3282957151830
-1.6800000000000 0.3249959976412
-1.6800000000000 0.3249959976412
-1.6800000000000 0.3249959976412
-1.6600000000000 0.3216761095940
-1.6400000000000 0.3183360068346
-1.6400000000000 0.3183360068346
-1.6200000000000 0.3149756486527
-1.6000000000000 0.3115949980190
-1.6000000000000 0.3115949980190
-1.6000000000000 0.3115949980190
-1.6000000000000 0.3115949980190
-1.6000000000000 0.3115949980190
-1.5800000000000 0.3081940217614
-1.5600000000000 0.3047726907338
-1.5600000000000 0.3047726907338
-1.5400000000000 0.3013309799752
-1.5200000000000 0.2978688688642
-1.5200000000000 0.2978688688642
-1.5200000000000 0.2978688688642
-1.5000000000000 0.2943863412786
-1.4800000000000 0.2908833857738
-1.4800000000000 0.2908833857738
-1.4600000000000 0.2873599957934
-1.4400000000000 0.2838161699240
-1.4400000000000 0.2838161699240
-1.4400000000000 0.2838161699240
-1.4400000000000 0.2838161699240
-1.4200000000000 0.2802519121998
-1.4000000000000 0.2766672324576
-1.4000000000000 0.2766672324576
-1.3800000000000 0.2730621467294
-1.3600000000000 0.2694366776562
-1.3600000000000 0.2694366776562
-1.3600000000000 0.2694366776562
-1.3400000000000 0.2657908549016
-1.3200000000000 0.2621247155497
-1.3200000000000 0.2621247155497
-1.3000000000000 0.2584383044722
-1.2800000000000 0.2547316746688
-1.2800000000000 0.2547316746688
-1.2800000000000 0.2547316746688
-1.2800000000000 0.2547316746688
-1.2800000000000 0.2547316746688
-1.2800000000000 0.2547316746688
-1.2800000000000 0.2547316746688
-1.2600000000000 0.2510048876103
-1.2400000000000 0.2472580136100
-1.2400000000000 0.2472580136100
-1.2200000000000 0.2434911322649
-1.2000000000000 0.2397043329763
-1.2000000000000 0.2397043329763
-1.2000000000000 0.2397043329763
-1.1800000000000 0.2358977155458
-1.1600000000000 0.2320713908172
-1.1600000000000 0.2320713908172
-1.1400000000000 0.2282254813418
-1.1200000000000 0.2243601220513
-1.1200000000000 0.2243601220513
-1.1200000000000 0.2243601220513
-1.1200000000000 0.2243601220513
-1.1000000000000 0.2204754609618
-1.0800000000000 0.2165716599379
-1.0800000000000 0.2165716599379
-1.0600000000000 0.2126488955347
-1.0400000000000 0.2087073598912
-1.0400000000000 0.2087073598912
-1.0400000000000 0.2087073598912
-1.0200000000000 0.2047472616178
-1.0000000000000 0.2007688266498
-1.0000000000000 0.2007688266498
-0.9800000000000 0.1967722991181
-0.9600000000000 0.1927579423574
-0.9600000000000 0.1927579423574
-0.9600000000000 0.1927579423574
-0.9600000000000 0.1927579423574
-0.9600000000000 0.1927579423574
-0.9400000000000 0.1887260401574
-0.9200000000000 0.1846768982800
-0.9200000000000 0.1846768982800
-0.9000000000000 0.1806108461485
-0.8800000000000 0.1765282385716
-0.8800000000000 0.1765282385716
-0.8800000000000 0.1765282385716
-0.8600000000000 0.1724294574542
-0.8400000000000 0.1683149135441
-0.8400000000000 0.1683149135441
-0.8200000000000 0.1641850482258
-0.8000000000000 0.1600403354438
-0.8000000000000 0.1600403354438
-0.8000000000000 0.1600403354438
-0.8000000000000 0.1600403354438
-0.7800000000000 0.1558812838306
-0.7600000000000 0.1517084391583
-0.7600000000000 0.1517084391583
-0.7400000000000 0.1475223870937
-0.7200000000000 0.1433237562157
-0.7200000000000 0.1433237562157
-0.7200000000000 0.1433237562157
-0.7000000000000 0.1391132211809
-0.6800000000000 0.1348915062918
-0.6800000000000 0.1348915062918
-0.6600000000000 0.1306593901423
-0.6400000000000 0.1264177117692
-0.6400000000000 0.1264177117692
-0.6400000000000 0.1264177117692
-0.6400000000000 0.1264177117692
-0.6400000000000 0.1264177117692
-0.6400000000000 0.1264177117692
-0.6200000000000 0.1221673772117
-0.6000000000000 0.1179093636795
-0.6000000000000 0.1179093636795
-0.5800000000000 0.1136447202528
-0.5600000000000 0.1093745698247
-0.5600000000000 0.1093745698247
-0.5600000000000 0.1093745698247
-0.5400000000000 0.1051001194864
-0.5200000000000 0.1008226791982
-0.5200000000000 0.1008226791982
-0.5000000000000 0.0965436787220
-0.4800000000000 0.0922646746246
-0.4800000000000 0.0922646746246
-0.4800000000000 0.0922646746246
-0.4800000000000 0.0922646746246
-0.4600000000000 0.0879873516439
-0.4400000000000 0.0837135301351
-0.4400000000000 0.0837135301351
-0.4200000000000 0.0794451868286
-0.4000000000000 0.0751844849927
-0.4000000000000 0.0751844849927
-0.4000000000000 0.0751844849927
-0.3800000000000 0.0709338024617
-0.3600000000000 0.0666957542203
-0.3600000000000 0.0666957542203
-0.3400000000000 0.0624732197432
-0.3200000000000 0.0582693839703
-0.3200000000000 0.0582693839703
-0.3200000000000 0.0582693839703
-0.3200000000000 0.0582693839703
-0.3200000000000 0.0582693839703
-0.3000000000000 0.0540877920309
-0.2800000000000 0.0499324134549
-0.2800000000000 0.0499324134549
-0.2600000000000 0.0458077183737
-0.2400000000000 0.0417187761588
-0.2400000000000 0.0417187761588
-0.2400000000000 0.0417187761588
-0.2200000000000 0.0376713790738
-0.2000000000000 0.0336722051527
-0.2000000000000 0.0336722051527
-0.1800000000000 0.0297290627711
-0.1600000000000 0.0258512439733
-0.1600000000000 0.0258512439733
-0.1600000000000 0.0258512439733
-0.1600000000000 0.0258512439733
-0.1400000000000 0.0220500098858
-0.1200000000000 0.0183393328753
-0.1200000000000 0.0183393328753
-0.1000000000000 0.0147370597604
-0.0800000000000 0.0112675597625
-0.0800000000000 0.0112675597625
-0.0800000000000 0.0112675597625
-0.0600000000000 0.0079634357429
-0.0400000000000 0.0048922687964
-0.0400000000000 0.0048922687964
-0.0200000000000 0.0021375768683
0.0000000000000 0.0000017512168
0.0000000000000 0.0000017512168
0.0000000000000 0.0000017512168
0.0000000000000 0.0000017512168
0.0000000000000 0.0000017512168
0.0000000000000 0.0000017512168
0.0000000000000 0.0000017512168
0.0000000000000 0.0000017512168
0.0200000000000 0.0021368214121
0.0400000000000 0.0048914834488
0.0400000000000 0.0048914834488
0.0600000000000 0.0079625540165
0.0800000000000 0.0112666295775
0.0800000000000 0.0112666295775
0.0800000000000 0.0112666295775
0.1000000000000 0.0147360887030
0.1200000000000 0.0183383293319
0.1200000000000 0.0183383293319
0.1400000000000 0.0220489793558
0.1600000000000 0.0258501909052
0.1600000000000 0.0258501909052
0.1600000000000 0.0258501909052
0.1600000000000 0.0258501909052
0.1800000000000 0.0297279906574
0.2000000000000 0.0336711166879
0.2000000000000 0.0336711166879
0.2200000000000 0.0376702765127
0.2400000000000 0.0417176615708
0.2400000000000 0.0417176615708
0.2400000000000 0.0417176615708
0.2600000000000 0.0458065936430
0.2800000000000 0.0499312801091
0.2800000000000 0.0499312801091
0.3000000000000 0.0540866512959
0.3200000000000 0.0582682369698
0.3200000000000 0.0582682369698
0.3200000000000 0.0582682369698
0.3200000000000 0.0582682369698
0.3200000000000 0.0582682369698
0.3400000000000 0.0624720675243
0.3600000000000 0.0666945976625
0.3600000000000 0.0666945976625
0.3800000000000 0.0709326423661
0.4000000000000 0.0751833222091
0.4000000000000 0.0751833222091
0.4000000000000 0.0751833222091
0.4200000000000 0.0794440221328
0.4400000000000 0.0837123640782
0.4400000000000 0.0837123640782
0.4600000000000 0.0879861846484
0.4800000000000 0.0922635071496
0.4800000000000 0.0922635071496
0.4800000000000 0.0922635071496
0.4800000000000 0.0922635071496
0.5000000000000 0.0965425112888
0.5200000000000 0.1008215123000
0.5200000000000 0.1008215123000
0.5400000000000 0.1050989535437
0.5600000000000 0.1093734052353
0.5600000000000 0.1093734052353
0.5600000000000 0.1093734052353
0.5800000000000 0.1136435574544
0.6000000000000 0.1179082031143
0.6000000000000 0.1179082031143
0.6200000000000 0.1221662192273
0.6400000000000 0.1264165565558
0.6400000000000 0.1264165565558
0.6400000000000 0.1264165565558
0.6400000000000 0.1264165565558
0.6400000000000 0.1264165565558
0.6400000000000 0.1264165565558
0.6600000000000 0.1306582377893
0.6800000000000 0.1348903568977
0.6800000000000 0.1348903568977
0.7000000000000 0.1391120749276
0.7200000000000 0.1433226133470
0.7200000000000 0.1433226133470
0.7200000000000 0.1433226133470
0.7400000000000 0.1475212478480
0.7600000000000 0.1517073037394
0.7600000000000 0.1517073037394
0.7800000000000 0.1558801524117
0.8000000000000 0.1600392081637
0.8000000000000 0.1600392081637
0.8000000000000 0.1600392081637
0.8000000000000 0.1600392081637
0.8200000000000 0.1641839252214
0.8400000000000 0.1683137949803
0.8400000000000 0.1683137949803
0.8600000000000 0.1724283435208
0.8800000000000 0.1765271294434
0.8800000000000 0.1765271294434
0.8800000000000 0.1765271294434
0.9000000000000 0.1806097419614
0.9200000000000 0.1846757991198
0.9200000000000 0.1846757991198
0.9400000000000 0.1887249460780
0.9600000000000 0.1927568534012
0.9600000000000 0.1927568534012
0.9600000000000 0.1927568534012
0.9600000000000 0.1927568534012
0.9600000000000 0.1927568534012
0.9800000000000 0.1967712153290
1.0000000000000 0.2007677480804
1.0000000000000 0.2007677480804
1.0200000000000 0.2047461883289
1.0400000000000 0.2087062919443
1.0400000000000 0.2087062919443
1.0400000000000 0.2087062919443
1.0600000000000 0.2126478329843
1.0800000000000 0.2165706028278
1.0800000000000 0.2165706028278
1.1000000000000 0.2204744093239
1.1200000000000 0.2243590759068
1.1200000000000 0.2243590759068
1.1200000000000 0.2243590759068
1.1200000000000 0.2243590759068
1.1400000000000 0.2282244407041
1.1600000000000 0.2320703556959
1.1600000000000 0.2320703556959
1.1800000000000 0.2358966859490
1.2000000000000 0.2397033089119
1.2000000000000 0.2397033089119
1.2000000000000 0.2397033089119
1.2200000000000 0.2434901137405
1.2400000000000 0.2472570006348
1.2400000000000 0.2472570006348
1.2600000000000 0.2510038801965
1.2800000000000 0.2547306728346
1.2800000000000 0.2547306728346
1.2800000000000 0.2547306728346
1.2800000000000 0.2547306728346
1.2800000000000 0.2547306728346
1.2800000000000 0.2547306728346
1.2800000000000 0.2547306728346
1.3000000000000 0.2584373082447
1.3200000000000 0.2621237249666
1.3200000000000 0.2621237249666
1.3400000000000 0.2657898700070
1.3600000000000 0.2694356984956
1.3600000000000 0.2694356984956
1.3600000000000 0.2694356984956
1.3800000000001 0.2730611733428
1.4000000000000 0.2766662648746
1.4000000000001 0.2766662648746
1.4200000000000 0.2802509504392
1.4400000000000 0.2838152139941
1.4400000000000 0.2838152139941
1.4400000000000 0.2838152139941
1.4400000000000 0.2838152139941
1.4600000000001 0.2873590456938
1.4800000000000 0.2908824414981
1.4800000000001 0.2908824414981
1.5000000000001 0.2943854028173
1.5200000000000 0.2978679362055
1.5200000000000 0.2978679362055
1.5200000000001 0.2978679362055
1.5400000000001 0.3013300531046
1.5600000000000 0.3047717696323
1.5600000000001 0.3047717696323
1.5800000000001 0.3081931064045
1.6000000000000 0.3115940883766
1.6000000000000 0.3115940883766
1.6000000000000 0.3115940883766
1.6000000000000 0.3115940883766
1.6000000000001 0.3115940883766
1.6200000000001 0.3149747446912
1.6400000000000 0.3183351085206
1.6400000000001 0.3183351085206
1.6600000000001 0.3216752168968
1.6800000000000 0.3249951105343
1.6800000000000 0.3249951105343
1.6800000000001 0.3249951105343
1.7000000000001 0.3282948336453
1.7200000000000 0.3315744337538
1.7200000000001 0.3315744337538
1.7400000000001 0.3348339615167
1.7600000000000 0.3380734705524
1.7600000000000 0.3380734705524
1.7600000000000 0.3380734705524
1.7600000000001 0.3380734705524
1.7800000000001 0.3412930172823
1.8000000000001 0.3444926607826
1.8000000000001 0.3444926607826
1.8200000000001 0.3476724626462
1.8400000000000 0.3508324868557
1.8400000000001 0.3508324868557
1.8400000000001 0.3508324868557
1.8600000000001 0.3539727996629
1.8800000000001 0.3570934694780
1.8800000000001 0.3570934694780
1.9000000000001 0.3601945667645
1.9200000000000 0.3632761639413
1.9200000000000 0.3632761639413
1.9200000000000 0.3632761639413
1.9200000000000 0.3632761639413
1.9200000000000 0.3632761639413
1.9200000000001 0.3632761639413
1.9400000000001 0.3663383352902
1.9600000000000 0.3693811568662
1.9600000000001 0.3693811568662
1.9800000000001 0.3724047064117
2.0000000000000 0.3754090632734
2.0000000000001 0.3754090632734
2.0000000000001 0.3754090632734
2.0200000000001 0.3783943083239
2.0400000000001 0.3813605238881
2.0400000000001 0.3813605238881
2.0600000000001 0.3843077936734
2.0800000000000 0.3872362027033
2.0800000000000 0.3872362027033
2.0800000000001 0.3872362027033
2.0800000000001 0.3872362027033
2.1000000000001 0.3901458372537
2.1200000000001 0.3930367847929
2.1200000000001 0.3930367847929
2.1400000000001 0.3959091339200
2.1600000000000 0.3987629743052
2.1600000000001 0.3987629743052
2.1600000000001 0.3987629743052
2.1800000000001 0.4015983966292
2.2000000000001 0.4044154925229
2.2000000000001 0.4044154925229
2.2200000000001 0.4072143545060
2.2400000000000 0.4099950759255
2.2400000000000 0.4099950759255
2.2400000000000 0.4099950759255
2.2400000000001 0.4099950759255
2.2400000000001 0.4099950759255
2.2600000000001 0.4127577508951
2.2800000000001 0.4155024742381
2.2800000000001 0.4155024742381
2.3000000000000 0.4182293414308
2.3200000000000 0.4209384485524
2.3200000000000 0.4209384485524
2.3200000000001 0.4209384485524
2.3400000000000 0.4236298922381
2.3600000000000 0.4263037696374
2.3600000000001 0.4263037696374
2.3800000000000 0.4289601783772
2.4000000000000 0.4315992165275
2.4000000000000 0.4315992165275
2.4000000000000 0.4315992165275
2.4000000000001 0.4315992165275
2.4200000000000 0.4342209825711
2.4400000000000 0.4368255753732
2.4400000000001 0.4368255753732
2.4600000000000 0.4394130941527
2.4800000000000 0.4419836384523
2.4800000000000 0.4419836384523
2.4800000000001 0.4419836384523
2.5000000000000 0.4445373081090
2.5200000000000 0.4470742032226
2.5200000000001 0.4470742032226
2.5400000000000 0.4495944241230
2.5600000000000 0.4520980713371
2.5600000000000 0.4520980713371
2.5600000000000 0.4520980713371
2.5600000000000 0.4520980713371
2.5600000000000 0.4520980713371
2.5600000000000 0.4520980713371
2.5600000000000 0.4520980713371
2.5600000000001 0.4520980713371
2.5800000000000 0.4545852455537
2.6000000000000 0.4570560475896
2.6000000000001 0.4570560475896
2.6200000000000 0.4595105783540
2.6400000000000 0.4619489388156
2.6400000000000 0.4619489388156
2.6400000000001 0.4619489388156
2.6600000000000 0.4643712299697
2.6800000000000 0.4667775528099
2.6800000000001 0.4667775528099
2.7000000000000 0.4691680083007
2.7200000000000 0.4715426973535
2.7200000000000 0.4715426973535
2.7200000000000 0.4715426973535
2.7200000000001 0.4715426973535
2.7400000000000 0.4739017208060
2.7600000000000 0.4762451794034
2.7600000000000 0.4762451794034
2.7800000000000 0.4785731737833
2.8000000000000 0.4808858044614
2.8000000000000 0.4808858044614
2.8000000000000 0.4808858044614
2.8200000000000 0.4831831718178
2.8400000000000 0.4854653760858
2.8400000000000 0.4854653760858
2.8600000000000 0.4877325173398
2.8800000000000 0.4899846954828
2.8800000000000 0.4899846954828
2.8800000000000 0.4899846954828
2.8800000000000 0.4899846954828
2.8800000000000 0.4899846954828
2.9000000000000 0.4922220102328
2.9200000000000 0.4944445611103
2.9200000000000 0.4944445611103
2.9400000000000 0.4966524474255
2.9600000000000 0.4988457682492
2.9600000000000 0.4988457682492
2.9600000000000 0.4988457682492
2.9800000000000 0.5010246224061
3.0000000000000 0.5031891083420
3.0000000000000 0.5031891083420
3.0200000000000 0.5053393231578
3.0400000000000 0.5074753654928
3.0400000000000 0.5074753654928
3.0400000000000 0.5074753654928
3.0400000000000 0.5074753654928
3.0600000000000 0.5095973341132
3.0800000000000 0.5117053257394
3.0800000000000 0.5117053257394
3.1000000000000 0.5137994379672
3.1200000000000 0.5158797669366
3.1200000000000 0.5158797669366
3.1200000000000 0.5158797669366
3.1400000000000 0.5179464095231
3.1600000000000 0.5199994611166
3.1600000000000 0.5199994611166
3.1800000000000 0.5220390178664
3.2000000000000 0.5240651743693
3.2000000000000 0.5240651743693
3.2000000000000 0.5240651743693
3.2000000000000 0.5240651743693
3.2000000000000 0.5240651743693
3.2400000000000 0.5280776665736
3.2800000000000 0.5320376911727
3.2800000000000 0.5320376911727
3.3200000000000 0.5359459949788
3.3600000000000 0.5398033180007
3.3600000000000 0.5398033180007
3.3600000000000 0.5398033180007
3.4000000000000 0.5436103932837
3.4400000000000 0.5473679467542
3.4400000000000 0.5473679467542
3.4800000000000 0.5510766970600
3.5200000000000 0.5547373554006
3.5200000000000 0.5547373554006
3.5200000000000 0.5547373554006
3.5200000000000 0.5547373554006
3.5600000000000 0.5583506253494
3.6000000000000 0.5619172026718
3.6000000000000 0.5619172026718
3.6400000000000 0.5654377751523
3.6800000000000 0.5689130224402
3.6800000000000 0.5689130224402
3.6800000000000 0.5689130224402
3.7200000000000 0.5723436159250
3.7600000000000 0.5757302186475
3.7600000000000 0.5757302186475
3.8000000000000 0.5790734852525
3.8400000000000 0.5823740619802
3.8400000000000 0.5823740619802
3.8400000000000 0.5823740619802
3.8400000000000 0.5823740619802
3.8400000000000 0.5823740619802
3.8400000000000 0.5823740619802
3.8800000000000 0.5856325866899
3.9200000000000 0.5888496889030
3.9200000000000 0.5888496889030
3.9600000000000 0.5920259898518
4.0000000000000 0.5951621025217
4.0000000000000 0.5951621025217
4.0000000000000 0.5951621025217
4.0400000000000 0.5982586316779
4.0800000000000 0.6013161738757
4.0800000000000 0.6013161738757
4.1200000000000 0.6043353174549
4.1600000000000 0.6073166425263
4.1600000000000 0.6073166425263
4.1600000000000 0.6073166425263
4.1600000000000 0.6073166425263
4.2000000000000 0.6102607209570
4.2400000000000 0.6131681163658
4.2400000000000 0.6131681163658
4.2800000000000 0.6160393841336
4.3200000000000 0.6188750714317
4.3200000000000 0.6188750714317
4.3200000000001 0.6188750714317
4.3600000000000 0.6216757172698
4.4000000000000 0.6244418525596
4.4000000000000 0.6244418525596
4.4400000000000 0.6271740001958
4.4800000000000 0.6298726751486
4.4800000000000 0.6298726751486
4.4800000000000 0.6298726751486
4.4800000000000 0.6298726751486
4.4800000000001 0.6298726751486
4.5200000000000 0.6325383845584
4.5600000000000 0.6351716278276
4.5600000000000 0.6351716278276
4.6000000000000 0.6377728967073
4.6400000000000 0.6403426753897
4.6400000000000 0.6403426753897
4.6400000000001 0.6403426753897
4.6800000000000 0.6428814405872
4.7199999999999 0.6453896615915
4.7200000000000 0.6453896615915
4.7600000000000 0.6478678003365
4.7999999999999 0.6503163114599
4.8000000000000 0.6503163114599
4.8000000000000 0.6503163114599
4.8000000000001 0.6503163114599
4.8400000000000 0.6527356423580
4.8799999999999 0.6551262332571
4.8800000000000 0.6551262332571
4.9200000000000 0.6574885172985
4.9599999999999 0.6598229206414
4.9600000000000 0.6598229206414
4.9600000000001 0.6598229206414
5.0000000000000 0.6621298625935
5.0399999999999 0.6644097557416
5.0400000000000 0.6644097557416
5.0800000000000 0.6666630060781
5.1199999999999 0.6688900131132
5.1200000000000 0.6688900131132
5.1200000000000 0.6688900131132
5.1200000000000 0.6688900131132
5.1200000000000 0.6688900131132
5.1200000000000 0.6688900131132
5.1200000000001 0.6688900131132
5.1600000000000 0.6710911699616
5.1999999999999 0.6732668634100
5.2000000000000 0.6732668634100
5.2400000000000 0.6754174739642
5.2799999999999 0.6775433758843
5.2800000000000 0.6775433758843
5.2800000000001 0.6775433758843
5.3200000000000 0.6796449372196
5.3599999999999 0.6817225198496
5.3600000000000 0.6817225198496
5.4000000000000 0.6837764795417
5.4399999999999 0.6858071660283
5.4400000000000 0.6858071660283
5.4400000000000 0.6858071660283
5.4400000000001 0.6858071660283
5.4800000000000 0.6878149231075
5.5199999999999 0.6898000887640
5.5200000000000 0.6898000887640
5.5600000000000 0.6917629953040
5.5999999999999 0.6937039694965
5.6000000000000 0.6937039694965
5.6000000000001 0.6937039694965
5.6400000000000 0.6956233327094
5.6799999999999 0.6975214010336
5.6800000000000 0.6975214010336
5.7200000000000 0.6993984853889
5.7599999999999 0.7012548916101
5.7600000000000 0.7012548916101
5.7600000000000 0.7012548916101
5.7600000000000 0.7012548916101
5.7600000000001 0.7012548916101
5.8000000000000 0.7030909205168
5.8399999999999 0.7049068679721
5.8400000000000 0.7049068679721
5.8800000000000 0.7067030249392
5.9199999999999 0.7084796775415
5.9200000000000 0.7084796775415
5.9200000000001 0.7084796775415
5.9600000000000 0.7102371071139
5.9999999999999 0.7119755901644
6.0000000000000 0.7119755901644
6.0400000000000 0.7136953976142
6.0799999999999 0.7153967941417
6.0800000000000 0.7153967941417
6.0800000000000 0.7153967941417
6.0800000000001 0.7153967941417
6.1200000000000 0.7170800506977
6.1599999999999 0.7187454193856
6.1600000000000 0.7187454193856
6.2000000000000 0.7203931612282
6.2399999999999 0.7220235204181
6.2400000000000 0.7220235204181
6.2400000000001 0.7220235204181
6.2800000000000 0.7236367494440
6.3199999999999 0.7252330844401
6.3200000000000 0.7252330844401
6.3600000000000 0.7268127696321
6.3999999999999 0.7283760332354
6.4000000000000 0.7283760332354
6.4000000000000 0.7283760332354
6.4000000000000 0.7283760332354
6.4000000000001 0.7283760332354
6.4799999999999 0.7314542245490
6.5599999999999 0.7344694539275
6.5600000000001 0.7344694539275
6.6399999999999 0.7374234571999
6.7199999999999 0.7403179133205
6.7200000000001 0.7403179133205
6.7200000000001 0.7403179133205
6.7999999999999 0.7431544470129
6.8799999999999 0.7459346308342
6.8800000000000 0.7459346308342
6.9599999999999 0.7486599867325
7.0399999999999 0.7513319874937
7.0400000000000 0.7513319874937
7.0400000000000 0.7513319874937
7.0400000000000 0.7513319874937
7.1199999999999 0.7539520584184
7.1999999999999 0.7565215792385
7.2000000000000 0.7565215792385
7.2799999999999 0.7590418859981
7.3599999999999 0.7615142725902
7.3600000000000 0.7615142725902
7.3600000000001 0.7615142725902
7.4399999999999 0.7639399918559
7.5199999999999 0.7663202564915
7.5200000000000 0.7663202564915
7.5999999999999 0.7686562401680
7.6799999999999 0.7709490790902
7.6800000000000 0.7709490790902
7.6800000000000 0.7709490790902
7.6800000000000 0.7709490790902
7.6800000000000 0.7709490790902
7.6800000000001 0.7709490790902
7.7599999999999 0.7731998738190
7.8400000000000 0.7754096909437
7.8400000000001 0.7754096909437
7.9200000000001 0.7775795643393
8.0000000000000 0.7797104961336
8.0000000000000 0.7797104961336
8.0000000000001 0.7797104961336
8.0800000000001 0.7818034576655
8.1600000000000 0.7838593905933
8.1600000000001 0.7838593905933
8.2400000000001 0.7858792080725
8.3200000000000 0.7878637957882
8.3200000000000 0.7878637957882
8.3200000000001 0.7878637957882
8.3200000000001 0.7878637957882
8.4000000000001 0.7898140126745
8.4800000000000 0.7917306913388
8.4800000000001 0.7917306913388
8.5600000000001 0.7936146384848
8.6400000000000 0.7954666357399
8.6400000000001 0.7954666357399
8.6400000000001 0.7954666357399
8.7200000000001 0.7972874410319
8.8000000000000 0.7990777901956
8.8000000000001 0.7990777901956
8.8800000000001 0.8008383982798
8.9600000000000 0.8025699602619
8.9600000000000 0.8025699602619
8.9600000000000 0.8025699602619
8.9600000000001 0.8025699602619
8.9600000000001 0.8025699602619
9.0400000000001 0.8042731513380
9.1200000000000 0.8059486271775
9.1200000000001 0.8059486271775
9.2000000000001 0.8075970243425
9.2800000000000 0.8092189608120
9.2800000000001 0.8092189608120
9.2800000000001 0.8092189608120
9.3600000000001 0.8108150365389
9.4400000000000 0.8123858341053
9.4400000000001 0.8123858341053
9.5200000000001 0.8139319195677
9.6000000000000 0.8154538433820
9.6000000000000 0.8154538433820
9.6000000000001 0.8154538433820
9.6000000000001 0.8154538433820
9.6800000000001 0.8169521411274
9.7600000000000 0.8184273338062
9.7600000000001 0.8184273338062
9.8400000000001 0.8198799278144
9.9200000000000 0.8213104149944
9.9200000000000 0.8213104149944
9.9200000000001 0.8213104149944
10.0000000000001 0.8227192731450
10.0800000000000 0.8241069668156
10.0800000000001 0.8241069668156
10.1600000000001 0.8254739471216
10.2400000000000 0.8268206474060
10.2400000000000 0.8268206474060
10.2400000000000 0.8268206474060
10.2400000000000 0.8268206474060
10.2400000000000 0.8268206474060
10.2400000000001 0.8268206474060
10.3200000000001 0.8281475180483
10.4000000000000 0.8294549590544
10.4000000000001 0.8294549590544
10.4800000000001 0.8307433950778
10.5600000000000 0.8320132025549
10.5600000000000 0.8320132025549
10.5600000000001 0.8320132025549
10.6400000000001 0.8332647801232
10.7200000000000 0.8344984858319
10.7200000000001 0.8344984858319
10.8000000000001 0.8357146964547
10.8800000000000 0.8369137544564
10.8800000000000 0.8369137544564
10.8800000000000 0.8369137544564
11.0400000000000 0.8392618167644
11.2000000000000 0.8415453480525
11.2000000000000 0.8415453480525
11.3599999999999 0.8437668875055
11.5199999999999 0.8459288333715
11.5200000000000 0.8459288333715
11.5200000000000 0.8459288333715
11.5200000000000 0.8459288333715
11.6799999999999 0.8480334557129
11.8399999999999 0.8500829250251
11.8400000000000 0.8500829250251
11.9999999999999 0.8520793208155
12.1599999999999 0.8540246235508
12.1600000000000 0.8540246235508
12.1600000000000 0.8540246235508
12.3199999999999 0.8559207146267
12.4799999999999 0.8577693817603
12.4800000000000 0.8577693817603
12.6399999999999 0.8595723252550
12.7999999999999 0.8613311692434
12.8000000000000 0.8613311692434
12.8000000000000 0.8613311692434
12.8000000000000 0.8613311692434
12.8000000000000 0.8613311692434
12.9599999999999 0.8630474682929
13.1199999999999 0.8647227027419
13.1200000000000 0.8647227027419
13.2799999999999 0.8663582796311
13.4399999999999 0.8679555487156
13.4400000000000 0.8679555487156
13.4400000000000 0.8679555487156
13.5999999999999 0.8695158139577
13.7599999999999 0.8710403249105
13.7600000000000 0.8710403249105
13.9199999999999 0.8725302698751
14.0799999999999 0.8739867858737
14.0800000000000 0.8739867858737
14.0800000000000 0.8739867858737
14.0800000000000 0.8739867858737
14.2399999999999 0.8754109574926
14.3999999999999 0.8768037828445
14.3999999999999 0.8768037828445
14.5599999999999 0.8781663242245
14.7199999999999 0.8794994736717
14.7199999999999 0.8794994736717
14.7200000000000 0.8794994736717
14.8799999999999 0.8808041984266
15.0399999999999 0.8820813351809
15.0399999999999 0.8820813351809
15.1999999999999 0.8833317889835
15.3599999999999 0.8845563220029
15.3599999999999 0.8845563220029
15.3600000000000 0.8845563220029
15.3600000000000 0.8845563220029
15.3600000000000 0.8845563220029
15.5199999999999 0.8857557644694
15.6799999999999 0.8869308172466
15.9999999999999 0.8892106865548
16.0000000000000 0.8892106865548
16.3199999999999 0.8914013477504
16.6400000000000 0.8935078843404
16.6400000000000 0.8935078843404
16.6400000000001 0.8935078843404
16.9600000000001 0.8955350064119
17.2800000000000 0.8974870229233
17.2800000000001 0.8974870229233
17.6000000000001 0.8993679147119
17.9200000000000 0.9011814352093
17.9200000000000 0.9011814352093
17.9200000000000 0.9011814352093
17.9200000000001 0.9011814352093
18.2400000000001 0.9029311438523
18.5600000000000 0.9046203058366
18.5600000000001 0.9046203058366
18.8800000000001 0.9062519341982
19.2000000000000 0.9078289137448
19.2000000000000 0.9078289137448
19.2000000000001 0.9078289137448
19.5200000000001 0.9093538942011
19.8400000000000 0.9108293342032
19.8400000000001 0.9108293342032
20.1600000000001 0.9122576102506
20.4800000000000 0.9136407876878
20.4800000000000 0.9136407876878
20.4800000000000 0.9136407876878
20.4800000000001 0.9136407876878
20.8000000000001 0.9149811308618
21.1200000000000 0.9162804192646
21.1200000000001 0.9162804192646
21.4400000000001 0.9175406707246
21.7600000000000 0.9187634345795
21.7600000000000 0.9187634345795
21.7600000000001 0.9187634345795
22.0800000000001 0.9199504568281
22.4000000000000 0.9211031653157
22.4000000000002 0.9211031653157
22.7200000000002 0.9222231571636
23.0400000000000 0.9233116705432
23.0400000000000 0.9233116705432
23.0400000000000 0.9233116705432
23.6800000000000 0.9253995735329
24.3200000000000 0.9273762094010
24.3200000000000 0.9273762094010
24.9600000000000 0.9292503399954
25.6000000000000 0.9310296392965
25.6000000000000 0.9310296392965
25.6000000000000 0.9310296392965
26.2400000000000 0.9327209656038
26.8800000000000 0.9343308446070
26.8800000000000 0.9343308446070
27.5200000000000 0.9358648702378
28.1600000000000 0.9373280904308
28.1600000000000 0.9373280904308
28.1600000000000 0.9373280904308
28.8000000000000 0.9387253528710
29.4400000000000 0.9400610581173
29.4400000000000 0.9400610581173
30.0800000000000 0.9413391764168
30.7200000000000 0.9425632343219
30.7200000000000 0.9425632343219
30.7200000000000 0.9425632343219
31.3600000000000 0.9437365542333
32.0000000000000 0.9448622099211
32.0000000000000 0.9448622099211
32.6400000000000 0.9459430671420
33.2800000000000 0.9469815534917
33.2800000000000 0.9469815534917
33.2800000000000 0.9469815534917
33.9200000000000 0.9479804016963
34.5600000000000 0.9489415621219
34.5600000000000 0.9489415621219
35.2000000000000 0.9498673209150
35.8400000000000 0.9507594034615
35.8400000000000 0.9507594034615
35.8400000000000 0.9507594034615
36.4800000000000 0.9516198022865
37.1200000000000 0.9524500021181
37.1200000000000 0.9524500021181
37.7600000000000 0.9532517203282
38.4000000000000 0.9540262515105
38.4000000000000 0.9540262515105
39.6800000000000 0.9554993539446
40.9600000000000 0.9568792155464
40.9600000000000 0.9568792155464
42.2400000000000 0.9581745632642
43.5200000000000 0.9593929874493
43.5200000000000 0.9593929874493
44.8000000000000 0.9605413142423
46.0800000000000 0.9616257113737
46.0800000000000 0.9616257113737
47.3600000000000 0.9626516259029
48.6400000000000 0.9636239143477
48.6400000000000 0.9636239143477
49.9200000000000 0.9645469412182
51.2000000000000 0.9654246895125
51.2000000000000 0.9654246895125
52.4800000000000 0.9662607300404
53.7600000000000 0.9670582912774
53.7600000000000 0.9670582912774
55.0400000000000 0.9678202631689
56.3200000000000 0.9685491906939
56.3200000000000 0.9685491906939
57.6000000000000 0.9692474510242
58.8800000000000 0.9699171078318
58.8800000000000 0.9699171078318
60.1600000000000 0.9705599620039
61.4400000000000 0.9711776549735
61.4400000000000 0.9711776549735
62.7200000000000 0.9717715585589
64.0000000000000 0.9723428882232
64.0000000000000 0.9723428882232
65.2800000000000 0.9728926456885
66.5600000000000 0.9734216506820
66.5600000000000 0.9734216506820
67.8400000000000 0.9739305937077
69.1200000000000 0.9744200101084
69.1200000000000 0.9744200101084
70.4000000000000 0.9748903732242
71.6800000000000 0.9753419641329
71.6800000000000 0.9753419641329
72.9600000000000 0.9757750097597
74.2400000000000 0.9761897438337
74.2400000000000 0.9761897438337
75.5200000000000 0.9765862984491
76.8000000000000 0.9769648818610
76.8000000000000 0.9769648818610
78.0800000000000 0.9773256927036
79.3600000000000 0.9776689387378
79.3600000000000 0.9776689387378
80.6400000000000 0.9779949730962
81.9200000000000 0.9783042581735
81.9200000000000 0.9783042581735
83.2000000000000 0.9785974459361
84.4800000000000 0.9788753725188
84.4800000000000 0.9788753725188
85.7600000000000 0.9791389780467
87.0400000000000 0.9793894129527
87.0400000000000 0.9793894129527
88.3200000000000 0.9796281582823
89.6000000000000 0.9798568807051
89.6000000000000 0.9798568807051
90.8800000000000 0.9800773966866
92.1600000000000 0.9802917413525
92.1600000000000 0.9802917413525
93.4400000000000 0.9805019821546
94.7200000000000 0.9807103139351
94.7200000000000 0.9807103139351
96.0000000000000 0.9809192061487
97.2800000000000 0.9811311194383
97.2800000000000 0.9811311194383
98.5600000000000 0.9813483175903
99.8400000000000 0.9815728822053
99.8400000000000 0.9815728822053
101.1200000000000 0.9818067500389
102.4000000000000 0.9820516312466
102.4000000000000 0.9820516312466
103.6800000000000 0.9823089013326
104.9600000000000 0.9825795641771
104.9600000000000 0.9825795641771
106.2400000000000 0.9828639885880
107.5200000000000 0.9831618037100
107.5200000000000 0.9831618037100
108.8000000000000 0.9834721386464
110.0800000000000 0.9837936730962
110.0800000000000 0.9837936730962
111.3600000000000 0.9841245366129
112.6400000000000 0.9844622080516
112.6400000000000 0.9844622080516
113.9200000000000 0.9848034751965
115.2000000000000 0.9851447855627
115.2000000000000 0.9851447855627
116.4800000000000 0.9854825790862
117.7600000000000 0.9858132025830
117.7600000000000 0.9858132025830
119.0400000000000 0.9861329228030
120.3200000000000 0.9864381459866
120.3200000000000 0.9864381459866
121.6000000000000 0.9867256816949
122.8800000000000 0.9869929979958
122.8800000000000 0.9869929979958
124.1600000000000 0.9872382761379
125.4400000000000 0.9874603474873
125.4400000000000 0.9874603474873
126.7200000000000 0.9876586731643
128.0000000000000 0.9878333978920
128.0000000000000 0.9878333978920
129.2800000000000 0.9879853942749
130.5600000000000 0.9881164561300
130.5600000000000 0.9881164561300
131.8400000000000 0.9882278154827
133.1200000000000 0.9883220303133
133.1200000000000 0.9883220303133
134.4000000000000 0.9884012438915
135.6800000000000 0.9884679323758
135.6800000000000 0.9884679323758
136.9600000000000 0.9885246131738
138.2400000000000 0.9885733058084
138.2400000000000 0.9885733058084
139.5200000000000 0.9886163945549
140.8000000000000 0.9886553025641
143.3600000000000 0.9887272300987
145.9200000000000 0.9887982522644
148.4800000000000 0.9888738675291
151.0400000000000 0.9889567694338
153.6000000000000 0.9890477473112
156.1600000000000 0.9891464356943
158.7200000000000 0.9892518826154
161.2800000000000 0.9893628614391
163.8400000000000 0.9894781488063
166.4000000000000 0.9895965487280
168.9600000000000 0.9897170521203
171.5200000000000 0.9898387780405
174.0800000000000 0.9899609672410
176.6400000000000 0.9900830444869
179.2000000000000 0.9902045384081
181.7600000000000 0.9903250490613
184.3200000000000 0.9904442056961
186.8800000000000 0.9905617879733
189.4400000000000 0.9906776636867
192.0000000000000 0.9907917567169
194.5600000000000 0.9909039569680
197.1200000000000 0.9910141049979
199.6800000000000 0.9911221791270
202.2400000000000 0.9912281804611
204.8000000000000 0.9913321610616
207.3600000000000 0.9914341612068
209.9200000000000 0.9915341021431
212.4800000000000 0.9916320531049
215.0400000000000 0.9917280669588
217.6000000000000 0.9918220874804
220.1600000000000 0.9919142472349
222.7200000000000 0.9920045610989
225.2800000000000 0.9920928781687
227.8400000000000 0.9921793519089
230.4000000000000 0.9922640876428
232.9600000000000 0.9923468633724
235.5200000000000 0.9924277488262
238.0800000000000 0.9925070965619
240.6400000000000 0.9925848460659
243.2000000000000 0.9926608542231
245.7600000000000 0.9927357371387
248.3200000000000 0.9928101942135
250.8800000000000 0.9928837583287
253.4400000000000 0.9929556594792
256.0000000000000 0.9930268641202
258.5600000000000 0.9930994235488
261.1200000000000 0.9931730337275
263.6800000000000 0.9932435837371
266.2400000000000 0.9933063395153
268.8000000000000 0.9933603292203
271.3600000000000 0.9934091318635
273.9200000000000 0.9934577794741
276.4800000000000 0.9935093565447
279.0400000000000 0.9935640857623
281.6000000000000 0.9936205510473
284.1600000000000 0.9936772341651
286.7200000000000 0.9937332392936
289.2800000000000 0.9937882560750
291.8400000000000 0.9938422665319
294.4000000000000 0.9938953236960
296.9600000000000 0.9939474663430
299.5200000000000 0.9939987220329
302.0800000000000 0.9940491163398
304.6400000000000 0.9940986715561
307.2000000000000 0.9941474073244
309.7600000000000 0.9941953424895
312.3200000000000 0.9942424946044
314.8800000000000 0.9942888839785
317.4400000000000 0.9943345315143
