# x phi
-317.4400000000000 -0.0000000002376
-314.8800000000000 -0.0000000003606
-312.3200000000000 -0.0000000004338
-309.7600000000000 -0.0000000005782
-307.2000000000000 -0.0000000007584
-304.6400000000000 -0.0000000008512
-302.0800000000000 -0.0000000008585
-299.5200000000000 -0.0000000008975
-296.9600000000000 -0.0000000010119
-294.4000000000000 -0.0000000011212
-291.8400000000000 -0.0000000011534
-289.2800000000000 -0.0000000011407
-286.7200000000000 -0.0000000011631
-284.1600000000000 -0.0000000012436
-281.6000000000000 -0.0000000013227
-279.0400000000000 -0.0000000013391
-276.4800000000000 -0.0000000013129
-273.9200000000000 -0.0000000013195
-271.3600000000000 -0.0000000013936
-268.8000000000000 -0.0000000014946
-266.2400000000000 -0.0000000015604
-263.6800000000000 -0.0000000015664
-261.1200000000000 -0.0000000015450
-258.5600000000000 -0.0000000015543
-256.0000000000000 -0.0000000016262
-253.4400000000000 -0.0000000017413
-250.8800000000000 -0.0000000018528
-248.3200000000000 -0.0000000019315
-245.7600000000000 -0.0000000019944
-243.2000000000000 -0.0000000020743
-240.6400000000000 -0.0000000021614
-238.0800000000000 -0.0000000022228
-235.5200000000000 -0.0000000022972
-232.9600000000000 -0.0000000025027
-230.4000000000000 -0.0000000028798
-227.8400000000000 -0.0000000032899
-225.2800000000000 -0.0000000035707
-222.7200000000000 -0.0000000037511
-220.1600000000000 -0.0000000040056
-217.6000000000000 -0.0000000044138
-215.0400000000000 -0.0000000048991
-212.4800000000000 -0.0000000054081
-209.9200000000000 -0.0000000059453
-207.3600000000000 -0.0000000062542
-204.8000000000000 -0.0000000057750
-202.2400000000000 -0.0000000056447
-199.6800000000000 -0.0000000143209
-197.1200000000000 -0.0000000541681
-194.5600000000000 -0.0000001594959
-192.0000000000000 -0.0000003567195
-189.4400000000000 -0.0000006323531
-186.8800000000000 -0.0000009137175
-184.3200000000000 -0.0000010867921
-181.7600000000000 -0.0000010487150
-179.2000000000000 -0.0000007629285
-176.6400000000000 -0.0000002801648
-174.0800000000000 0.0000002899284
-171.5200000000000 0.0000008392658
-168.9600000000000 0.0000013123540
-166.4000000000000 0.0000017130048
-163.8400000000000 0.0000020717150
-161.2800000000000 0.0000024116700
-158.7200000000000 0.0000027407496
-156.1600000000000 0.0000030613196
-153.6000000000000 0.0000033765492
-151.0400000000000 0.0000036906804
-148.4800000000000 0.0000040115883
-145.9200000000000 0.0000043541408
-143.3600000000000 0.0000047388328
-140.8000000000000 0.0000051845615
-139.5200000000000 0.0000054344271
-138.2400000000000 0.0000057036147
-138.2400000000000 0.0000057036147
-136.9600000000000 0.0000059932214
-135.6800000000000 0.0000063039200
-135.6800000000000 0.0000063039200
-134.4000000000000 0.0000066360895
-133.1200000000000 0.0000069917092
-133.1200000000000 0.0000069917092
-131.8400000000000 0.0000073723360
-130.5600000000000 0.0000077796170
-130.5600000000000 0.0000077796170
-129.2800000000000 0.0000082161080
-128.0000000000000 0.0000086806398
-128.0000000000000 0.0000086806398
-126.7200000000000 0.0000091732545
-125.4400000000000 0.0000096928743
-125.4400000000000 0.0000096928743
-124.1600000000000 0.0000102372919
-122.8800000000000 0.0000108023203
-122.8800000000000 0.0000108023203
-121.6000000000000 0.0000113815080
-120.3200000000000 0.0000119662346
-120.3200000000000 0.0000119662346
-119.0400000000000 0.0000125455802
-117.7600000000000 0.0000131058537
-117.7600000000000 0.0000131058537
-116.4800000000000 0.0000136299919
-115.2000000000000 0.0000140969044
-115.2000000000000 0.0000140969044
-113.9200000000000 0.0000144810297
-112.6400000000000 0.0000147524138
-112.6400000000000 0.0000147524138
-111.3600000000000 0.0000148769419
-110.0800000000000 0.0000148161905
-110.0800000000000 0.0000148161905
-108.8000000000000 0.0000145272146
-107.5200000000000 0.0000139629401
-107.5200000000000 0.0000139629401
-106.2400000000000 0.0000130732980
-104.9600000000000 0.0000118067622
-104.9600000000000 0.0000118067622
-103.6800000000000 0.0000101121276
-102.4000000000000 0.0000079407072
-102.4000000000000 0.0000079407072
-101.1200000000000 0.0000052489617
-99.8400000000000 0.0000020012969
-99.8400000000000 0.0000020012969
-98.5600000000000 -0.0000018271827
-97.2800000000000 -0.0000062481649
-97.2800000000000 -0.0000062481649
-96.0000000000000 -0.0000112581013
-94.7200000000000 -0.0000168369910
-94.7200000000000 -0.0000168369910
-93.4400000000000 -0.0000229482230
-92.1600000000000 -0.0000295393422
-92.1600000000000 -0.0000295393422
-90.8800000000000 -0.0000365436930
-89.6000000000000 -0.0000438828032
-89.6000000000000 -0.0000438828032
-88.3200000000000 -0.0000514691649
-87.0400000000000 -0.0000592093923
-87.0400000000000 -0.0000592093923
-85.7600000000000 -0.0000670073888
-84.4800000000000 -0.0000747672819
-84.4800000000000 -0.0000747672819
-83.2000000000000 -0.0000823960470
-81.9200000000000 -0.0000898053790
-81.9200000000000 -0.0000898053790
-80.6400000000000 -0.0000969131477
-79.3600000000000 -0.0001036444516
-79.3600000000000 -0.0001036444516
-78.0800000000000 -0.0001099321657
-76.8000000000000 -0.0001157174642
-76.8000000000000 -0.0001157174642
-75.5200000000000 -0.0001209500603
-74.2400000000000 -0.0001255885032
-74.2400000000000 -0.0001255885032
-72.9600000000000 -0.0001296008519
-71.6800000000000 -0.0001329650993
-71.6800000000000 -0.0001329650993
-70.4000000000000 -0.0001356689448
-69.1200000000000 -0.0001377088834
-69.1200000000000 -0.0001377088834
-67.8400000000000 -0.0001390895398
-66.5600000000000 -0.0001398232261
-66.5600000000000 -0.0001398232261
-65.2800000000000 -0.0001399287957
-64.0000000000000 -0.0001394304148
-64.0000000000000 -0.0001394304148
-62.7200000000000 -0.0001383567847
-61.4400000000000 -0.0001367400905
-61.4400000000000 -0.0001367400905
-60.1600000000001 -0.0001346144342
-58.8800000000001 -0.0001320148395
-58.8800000000000 -0.0001320148395
-57.6000000000001 -0.0001289769186
-56.3200000000001 -0.0001255360903
-56.3200000000000 -0.0001255360903
-55.0400000000000 -0.0001217267283
-53.7600000000000 -0.0001175821157
-53.7600000000000 -0.0001175821157
-52.4800000000000 -0.0001131348317
-51.2000000000000 -0.0001084167926
-51.2000000000000 -0.0001084167926
-49.9200000000000 -0.0001034590473
-48.6400000000000 -0.0000982919399
-48.6400000000000 -0.0000982919399
-47.3600000000000 -0.0000929452613
-46.0800000000000 -0.0000874478654
-46.0800000000000 -0.0000874478654
-44.8000000000000 -0.0000818274265
-43.5200000000000 -0.0000761106395
-43.5200000000000 -0.0000761106395
-42.2400000000000 -0.0000703235148
-40.9600000000000 -0.0000644915285
-40.9600000000000 -0.0000644915285
-39.6800000000000 -0.0000586391170
-38.4000000000000 -0.0000527885256
-38.4000000000000 -0.0000527885256
-37.7600000000000 -0.0000498701400
-37.1200000000000 -0.0000469592801
-37.1200000000000 -0.0000469592801
-36.4800000000000 -0.0000440582840
-35.8400000000000 -0.0000411688947
-35.8400000000000 -0.0000411688947
-35.8400000000000 -0.0000411688947
-35.2000000000000 -0.0000382931277
-34.5600000000000 -0.0000354325037
-34.5600000000000 -0.0000354325037
-33.9200000000000 -0.0000325886884
-33.2800000000000 -0.0000297632629
-33.2800000000000 -0.0000297632629
-33.2800000000000 -0.0000297632629
-32.6400000000000 -0.0000269580296
-32.0000000000000 -0.0000241739897
-32.0000000000000 -0.0000241739897
-31.3600000000000 -0.0000214123078
-30.7200000000000 -0.0000186742963
-30.7200000000000 -0.0000186742963
-30.7200000000000 -0.0000186742963
-30.0800000000000 -0.0000159608210
-29.4400000000000 -0.0000132724446
-29.4400000000000 -0.0000132724446
-28.8000000000000 -0.0000106099842
-28.1600000000000 -0.0000079742447
-28.1600000000000 -0.0000079742447
-28.1600000000000 -0.0000079742447
-27.5200000000000 -0.0000053657911
-26.8800000000000 -0.0000027853737
-26.8800000000000 -0.0000027853737
-26.2400000000000 -0.0000002339243
-25.6000000000000 0.0000022879357
-25.6000000000000 0.0000022879357
-25.6000000000000 0.0000022879357
-24.9600000000000 0.0000047800058
-24.3200000000000 0.0000072422345
-24.3200000000000 0.0000072422345
-23.6800000000000 0.0000096741777
-23.0400000000000 0.0000120748170
-23.0400000000000 0.0000120748170
-23.0400000000000 0.0000120748170
-22.7199999999999 0.0000132631620
-22.4000000000000 0.0000144436037
-22.3999999999999 0.0000144436037
-22.0799999999999 0.0000156162124
-21.7600000000000 0.0000167810174
-21.7600000000000 0.0000167810174
-21.7599999999999 0.0000167810174
-21.4399999999999 0.0000179381156
-21.1200000000000 0.0000190873748
-21.1199999999999 0.0000190873748
-20.7999999999999 0.0000202287526
-20.4800000000000 0.0000213620762
-20.4800000000000 0.0000213620762
-20.4800000000000 0.0000213620762
-20.4799999999999 0.0000213620762
-20.1599999999999 0.0000224871711
-19.8400000000000 0.0000236039996
-19.8400000000000 0.0000236039996
-19.5199999999999 0.0000247124596
-19.2000000000000 0.0000258125690
-19.2000000000000 0.0000258125690
-19.1999999999999 0.0000258125690
-18.8800000000000 0.0000269044060
-18.5600000000000 0.0000279880588
-18.5600000000000 0.0000279880588
-18.2400000000000 0.0000290635609
-17.9200000000000 0.0000301308426
-17.9200000000000 0.0000301308426
-17.9200000000000 0.0000301308426
-17.9200000000000 0.0000301308426
-17.6000000000000 0.0000311897815
-17.2800000000000 0.0000322403276
-17.2800000000000 0.0000322403276
-16.9600000000000 0.0000332825481
-16.6400000000000 0.0000343165148
-16.6400000000000 0.0000343165148
-16.6400000000000 0.0000343165148
-16.3199999999999 0.0000353421705
-16.0000000000000 0.0000363593533
-15.9999999999999 0.0000363593533
-15.6799999999999 0.0000373679286
-15.5200000000000 0.0000378689710
-15.3600000000000 0.0000383678564
-15.3600000000000 0.0000383678564
-15.3600000000000 0.0000383678564
-15.3600000000000 0.0000383678564
-15.3599999999999 0.0000383678564
-15.2000000000000 0.0000388645870
-15.0400000000000 0.0000393591767
-15.0399999999999 0.0000393591767
-14.8800000000000 0.0000398516391
-14.7200000000000 0.0000403419771
-14.7200000000000 0.0000403419771
-14.7199999999999 0.0000403419771
-14.5600000000000 0.0000408302050
-14.4000000000000 0.0000413163022
-14.3999999999999 0.0000413163022
-14.2400000000000 0.0000418002633
-14.0800000000000 0.0000422820567
-14.0800000000000 0.0000422820567
-14.0800000000000 0.0000422820567
-14.0800000000000 0.0000422820567
-13.9200000000000 0.0000427616569
-13.7600000000000 0.0000432390397
-13.7600000000000 0.0000432390397
-13.6000000000000 0.0000437141856
-13.4400000000000 0.0000441870788
-13.4400000000000 0.0000441870788
-13.4400000000000 0.0000441870788
-13.2800000000000 0.0000446577018
-13.1200000000000 0.0000451260305
-13.1200000000000 0.0000451260305
-12.9600000000000 0.0000455920380
-12.8000000000000 0.0000460557055
-12.8000000000000 0.0000460557055
-12.8000000000000 0.0000460557055
-12.8000000000000 0.0000460557055
-12.8000000000000 0.0000460557055
-12.6400000000000 0.0000465170301
-12.4800000000000 0.0000469760153
-12.4800000000000 0.0000469760153
-12.3200000000000 0.0000474326513
-12.1600000000000 0.0000478869023
-12.1600000000000 0.0000478869023
-12.1600000000000 0.0000478869023
-12.0000000000000 0.0000483387146
-11.8400000000000 0.0000487880362
-11.8400000000000 0.0000487880362
-11.6800000000000 0.0000492348247
-11.5200000000000 0.0000496790428
-11.5200000000000 0.0000496790428
-11.5200000000000 0.0000496790428
-11.5200000000000 0.0000496790428
-11.3600000000000 0.0000501206487
-11.2000000000000 0.0000505595928
-11.2000000000000 0.0000505595928
-11.0400000000001 0.0000509958210
-10.8800000000001 0.0000514292799
-10.8800000000000 0.0000514292799
-10.8800000000000 0.0000514292799
-10.8000000000001 0.0000516449549
-10.7200000000001 0.0000518599181
-10.7200000000001 0.0000518599181
-10.6400000000001 0.0000520741633
-10.5600000000001 0.0000522876830
-10.5600000000001 0.0000522876830
-10.5600000000000 0.0000522876830
-10.4800000000001 0.0000525004704
-10.4000000000001 0.0000527125179
-10.4000000000001 0.0000527125179
-10.3200000000001 0.0000529238181
-10.2400000000001 0.0000531343634
-10.2400000000001 0.0000531343634
-10.2400000000000 0.0000531343634
-10.2400000000000 0.0000531343634
-10.2400000000000 0.0000531343634
-10.2400000000000 0.0000531343634
-10.1600000000001 0.0000533441468
-10.0800000000001 0.0000535531594
-10.0800000000001 0.0000535531594
-10.0000000000001 0.0000537613931
-9.9200000000001 0.0000539688383
-9.9200000000001 0.0000539688383
-9.9200000000000 0.0000539688383
-9.8400000000001 0.0000541754833
-9.7600000000001 0.0000543813144
-9.7600000000001 0.0000543813144
-9.6800000000001 0.0000545863154
-9.6000000000001 0.0000547904680
-9.6000000000001 0.0000547904680
-9.6000000000001 0.0000547904680
-9.6000000000000 0.0000547904680
-9.5200000000001 0.0000549937521
-9.4400000000001 0.0000551961469
-9.4400000000001 0.0000551961469
-9.3600000000001 0.0000553976306
-9.2800000000001 0.0000555981814
-9.2800000000001 0.0000555981814
-9.2800000000001 0.0000555981814
-9.2000000000001 0.0000557977773
-9.1200000000001 0.0000559963963
-9.1200000000001 0.0000559963963
-9.0400000000001 0.0000561940164
-8.9600000000001 0.0000563906158
-8.9600000000001 0.0000563906158
-8.9600000000001 0.0000563906158
-8.9600000000000 0.0000563906158
-8.9600000000000 0.0000563906158
-8.8800000000001 0.0000565861731
-8.8000000000001 0.0000567806675
-8.8000000000001 0.0000567806675
-8.7200000000001 0.0000569740782
-8.6400000000001 0.0000571663844
-8.6400000000001 0.0000571663844
-8.6400000000001 0.0000571663844
-8.5600000000001 0.0000573575640
-8.4800000000001 0.0000575475930
-8.4800000000001 0.0000575475930
-8.4000000000001 0.0000577364452
-8.3200000000001 0.0000579240919
-8.3200000000001 0.0000579240919
-8.3200000000001 0.0000579240919
-8.3200000000000 0.0000579240919
-8.2400000000001 0.0000581105020
-8.1600000000001 0.0000582956428
-8.1600000000001 0.0000582956428
-8.0800000000001 0.0000584794804
-8.0000000000001 0.0000586619800
-8.0000000000000 0.0000586619800
-8.0000000000000 0.0000586619800
-7.9200000000000 0.0000588431057
-7.8400000000001 0.0000590228200
-7.8400000000000 0.0000590228200
-7.7600000000001 0.0000592010838
-7.6800000000001 0.0000593778553
-7.6800000000001 0.0000593778553
-7.6800000000001 0.0000593778553
-7.6800000000000 0.0000593778553
-7.6800000000000 0.0000593778553
-7.6800000000000 0.0000593778553
-7.6000000000001 0.0000595530903
-7.5200000000001 0.0000597267417
-7.5200000000001 0.0000597267417
-7.4400000000001 0.0000598987599
-7.3600000000001 0.0000600690925
-7.3600000000001 0.0000600690925
-7.3600000000001 0.0000600690925
-7.2800000000000 0.0000602376841
-7.2000000000001 0.0000604044765
-7.2000000000000 0.0000604044765
-7.1200000000000 0.0000605694082
-7.0400000000001 0.0000607324147
-7.0400000000000 0.0000607324147
-7.0400000000000 0.0000607324147
-7.0400000000000 0.0000607324147
-6.9600000000000 0.0000608934280
-6.8800000000001 0.0000610523767
-6.8800000000000 0.0000610523767
-6.8000000000000 0.0000612091858
-6.7200000000001 0.0000613637757
-6.7200000000001 0.0000613637757
-6.7200000000001 0.0000613637757
-6.6400000000000 0.0000615160625
-6.5600000000000 0.0000616659574
-6.5600000000000 0.0000616659574
-6.4800000000000 0.0000618133667
-6.4000000000000 0.0000619581919
-6.4000000000000 0.0000619581919
-6.4000000000000 0.0000619581919
-6.4000000000000 0.0000619581919
-6.4000000000000 0.0000619581919
-6.3600000000000 0.0000620296034
-6.3200000000000 0.0000621003295
-6.3200000000000 0.0000621003295
-6.2800000000000 0.0000621703568
-6.2400000000000 0.0000622396706
-6.2400000000000 0.0000622396706
-6.2400000000000 0.0000622396706
-6.2000000000000 0.0000623082572
-6.1600000000000 0.0000623761007
-6.1600000000000 0.0000623761007
-6.1200000000000 0.0000624431867
-6.0800000000000 0.0000625094984
-6.0800000000000 0.0000625094984
-6.0800000000000 0.0000625094984
-6.0800000000000 0.0000625094984
-6.0400000000000 0.0000625750203
-6.0000000000000 0.0000626397347
-6.0000000000000 0.0000626397347
-5.9600000000000 0.0000627036248
-5.9200000000000 0.0000627666728
-5.9200000000000 0.0000627666728
-5.9200000000000 0.0000627666728
-5.8800000000000 0.0000628288602
-5.8400000000000 0.0000628901684
-5.8400000000000 0.0000628901684
-5.8000000000000 0.0000629505780
-5.7600000000000 0.0000630100695
-5.7600000000000 0.0000630100695
-5.7600000000000 0.0000630100695
-5.7600000000000 0.0000630100695
-5.7600000000000 0.0000630100695
-5.7200000000000 0.0000630686224
-5.6800000000000 0.0000631262163
-5.6800000000000 0.0000631262163
-5.6400000000000 0.0000631828297
-5.6000000000000 0.0000632384411
-5.6000000000000 0.0000632384411
-5.6000000000000 0.0000632384411
-5.5600000000000 0.0000632930280
-5.5200000000000 0.0000633465676
-5.5200000000000 0.0000633465676
-5.4800000000000 0.0000633990364
-5.4400000000000 0.0000634504103
-5.4400000000000 0.0000634504103
-5.4400000000000 0.0000634504103
-5.4400000000000 0.0000634504103
-5.4000000000000 0.0000635006642
-5.3600000000000 0.0000635497725
-5.3600000000000 0.0000635497725
-5.3200000000000 0.0000635977088
-5.2800000000000 0.0000636444457
-5.2800000000000 0.0000636444457
-5.2800000000000 0.0000636444457
-5.2400000000000 0.0000636899553
-5.2000000000000 0.0000637342083
-5.2000000000000 0.0000637342083
-5.1600000000000 0.0000637771749
-5.1200000000000 0.0000638188241
-5.1200000000000 0.0000638188241
-5.1200000000000 0.0000638188241
-5.1200000000000 0.0000638188241
-5.1200000000000 0.0000638188241
-5.1200000000000 0.0000638188241
-5.1200000000000 0.0000638188241
-5.0800000000000 0.0000638591243
-5.0400000000000 0.0000638980426
-5.0400000000000 0.0000638980426
-5.0000000000000 0.0000639355453
-4.9600000000000 0.0000639715975
-4.9600000000000 0.0000639715975
-4.9600000000000 0.0000639715975
-4.9200000000000 0.0000640061635
-4.8800000000000 0.0000640392064
-4.8800000000000 0.0000640392064
-4.8400000000000 0.0000640706881
-4.8000000000000 0.0000641005695
-4.8000000000000 0.0000641005695
-4.8000000000000 0.0000641005695
-4.8000000000000 0.0000641005695
-4.7600000000000 0.0000641288099
-4.7200000000000 0.0000641553677
-4.7200000000000 0.0000641553677
-4.6800000000000 0.0000641801995
-4.6400000000000 0.0000642032605
-4.6400000000000 0.0000642032605
-4.6400000000000 0.0000642032605
-4.6000000000000 0.0000642245044
-4.5600000000000 0.0000642438832
-4.5600000000000 0.0000642438832
-4.5200000000000 0.0000642613470
-4.4800000000000 0.0000642768442
-4.4800000000000 0.0000642768442
-4.4800000000000 0.0000642768442
-4.4800000000000 0.0000642768442
-4.4800000000000 0.0000642768442
-4.4400000000000 0.0000642903212
-4.4000000000000 0.0000643017227
-4.4000000000000 0.0000643017227
-4.3600000000000 0.0000643109911
-4.3200000000000 0.0000643180669
-4.3200000000000 0.0000643180669
-4.3200000000000 0.0000643180669
-4.2800000000000 0.0000643228885
-4.2400000000000 0.0000643253921
-4.2400000000000 0.0000643253921
-4.2000000000000 0.0000643255118
-4.1600000000000 0.0000643231793
-4.1600000000000 0.0000643231793
-4.1600000000000 0.0000643231793
-4.1600000000000 0.0000643231793
-4.1200000000000 0.0000643183241
-4.0800000000000 0.0000643108730
-4.0800000000000 0.0000643108730
-4.0400000000000 0.0000643007506
-4.0000000000000 0.0000642878786
-4.0000000000000 0.0000642878786
-4.0000000000000 0.0000642878786
-3.9600000000000 0.0000642721761
-3.9200000000000 0.0000642535593
-3.9200000000000 0.0000642535593
-3.8800000000000 0.0000642319413
-3.8400000000000 0.0000642072320
-3.8400000000000 0.0000642072320
-3.8400000000000 0.0000642072320
-3.8400000000000 0.0000642072320
-3.8400000000000 0.0000642072320
-3.8400000000000 0.0000642072320
-3.8000000000000 0.0000641793384
-3.7600000000000 0.0000641481635
-3.7600000000000 0.0000641481635
-3.7200000000000 0.0000641136071
-3.6800000000000 0.0000640755650
-3.6800000000000 0.0000640755650
-3.6800000000000 0.0000640755650
-3.6400000000000 0.0000640339290
-3.6000000000000 0.0000639885865
-3.6000000000000 0.0000639885865
-3.5600000000000 0.0000639394204
-3.5200000000000 0.0000638863088
-3.5200000000000 0.0000638863088
-3.5200000000000 0.0000638863088
-3.5200000000000 0.0000638863088
-3.4800000000000 0.0000638291246
-3.4400000000000 0.0000637677356
-3.4400000000000 0.0000637677356
-3.4000000000000 0.0000637020039
-3.3600000000000 0.0000636317860
-3.3600000000000 0.0000636317860
-3.3600000000000 0.0000636317860
-3.3200000000000 0.0000635569323
-3.2800000000000 0.0000634772873
-3.2800000000000 0.0000634772873
-3.2400000000000 0.0000633926886
-3.2000000000000 0.0000633029673
-3.2000000000000 0.0000633029673
-3.2000000000000 0.0000633029673
-3.2000000000000 0.0000633029673
-3.2000000000000 0.0000633029673
-3.1800000000001 0.0000632561312
-3.1600000000001 0.0000632079474
-3.1600000000000 0.0000632079474
-3.1400000000001 0.0000631583934
-3.1200000000001 0.0000631074448
-3.1200000000000 0.0000631074448
-3.1200000000000 0.0000631074448
-3.1000000000001 0.0000630550782
-3.0800000000001 0.0000630012677
-3.0800000000000 0.0000630012677
-3.0600000000001 0.0000629459891
-3.0400000000001 0.0000628892153
-3.0400000000000 0.0000628892153
-3.0400000000000 0.0000628892153
-3.0400000000000 0.0000628892153
-3.0200000000001 0.0000628309207
-3.0000000000001 0.0000627710773
-3.0000000000000 0.0000627710773
-2.9800000000001 0.0000627096575
-2.9600000000001 0.0000626466331
-2.9600000000000 0.0000626466331
-2.9600000000000 0.0000626466331
-2.9400000000001 0.0000625819749
-2.9200000000001 0.0000625156530
-2.9200000000000 0.0000625156530
-2.9000000000001 0.0000624476368
-2.8800000000001 0.0000623778950
-2.8800000000000 0.0000623778950
-2.8800000000000 0.0000623778950
-2.8800000000000 0.0000623778950
-2.8800000000000 0.0000623778950
-2.8600000000001 0.0000623063954
-2.8400000000001 0.0000622331051
-2.8400000000000 0.0000622331051
-2.8200000000001 0.0000621579904
-2.8000000000001 0.0000620810166
-2.8000000000000 0.0000620810166
-2.8000000000000 0.0000620810166
-2.7800000000001 0.0000620021483
-2.7600000000001 0.0000619213490
-2.7600000000000 0.0000619213490
-2.7400000000001 0.0000618385814
-2.7200000000001 0.0000617538071
-2.7200000000000 0.0000617538071
-2.7200000000000 0.0000617538071
-2.7200000000000 0.0000617538071
-2.7000000000001 0.0000616669868
-2.6800000000001 0.0000615780802
-2.6800000000000 0.0000615780802
-2.6600000000001 0.0000614870456
-2.6400000000001 0.0000613938407
-2.6400000000000 0.0000613938407
-2.6400000000000 0.0000613938407
-2.6200000000001 0.0000612984216
-2.6000000000001 0.0000612007436
-2.6000000000000 0.0000612007436
-2.5800000000001 0.0000611007605
-2.5600000000001 0.0000609984250
-2.5600000000000 0.0000609984250
-2.5600000000000 0.0000609984250
-2.5600000000000 0.0000609984250
-2.5600000000000 0.0000609984250
-2.5600000000000 0.0000609984250
-2.5600000000000 0.0000609984250
-2.5600000000000 0.0000609984250
-2.5400000000001 0.0000608936887
-2.5200000000001 0.0000607865017
-2.5200000000000 0.0000607865017
-2.5000000000001 0.0000606768129
-2.4800000000001 0.0000605645698
-2.4800000000000 0.0000605645698
-2.4800000000000 0.0000605645698
-2.4600000000001 0.0000604497185
-2.4400000000001 0.0000603322037
-2.4400000000000 0.0000603322037
-2.4200000000001 0.0000602119687
-2.4000000000001 0.0000600889553
-2.4000000000000 0.0000600889553
-2.4000000000000 0.0000600889553
-2.4000000000000 0.0000600889553
-2.3800000000001 0.0000599631035
-2.3600000000001 0.0000598343519
-2.3600000000000 0.0000598343519
-2.3400000000001 0.0000597026374
-2.3200000000001 0.0000595678950
-2.3200000000000 0.0000595678950
-2.3200000000000 0.0000595678950
-2.3000000000001 0.0000594300579
-2.2800000000001 0.0000592890576
-2.2800000000000 0.0000592890576
-2.2599999999999 0.0000591448234
-2.2400000000000 0.0000589972827
-2.2400000000000 0.0000589972827
-2.2400000000000 0.0000589972827
-2.2400000000000 0.0000589972827
-2.2399999999999 0.0000589972827
-2.2199999999999 0.0000588463608
-2.2000000000000 0.0000586919806
-2.1999999999999 0.0000586919806
-2.1799999999999 0.0000585340630
-2.1600000000000 0.0000583725266
-2.1600000000000 0.0000583725266
-2.1599999999999 0.0000583725266
-2.1399999999999 0.0000582072876
-2.1200000000000 0.0000580382596
-2.1199999999999 0.0000580382596
-2.0999999999999 0.0000578653538
-2.0800000000000 0.0000576884787
-2.0800000000000 0.0000576884787
-2.0800000000000 0.0000576884787
-2.0799999999999 0.0000576884787
-2.0599999999999 0.0000575075402
-2.0400000000000 0.0000573224412
-2.0399999999999 0.0000573224412
-2.0199999999999 0.0000571330815
-2.0000000000000 0.0000569393578
-2.0000000000000 0.0000569393578
-2.0000000000000 0.0000569393578
-1.9800000000000 0.0000567411634
-1.9600000000000 0.0000565383880
-1.9600000000000 0.0000565383880
-1.9399999999999 0.0000563309173
-1.9200000000000 0.0000561186330
-1.9200000000000 0.0000561186330
-1.9200000000000 0.0000561186330
-1.9200000000000 0.0000561186330
-1.9200000000000 0.0000561186330
-1.9199999999999 0.0000561186330
-1.8999999999999 0.0000559014124
-1.8800000000000 0.0000556791283
-1.8799999999999 0.0000556791283
-1.8599999999999 0.0000554516483
-1.8400000000000 0.0000552188353
-1.8400000000000 0.0000552188353
-1.8399999999999 0.0000552188353
-1.8200000000000 0.0000549805464
-1.8000000000000 0.0000547366336
-1.8000000000000 0.0000547366336
-1.7800000000000 0.0000544869425
-1.7600000000000 0.0000542313134
-1.7600000000000 0.0000542313134
-1.7600000000000 0.0000542313134
-1.7600000000000 0.0000542313134
-1.7400000000000 0.0000539695798
-1.7200000000000 0.0000537015692
-1.7200000000000 0.0000537015692
-1.7000000000000 0.0000534271022
-1.6800000000000 0.0000531459927
-1.6800000000000 0.0000531459927
-1.6800000000000 0.0000531459927
-1.6600000000000 0.0000528580470
-1.6400000000000 0.0000525630640
-1.6400000000000 0.0000525630640
-1.6200000000000 0.0000522608343
-1.6000000000000 0.0000519511402
-1.6000000000000 0.0000519511402
-1.6000000000000 0.0000519511402
-1.6000000000000 0.0000519511402
-1.6000000000000 0.0000519511402
-1.5800000000000 0.0000516337550
-1.5600000000000 0.0000513084430
-1.5600000000000 0.0000513084430
-1.5400000000000 0.0000509749587
-1.5200000000000 0.0000506330468
-1.5200000000000 0.0000506330468
-1.5200000000000 0.0000506330468
-1.5000000000000 0.0000502824418
-1.4800000000000 0.0000499228671
-1.4800000000000 0.0000499228671
-1.4600000000000 0.0000495540344
-1.4400000000000 0.0000491756431
-1.4400000000000 0.0000491756431
-1.4400000000000 0.0000491756431
-1.4400000000000 0.0000491756431
-1.4200000000000 0.0000487873792
-1.4000000000000 0.0000483889142
-1.4000000000000 0.0000483889142
-1.3800000000000 0.0000479799038
-1.3600000000000 0.0000475599868
-1.3600000000000 0.0000475599868
-1.3600000000000 0.0000475599868
-1.3400000000000 0.0000471287840
-1.3200000000000 0.0000466858963
-1.3200000000000 0.0000466858963
-1.3000000000000 0.0000462309039
-1.2800000000000 0.0000457633657
-1.2800000000000 0.0000457633657
-1.2800000000000 0.0000457633657
-1.2800000000000 0.0000457633657
-1.2800000000000 0.0000457633657
-1.2800000000000 0.0000457633657
-1.2800000000000 0.0000457633657
-1.2600000000000 0.0000452828192
-1.2400000000000 0.0000447887798
-1.2400000000000 0.0000447887798
-1.2200000000000 0.0000442807407
-1.2000000000000 0.0000437581707
-1.2000000000000 0.0000437581707
-1.2000000000000 0.0000437581707
-1.1800000000000 0.0000432205106
-1.1600000000000 0.0000426671683
-1.1600000000000 0.0000426671683
-1.1400000000000 0.0000420975156
-1.1200000000000 0.0000415108850
-1.1200000000000 0.0000415108850
-1.1200000000000 0.0000415108850
-1.1200000000000 0.0000415108850
-1.1000000000000 0.0000409065703
-1.0800000000000 0.0000402838262
-1.0800000000000 0.0000402838262
-1.0600000000000 0.0000396418663
-1.0400000000000 0.0000389798569
-1.0400000000000 0.0000389798569
-1.0400000000000 0.0000389798569
-1.0200000000000 0.0000382969083
-1.0000000000000 0.0000375920670
-1.0000000000000 0.0000375920670
-0.9800000000000 0.0000368643131
-0.9600000000000 0.0000361125633
-0.9600000000000 0.0000361125633
-0.9600000000000 0.0000361125633
-0.9600000000000 0.0000361125633
-0.9600000000000 0.0000361125633
-0.9400000000000 0.0000353356756
-0.9200000000000 0.0000345324490
-0.9200000000000 0.0000345324490
-0.9000000000000 0.0000337016120
-0.8800000000000 0.0000328418008
-0.8800000000000 0.0000328418008
-0.8800000000000 0.0000328418008
-0.8600000000000 0.0000319515334
-0.8400000000000 0.0000310291918
-0.8400000000000 0.0000310291918
-0.8200000000000 0.0000300730174
-0.8000000000000 0.0000290811154
-0.8000000000000 0.0000290811154
-0.8000000000000 0.0000290811154
-0.8000000000000 0.0000290811154
-0.7800000000000 0.0000280514556
-0.7600000000000 0.0000269818606
-0.7600000000000 0.0000269818606
-0.7400000000000 0.0000258699790
-0.7200000000000 0.0000247132542
-0.7200000000000 0.0000247132542
-0.7200000000000 0.0000247132542
-0.7000000000000 0.0000235088965
-0.6800000000000 0.0000222538576
-0.6800000000000 0.0000222538576
-0.6600000000000 0.0000209448011
-0.6400000000000 0.0000195780647
-0.6400000000000 0.0000195780647
-0.6400000000000 0.0000195780647
-0.6400000000000 0.0000195780647
-0.6400000000000 0.0000195780647
-0.6400000000000 0.0000195780647
-0.6200000000000 0.0000181496224
-0.6000000000000 0.0000166550499
-0.6000000000000 0.0000166550499
-0.5800000000000 0.0000150894857
-0.5600000000000 0.0000134475649
-0.5600000000000 0.0000134475649
-0.5600000000000 0.0000134475649
-0.5400000000000 0.0000117233126
-0.5200000000000 0.0000099100088
-0.5200000000000 0.0000099100088
-0.5000000000000 0.0000080000613
-0.4800000000000 0.0000059849014
-0.4800000000000 0.0000059849014
-0.4800000000000 0.0000059849014
-0.4800000000000 0.0000059849014
-0.4600000000000 0.0000038548680
-0.4400000000000 0.0000015990181
-0.4400000000000 0.0000015990181
-0.4200000000000 -0.0000007951773
-0.4000000000000 -0.0000033422265
-0.4000000000000 -0.0000033422265
-0.4000000000000 -0.0000033422265
-0.3800000000000 -0.0000060590354
-0.3600000000000 -0.0000089653376
-0.3600000000000 -0.0000089653376
-0.3400000000000 -0.0000120842378
-0.3200000000000 -0.0000154430541
-0.3200000000000 -0.0000154430541
-0.3200000000000 -0.0000154430541
-0.3200000000000 -0.0000154430541
-0.3200000000000 -0.0000154430541
-0.3000000000000 -0.0000190745775
-0.2800000000000 -0.0000230186408
-0.2800000000000 -0.0000230186408
-0.2600000000000 -0.0000273240108
-0.2400000000000 -0.0000320518162
-0.2400000000000 -0.0000320518162
-0.2400000000000 -0.0000320518162
-0.2200000000000 -0.0000372809068
-0.2000000000000 -0.0000431090188
-0.2000000000000 -0.0000431090188
-0.1800000000000 -0.0000496551243
-0.1600000000000 -0.0000571100768
-0.1600000000000 -0.0000571100768
-0.1600000000000 -0.0000571100768
-0.1600000000000 -0.0000571100768
-0.1400000000000 -0.0000658010240
-0.1200000000000 -0.0000760134009
-0.1200000000000 -0.0000760134009
-0.1000000000000 -0.0000877833633
-0.0800000000000 -0.0001019833325
-0.0800000000000 -0.0001019833325
-0.0800000000000 -0.0001019833325
-0.0600000000000 -0.0001220588447
-0.0400000000000 -0.0001507493417
-0.0400000000000 -0.0001507493417
-0.0200000000000 -0.0001807737758
0.0000000000000 -0.0001943265553
0.0000000000000 -0.0001943265553
0.0000000000000 -0.0001943265553
0.0000000000000 -0.0001943265553
0.0000000000000 -0.0001943265553
0.0000000000000 -0.0001943265553
0.0000000000000 -0.0001943265553
0.0000000000000 -0.0001943265553
0.0200000000000 -0.0001807819611
0.0400000000000 -0.0001507592471
0.0400000000000 -0.0001507592471
0.0600000000000 -0.0001220659703
0.0800000000000 -0.0001019882021
0.0800000000000 -0.0001019882021
0.0800000000000 -0.0001019882021
0.1000000000000 -0.0000877875690
0.1200000000000 -0.0000760171808
0.1200000000000 -0.0000760171808
0.1400000000000 -0.0000658041707
0.1600000000000 -0.0000571127024
0.1600000000000 -0.0000571127024
0.1600000000000 -0.0000571127024
0.1600000000000 -0.0000571127024
0.1800000000000 -0.0000496574205
0.2000000000000 -0.0000431110655
0.2000000000000 -0.0000431110655
0.2200000000000 -0.0000372827392
0.2400000000000 -0.0000320534704
0.2400000000000 -0.0000320534704
0.2400000000000 -0.0000320534704
0.2600000000000 -0.0000273255133
0.2800000000000 -0.0000230200088
0.2800000000000 -0.0000230200088
0.3000000000000 -0.0000190758282
0.3200000000000 -0.0000154442068
0.3200000000000 -0.0000154442068
0.3200000000000 -0.0000154442068
0.3200000000000 -0.0000154442068
0.3200000000000 -0.0000154442068
0.3400000000000 -0.0000120853091
0.3600000000000 -0.0000089663382
0.3600000000000 -0.0000089663382
0.3800000000000 -0.0000060599704
0.4000000000000 -0.0000033430986
0.4000000000000 -0.0000033430986
0.4000000000000 -0.0000033430986
0.4200000000000 -0.0000007959899
0.4400000000000 0.0000015982591
0.4400000000000 0.0000015982591
0.4600000000000 0.0000038541543
0.4800000000000 0.0000059842252
0.4800000000000 0.0000059842252
0.4800000000000 0.0000059842252
0.4800000000000 0.0000059842252
0.5000000000000 0.0000079994177
0.5200000000000 0.0000099093962
0.5200000000000 0.0000099093962
0.5400000000000 0.0000117227314
0.5600000000000 0.0000134470149
0.5600000000000 0.0000134470149
0.5600000000000 0.0000134470149
0.5800000000000 0.0000150889648
0.6000000000000 0.0000166545544
0.6000000000000 0.0000166545544
0.6200000000000 0.0000181491478
0.6400000000000 0.0000195776073
0.6400000000000 0.0000195776073
0.6400000000000 0.0000195776073
0.6400000000000 0.0000195776073
0.6400000000000 0.0000195776073
0.6400000000000 0.0000195776073
0.6600000000000 0.0000209443592
0.6800000000000 0.0000222534318
0.6800000000000 0.0000222534318
0.7000000000000 0.0000235084886
0.7200000000000 0.0000247128668
0.7200000000000 0.0000247128668
0.7200000000000 0.0000247128668
0.7400000000000 0.0000258696134
0.7600000000000 0.0000269815159
0.7600000000000 0.0000269815159
0.7800000000000 0.0000280511284
0.8000000000000 0.0000290808011
0.8000000000000 0.0000290808011
0.8000000000000 0.0000290808011
0.8000000000000 0.0000290808011
0.8200000000000 0.0000300727115
0.8400000000000 0.0000310288910
0.8400000000000 0.0000310288910
0.8600000000000 0.0000319512366
0.8800000000000 0.0000328415090
0.8800000000000 0.0000328415090
0.8800000000000 0.0000328415090
0.9000000000000 0.0000337013270
0.9200000000000 0.0000345321730
0.9200000000000 0.0000345321730
0.9400000000000 0.0000353354101
0.9600000000000 0.0000361123087
0.9600000000000 0.0000361123087
0.9600000000000 0.0000361123087
0.9600000000000 0.0000361123087
0.9600000000000 0.0000361123087
0.9800000000000 0.0000368640687
1.0000000000000 0.0000375918315
1.0000000000000 0.0000375918315
1.0200000000000 0.0000382966804
1.0400000000000 0.0000389796356
1.0400000000000 0.0000389796356
1.0400000000000 0.0000389796356
1.0600000000000 0.0000396416511
1.0800000000000 0.0000402836172
1.0800000000000 0.0000402836172
1.1000000000000 0.0000409063680
1.1200000000000 0.0000415106901
1.1200000000000 0.0000415106901
1.1200000000000 0.0000415106901
1.1200000000000 0.0000415106901
1.1400000000000 0.0000420973286
1.1600000000000 0.0000426669894
1.1600000000000 0.0000426669894
1.1800000000000 0.0000432203394
1.2000000000000 0.0000437580067
1.2000000000000 0.0000437580067
1.2000000000000 0.0000437580067
1.2200000000000 0.0000442805829
1.2400000000000 0.0000447886272
1.2400000000000 0.0000447886272
1.2600000000000 0.0000452826708
1.2800000000000 0.0000457632208
1.2800000000000 0.0000457632208
1.2800000000000 0.0000457632208
1.2800000000000 0.0000457632208
1.2800000000000 0.0000457632208
1.2800000000000 0.0000457632208
1.2800000000000 0.0000457632208
1.3000000000000 0.0000462307618
1.3200000000000 0.0000466857567
1.3200000000000 0.0000466857567
1.3400000000000 0.0000471286469
1.3600000000000 0.0000475598521
1.3600000000000 0.0000475598521
1.3600000000000 0.0000475598521
1.3800000000001 0.0000479797715
1.4000000000000 0.0000483887846
1.4000000000001 0.0000483887846
1.4200000000000 0.0000487872526
1.4400000000000 0.0000491755197
1.4400000000000 0.0000491755197
1.4400000000000 0.0000491755197
1.4400000000000 0.0000491755197
1.4600000000001 0.0000495539143
1.4800000000000 0.0000499227503
1.4800000000001 0.0000499227503
1.5000000000001 0.0000502823284
1.5200000000000 0.0000506329366
1.5200000000000 0.0000506329366
1.5200000000001 0.0000506329366
1.5400000000001 0.0000509748514
1.5600000000000 0.0000513083384
1.5600000000001 0.0000513083384
1.5800000000001 0.0000516336527
1.6000000000000 0.0000519510399
1.6000000000000 0.0000519510399
1.6000000000000 0.0000519510399
1.6000000000000 0.0000519510399
1.6000000000001 0.0000519510399
1.6200000000001 0.0000522607358
1.6400000000000 0.0000525629671
1.6400000000001 0.0000525629671
1.6600000000001 0.0000528579516
1.6800000000000 0.0000531458987
1.6800000000000 0.0000531458987
1.6800000000001 0.0000531458987
1.7000000000001 0.0000534270097
1.7200000000000 0.0000537014781
1.7200000000001 0.0000537014781
1.7400000000001 0.0000539694904
1.7600000000000 0.0000542312258
1.7600000000000 0.0000542312258
1.7600000000000 0.0000542312258
1.7600000000001 0.0000542312258
1.7800000000001 0.0000544868570
1.8000000000001 0.0000547365502
1.8000000000001 0.0000547365502
1.8200000000001 0.0000549804655
1.8400000000000 0.0000552187568
1.8400000000001 0.0000552187568
1.8400000000001 0.0000552187568
1.8600000000001 0.0000554515724
1.8800000000001 0.0000556790550
1.8800000000001 0.0000556790550
1.9000000000001 0.0000559013418
1.9200000000000 0.0000561185651
1.9200000000000 0.0000561185651
1.9200000000000 0.0000561185651
1.9200000000000 0.0000561185651
1.9200000000000 0.0000561185651
1.9200000000001 0.0000561185651
1.9400000000001 0.0000563308521
1.9600000000000 0.0000565383255
1.9600000000001 0.0000565383255
1.9800000000001 0.0000567411035
2.0000000000000 0.0000569393003
2.0000000000001 0.0000569393003
2.0000000000001 0.0000569393003
2.0200000000001 0.0000571330263
2.0400000000001 0.0000573223882
2.0400000000001 0.0000573223882
2.0600000000001 0.0000575074892
2.0800000000000 0.0000576884296
2.0800000000000 0.0000576884296
2.0800000000001 0.0000576884296
2.0800000000001 0.0000576884296
2.1000000000001 0.0000578653063
2.1200000000001 0.0000580382135
2.1200000000001 0.0000580382135
2.1400000000001 0.0000582072428
2.1600000000000 0.0000583724829
2.1600000000001 0.0000583724829
2.1600000000001 0.0000583724829
2.1800000000001 0.0000585340201
2.2000000000001 0.0000586919384
2.2000000000001 0.0000586919384
2.2200000000001 0.0000588463191
2.2400000000000 0.0000589972415
2.2400000000000 0.0000589972415
2.2400000000000 0.0000589972415
2.2400000000001 0.0000589972415
2.2400000000001 0.0000589972415
2.2600000000001 0.0000591447824
2.2800000000001 0.0000592890168
2.2800000000001 0.0000592890168
2.3000000000000 0.0000594300172
2.3200000000000 0.0000595678544
2.3200000000000 0.0000595678544
2.3200000000001 0.0000595678544
2.3400000000000 0.0000597025968
2.3600000000000 0.0000598343115
2.3600000000001 0.0000598343115
2.3800000000000 0.0000599630632
2.4000000000000 0.0000600889151
2.4000000000000 0.0000600889151
2.4000000000000 0.0000600889151
2.4000000000001 0.0000600889151
2.4200000000000 0.0000602119288
2.4400000000000 0.0000603321641
2.4400000000001 0.0000603321641
2.4600000000000 0.0000604496792
2.4800000000000 0.0000605645310
2.4800000000000 0.0000605645310
2.4800000000001 0.0000605645310
2.5000000000000 0.0000606767747
2.5200000000000 0.0000607864641
2.5200000000001 0.0000607864641
2.5400000000000 0.0000608936519
2.5600000000000 0.0000609983890
2.5600000000000 0.0000609983890
2.5600000000000 0.0000609983890
2.5600000000000 0.0000609983890
2.5600000000000 0.0000609983890
2.5600000000000 0.0000609983890
2.5600000000000 0.0000609983890
2.5600000000001 0.0000609983890
2.5800000000000 0.0000611007253
2.6000000000000 0.0000612007093
2.6000000000001 0.0000612007093
2.6200000000000 0.0000612983883
2.6400000000000 0.0000613938083
2.6400000000000 0.0000613938083
2.6400000000001 0.0000613938083
2.6600000000000 0.0000614870142
2.6800000000000 0.0000615780498
2.6800000000001 0.0000615780498
2.7000000000000 0.0000616669574
2.7200000000000 0.0000617537787
2.7200000000000 0.0000617537787
2.7200000000000 0.0000617537787
2.7200000000001 0.0000617537787
2.7400000000000 0.0000618385539
2.7600000000000 0.0000619213225
2.7600000000000 0.0000619213225
2.7800000000000 0.0000620021227
2.8000000000000 0.0000620809919
2.8000000000000 0.0000620809919
2.8000000000000 0.0000620809919
2.8200000000000 0.0000621579665
2.8400000000000 0.0000622330819
2.8400000000000 0.0000622330819
2.8600000000000 0.0000623063729
2.8800000000000 0.0000623778731
2.8800000000000 0.0000623778731
2.8800000000000 0.0000623778731
2.8800000000000 0.0000623778731
2.8800000000000 0.0000623778731
2.9000000000000 0.0000624476155
2.9200000000000 0.0000625156322
2.9200000000000 0.0000625156322
2.9400000000000 0.0000625819545
2.9600000000000 0.0000626466131
2.9600000000000 0.0000626466131
2.9600000000000 0.0000626466131
2.9800000000000 0.0000627096378
3.0000000000000 0.0000627710578
3.0000000000000 0.0000627710578
3.0200000000000 0.0000628309015
3.0400000000000 0.0000628891962
3.0400000000000 0.0000628891962
3.0400000000000 0.0000628891962
3.0400000000000 0.0000628891962
3.0600000000000 0.0000629459702
3.0800000000000 0.0000630012490
3.0800000000000 0.0000630012490
3.1000000000000 0.0000630550596
3.1200000000000 0.0000631074263
3.1200000000000 0.0000631074263
3.1200000000000 0.0000631074263
3.1400000000000 0.0000631583750
3.1600000000000 0.0000632079290
3.1600000000000 0.0000632079290
3.1800000000000 0.0000632561129
3.2000000000000 0.0000633029492
3.2000000000000 0.0000633029492
3.2000000000000 0.0000633029492
3.2000000000000 0.0000633029492
3.2000000000000 0.0000633029492
3.2400000000000 0.0000633926707
3.2800000000000 0.0000634772696
3.2800000000000 0.0000634772696
3.3200000000000 0.0000635569150
3.3600000000000 0.0000636317691
3.3600000000000 0.0000636317691
3.3600000000000 0.0000636317691
3.4000000000000 0.0000637019875
3.4400000000000 0.0000637677196
3.4400000000000 0.0000637677196
3.4800000000000 0.0000638291091
3.5200000000000 0.0000638862938
3.5200000000000 0.0000638862938
3.5200000000000 0.0000638862938
3.5200000000000 0.0000638862938
3.5600000000000 0.0000639394059
3.6000000000000 0.0000639885724
3.6000000000000 0.0000639885724
3.6400000000000 0.0000640339152
3.6800000000000 0.0000640755516
3.6800000000000 0.0000640755516
3.6800000000000 0.0000640755516
3.7200000000000 0.0000641135939
3.7600000000000 0.0000641481505
3.7600000000000 0.0000641481505
3.8000000000000 0.0000641793254
3.8400000000000 0.0000642072192
3.8400000000000 0.0000642072192
3.8400000000000 0.0000642072192
3.8400000000000 0.0000642072192
3.8400000000000 0.0000642072192
3.8400000000000 0.0000642072192
3.8800000000000 0.0000642319284
3.9200000000000 0.0000642535464
3.9200000000000 0.0000642535464
3.9600000000000 0.0000642721631
4.0000000000000 0.0000642878655
4.0000000000000 0.0000642878655
4.0000000000000 0.0000642878655
4.0400000000000 0.0000643007374
4.0800000000000 0.0000643108597
4.0800000000000 0.0000643108597
4.1200000000000 0.0000643183106
4.1600000000000 0.0000643231657
4.1600000000000 0.0000643231657
4.1600000000000 0.0000643231657
4.1600000000000 0.0000643231657
4.2000000000000 0.0000643254980
4.2400000000000 0.0000643253782
4.2400000000000 0.0000643253782
4.2800000000000 0.0000643228744
4.3200000000000 0.0000643180527
4.3200000000000 0.0000643180527
4.3200000000001 0.0000643180527
4.3600000000000 0.0000643109768
4.4000000000000 0.0000643017084
4.4000000000000 0.0000643017084
4.4400000000000 0.0000642903069
4.4800000000000 0.0000642768299
4.4800000000000 0.0000642768299
4.4800000000000 0.0000642768299
4.4800000000000 0.0000642768299
4.4800000000001 0.0000642768299
4.5200000000000 0.0000642613328
4.5600000000000 0.0000642438691
4.5600000000000 0.0000642438691
4.6000000000000 0.0000642244906
4.6400000000000 0.0000642032470
4.6400000000000 0.0000642032470
4.6400000000001 0.0000642032470
4.6800000000000 0.0000641801863
4.7199999999999 0.0000641553550
4.7200000000000 0.0000641553550
4.7600000000000 0.0000641287979
4.7999999999999 0.0000641005580
4.8000000000000 0.0000641005580
4.8000000000000 0.0000641005580
4.8000000000001 0.0000641005580
4.8400000000000 0.0000640706774
4.8799999999999 0.0000640391964
4.8800000000000 0.0000640391964
4.9200000000000 0.0000640061543
4.9599999999999 0.0000639715891
4.9600000000000 0.0000639715891
4.9600000000001 0.0000639715891
5.0000000000000 0.0000639355377
5.0399999999999 0.0000638980359
5.0400000000000 0.0000638980359
5.0800000000000 0.0000638591185
5.1199999999999 0.0000638188192
5.1200000000000 0.0000638188192
5.1200000000000 0.0000638188192
5.1200000000000 0.0000638188192
5.1200000000000 0.0000638188192
5.1200000000000 0.0000638188192
5.1200000000001 0.0000638188192
5.1600000000000 0.0000637771707
5.1999999999999 0.0000637342048
5.2000000000000 0.0000637342048
5.2400000000000 0.0000636899525
5.2799999999999 0.0000636444436
5.2800000000000 0.0000636444436
5.2800000000001 0.0000636444436
5.3200000000000 0.0000635977072
5.3599999999999 0.0000635497715
5.3600000000000 0.0000635497715
5.4000000000000 0.0000635006637
5.4399999999999 0.0000634504102
5.4400000000000 0.0000634504102
5.4400000000000 0.0000634504102
5.4400000000001 0.0000634504102
5.4800000000000 0.0000633990369
5.5199999999999 0.0000633465685
5.5200000000000 0.0000633465685
5.5600000000000 0.0000632930293
5.5999999999999 0.0000632384427
5.6000000000000 0.0000632384427
5.6000000000001 0.0000632384427
5.6400000000000 0.0000631828318
5.6799999999999 0.0000631262188
5.6800000000000 0.0000631262188
5.7200000000000 0.0000630686253
5.7599999999999 0.0000630100727
5.7600000000000 0.0000630100727
5.7600000000000 0.0000630100727
5.7600000000000 0.0000630100727
5.7600000000001 0.0000630100727
5.8000000000000 0.0000629505817
5.8399999999999 0.0000628901724
5.8400000000000 0.0000628901724
5.8800000000000 0.0000628288645
5.9199999999999 0.0000627666774
5.9200000000000 0.0000627666774
5.9200000000001 0.0000627666774
5.9600000000000 0.0000627036297
5.9999999999999 0.0000626397398
6.0000000000000 0.0000626397398
6.0400000000000 0.0000625750256
6.0799999999999 0.0000625095038
6.0800000000000 0.0000625095038
6.0800000000000 0.0000625095038
6.0800000000001 0.0000625095038
6.1200000000000 0.0000624431922
6.1599999999999 0.0000623761064
6.1600000000000 0.0000623761064
6.2000000000000 0.0000623082628
6.2399999999999 0.0000622396764
6.2400000000000 0.0000622396764
6.2400000000001 0.0000622396764
6.2800000000000 0.0000621703626
6.3199999999999 0.0000621003353
6.3200000000000 0.0000621003353
6.3600000000000 0.0000620296093
6.3999999999999 0.0000619581979
6.4000000000000 0.0000619581979
6.4000000000000 0.0000619581979
6.4000000000000 0.0000619581979
6.4000000000001 0.0000619581979
6.4799999999999 0.0000618133729
6.5599999999999 0.0000616659638
6.5600000000001 0.0000616659638
6.6399999999999 0.0000615160693
6.7199999999999 0.0000613637829
6.7200000000001 0.0000613637829
6.7200000000001 0.0000613637829
6.7999999999999 0.0000612091934
6.8799999999999 0.0000610523847
6.8800000000000 0.0000610523847
6.9599999999999 0.0000608934362
7.0399999999999 0.0000607324229
7.0400000000000 0.0000607324229
7.0400000000000 0.0000607324229
7.0400000000000 0.0000607324229
7.1199999999999 0.0000605694162
7.1999999999999 0.0000604044841
7.2000000000000 0.0000604044841
7.2799999999999 0.0000602376913
7.3599999999999 0.0000600690991
7.3600000000000 0.0000600690991
7.3600000000001 0.0000600690991
7.4399999999999 0.0000598987659
7.5199999999999 0.0000597267470
7.5200000000000 0.0000597267470
7.5999999999999 0.0000595530949
7.6799999999999 0.0000593778594
7.6800000000000 0.0000593778594
7.6800000000000 0.0000593778594
7.6800000000000 0.0000593778594
7.6800000000000 0.0000593778594
7.6800000000001 0.0000593778594
7.7599999999999 0.0000592010873
7.8400000000000 0.0000590228230
7.8400000000001 0.0000590228230
7.9200000000001 0.0000588431081
8.0000000000000 0.0000586619820
8.0000000000000 0.0000586619820
8.0000000000001 0.0000586619820
8.0800000000001 0.0000584794820
8.1600000000000 0.0000582956441
8.1600000000001 0.0000582956441
8.2400000000001 0.0000581105032
8.3200000000000 0.0000579240930
8.3200000000000 0.0000579240930
8.3200000000001 0.0000579240930
8.3200000000001 0.0000579240930
8.4000000000001 0.0000577364463
8.4800000000000 0.0000575475941
8.4800000000001 0.0000575475941
8.5600000000001 0.0000573575650
8.6400000000000 0.0000571663853
8.6400000000001 0.0000571663853
8.6400000000001 0.0000571663853
8.7200000000001 0.0000569740790
8.8000000000000 0.0000567806679
8.8000000000001 0.0000567806679
8.8800000000001 0.0000565861732
8.9600000000000 0.0000563906155
8.9600000000000 0.0000563906155
8.9600000000000 0.0000563906155
8.9600000000001 0.0000563906155
8.9600000000001 0.0000563906155
9.0400000000001 0.0000561940159
9.1200000000000 0.0000559963956
9.1200000000001 0.0000559963956
9.2000000000001 0.0000557977766
9.2800000000000 0.0000555981810
9.2800000000001 0.0000555981810
9.2800000000001 0.0000555981810
9.3600000000001 0.0000553976306
9.4400000000000 0.0000551961476
9.4400000000001 0.0000551961476
9.5200000000001 0.0000549937538
9.6000000000000 0.0000547904706
9.6000000000000 0.0000547904706
9.6000000000001 0.0000547904706
9.6000000000001 0.0000547904706
9.6800000000001 0.0000545863191
9.7600000000000 0.0000543813192
9.7600000000001 0.0000543813192
9.8400000000001 0.0000541754891
9.9200000000000 0.0000539688450
9.9200000000000 0.0000539688450
9.9200000000001 0.0000539688450
10.0000000000001 0.0000537614006
10.0800000000000 0.0000535531676
10.0800000000001 0.0000535531676
10.1600000000001 0.0000533441556
10.2400000000000 0.0000531343728
10.2400000000000 0.0000531343728
10.2400000000000 0.0000531343728
10.2400000000000 0.0000531343728
10.2400000000000 0.0000531343728
10.2400000000001 0.0000531343728
10.3200000000001 0.0000529238281
10.4000000000000 0.0000527125285
10.4000000000001 0.0000527125285
10.4800000000001 0.0000525004818
10.5600000000000 0.0000522876953
10.5600000000000 0.0000522876953
10.5600000000001 0.0000522876953
10.6400000000001 0.0000520741766
10.7200000000000 0.0000518599326
10.7200000000001 0.0000518599326
10.8000000000001 0.0000516449707
10.8800000000000 0.0000514292970
10.8800000000000 0.0000514292970
10.8800000000000 0.0000514292970
11.0400000000000 0.0000509958408
11.2000000000000 0.0000505596149
11.2000000000000 0.0000505596149
11.3599999999999 0.0000501206726
11.5199999999999 0.0000496790679
11.5200000000000 0.0000496790679
11.5200000000000 0.0000496790679
11.5200000000000 0.0000496790679
11.6799999999999 0.0000492348506
11.8399999999999 0.0000487880622
11.8400000000000 0.0000487880622
11.9999999999999 0.0000483387399
12.1599999999999 0.0000478869257
12.1600000000000 0.0000478869257
12.1600000000000 0.0000478869257
12.3199999999999 0.0000474326718
12.4799999999999 0.0000469760321
12.4800000000000 0.0000469760321
12.6399999999999 0.0000465170431
12.7999999999999 0.0000460557151
12.8000000000000 0.0000460557151
12.8000000000000 0.0000460557151
12.8000000000000 0.0000460557151
12.8000000000000 0.0000460557151
12.9599999999999 0.0000455920450
13.1199999999999 0.0000451260356
13.1200000000000 0.0000451260356
13.2799999999999 0.0000446577056
13.4399999999999 0.0000441870817
13.4400000000000 0.0000441870817
13.4400000000000 0.0000441870817
13.5999999999999 0.0000437141880
13.7599999999999 0.0000432390423
13.7600000000000 0.0000432390423
13.9199999999999 0.0000427616601
14.0799999999999 0.0000422820603
14.0800000000000 0.0000422820603
14.0800000000000 0.0000422820603
14.0800000000000 0.0000422820603
14.2399999999999 0.0000418002669
14.3999999999999 0.0000413163054
14.3999999999999 0.0000413163054
14.5599999999999 0.0000408302076
14.7199999999999 0.0000403419790
14.7199999999999 0.0000403419790
14.7200000000000 0.0000403419790
14.8799999999999 0.0000398516406
15.0399999999999 0.0000393591777
15.0399999999999 0.0000393591777
15.1999999999999 0.0000388645875
15.3599999999999 0.0000383678564
15.3599999999999 0.0000383678564
15.3600000000000 0.0000383678564
15.3600000000000 0.0000383678564
15.3600000000000 0.0000383678564
15.5199999999999 0.0000378689705
15.6799999999999 0.0000373679280
15.9999999999999 0.0000363593529
16.0000000000000 0.0000363593529
16.3199999999999 0.0000353421705
16.6400000000000 0.0000343165136
16.6400000000000 0.0000343165136
16.6400000000001 0.0000343165136
16.9600000000001 0.0000332825443
17.2800000000000 0.0000322403222
17.2800000000001 0.0000322403222
17.6000000000001 0.0000311897771
17.9200000000000 0.0000301308394
17.9200000000000 0.0000301308394
17.9200000000000 0.0000301308394
17.9200000000001 0.0000301308394
18.2400000000001 0.0000290635564
18.5600000000000 0.0000279880509
18.5600000000001 0.0000279880509
18.8800000000001 0.0000269043962
19.2000000000000 0.0000258125613
19.2000000000000 0.0000258125613
19.2000000000001 0.0000258125613
19.5200000000001 0.0000247124559
19.8400000000000 0.0000236039982
19.8400000000001 0.0000236039982
20.1600000000001 0.0000224871690
20.4800000000000 0.0000213620733
20.4800000000000 0.0000213620733
20.4800000000000 0.0000213620733
20.4800000000001 0.0000213620733
20.8000000000001 0.0000202287530
21.1200000000000 0.0000190873786
21.1200000000001 0.0000190873786
21.4400000000001 0.0000179381199
21.7600000000000 0.0000167810211
21.7600000000000 0.0000167810211
21.7600000000001 0.0000167810211
22.0800000000001 0.0000156162152
22.4000000000000 0.0000144436061
22.4000000000002 0.0000144436061
22.7200000000002 0.0000132631659
23.0400000000000 0.0000120748234
23.0400000000000 0.0000120748234
23.0400000000000 0.0000120748234
23.6800000000000 0.0000096741895
24.3200000000000 0.0000072422489
24.3200000000000 0.0000072422489
24.9600000000000 0.0000047800180
25.6000000000000 0.0000022879415
25.6000000000000 0.0000022879415
25.6000000000000 0.0000022879415
26.2400000000000 -0.0000002339240
26.8800000000000 -0.0000027853739
26.8800000000000 -0.0000027853739
27.5200000000000 -0.0000053657892
28.1600000000000 -0.0000079742445
28.1600000000000 -0.0000079742445
28.1600000000000 -0.0000079742445
28.8000000000000 -0.0000106099918
29.4400000000000 -0.0000132724617
29.4400000000000 -0.0000132724617
30.0800000000000 -0.0000159608427
30.7200000000000 -0.0000186743162
30.7200000000000 -0.0000186743162
30.7200000000000 -0.0000186743162
31.3600000000000 -0.0000214123234
32.0000000000000 -0.0000241740025
32.0000000000000 -0.0000241740025
32.6400000000000 -0.0000269580406
33.2800000000000 -0.0000297632720
33.2800000000000 -0.0000297632720
33.2800000000000 -0.0000297632720
33.9200000000000 -0.0000325886932
34.5600000000000 -0.0000354325045
34.5600000000000 -0.0000354325045
35.2000000000000 -0.0000382931276
35.8400000000000 -0.0000411688947
35.8400000000000 -0.0000411688947
35.8400000000000 -0.0000411688947
36.4800000000000 -0.0000440582831
37.1200000000000 -0.0000469592788
37.1200000000000 -0.0000469592788
37.7600000000000 -0.0000498701396
38.4000000000000 -0.0000527885269
38.4000000000000 -0.0000527885269
39.6800000000000 -0.0000586391226
40.9600000000000 -0.0000644915405
40.9600000000000 -0.0000644915405
42.2400000000000 -0.0000703235346
43.5200000000000 -0.0000761106630
43.5200000000000 -0.0000761106630
44.8000000000000 -0.0000818274473
46.0800000000000 -0.0000874478777
46.0800000000000 -0.0000874478777
47.3600000000000 -0.0000929452603
48.6400000000000 -0.0000982919265
48.6400000000000 -0.0000982919265
49.9200000000000 -0.0001034590293
51.2000000000000 -0.0001084167812
51.2000000000000 -0.0001084167812
52.4800000000000 -0.0001131348360
53.7600000000000 -0.0001175821369
53.7600000000000 -0.0001175821369
55.0400000000000 -0.0001217267591
56.3200000000000 -0.0001255361214
56.3200000000000 -0.0001255361214
57.6000000000000 -0.0001289769430
58.8800000000000 -0.0001320148513
58.8800000000000 -0.0001320148513
60.1600000000000 -0.0001346144296
61.4400000000000 -0.0001367400710
61.4400000000000 -0.0001367400710
62.7200000000000 -0.0001383567576
64.0000000000000 -0.0001394303895
64.0000000000000 -0.0001394303895
65.2800000000000 -0.0001399287798
66.5600000000000 -0.0001398232258
66.5600000000000 -0.0001398232258
67.8400000000000 -0.0001390895587
69.1200000000000 -0.0001377089179
69.1200000000000 -0.0001377089179
70.4000000000000 -0.0001356689813
71.6800000000000 -0.0001329651160
71.6800000000000 -0.0001329651160
72.9600000000000 -0.0001296008286
74.2400000000000 -0.0001255884384
74.2400000000000 -0.0001255884384
75.5200000000000 -0.0001209499778
76.8000000000000 -0.0001157173956
76.8000000000000 -0.0001157173956
78.0800000000000 -0.0001099321272
79.3600000000000 -0.0001036444403
79.3600000000000 -0.0001036444403
80.6400000000000 -0.0000969131546
81.9200000000000 -0.0000898053980
81.9200000000000 -0.0000898053980
83.2000000000000 -0.0000823960719
84.4800000000000 -0.0000747673028
84.4800000000000 -0.0000747673028
85.7600000000000 -0.0000670073944
87.0400000000000 -0.0000592093745
87.0400000000000 -0.0000592093745
88.3200000000000 -0.0000514691232
89.6000000000000 -0.0000438827476
89.6000000000000 -0.0000438827476
90.8800000000000 -0.0000365436423
92.1600000000000 -0.0000295393171
92.1600000000000 -0.0000295393171
93.4400000000000 -0.0000229482361
94.7200000000000 -0.0000168370410
94.7200000000000 -0.0000168370410
96.0000000000000 -0.0000112581734
97.2800000000000 -0.0000062482374
97.2800000000000 -0.0000062482374
98.5600000000000 -0.0000018272377
99.8400000000000 0.0000020012661
99.8400000000000 0.0000020012661
101.1200000000000 0.0000052489505
102.4000000000000 0.0000079407065
102.4000000000000 0.0000079407065
103.6800000000000 0.0000101121323
104.9600000000000 0.0000118067726
104.9600000000000 0.0000118067726
106.2400000000000 0.0000130733156
107.5200000000000 0.0000139629636
107.5200000000000 0.0000139629636
108.8000000000000 0.0000145272391
110.0800000000000 0.0000148162099
110.0800000000000 0.0000148162099
111.3600000000000 0.0000148769522
112.6400000000000 0.0000147524148
112.6400000000000 0.0000147524148
113.9200000000000 0.0000144810257
115.2000000000000 0.0000140969012
115.2000000000000 0.0000140969012
116.4800000000000 0.0000136299924
117.7600000000000 0.0000131058558
117.7600000000000 0.0000131058558
119.0400000000000 0.0000125455793
120.3200000000000 0.0000119662292
120.3200000000000 0.0000119662292
121.6000000000000 0.0000113815012
122.8800000000000 0.0000108023171
122.8800000000000 0.0000108023171
124.1600000000000 0.0000102372946
125.4400000000000 0.0000096928811
125.4400000000000 0.0000096928811
126.7200000000000 0.0000091732616
128.0000000000000 0.0000086806439
128.0000000000000 0.0000086806439
129.2800000000000 0.0000082161076
130.5600000000000 0.0000077796122
130.5600000000000 0.0000077796122
131.8400000000000 0.0000073723295
133.1200000000000 0.0000069917028
133.1200000000000 0.0000069917028
134.4000000000000 0.0000066360855
135.6800000000000 0.0000063039191
135.6800000000000 0.0000063039191
136.9600000000000 0.0000059932223
138.2400000000000 0.0000057036166
138.2400000000000 0.0000057036166
139.5200000000000 0.0000054344284
140.8000000000000 0.0000051845618
143.3600000000000 0.0000047388323
145.9200000000000 0.0000043541420
148.4800000000000 0.0000040115902
151.0400000000000 0.0000036906810
153.6000000000000 0.0000033765483
156.1600000000000 0.0000030613184
158.7200000000000 0.0000027407488
161.2800000000000 0.0000024116698
163.8400000000000 0.0000020717151
166.4000000000000 0.0000017130050
168.9600000000000 0.0000013123542
171.5200000000000 0.0000008392660
174.0800000000000 0.0000002899285
176.6400000000000 -0.0000002801648
179.2000000000000 -0.0000007629285
181.7600000000000 -0.0000010487149
184.3200000000000 -0.0000010867921
186.8800000000000 -0.0000009137175
189.4400000000000 -0.0000006323531
192.0000000000000 -0.0000003567195
194.5600000000000 -0.0000001594959
197.1200000000000 -0.0000000541681
199.6800000000000 -0.0000000143209
202.2400000000000 -0.0000000056447
204.8000000000000 -0.0000000057750
207.3600000000000 -0.0000000062542
209.9200000000000 -0.0000000059453
212.4800000000000 -0.0000000054081
215.0400000000000 -0.0000000048991
217.6000000000000 -0.0000000044138
220.1600000000000 -0.0000000040056
222.7200000000000 -0.0000000037511
225.2800000000000 -0.0000000035707
227.8400000000000 -0.0000000032899
230.4000000000000 -0.0000000028798
232.9600000000000 -0.0000000025027
235.5200000000000 -0.0000000022972
238.0800000000000 -0.0000000022228
240.6400000000000 -0.0000000021614
243.2000000000000 -0.0000000020743
245.7600000000000 -0.0000000019944
248.3200000000000 -0.0000000019315
250.8800000000000 -0.0000000018528
253.4400000000000 -0.0000000017413
256.0000000000000 -0.0000000016262
258.5600000000000 -0.0000000015543
261.1200000000000 -0.0000000015450
263.6800000000000 -0.0000000015664
266.2400000000000 -0.0000000015604
268.8000000000000 -0.0000000014946
271.3600000000000 -0.0000000013936
273.9200000000000 -0.0000000013195
276.4800000000000 -0.0000000013129
279.0400000000000 -0.0000000013391
281.6000000000000 -0.0000000013227
284.1600000000000 -0.0000000012436
286.7200000000000 -0.0000000011631
289.2800000000000 -0.0000000011407
291.8400000000000 -0.0000000011534
294.4000000000000 -0.0000000011212
296.9600000000000 -0.0000000010119
299.5200000000000 -0.0000000008975
302.0800000000000 -0.0000000008585
304.6400000000000 -0.0000000008512
307.2000000000000 -0.0000000007584
309.7600000000000 -0.0000000005782
312.3200000000000 -0.0000000004338
314.8800000000000 -0.0000000003606
317.4400000000000 -0.0000000002376
