# x rho
-1984.0000000000000 0.0000000001000
-1968.0000000000000 0.0000000001000
-1952.0000000000000 0.0000000001000
-1936.0000000000000 0.0000000001000
-1920.0000000000000 0.0000000001002
-1904.0000000000000 0.0000000001000
-1888.0000000000000 0.0000000001000
-1872.0000000000000 0.0000000001002
-1856.0000000000000 0.0000000001001
-1840.0000000000000 0.0000000001000
-1824.0000000000000 0.0000000001000
-1808.0000000000000 0.0000000001001
-1792.0000000000000 0.0000000001001
-1776.0000000000000 0.0000000001001
-1760.0000000000000 0.0000000001000
-1744.0000000000000 0.0000000001000
-1728.0000000000000 0.0000000001000
-1712.0000000000000 0.0000000001000
-1696.0000000000000 0.0000000001001
-1680.0000000000000 0.0000000001001
-1664.0000000000000 0.0000000001001
-1648.0000000000000 0.0000000001000
-1632.0000000000000 0.0000000001001
-1616.0000000000000 0.0000000001001
-1600.0000000000000 0.0000000001000
-1584.0000000000000 0.0000000001000
-1568.0000000000000 0.0000000001000
-1552.0000000000000 0.0000000001000
-1536.0000000000000 0.0000000001000
-1520.0000000000000 0.0000000001000
-1504.0000000000000 0.0000000001000
-1488.0000000000000 0.0000000001000
-1472.0000000000000 0.0000000001000
-1456.0000000000000 0.0000000001001
-1440.0000000000000 0.0000000001000
-1424.0000000000000 0.0000000001000
-1408.0000000000000 0.0000000001001
-1392.0000000000000 0.0000000001000
-1376.0000000000000 0.0000000001000
-1360.0000000000000 0.0000000001001
-1344.0000000000000 0.0000000001000
-1328.0000000000000 0.0000000001000
-1312.0000000000000 0.0000000001001
-1296.0000000000000 0.0000000001000
-1280.0000000000000 0.0000000001000
-1264.0000000000000 0.0000000001001
-1248.0000000000000 0.0000000001000
-1232.0000000000000 0.0000000001000
-1216.0000000000000 0.0000000001001
-1200.0000000000000 0.0000000001000
-1184.0000000000000 0.0000000001000
-1168.0000000000000 0.0000000001001
-1152.0000000000000 0.0000000001000
-1136.0000000000000 0.0000000001000
-1120.0000000000000 0.0000000001001
-1104.0000000000000 0.0000000001000
-1088.0000000000000 0.0000000001000
-1072.0000000000000 0.0000000001001
-1056.0000000000000 0.0000000001000
-1040.0000000000000 0.0000000001000
-1024.0000000000000 0.0000000001002
-1008.0000000000000 0.0000000001000
-992.0000000000000 0.0000000001000
-976.0000000000000 0.0000000001007
-960.0000000000000 0.0000000001005
-944.0000000000000 0.0000000001000
-928.0000000000000 0.0000000001000
-912.0000000000000 0.0000000001004
-896.0000000000000 0.0000000001003
-880.0000000000000 0.0000000001000
-864.0000000000000 0.0000000001000
-848.0000000000000 0.0000000001007
-832.0000000000000 0.0000000001002
-816.0000000000000 0.0000000001000
-800.0000000000000 0.0000000001004
-784.0000000000000 0.0000000001006
-768.0000000000000 0.0000000001000
-752.0000000000000 0.0000000001001
-736.0000000000000 0.0000000001010
-720.0000000000000 0.0000000001000
-704.0000000000000 0.0000000001000
-688.0000000000000 0.0000000001011
-672.0000000000000 0.0000000001000
-656.0000000000000 0.0000000001002
-640.0000000000000 0.0000000001012
-624.0000000000000 0.0000000001000
-608.0000000000000 0.0000000001007
-592.0000000000000 0.0000000001006
-576.0000000000000 0.0000000001000
-560.0000000000000 0.0000000001012
-544.0000000000000 0.0000000001002
-528.0000000000000 0.0000000001000
-512.0000000000000 0.0000000001018
-496.0000000000000 0.0000000001000
-480.0000000000000 0.0000000001005
-464.0000000000000 0.0000000001016
-448.0000000000000 0.0000000001000
-432.0000000000000 0.0000000001018
-416.0000000000000 0.0000000001003
-400.0000000000000 0.0000000001000
-384.0000000000000 0.0000000001030
-368.0000000000000 0.0000000001000
-352.0000000000000 0.0000000001013
-336.0000000000000 0.0000000001031
-320.0000000000000 0.0000000001000
-312.0000000000000 0.0000000001017
-304.0000000000000 0.0000000001034
-304.0000000000000 0.0000000001034
-296.0000000000000 0.0000000001025
-288.0000000000000 0.0000000001016
-288.0000000000000 0.0000000001016
-280.0000000000000 0.0000000001008
-272.0000000000000 0.0000000001000
-272.0000000000000 0.0000000001000
-264.0000000000000 0.0000000001027
-256.0000000000000 0.0000000001054
-256.0000000000000 0.0000000001054
-248.0000000000000 0.0000000001041
-240.0000000000000 0.0000000001028
-240.0000000000000 0.0000000001028
-232.0000000000000 0.0000000001000
-224.0000000000000 0.0000000001130
-224.0000000000000 0.0000000001130
-216.0000000000000 0.0000000001158
-208.0000000000000 0.0000000001000
-208.0000000000000 0.0000000001000
-200.0000000000000 0.0000000001133
-192.0000000000000 0.0000000001098
-192.0000000000000 0.0000000001098
-184.0000000000000 0.0000000001000
-176.0000000000000 0.0000000001160
-176.0000000000000 0.0000000001160
-168.0000000000000 0.0000000001106
-164.0000000000000 0.0000000001063
-160.0000000000000 0.0000000001019
-160.0000000000000 0.0000000001019
-160.0000000000000 0.0000000001019
-156.0000000000000 0.0000000001003
-152.0000000000000 0.0000000001000
-152.0000000000000 0.0000000001000
-148.0000000000000 0.0000000001009
-144.0000000000000 0.0000000001030
-144.0000000000000 0.0000000001030
-144.0000000000000 0.0000000001030
-140.0000000000000 0.0000000001176
-136.0000000000000 0.0000000001323
-136.0000000000000 0.0000000001323
-132.0000000000000 0.0000000001279
-128.0000000000000 0.0000000001210
-128.0000000000000 0.0000000001210
-128.0000000000000 0.0000000001210
-124.0000000000000 0.0000000001030
-120.0000000000000 0.0000000001000
-120.0000000000000 0.0000000001000
-116.0000000000000 0.0000000001404
-112.0000000000000 0.0000000002018
-112.0000000000000 0.0000000002018
-112.0000000000000 0.0000000002018
-108.0000000000000 0.0000000001209
-104.0000000000000 0.0000000001000
-104.0000000000000 0.0000000001000
-100.0000000000000 0.0000000001190
-98.0000000000000 0.0000000001711
-96.0000000000000 0.0000000002230
-96.0000000000000 0.0000000002230
-96.0000000000000 0.0000000002230
-96.0000000000000 0.0000000002230
-94.0000000000000 0.0000000001814
-92.0000000000000 0.0000000001398
-92.0000000000000 0.0000000001398
-90.0000000000000 0.0000000001156
-88.0000000000000 0.0000000001010
-88.0000000000000 0.0000000001010
-88.0000000000000 0.0000000001010
-86.0000000000000 0.0000000001005
-84.0000000000000 0.0000000001000
-84.0000000000000 0.0000000001000
-82.0000000000000 0.0000000001159
-80.0000000000000 0.0000000001426
-80.0000000000000 0.0000000001426
-80.0000000000000 0.0000000001426
-80.0000000000000 0.0000000001426
-78.0000000000000 0.0000000001750
-76.0000000000000 0.0000000002669
-76.0000000000000 0.0000000002669
-74.0000000000000 0.0000000003201
-72.0000000000000 0.0000000002148
-72.0000000000000 0.0000000002148
-72.0000000000000 0.0000000002148
-70.0000000000000 0.0000000001277
-68.0000000000000 0.0000000001029
-68.0000000000000 0.0000000001029
-66.0000000000000 0.0000000001000
-64.0000000000000 0.0000000001353
-64.0000000000000 0.0000000001353
-64.0000000000000 0.0000000001353
-64.0000000000000 0.0000000001353
-62.0000000000000 0.0000000005141
-60.0000000000000 0.0000000003998
-60.0000000000000 0.0000000003998
-58.0000000000000 0.0000000001178
-56.0000000000000 0.0000000001000
-56.0000000000000 0.0000000001000
-56.0000000000000 0.0000000001000
-54.0000000000000 0.0000000002001
-52.0000000000000 0.0000000003719
-52.0000000000000 0.0000000003719
-50.0000000000000 0.0000000001254
-49.0000000000000 0.0000000001026
-48.0000000000000 0.0000000001000
-48.0000000000000 0.0000000001000
-48.0000000000000 0.0000000001000
-48.0000000000000 0.0000000001000
-48.0000000000000 0.0000000001000
-47.0000000000000 0.0000000001172
-46.0000000000000 0.0000000001536
-46.0000000000000 0.0000000001536
-45.0000000000000 0.0000000003736
-44.0000000000000 0.0000000005928
-44.0000000000000 0.0000000005928
-44.0000000000000 0.0000000005928
-43.0000000000000 0.0000000006207
-42.0000000000000 0.0000000006483
-42.0000000000000 0.0000000006483
-41.0000000000000 0.0000000004604
-40.0000000000000 0.0000000002730
-40.0000000000000 0.0000000002730
-40.0000000000000 0.0000000002730
-40.0000000000000 0.0000000002730
-39.0000000000000 0.0000000001589
-38.0000000000000 0.0000000001188
-38.0000000000000 0.0000000001188
-37.0000000000000 0.0000000001094
-36.0000000000000 0.0000000001236
-36.0000000000000 0.0000000001236
-36.0000000000000 0.0000000001236
-35.0000000000000 0.0000000001265
-34.0000000000000 0.0000000001221
-34.0000000000000 0.0000000001221
-33.0000000000000 0.0000000001165
-32.0000000000000 0.0000000001080
-32.0000000000000 0.0000000001080
-32.0000000000000 0.0000000001080
-32.0000000000000 0.0000000001080
-32.0000000000000 0.0000000001080
-31.0000000000000 0.0000000001000
-30.0000000000000 0.0000000001088
-30.0000000000000 0.0000000001088
-29.0000000000000 0.0000000001887
-28.5000000000000 0.0000000003325
-28.0000000000000 0.0000000004758
-28.0000000000000 0.0000000004758
-28.0000000000000 0.0000000004758
-28.0000000000000 0.0000000004758
-27.5000000000000 0.0000000005948
-27.0000000000000 0.0000000006978
-27.0000000000000 0.0000000006978
-26.5000000000000 0.0000000007083
-26.0000000000000 0.0000000007187
-26.0000000000000 0.0000000007187
-26.0000000000000 0.0000000007187
-25.5000000000000 0.0000000006110
-25.0000000000000 0.0000000005035
-25.0000000000000 0.0000000005035
-24.5000000000000 0.0000000004194
-24.0000000000000 0.0000000003507
-24.0000000000000 0.0000000003507
-24.0000000000000 0.0000000003507
-24.0000000000000 0.0000000003507
-24.0000000000000 0.0000000003507
-23.5000000000000 0.0000000003130
-23.0000000000000 0.0000000002947
-23.0000000000000 0.0000000002947
-22.5000000000000 0.0000000002866
-22.0000000000000 0.0000000002909
-22.0000000000000 0.0000000002909
-22.0000000000000 0.0000000002909
-21.5000000000000 0.0000000002993
-21.0000000000000 0.0000000003023
-21.0000000000000 0.0000000003023
-20.5000000000000 0.0000000003196
-20.0000000000000 0.0000000003703
-20.0000000000000 0.0000000003703
-20.0000000000000 0.0000000003703
-20.0000000000000 0.0000000003703
-19.5000000000000 0.0000000004167
-19.0000000000000 0.0000000004339
-19.0000000000000 0.0000000004339
-18.5000000000000 0.0000000004539
-18.0000000000000 0.0000000006007
-18.0000000000000 0.0000000006007
-18.0000000000000 0.0000000006007
-17.5000000000000 0.0000000009630
-17.0000000000000 0.0000000010692
-17.0000000000000 0.0000000010692
-16.5000000000000 0.0000000007205
-16.0000000000000 0.0000000004281
-16.0000000000000 0.0000000004281
-16.0000000000000 0.0000000004281
-16.0000000000000 0.0000000004281
-16.0000000000000 0.0000000004281
-16.0000000000000 0.0000000004281
-15.5000000000000 0.0000000003310
-15.0000000000000 0.0000000003269
-15.0000000000000 0.0000000003269
-14.5000000000000 0.0000000003308
-14.2500000000000 0.0000000003329
-14.0000000000000 0.0000000003350
-14.0000000000000 0.0000000003350
-14.0000000000000 0.0000000003350
-14.0000000000000 0.0000000003350
-13.7500000000000 0.0000000003377
-13.5000000000000 0.0000000003403
-13.5000000000000 0.0000000003403
-13.2500000000000 0.0000000003386
-13.0000000000000 0.0000000003371
-13.0000000000000 0.0000000003371
-13.0000000000000 0.0000000003371
-12.7500000000000 0.0000000003201
-12.5000000000000 0.0000000003033
-12.5000000000000 0.0000000003033
-12.2500000000000 0.0000000002927
-12.0000000000000 0.0000000002852
-12.0000000000000 0.0000000002852
-12.0000000000000 0.0000000002852
-12.0000000000000 0.0000000002852
-12.0000000000000 0.0000000002852
-11.7500000000000 0.0000000002814
-11.5000000000000 0.0000000002794
-11.5000000000000 0.0000000002794
-11.2500000000000 0.0000000002843
-11.0000000000000 0.0000000002918
-11.0000000000000 0.0000000002918
-11.0000000000000 0.0000000002918
-10.7500000000000 0.0000000002968
-10.5000000000000 0.0000000002971
-10.5000000000000 0.0000000002971
-10.2500000000000 0.0000000002973
-10.0000000000000 0.0000000002969
-10.0000000000000 0.0000000002969
-10.0000000000000 0.0000000002969
-10.0000000000000 0.0000000002969
-9.7500000000000 0.0000000002967
-9.5000000000000 0.0000000002961
-9.5000000000000 0.0000000002961
-9.2500000000000 0.0000000002977
-9.1250000000000 0.0000000003070
-9.0000000000000 0.0000000003219
-9.0000000000000 0.0000000003219
-9.0000000000000 0.0000000003219
-9.0000000000000 0.0000000003219
-8.8750000000000 0.0000000003451
-8.7500000000000 0.0000000003681
-8.7500000000000 0.0000000003681
-8.6250000000000 0.0000000003831
-8.5000000000000 0.0000000003974
-8.5000000000000 0.0000000003974
-8.5000000000000 0.0000000003974
-8.3750000000000 0.0000000004106
-8.2500000000000 0.0000000004232
-8.2500000000000 0.0000000004232
-8.1250000000000 0.0000000004265
-8.0000000000000 0.0000000004272
-8.0000000000000 0.0000000004272
-8.0000000000000 0.0000000004272
-8.0000000000000 0.0000000004272
-8.0000000000000 0.0000000004272
-8.0000000000000 0.0000000004272
-8.0000000000000 0.0000000004272
-7.8750000000000 0.0000000004246
-7.7500000000000 0.0000000004206
-7.7500000000000 0.0000000004206
-7.6250000000000 0.0000000004165
-7.5000000000000 0.0000000004109
-7.5000000000000 0.0000000004109
-7.5000000000000 0.0000000004109
-7.3750000000000 0.0000000004036
-7.2500000000000 0.0000000003977
-7.2500000000000 0.0000000003977
-7.1250000000000 0.0000000003936
-7.0000000000000 0.0000000003974
-7.0000000000000 0.0000000003974
-7.0000000000000 0.0000000003974
-7.0000000000000 0.0000000003974
-6.8750000000000 0.0000000004155
-6.7500000000000 0.0000000004288
-6.7500000000000 0.0000000004288
-6.6250000000000 0.0000000004421
-6.5625000000000 0.0000000004590
-6.5000000000000 0.0000000004790
-6.5000000000000 0.0000000004790
-6.5000000000000 0.0000000004790
-6.5000000000000 0.0000000004790
-6.4375000000000 0.0000000005036
-6.3750000000000 0.0000000005279
-6.3750000000000 0.0000000005279
-6.3125000000000 0.0000000005458
-6.2500000000000 0.0000000005596
-6.2500000000000 0.0000000005596
-6.2500000000000 0.0000000005596
-6.1875000000000 0.0000000005690
-6.1250000000000 0.0000000005753
-6.1250000000000 0.0000000005753
-6.0625000000000 0.0000000005778
-6.0000000000000 0.0000000005797
-6.0000000000000 0.0000000005797
-6.0000000000000 0.0000000005797
-6.0000000000000 0.0000000005797
-6.0000000000000 0.0000000005797
-6.0000000000000 0.0000000005797
-5.9375000000000 0.0000000005803
-5.8750000000000 0.0000000005815
-5.8750000000000 0.0000000005815
-5.8125000000000 0.0000000005841
-5.7500000000000 0.0000000005854
-5.7500000000000 0.0000000005854
-5.7500000000000 0.0000000005854
-5.6875000000000 0.0000000005891
-5.6250000000000 0.0000000005929
-5.6250000000000 0.0000000005929
-5.5625000000000 0.0000000005942
-5.5000000000000 0.0000000005966
-5.5000000000000 0.0000000005966
-5.5000000000000 0.0000000005966
-5.5000000000000 0.0000000005966
-5.4375000000000 0.0000000006081
-5.3750000000000 0.0000000006212
-5.3750000000000 0.0000000006212
-5.3125000000000 0.0000000006254
-5.2500000000000 0.0000000006282
-5.2500000000000 0.0000000006282
-5.2500000000000 0.0000000006282
-5.1875000000000 0.0000000006348
-5.1250000000000 0.0000000006551
-5.1250000000000 0.0000000006551
-5.0625000000000 0.0000000006797
-5.0000000000000 0.0000000006927
-5.0000000000000 0.0000000006927
-5.0000000000000 0.0000000006927
-5.0000000000000 0.0000000006927
-5.0000000000000 0.0000000006927
-4.9375000000000 0.0000000007067
-4.8750000000000 0.0000000007204
-4.8750000000000 0.0000000007204
-4.8125000000000 0.0000000007470
-4.7500000000000 0.0000000007798
-4.7500000000000 0.0000000007798
-4.7500000000000 0.0000000007798
-4.6875000000000 0.0000000008025
-4.6250000000000 0.0000000008195
-4.6250000000000 0.0000000008195
-4.5625000000000 0.0000000008526
-4.5000000000000 0.0000000009169
-4.5000000000000 0.0000000009169
-4.5000000000000 0.0000000009169
-4.5000000000000 0.0000000009169
-4.4375000000000 0.0000000009724
-4.3750000000000 0.0000000010071
-4.3750000000000 0.0000000010071
-4.3125000000000 0.0000000010694
-4.2500000000000 0.0000000011226
-4.2500000000000 0.0000000011226
-4.2500000000000 0.0000000011226
-4.1875000000000 0.0000000012264
-4.1250000000000 0.0000000013188
-4.1250000000000 0.0000000013188
-4.0625000000000 0.0000000014095
-4.0000000000000 0.0000000015602
-4.0000000000000 0.0000000015602
-4.0000000000000 0.0000000015602
-4.0000000000000 0.0000000015602
-4.0000000000000 0.0000000015602
-4.0000000000000 0.0000000015602
-4.0000000000000 0.0000000015602
-3.9375000000000 0.0000000016635
-3.8750000000000 0.0000000017802
-3.8750000000000 0.0000000017802
-3.8125000000000 0.0000000018916
-3.7500000000000 0.0000000020103
-3.7500000000000 0.0000000020103
-3.7500000000000 0.0000000020103
-3.6875000000000 0.0000000021501
-3.6250000000000 0.0000000023012
-3.6250000000000 0.0000000023012
-3.5625000000000 0.0000000024548
-3.5000000000000 0.0000000026212
-3.5000000000000 0.0000000026212
-3.5000000000000 0.0000000026212
-3.5000000000000 0.0000000026212
-3.4375000000000 0.0000000027878
-3.3750000000000 0.0000000029591
-3.3750000000000 0.0000000029591
-3.3125000000000 0.0000000030973
-3.2812500000000 0.0000000031478
-3.2500000000000 0.0000000031954
-3.2500000000000 0.0000000031954
-3.2500000000000 0.0000000031954
-3.2500000000000 0.0000000031954
-3.2187500000000 0.0000000032381
-3.1875000000000 0.0000000032782
-3.1875000000000 0.0000000032782
-3.1562500000000 0.0000000033321
-3.1250000000000 0.0000000033838
-3.1250000000000 0.0000000033838
-3.1250000000000 0.0000000033838
-3.0937500000000 0.0000000033905
-3.0625000000000 0.0000000033960
-3.0625000000000 0.0000000033960
-3.0312500000000 0.0000000034038
-3.0000000000000 0.0000000034102
-3.0000000000000 0.0000000034102
-3.0000000000000 0.0000000034102
-3.0000000000000 0.0000000034102
-3.0000000000000 0.0000000034102
-3.0000000000000 0.0000000034102
-2.9687500000000 0.0000000034107
-2.9375000000000 0.0000000034042
-2.9375000000000 0.0000000034042
-2.9062500000000 0.0000000034008
-2.8750000000000 0.0000000033981
-2.8750000000000 0.0000000033981
-2.8750000000000 0.0000000033981
-2.8437500000000 0.0000000033881
-2.8125000000000 0.0000000033799
-2.8125000000000 0.0000000033799
-2.7812500000000 0.0000000033594
-2.7500000000000 0.0000000033387
-2.7500000000000 0.0000000033387
-2.7500000000000 0.0000000033387
-2.7500000000000 0.0000000033387
-2.7187500000000 0.0000000033153
-2.6875000000000 0.0000000032833
-2.6875000000000 0.0000000032833
-2.6562500000000 0.0000000032462
-2.6250000000000 0.0000000032069
-2.6250000000000 0.0000000032069
-2.6250000000000 0.0000000032069
-2.5937500000000 0.0000000031835
-2.5625000000000 0.0000000031511
-2.5625000000000 0.0000000031511
-2.5312500000000 0.0000000031334
-2.5000000000000 0.0000000030988
-2.5000000000000 0.0000000030988
-2.5000000000000 0.0000000030988
-2.5000000000000 0.0000000030988
-2.5000000000000 0.0000000030988
-2.4687500000000 0.0000000030832
-2.4375000000000 0.0000000030693
-2.4375000000000 0.0000000030693
-2.4062500000000 0.0000000030945
-2.3750000000000 0.0000000031477
-2.3750000000000 0.0000000031477
-2.3750000000000 0.0000000031477
-2.3437500000000 0.0000000033146
-2.3125000000000 0.0000000034201
-2.3125000000000 0.0000000034201
-2.2812500000000 0.0000000037930
-2.2500000000000 0.0000000042036
-2.2500000000000 0.0000000042036
-2.2500000000000 0.0000000042036
-2.2500000000000 0.0000000042036
-2.2187500000000 0.0000000047858
-2.1875000000000 0.0000000056291
-2.1875000000000 0.0000000056291
-2.1562500000000 0.0000000065331
-2.1250000000000 0.0000000078153
-2.1250000000000 0.0000000078153
-2.1250000000000 0.0000000078153
-2.0937500000000 0.0000000089399
-2.0625000000000 0.0000000098541
-2.0625000000000 0.0000000098541
-2.0312500000000 0.0000000101944
-2.0000000000000 0.0000000100149
-2.0000000000000 0.0000000100149
-2.0000000000000 0.0000000100149
-2.0000000000000 0.0000000100149
-2.0000000000000 0.0000000100149
-2.0000000000000 0.0000000100149
-2.0000000000000 0.0000000100149
-1.9687500000000 0.0000000096566
-1.9375000000000 0.0000000089903
-1.9375000000000 0.0000000089903
-1.9062500000000 0.0000000084185
-1.8750000000000 0.0000000075336
-1.8750000000000 0.0000000075336
-1.8750000000000 0.0000000075336
-1.8437500000000 0.0000000070249
-1.8125000000000 0.0000000066551
-1.8125000000000 0.0000000066551
-1.7812500000000 0.0000000064015
-1.7500000000000 0.0000000058678
-1.7500000000000 0.0000000058678
-1.7500000000000 0.0000000058678
-1.7500000000000 0.0000000058678
-1.7187500000000 0.0000000052851
-1.6875000000000 0.0000000045695
-1.6875000000000 0.0000000045695
-1.6562500000000 0.0000000038079
-1.6250000000000 0.0000000032204
-1.6250000000000 0.0000000032204
-1.6250000000000 0.0000000032204
-1.5937500000000 0.0000000030306
-1.5625000000000 0.0000000029499
-1.5625000000000 0.0000000029499
-1.5312500000000 0.0000000029665
-1.5000000000000 0.0000000029514
-1.5000000000000 0.0000000029514
-1.5000000000000 0.0000000029514
-1.5000000000000 0.0000000029514
-1.5000000000000 0.0000000029514
-1.4687500000000 0.0000000027669
-1.4375000000000 0.0000000024408
-1.4375000000000 0.0000000024408
-1.4062500000000 0.0000000020016
-1.3750000000000 0.0000000019046
-1.3750000000000 0.0000000019046
-1.3750000000000 0.0000000019046
-1.3437500000000 0.0000000025078
-1.3125000000000 0.0000000031772
-1.3125000000000 0.0000000031772
-1.2812500000000 0.0000000046395
-1.2500000000000 0.0000000060831
-1.2500000000000 0.0000000060831
-1.2500000000000 0.0000000060831
-1.2500000000000 0.0000000060831
-1.2187500000000 0.0000000077042
-1.1875000000000 0.0000000084725
-1.1875000000000 0.0000000084725
-1.1562500000000 0.0000000087112
-1.1250000000000 0.0000000086154
-1.1250000000000 0.0000000086154
-1.1250000000000 0.0000000086154
-1.0937500000000 0.0000000079088
-1.0625000000000 0.0000000067921
-1.0625000000000 0.0000000067921
-1.0312500000000 0.0000000054170
-1.0000000000000 0.0000000045878
-1.0000000000000 0.0000000045878
-1.0000000000000 0.0000000045878
-1.0000000000000 0.0000000045878
-1.0000000000000 0.0000000045878
-1.0000000000000 0.0000000045878
-0.9687500000000 0.0000000044982
-0.9375000000000 0.0000000056965
-0.9375000000000 0.0000000056965
-0.9062500000000 0.0000000065516
-0.8750000000000 0.0000000059929
-0.8750000000000 0.0000000059929
-0.8750000000000 0.0000000059929
-0.8437500000000 0.0000000044950
-0.8125000000000 0.0000000023123
-0.8125000000000 0.0000000023123
-0.7812500000000 0.0000000010739
-0.7500000000000 0.0000000007653
-0.7500000000000 0.0000000007653
-0.7500000000000 0.0000000007653
-0.7500000000000 0.0000000007653
-0.7187500000000 0.0000000006505
-0.6875000000000 0.0000000005989
-0.6875000000000 0.0000000005989
-0.6562500000000 0.0000000005533
-0.6250000000000 0.0000000004347
-0.6250000000000 0.0000000004347
-0.6250000000000 0.0000000004347
-0.5937500000000 0.0000000003962
-0.5625000000000 0.0000000006627
-0.5625000000000 0.0000000006627
-0.5312500000000 0.0000000019646
-0.5000000000000 0.0000000047093
-0.5000000000000 0.0000000047093
-0.5000000000000 0.0000000047093
-0.5000000000000 0.0000000047093
-0.5000000000000 0.0000000047093
-0.4687500000000 0.0000000066667
-0.4375000000000 0.0000000107128
-0.4375000000000 0.0000000107128
-0.4062500000000 0.0000000114123
-0.3750000000000 0.0000000063432
-0.3750000000000 0.0000000063432
-0.3750000000000 0.0000000063432
-0.3437500000000 0.0000000040419
-0.3125000000000 0.0000000057415
-0.3125000000000 0.0000000057415
-0.2812500000000 0.0000000084317
-0.2500000000000 0.0000000080973
-0.2500000000000 0.0000000080973
-0.2500000000000 0.0000000080973
-0.2500000000000 0.0000000080973
-0.2187500000000 0.0000000061709
-0.1875000000000 0.0000000055530
-0.1875000000000 0.0000000055530
-0.1562500000000 0.0000000042662
-0.1250000000000 0.0000000037520
-0.1250000000000 0.0000000037520
-0.1250000000000 0.0000000037520
-0.0937500000000 0.0000000037475
-0.0625000000000 0.0000000051286
-0.0625000000000 0.0000000051286
-0.0312500000000 0.0000000001000
0.0000000000000 0.0000000017286
0.0000000000000 0.0000000017286
0.0000000000000 0.0000000017286
0.0000000000000 0.0000000017286
0.0000000000000 0.0000000017286
0.0000000000000 0.0000000017286
0.0000000000000 0.0000000017286
0.0000000000000 0.0000000017286
0.0000000000000 0.0000000017286
0.0000000000000 0.0000000017286
0.0312500000000 0.0000000001000
0.0625000000000 0.0000000052233
0.0625000000000 0.0000000052233
0.0937500000000 0.0000000036037
0.1250000000000 0.0000000036691
0.1250000000000 0.0000000036691
0.1250000000000 0.0000000036691
0.1562500000000 0.0000000044283
0.1875000000000 0.0000000057280
0.1875000000000 0.0000000057280
0.2187500000000 0.0000000065020
0.2500000000000 0.0000000087254
0.2500000000000 0.0000000087254
0.2500000000000 0.0000000087254
0.2500000000000 0.0000000087254
0.2812500000000 0.0000000086021
0.3125000000000 0.0000000051460
0.3125000000000 0.0000000051460
0.3437500000000 0.0000000036194
0.3750000000000 0.0000000063280
0.3750000000000 0.0000000063280
0.3750000000000 0.0000000063280
0.4062500000000 0.0000000112207
0.4375000000000 0.0000000102583
0.4375000000000 0.0000000102583
0.4687500000000 0.0000000058365
0.5000000000000 0.0000000036667
0.5000000000000 0.0000000036667
0.5000000000000 0.0000000036667
0.5000000000000 0.0000000036667
0.5000000000000 0.0000000036667
0.5312500000000 0.0000000016388
0.5625000000000 0.0000000008791
0.5625000000000 0.0000000008791
0.5937500000000 0.0000000005843
0.6250000000000 0.0000000004985
0.6250000000000 0.0000000004985
0.6250000000000 0.0000000004985
0.6562500000000 0.0000000005346
0.6875000000000 0.0000000006549
0.6875000000000 0.0000000006549
0.7187500000000 0.0000000007131
0.7500000000000 0.0000000008803
0.7500000000000 0.0000000008803
0.7500000000000 0.0000000008803
0.7500000000000 0.0000000008803
0.7812500000000 0.0000000014109
0.8125000000000 0.0000000034441
0.8125000000000 0.0000000034441
0.8437500000000 0.0000000061420
0.8750000000000 0.0000000072421
0.8750000000000 0.0000000072421
0.8750000000000 0.0000000072421
0.9062500000000 0.0000000071715
0.9375000000000 0.0000000063479
0.9375000000000 0.0000000063479
0.9687500000000 0.0000000058533
1.0000000000000 0.0000000057518
1.0000000000000 0.0000000057518
1.0000000000000 0.0000000057518
1.0000000000000 0.0000000057518
1.0000000000000 0.0000000057518
1.0000000000000 0.0000000057518
1.0312500000000 0.0000000057353
1.0625000000000 0.0000000063045
1.0625000000000 0.0000000063045
1.0937500000000 0.0000000071978
1.1250000000000 0.0000000081341
1.1250000000000 0.0000000081341
1.1250000000000 0.0000000081341
1.1562500000000 0.0000000086018
1.1875000000000 0.0000000078601
1.1875000000000 0.0000000078601
1.2187500000000 0.0000000059653
1.2500000000000 0.0000000048389
1.2500000000000 0.0000000048389
1.2500000000000 0.0000000048389
1.2500000000000 0.0000000048389
1.2812500000000 0.0000000034176
1.3125000000000 0.0000000030060
1.3125000000000 0.0000000030060
1.3437500000000 0.0000000027083
1.3750000000000 0.0000000026640
1.3750000000000 0.0000000026640
1.3750000000000 0.0000000026640
1.4062500000000 0.0000000026241
1.4375000000000 0.0000000026387
1.4375000000000 0.0000000026387
1.4687500000000 0.0000000027240
1.5000000000000 0.0000000029551
1.5000000000000 0.0000000029551
1.5000000000000 0.0000000029551
1.5000000000000 0.0000000029551
1.5000000000000 0.0000000029551
1.5312500000000 0.0000000031682
1.5625000000000 0.0000000033350
1.5625000000000 0.0000000033350
1.5937500000000 0.0000000034069
1.6250000000000 0.0000000034234
1.6250000000000 0.0000000034234
1.6250000000000 0.0000000034234
1.6562500000000 0.0000000035425
1.6875000000000 0.0000000039280
1.6875000000000 0.0000000039280
1.7187500000000 0.0000000044934
1.7500000000000 0.0000000054315
1.7500000000000 0.0000000054315
1.7500000000000 0.0000000054315
1.7500000000000 0.0000000054315
1.7812500000000 0.0000000064814
1.8125000000000 0.0000000074501
1.8125000000000 0.0000000074501
1.8437500000000 0.0000000083027
1.8750000000000 0.0000000088445
1.8750000000000 0.0000000088445
1.8750000000000 0.0000000088445
1.9062500000000 0.0000000090984
1.9375000000000 0.0000000091735
1.9375000000000 0.0000000091735
1.9687500000000 0.0000000090960
2.0000000000000 0.0000000086362
2.0000000000000 0.0000000086362
2.0000000000000 0.0000000086362
2.0000000000000 0.0000000086362
2.0000000000000 0.0000000086362
2.0000000000000 0.0000000086362
2.0000000000000 0.0000000086362
2.0312500000000 0.0000000079333
2.0625000000000 0.0000000071092
2.0625000000000 0.0000000071092
2.0937500000000 0.0000000061982
2.1250000000000 0.0000000057148
2.1250000000000 0.0000000057148
2.1250000000000 0.0000000057148
2.1562500000000 0.0000000051827
2.1875000000000 0.0000000046779
2.1875000000000 0.0000000046779
2.2187500000000 0.0000000040993
2.2500000000000 0.0000000037038
2.2500000000000 0.0000000037038
2.2500000000000 0.0000000037038
2.2500000000000 0.0000000037038
2.2812500000000 0.0000000034322
2.3125000000000 0.0000000032840
2.3125000000000 0.0000000032840
2.3437500000000 0.0000000030904
2.3750000000000 0.0000000029951
2.3750000000000 0.0000000029951
2.3750000000000 0.0000000029951
2.4062500000000 0.0000000029716
2.4375000000000 0.0000000029664
2.4375000000000 0.0000000029664
2.4687500000000 0.0000000030083
2.5000000000000 0.0000000030256
2.5000000000000 0.0000000030256
2.5000000000000 0.0000000030256
2.5000000000000 0.0000000030256
2.5000000000000 0.0000000030256
2.5312500000000 0.0000000030698
2.5625000000000 0.0000000031034
2.5625000000000 0.0000000031034
2.5937500000000 0.0000000031383
2.6250000000000 0.0000000031523
2.6250000000000 0.0000000031523
2.6250000000000 0.0000000031523
2.6562500000000 0.0000000031898
2.6875000000000 0.0000000032262
2.6875000000000 0.0000000032262
2.7187500000000 0.0000000032781
2.7500000000000 0.0000000033222
2.7500000000000 0.0000000033222
2.7500000000000 0.0000000033222
2.7500000000000 0.0000000033222
2.7812500000000 0.0000000033907
2.8125000000000 0.0000000034429
2.8125000000000 0.0000000034429
2.8437500000000 0.0000000034950
2.8750000000000 0.0000000035315
2.8750000000000 0.0000000035315
2.8750000000000 0.0000000035315
2.9062500000000 0.0000000035675
2.9375000000000 0.0000000035830
2.9375000000000 0.0000000035830
2.9687500000000 0.0000000035948
3.0000000000000 0.0000000036139
3.0000000000000 0.0000000036139
3.0000000000000 0.0000000036139
3.0000000000000 0.0000000036139
3.0000000000000 0.0000000036139
3.0000000000000 0.0000000036139
3.0312500000000 0.0000000036182
3.0625000000000 0.0000000036172
3.0625000000000 0.0000000036172
3.0937500000000 0.0000000036106
3.1250000000000 0.0000000035985
3.1250000000000 0.0000000035985
3.1250000000000 0.0000000035985
3.1562500000000 0.0000000035716
3.1875000000000 0.0000000035379
3.1875000000000 0.0000000035379
3.2187500000000 0.0000000034946
3.2500000000000 0.0000000034493
3.2500000000000 0.0000000034493
3.2500000000000 0.0000000034493
3.2500000000000 0.0000000034493
3.2812500000000 0.0000000034021
3.3125000000000 0.0000000033529
3.3750000000000 0.0000000031881
3.3750000000000 0.0000000031881
3.4375000000000 0.0000000029789
3.5000000000000 0.0000000027649
3.5000000000000 0.0000000027649
3.5000000000000 0.0000000027649
3.5000000000000 0.0000000027649
3.5625000000000 0.0000000025294
3.6250000000000 0.0000000023216
3.6250000000000 0.0000000023216
3.6875000000000 0.0000000021560
3.7500000000000 0.0000000019998
3.7500000000000 0.0000000019998
3.7500000000000 0.0000000019998
3.8125000000000 0.0000000018273
3.8750000000000 0.0000000016227
3.8750000000000 0.0000000016227
3.9375000000000 0.0000000014650
4.0000000000000 0.0000000013244
4.0000000000000 0.0000000013244
4.0000000000000 0.0000000013244
4.0000000000000 0.0000000013244
4.0000000000000 0.0000000013244
4.0000000000000 0.0000000013244
4.0000000000000 0.0000000013244
4.0625000000000 0.0000000012277
4.1250000000000 0.0000000011826
4.1250000000000 0.0000000011826
4.1875000000000 0.0000000011112
4.2500000000000 0.0000000010431
4.2500000000000 0.0000000010431
4.2500000000000 0.0000000010431
4.3125000000000 0.0000000009792
4.3750000000000 0.0000000009165
4.3750000000000 0.0000000009165
4.4375000000000 0.0000000008327
4.5000000000000 0.0000000007807
4.5000000000000 0.0000000007807
4.5000000000000 0.0000000007807
4.5000000000000 0.0000000007807
4.5625000000000 0.0000000007304
4.6250000000000 0.0000000006838
4.6250000000000 0.0000000006838
4.6875000000000 0.0000000006586
4.7500000000000 0.0000000006318
4.7500000000000 0.0000000006318
4.7500000000000 0.0000000006318
4.8125000000000 0.0000000005977
4.8750000000000 0.0000000005649
4.8750000000000 0.0000000005649
4.9375000000000 0.0000000005540
5.0000000000000 0.0000000005514
5.0000000000000 0.0000000005514
5.0000000000000 0.0000000005514
5.0000000000000 0.0000000005514
5.0000000000000 0.0000000005514
5.0625000000000 0.0000000005436
5.1250000000000 0.0000000005312
5.1250000000000 0.0000000005312
5.1875000000000 0.0000000005204
5.2500000000000 0.0000000005136
5.2500000000000 0.0000000005136
5.2500000000000 0.0000000005136
5.3125000000000 0.0000000005123
5.3750000000000 0.0000000005104
5.3750000000000 0.0000000005104
5.4375000000000 0.0000000005055
5.5000000000000 0.0000000004962
5.5000000000000 0.0000000004962
5.5000000000000 0.0000000004962
5.5000000000000 0.0000000004962
5.5625000000000 0.0000000004878
5.6250000000000 0.0000000004827
5.6250000000000 0.0000000004827
5.6875000000000 0.0000000004782
5.7500000000000 0.0000000004779
5.7500000000000 0.0000000004779
5.7500000000000 0.0000000004779
5.8125000000000 0.0000000004839
5.8750000000000 0.0000000004943
5.8750000000000 0.0000000004943
5.9375000000000 0.0000000005074
6.0000000000000 0.0000000005227
6.0000000000000 0.0000000005227
6.0000000000000 0.0000000005227
6.0000000000000 0.0000000005227
6.0000000000000 0.0000000005227
6.0000000000000 0.0000000005227
6.0625000000000 0.0000000005367
6.1250000000000 0.0000000005504
6.1250000000000 0.0000000005504
6.1875000000000 0.0000000005480
6.2500000000000 0.0000000005426
6.2500000000000 0.0000000005426
6.2500000000000 0.0000000005426
6.3125000000000 0.0000000005324
6.3750000000000 0.0000000005221
6.3750000000000 0.0000000005221
6.4375000000000 0.0000000005135
6.5000000000000 0.0000000005047
6.5000000000000 0.0000000005047
6.5000000000000 0.0000000005047
6.5000000000000 0.0000000005047
6.5625000000000 0.0000000004955
6.6250000000000 0.0000000004863
6.7500000000000 0.0000000004714
6.7500000000000 0.0000000004714
6.8750000000000 0.0000000004572
7.0000000000000 0.0000000004399
7.0000000000000 0.0000000004399
7.0000000000000 0.0000000004399
7.0000000000000 0.0000000004399
7.1250000000000 0.0000000004251
7.2500000000000 0.0000000004231
7.2500000000000 0.0000000004231
7.3750000000000 0.0000000004265
7.5000000000000 0.0000000004320
7.5000000000000 0.0000000004320
7.5000000000000 0.0000000004320
7.6250000000000 0.0000000004349
7.7500000000000 0.0000000004321
7.7500000000000 0.0000000004321
7.8750000000000 0.0000000004266
8.0000000000000 0.0000000004189
8.0000000000000 0.0000000004189
8.0000000000000 0.0000000004189
8.0000000000000 0.0000000004189
8.0000000000000 0.0000000004189
8.0000000000000 0.0000000004189
8.0000000000000 0.0000000004189
8.1250000000000 0.0000000004157
8.2500000000000 0.0000000004122
8.2500000000000 0.0000000004122
8.3750000000000 0.0000000004081
8.5000000000000 0.0000000004037
8.5000000000000 0.0000000004037
8.5000000000000 0.0000000004037
8.6250000000000 0.0000000003995
8.7500000000000 0.0000000003951
8.7500000000000 0.0000000003951
8.8750000000000 0.0000000003855
9.0000000000000 0.0000000003731
9.0000000000000 0.0000000003731
9.0000000000000 0.0000000003731
9.0000000000000 0.0000000003731
9.1250000000000 0.0000000003568
9.2500000000000 0.0000000003402
9.5000000000000 0.0000000003096
9.5000000000000 0.0000000003096
9.7500000000000 0.0000000002854
10.0000000000000 0.0000000002762
10.0000000000000 0.0000000002762
10.0000000000000 0.0000000002762
10.0000000000000 0.0000000002762
10.2500000000000 0.0000000002735
10.5000000000000 0.0000000002719
10.5000000000000 0.0000000002719
10.7500000000000 0.0000000002779
11.0000000000000 0.0000000002796
11.0000000000000 0.0000000002796
11.0000000000000 0.0000000002796
11.2500000000000 0.0000000002797
11.5000000000000 0.0000000002808
11.5000000000000 0.0000000002808
11.7500000000000 0.0000000002822
12.0000000000000 0.0000000002854
12.0000000000000 0.0000000002854
12.0000000000000 0.0000000002854
12.0000000000000 0.0000000002854
12.0000000000000 0.0000000002854
12.2500000000000 0.0000000002949
12.5000000000000 0.0000000003070
12.5000000000000 0.0000000003070
12.7500000000000 0.0000000003230
13.0000000000000 0.0000000003392
13.0000000000000 0.0000000003392
13.0000000000000 0.0000000003392
13.2500000000000 0.0000000003401
13.5000000000000 0.0000000003414
13.5000000000000 0.0000000003414
13.7500000000000 0.0000000003364
14.0000000000000 0.0000000003314
14.0000000000000 0.0000000003314
14.0000000000000 0.0000000003314
14.0000000000000 0.0000000003314
14.2500000000000 0.0000000003267
14.5000000000000 0.0000000003223
15.0000000000000 0.0000000003196
15.0000000000000 0.0000000003196
15.5000000000000 0.0000000003306
16.0000000000000 0.0000000004160
16.0000000000000 0.0000000004160
16.0000000000000 0.0000000004160
16.0000000000000 0.0000000004160
16.0000000000000 0.0000000004160
16.0000000000000 0.0000000004160
16.5000000000000 0.0000000006834
17.0000000000000 0.0000000010376
17.0000000000000 0.0000000010376
17.5000000000000 0.0000000009847
18.0000000000000 0.0000000006326
18.0000000000000 0.0000000006326
18.0000000000000 0.0000000006326
18.5000000000000 0.0000000004562
19.0000000000000 0.0000000004340
19.0000000000000 0.0000000004340
19.5000000000000 0.0000000004190
20.0000000000000 0.0000000003759
20.0000000000000 0.0000000003759
20.0000000000000 0.0000000003759
20.0000000000000 0.0000000003759
20.5000000000000 0.0000000003253
21.0000000000000 0.0000000002980
21.0000000000000 0.0000000002980
21.5000000000000 0.0000000002875
22.0000000000000 0.0000000002795
22.0000000000000 0.0000000002795
22.0000000000000 0.0000000002795
22.5000000000000 0.0000000002806
23.0000000000000 0.0000000002911
23.0000000000000 0.0000000002911
23.5000000000000 0.0000000003121
24.0000000000000 0.0000000003559
24.0000000000000 0.0000000003559
24.0000000000000 0.0000000003559
24.0000000000000 0.0000000003559
24.0000000000000 0.0000000003559
24.5000000000000 0.0000000004338
25.0000000000000 0.0000000005231
25.0000000000000 0.0000000005231
25.5000000000000 0.0000000006295
26.0000000000000 0.0000000007363
26.0000000000000 0.0000000007363
26.0000000000000 0.0000000007363
26.5000000000000 0.0000000007215
27.0000000000000 0.0000000007065
27.0000000000000 0.0000000007065
27.5000000000000 0.0000000005901
28.0000000000000 0.0000000004633
28.0000000000000 0.0000000004633
28.0000000000000 0.0000000004633
28.0000000000000 0.0000000004633
28.5000000000000 0.0000000003208
29.0000000000000 0.0000000001778
30.0000000000000 0.0000000001089
30.0000000000000 0.0000000001089
31.0000000000000 0.0000000001000
32.0000000000000 0.0000000001077
32.0000000000000 0.0000000001077
32.0000000000000 0.0000000001077
32.0000000000000 0.0000000001077
32.0000000000000 0.0000000001077
33.0000000000000 0.0000000001180
34.0000000000000 0.0000000001240
34.0000000000000 0.0000000001240
35.0000000000000 0.0000000001297
36.0000000000000 0.0000000001246
36.0000000000000 0.0000000001246
36.0000000000000 0.0000000001246
37.0000000000000 0.0000000001096
38.0000000000000 0.0000000001187
38.0000000000000 0.0000000001187
39.0000000000000 0.0000000001606
40.0000000000000 0.0000000002780
40.0000000000000 0.0000000002780
40.0000000000000 0.0000000002780
40.0000000000000 0.0000000002780
41.0000000000000 0.0000000004620
42.0000000000000 0.0000000006466
42.0000000000000 0.0000000006466
43.0000000000000 0.0000000006178
44.0000000000000 0.0000000005887
44.0000000000000 0.0000000005887
44.0000000000000 0.0000000005887
45.0000000000000 0.0000000003715
46.0000000000000 0.0000000001535
46.0000000000000 0.0000000001535
47.0000000000000 0.0000000001172
48.0000000000000 0.0000000001000
48.0000000000000 0.0000000001000
48.0000000000000 0.0000000001000
48.0000000000000 0.0000000001000
48.0000000000000 0.0000000001000
49.0000000000000 0.0000000001026
50.0000000000000 0.0000000001254
52.0000000000000 0.0000000003725
52.0000000000000 0.0000000003725
54.0000000000000 0.0000000002008
56.0000000000000 0.0000000001000
56.0000000000000 0.0000000001000
56.0000000000000 0.0000000001000
58.0000000000000 0.0000000001177
60.0000000000000 0.0000000003995
60.0000000000000 0.0000000003995
62.0000000000000 0.0000000005151
64.0000000000000 0.0000000001350
64.0000000000000 0.0000000001350
64.0000000000000 0.0000000001350
64.0000000000000 0.0000000001350
66.0000000000000 0.0000000001000
68.0000000000000 0.0000000001029
68.0000000000000 0.0000000001029
70.0000000000000 0.0000000001276
72.0000000000000 0.0000000002149
72.0000000000000 0.0000000002149
72.0000000000000 0.0000000002149
74.0000000000000 0.0000000003201
76.0000000000000 0.0000000002669
76.0000000000000 0.0000000002669
78.0000000000000 0.0000000001751
80.0000000000000 0.0000000001426
80.0000000000000 0.0000000001426
80.0000000000000 0.0000000001426
80.0000000000000 0.0000000001426
82.0000000000000 0.0000000001159
84.0000000000000 0.0000000001000
84.0000000000000 0.0000000001000
86.0000000000000 0.0000000001005
88.0000000000000 0.0000000001010
88.0000000000000 0.0000000001010
88.0000000000000 0.0000000001010
90.0000000000000 0.0000000001156
92.0000000000000 0.0000000001398
92.0000000000000 0.0000000001398
94.0000000000000 0.0000000001814
96.0000000000000 0.0000000002230
96.0000000000000 0.0000000002230
96.0000000000000 0.0000000002230
96.0000000000000 0.0000000002230
98.0000000000000 0.0000000001711
100.0000000000000 0.0000000001190
104.0000000000000 0.0000000001000
104.0000000000000 0.0000000001000
108.0000000000000 0.0000000001209
112.0000000000000 0.0000000002018
112.0000000000000 0.0000000002018
112.0000000000000 0.0000000002018
116.0000000000000 0.0000000001404
120.0000000000000 0.0000000001000
120.0000000000000 0.0000000001000
124.0000000000000 0.0000000001030
128.0000000000000 0.0000000001210
128.0000000000000 0.0000000001210
128.0000000000000 0.0000000001210
132.0000000000000 0.0000000001279
136.0000000000000 0.0000000001323
136.0000000000000 0.0000000001323
140.0000000000000 0.0000000001176
144.0000000000000 0.0000000001030
144.0000000000000 0.0000000001030
144.0000000000000 0.0000000001030
148.0000000000000 0.0000000001009
152.0000000000000 0.0000000001000
152.0000000000000 0.0000000001000
156.0000000000000 0.0000000001003
160.0000000000000 0.0000000001019
160.0000000000000 0.0000000001019
160.0000000000000 0.0000000001019
164.0000000000000 0.0000000001063
168.0000000000000 0.0000000001106
176.0000000000000 0.0000000001160
176.0000000000000 0.0000000001160
184.0000000000000 0.0000000001000
192.0000000000000 0.0000000001098
192.0000000000000 0.0000000001098
200.0000000000000 0.0000000001133
208.0000000000000 0.0000000001000
208.0000000000000 0.0000000001000
216.0000000000000 0.0000000001158
224.0000000000000 0.0000000001130
224.0000000000000 0.0000000001130
232.0000000000000 0.0000000001000
240.0000000000000 0.0000000001028
240.0000000000000 0.0000000001028
248.0000000000000 0.0000000001041
256.0000000000000 0.0000000001054
256.0000000000000 0.0000000001054
264.0000000000000 0.0000000001027
272.0000000000000 0.0000000001000
272.0000000000000 0.0000000001000
280.0000000000000 0.0000000001008
288.0000000000000 0.0000000001016
288.0000000000000 0.0000000001016
296.0000000000000 0.0000000001025
304.0000000000000 0.0000000001034
304.0000000000000 0.0000000001034
312.0000000000000 0.0000000001017
320.0000000000000 0.0000000001000
336.0000000000000 0.0000000001031
352.0000000000000 0.0000000001013
368.0000000000000 0.0000000001000
384.0000000000000 0.0000000001030
400.0000000000000 0.0000000001000
416.0000000000000 0.0000000001003
432.0000000000000 0.0000000001018
448.0000000000000 0.0000000001000
464.0000000000000 0.0000000001016
480.0000000000000 0.0000000001005
496.0000000000000 0.0000000001000
512.0000000000000 0.0000000001018
528.0000000000000 0.0000000001000
544.0000000000000 0.0000000001002
560.0000000000000 0.0000000001012
576.0000000000000 0.0000000001000
592.0000000000000 0.0000000001006
608.0000000000000 0.0000000001007
624.0000000000000 0.0000000001000
640.0000000000000 0.0000000001012
656.0000000000000 0.0000000001002
672.0000000000000 0.0000000001000
688.0000000000000 0.0000000001011
704.0000000000000 0.0000000001000
720.0000000000000 0.0000000001000
736.0000000000000 0.0000000001010
752.0000000000000 0.0000000001001
768.0000000000000 0.0000000001000
784.0000000000000 0.0000000001006
800.0000000000000 0.0000000001004
816.0000000000000 0.0000000001000
832.0000000000000 0.0000000001002
848.0000000000000 0.0000000001007
864.0000000000000 0.0000000001000
880.0000000000000 0.0000000001000
896.0000000000000 0.0000000001003
912.0000000000000 0.0000000001004
928.0000000000000 0.0000000001000
944.0000000000000 0.0000000001000
960.0000000000000 0.0000000001005
976.0000000000000 0.0000000001007
992.0000000000000 0.0000000001000
1008.0000000000000 0.0000000001000
1024.0000000000000 0.0000000001002
1040.0000000000000 0.0000000001000
1056.0000000000000 0.0000000001000
1072.0000000000000 0.0000000001001
1088.0000000000000 0.0000000001000
1104.0000000000000 0.0000000001000
1120.0000000000000 0.0000000001001
1136.0000000000000 0.0000000001000
1152.0000000000000 0.0000000001000
1168.0000000000000 0.0000000001001
1184.0000000000000 0.0000000001000
1200.0000000000000 0.0000000001000
1216.0000000000000 0.0000000001001
1232.0000000000000 0.0000000001000
1248.0000000000000 0.0000000001000
1264.0000000000000 0.0000000001001
1280.0000000000000 0.0000000001000
1296.0000000000000 0.0000000001000
1312.0000000000000 0.0000000001001
1328.0000000000000 0.0000000001000
1344.0000000000000 0.0000000001000
1360.0000000000000 0.0000000001001
1376.0000000000000 0.0000000001000
1392.0000000000000 0.0000000001000
1408.0000000000000 0.0000000001001
1424.0000000000000 0.0000000001000
1440.0000000000000 0.0000000001000
1456.0000000000000 0.0000000001001
1472.0000000000000 0.0000000001000
1488.0000000000000 0.0000000001000
1504.0000000000000 0.0000000001000
1520.0000000000000 0.0000000001000
1536.0000000000000 0.0000000001000
1552.0000000000000 0.0000000001000
1568.0000000000000 0.0000000001000
1584.0000000000000 0.0000000001000
1600.0000000000000 0.0000000001000
1616.0000000000000 0.0000000001001
1632.0000000000000 0.0000000001001
1648.0000000000000 0.0000000001000
1664.0000000000000 0.0000000001001
1680.0000000000000 0.0000000001001
1696.0000000000000 0.0000000001001
1712.0000000000000 0.0000000001000
1728.0000000000000 0.0000000001000
1744.0000000000000 0.0000000001000
1760.0000000000000 0.0000000001000
1776.0000000000000 0.0000000001001
1792.0000000000000 0.0000000001001
1808.0000000000000 0.0000000001001
1824.0000000000000 0.0000000001000
1840.0000000000000 0.0000000001000
1856.0000000000000 0.0000000001001
1872.0000000000000 0.0000000001002
1888.0000000000000 0.0000000001000
1904.0000000000000 0.0000000001000
1920.0000000000000 0.0000000001002
1936.0000000000000 0.0000000001000
1952.0000000000000 0.0000000001000
1968.0000000000000 0.0000000001000
1984.0000000000000 0.0000000001000
