# x phi
-1984.0000000000000 -0.0000000071830
-1968.0000000000000 -0.0000000140307
-1952.0000000000000 -0.0000000201940
-1936.0000000000000 -0.0000000257568
-1920.0000000000000 -0.0000000308248
-1904.0000000000000 -0.0000000354862
-1888.0000000000000 -0.0000000398219
-1872.0000000000000 -0.0000000438961
-1856.0000000000000 -0.0000000477624
-1840.0000000000000 -0.0000000514721
-1824.0000000000000 -0.0000000550411
-1808.0000000000000 -0.0000000585037
-1792.0000000000000 -0.0000000618670
-1776.0000000000000 -0.0000000651245
-1760.0000000000000 -0.0000000683031
-1744.0000000000000 -0.0000000713356
-1728.0000000000000 -0.0000000741385
-1712.0000000000000 -0.0000000767225
-1696.0000000000000 -0.0000000789278
-1680.0000000000000 -0.0000000803458
-1664.0000000000000 -0.0000000808022
-1648.0000000000000 -0.0000000806978
-1632.0000000000000 -0.0000000805957
-1616.0000000000000 -0.0000000806054
-1600.0000000000000 -0.0000000805479
-1584.0000000000000 -0.0000000805168
-1568.0000000000000 -0.0000000806761
-1552.0000000000000 -0.0000000809158
-1536.0000000000000 -0.0000000811713
-1520.0000000000000 -0.0000000814368
-1504.0000000000000 -0.0000000816565
-1488.0000000000000 -0.0000000819020
-1472.0000000000000 -0.0000000821360
-1456.0000000000000 -0.0000000823425
-1440.0000000000000 -0.0000000825711
-1424.0000000000000 -0.0000000827392
-1408.0000000000000 -0.0000000829009
-1392.0000000000000 -0.0000000830318
-1376.0000000000000 -0.0000000830207
-1360.0000000000000 -0.0000000821614
-1344.0000000000000 -0.0000000793292
-1328.0000000000000 -0.0000000744383
-1312.0000000000000 -0.0000000698777
-1296.0000000000000 -0.0000000682236
-1280.0000000000000 -0.0000000683979
-1264.0000000000000 -0.0000000678957
-1248.0000000000000 -0.0000000683147
-1232.0000000000000 -0.0000000719252
-1216.0000000000000 -0.0000000767386
-1200.0000000000000 -0.0000000810639
-1184.0000000000000 -0.0000000862432
-1168.0000000000000 -0.0000000930528
-1152.0000000000000 -0.0000001026334
-1136.0000000000000 -0.0000001155449
-1120.0000000000000 -0.0000001300206
-1104.0000000000000 -0.0000001434183
-1088.0000000000000 -0.0000001533138
-1072.0000000000000 -0.0000001606095
-1056.0000000000000 -0.0000001668651
-1040.0000000000000 -0.0000001714088
-1024.0000000000000 -0.0000001669940
-1008.0000000000000 -0.0000001458224
-992.0000000000000 -0.0000001122248
-976.0000000000000 -0.0000000838852
-960.0000000000000 -0.0000000753562
-944.0000000000000 -0.0000000862168
-928.0000000000000 -0.0000001227362
-912.0000000000000 -0.0000002132191
-896.0000000000000 -0.0000003528703
-880.0000000000000 -0.0000004910798
-864.0000000000000 -0.0000005979193
-848.0000000000000 -0.0000006524842
-832.0000000000000 -0.0000006211961
-816.0000000000000 -0.0000005513995
-800.0000000000000 -0.0000005834549
-784.0000000000000 -0.0000008198516
-768.0000000000000 -0.0000012120107
-752.0000000000000 -0.0000015876433
-736.0000000000000 -0.0000017956389
-720.0000000000000 -0.0000018678575
-704.0000000000000 -0.0000021531410
-688.0000000000000 -0.0000028416502
-672.0000000000000 -0.0000035955697
-656.0000000000000 -0.0000041346443
-640.0000000000000 -0.0000047841005
-624.0000000000000 -0.0000059116317
-608.0000000000000 -0.0000071989861
-592.0000000000000 -0.0000085268681
-576.0000000000000 -0.0000102435728
-560.0000000000000 -0.0000124486998
-544.0000000000000 -0.0000149851409
-528.0000000000000 -0.0000180476666
-512.0000000000000 -0.0000220630606
-496.0000000000000 -0.0000266021440
-480.0000000000000 -0.0000319575961
-464.0000000000000 -0.0000392769532
-448.0000000000000 -0.0000481372807
-432.0000000000000 -0.0000582248707
-416.0000000000000 -0.0000706019619
-400.0000000000000 -0.0000867422888
-384.0000000000000 -0.0001063584841
-368.0000000000000 -0.0001299881317
-352.0000000000000 -0.0001578339289
-336.0000000000000 -0.0001990854644
-320.0000000000000 -0.0002816201761
-312.0000000000000 -0.0003371226775
-304.0000000000000 -0.0003764020915
-304.0000000000000 -0.0003764020915
-296.0000000000000 -0.0003717525454
-288.0000000000000 -0.0003291521038
-288.0000000000000 -0.0003291521038
-280.0000000000000 -0.0002347081416
-272.0000000000000 -0.0001203268553
-272.0000000000000 -0.0001203268553
-264.0000000000000 -0.0000173248565
-256.0000000000000 0.0000864217248
-256.0000000000000 0.0000864217248
-248.0000000000000 0.0001869710044
-240.0000000000000 0.0003012036332
-240.0000000000000 0.0003012036332
-232.0000000000000 0.0004433135033
-224.0000000000000 0.0006174190075
-224.0000000000000 0.0006174190075
-216.0000000000000 0.0008683754910
-208.0000000000000 0.0012497947089
-208.0000000000000 0.0012497947089
-200.0000000000000 0.0017914038866
-192.0000000000000 0.0025320599451
-192.0000000000000 0.0025320599451
-184.0000000000000 0.0035245288206
-176.0000000000000 0.0047487004938
-176.0000000000000 0.0047487004938
-168.0000000000000 0.0060004802726
-164.0000000000000 0.0065238746383
-160.0000000000000 0.0069365132771
-160.0000000000000 0.0069365132771
-160.0000000000000 0.0069365132771
-156.0000000000000 0.0071898678222
-152.0000000000000 0.0073022472397
-152.0000000000000 0.0073022472397
-148.0000000000000 0.0072636885662
-144.0000000000000 0.0071104792231
-144.0000000000000 0.0071104792231
-144.0000000000000 0.0071104792231
-140.0000000000000 0.0068650476849
-136.0000000000000 0.0065590078296
-136.0000000000000 0.0065590078296
-132.0000000000000 0.0062280800865
-128.0000000000000 0.0058823732766
-128.0000000000000 0.0058823732766
-128.0000000000000 0.0058823732766
-124.0000000000000 0.0055396898877
-120.0000000000000 0.0052126693486
-120.0000000000000 0.0052126693486
-116.0000000000000 0.0049109884762
-112.0000000000000 0.0046407013415
-112.0000000000000 0.0046407013415
-112.0000000000000 0.0046407013415
-108.0000000000000 0.0044026727635
-104.0000000000000 0.0041950098812
-104.0000000000000 0.0041950098812
-100.0000000000000 0.0040153348364
-98.0000000000000 0.0039347231773
-96.0000000000000 0.0038595963534
-96.0000000000000 0.0038595963534
-96.0000000000000 0.0038595963534
-96.0000000000000 0.0038595963534
-94.0000000000000 0.0037894827291
-92.0000000000000 0.0037237999900
-92.0000000000000 0.0037237999900
-90.0000000000000 0.0036619508054
-88.0000000000000 0.0036035085895
-88.0000000000000 0.0036035085895
-88.0000000000000 0.0036035085895
-86.0000000000000 0.0035478327455
-84.0000000000000 0.0034949679756
-84.0000000000000 0.0034949679756
-82.0000000000000 0.0034448225001
-80.0000000000000 0.0033971651684
-80.0000000000000 0.0033971651684
-80.0000000000000 0.0033971651684
-80.0000000000000 0.0033971651684
-78.0000000000000 0.0033517042476
-76.0000000000000 0.0033085297045
-76.0000000000000 0.0033085297045
-74.0000000000000 0.0032676934134
-72.0000000000000 0.0032291190622
-72.0000000000000 0.0032291190622
-72.0000000000000 0.0032291190622
-70.0000000000000 0.0031926378005
-68.0000000000000 0.0031580073222
-68.0000000000000 0.0031580073222
-66.0000000000000 0.0031249136004
-64.0000000000000 0.0030930819999
-64.0000000000000 0.0030930819999
-64.0000000000000 0.0030930819999
-64.0000000000000 0.0030930819999
-62.0000000000000 0.0030624320138
-60.0000000000000 0.0030328910153
-60.0000000000000 0.0030328910153
-58.0000000000000 0.0030042087448
-56.0000000000000 0.0029762786714
-56.0000000000000 0.0029762786714
-56.0000000000000 0.0029762786714
-54.0000000000000 0.0029491416282
-52.0000000000000 0.0029226287867
-52.0000000000000 0.0029226287867
-50.0000000000000 0.0028965369229
-49.0000000000000 0.0028835720554
-48.0000000000000 0.0028705838994
-48.0000000000000 0.0028705838994
-48.0000000000000 0.0028705838994
-48.0000000000000 0.0028705838994
-48.0000000000000 0.0028705838994
-47.0000000000000 0.0028574855325
-46.0000000000000 0.0028443057277
-46.0000000000000 0.0028443057277
-45.0000000000000 0.0028310193066
-44.0000000000000 0.0028177012021
-44.0000000000000 0.0028177012021
-44.0000000000000 0.0028177012021
-43.0000000000000 0.0028043797111
-42.0000000000000 0.0027911695628
-42.0000000000000 0.0027911695628
-41.0000000000000 0.0027781563678
-40.0000000000000 0.0027654557782
-40.0000000000000 0.0027654557782
-40.0000000000000 0.0027654557782
-40.0000000000000 0.0027654557782
-39.0000000000000 0.0027531712002
-38.0000000000000 0.0027414249811
-38.0000000000000 0.0027414249811
-37.0000000000000 0.0027303357891
-36.0000000000000 0.0027199747090
-36.0000000000000 0.0027199747090
-36.0000000000000 0.0027199747090
-35.0000000000000 0.0027103458795
-34.0000000000000 0.0027014316859
-34.0000000000000 0.0027014316859
-33.0000000000000 0.0026932161036
-32.0000000000000 0.0026856223941
-32.0000000000000 0.0026856223941
-32.0000000000000 0.0026856223941
-32.0000000000000 0.0026856223941
-32.0000000000000 0.0026856223941
-31.0000000000000 0.0026784837028
-30.0000000000000 0.0026715899714
-30.0000000000000 0.0026715899714
-29.0000000000000 0.0026647328136
-28.5000000000000 0.0026612587263
-28.0000000000000 0.0026577214371
-28.0000000000000 0.0026577214371
-28.0000000000000 0.0026577214371
-28.0000000000000 0.0026577214371
-27.5000000000000 0.0026540972882
-27.0000000000000 0.0026503586640
-27.0000000000000 0.0026503586640
-26.5000000000000 0.0026464744984
-26.0000000000000 0.0026424314853
-26.0000000000000 0.0026424314853
-26.0000000000000 0.0026424314853
-25.5000000000000 0.0026382036900
-25.0000000000000 0.0026337979330
-25.0000000000000 0.0026337979330
-24.5000000000000 0.0026292076020
-24.0000000000000 0.0026244470613
-24.0000000000000 0.0026244470613
-24.0000000000000 0.0026244470613
-24.0000000000000 0.0026244470613
-24.0000000000000 0.0026244470613
-23.5000000000000 0.0026195233348
-23.0000000000000 0.0026144518317
-23.0000000000000 0.0026144518317
-22.5000000000000 0.0026092522053
-22.0000000000000 0.0026039480319
-22.0000000000000 0.0026039480319
-22.0000000000000 0.0026039480319
-21.5000000000000 0.0025985677854
-21.0000000000000 0.0025931451707
-21.0000000000000 0.0025931451707
-20.5000000000000 0.0025877181701
-20.0000000000000 0.0025823269658
-20.0000000000000 0.0025823269658
-20.0000000000000 0.0025823269658
-20.0000000000000 0.0025823269658
-19.5000000000000 0.0025770102930
-19.0000000000000 0.0025718017924
-19.0000000000000 0.0025718017924
-18.5000000000000 0.0025667302618
-18.0000000000000 0.0025618239997
-18.0000000000000 0.0025618239997
-18.0000000000000 0.0025618239997
-17.5000000000000 0.0025571142414
-17.0000000000000 0.0025526336939
-17.0000000000000 0.0025526336939
-16.5000000000000 0.0025484106848
-16.0000000000000 0.0025444626024
-16.0000000000000 0.0025444626024
-16.0000000000000 0.0025444626024
-16.0000000000000 0.0025444626024
-16.0000000000000 0.0025444626024
-16.0000000000000 0.0025444626024
-15.5000000000000 0.0025407932644
-15.0000000000000 0.0025373968408
-15.0000000000000 0.0025373968408
-14.5000000000000 0.0025342651913
-14.2500000000000 0.0025327965126
-14.0000000000000 0.0025313922287
-14.0000000000000 0.0025313922287
-14.0000000000000 0.0025313922287
-14.0000000000000 0.0025313922287
-13.7500000000000 0.0025300516663
-13.5000000000000 0.0025287757371
-13.5000000000000 0.0025287757371
-13.2500000000000 0.0025275647469
-13.0000000000000 0.0025264198405
-13.0000000000000 0.0025264198405
-13.0000000000000 0.0025264198405
-12.7500000000000 0.0025253423586
-12.5000000000000 0.0025243320198
-12.5000000000000 0.0025243320198
-12.2500000000000 0.0025233895136
-12.0000000000000 0.0025225132683
-12.0000000000000 0.0025225132683
-12.0000000000000 0.0025225132683
-12.0000000000000 0.0025225132683
-12.0000000000000 0.0025225132683
-11.7500000000000 0.0025217024266
-11.5000000000000 0.0025209555351
-11.5000000000000 0.0025209555351
-11.2500000000000 0.0025202713228
-11.0000000000000 0.0025196487821
-11.0000000000000 0.0025196487821
-11.0000000000000 0.0025196487821
-10.7500000000000 0.0025190871290
-10.5000000000000 0.0025185856656
-10.5000000000000 0.0025185856656
-10.2500000000000 0.0025181436686
-10.0000000000000 0.0025177603918
-10.0000000000000 0.0025177603918
-10.0000000000000 0.0025177603918
-10.0000000000000 0.0025177603918
-9.7500000000000 0.0025174352047
-9.5000000000000 0.0025171678650
-9.5000000000000 0.0025171678650
-9.2500000000000 0.0025169588998
-9.1250000000000 0.0025168767471
-9.0000000000000 0.0025168099919
-9.0000000000000 0.0025168099919
-9.0000000000000 0.0025168099919
-9.0000000000000 0.0025168099919
-8.8750000000000 0.0025167589295
-8.7500000000000 0.0025167242062
-8.7500000000000 0.0025167242062
-8.6250000000000 0.0025167062919
-8.5000000000000 0.0025167060114
-8.5000000000000 0.0025167060114
-8.5000000000000 0.0025167060114
-8.3750000000000 0.0025167239932
-8.2500000000000 0.0025167612958
-8.2500000000000 0.0025167612958
-8.1250000000000 0.0025168187173
-8.0000000000000 0.0025168976666
-8.0000000000000 0.0025168976666
-8.0000000000000 0.0025168976666
-8.0000000000000 0.0025168976666
-8.0000000000000 0.0025168976666
-8.0000000000000 0.0025168976666
-8.0000000000000 0.0025168976666
-7.8750000000000 0.0025169993217
-7.7500000000000 0.0025171251733
-7.7500000000000 0.0025171251733
-7.6250000000000 0.0025172769129
-7.5000000000000 0.0025174564248
-7.5000000000000 0.0025174564248
-7.5000000000000 0.0025174564248
-7.3750000000000 0.0025176657768
-7.2500000000000 0.0025179071997
-7.2500000000000 0.0025179071997
-7.1250000000000 0.0025181830615
-7.0000000000000 0.0025184958376
-7.0000000000000 0.0025184958376
-7.0000000000000 0.0025184958376
-7.0000000000000 0.0025184958376
-6.8750000000000 0.0025188480839
-6.7500000000000 0.0025192424166
-6.7500000000000 0.0025192424166
-6.6250000000000 0.0025196815068
-6.5625000000000 0.0025199186855
-6.5000000000000 0.0025201680944
-6.5000000000000 0.0025201680944
-6.5000000000000 0.0025201680944
-6.5000000000000 0.0025201680944
-6.4375000000000 0.0025204300790
-6.3750000000000 0.0025207050262
-6.3750000000000 0.0025207050262
-6.3125000000000 0.0025209932977
-6.2500000000000 0.0025212953161
-6.2500000000000 0.0025212953161
-6.2500000000000 0.0025212953161
-6.1875000000000 0.0025216114680
-6.1250000000000 0.0025219422227
-6.1250000000000 0.0025219422227
-6.0625000000000 0.0025222880016
-6.0000000000000 0.0025226493348
-6.0000000000000 0.0025226493348
-6.0000000000000 0.0025226493348
-6.0000000000000 0.0025226493348
-6.0000000000000 0.0025226493348
-6.0000000000000 0.0025226493348
-5.9375000000000 0.0025230267133
-5.8750000000000 0.0025234206752
-5.8750000000000 0.0025234206752
-5.8125000000000 0.0025238317926
-5.7500000000000 0.0025242606690
-5.7500000000000 0.0025242606690
-5.7500000000000 0.0025242606690
-5.6875000000000 0.0025247079408
-5.6250000000000 0.0025251742768
-5.6250000000000 0.0025251742768
-5.5625000000000 0.0025256603790
-5.5000000000000 0.0025261669829
-5.5000000000000 0.0025261669829
-5.5000000000000 0.0025261669829
-5.5000000000000 0.0025261669829
-5.4375000000000 0.0025266948574
-5.3750000000000 0.0025272448058
-5.3750000000000 0.0025272448058
-5.3125000000000 0.0025278176661
-5.2500000000000 0.0025284143130
-5.2500000000000 0.0025284143130
-5.2500000000000 0.0025284143130
-5.1875000000000 0.0025290356588
-5.1250000000000 0.0025296826558
-5.1250000000000 0.0025296826558
-5.0625000000000 0.0025303562987
-5.0000000000000 0.0025310576272
-5.0000000000000 0.0025310576272
-5.0000000000000 0.0025310576272
-5.0000000000000 0.0025310576272
-5.0000000000000 0.0025310576272
-4.9375000000000 0.0025317877286
-4.8750000000000 0.0025325477412
-4.8750000000000 0.0025325477412
-4.8125000000000 0.0025333388571
-4.7500000000000 0.0025341623249
-4.7500000000000 0.0025341623249
-4.7500000000000 0.0025341623249
-4.6875000000000 0.0025350194525
-4.6250000000000 0.0025359116094
-4.6250000000000 0.0025359116094
-4.5625000000000 0.0025368402294
-4.5000000000000 0.0025378068116
-4.5000000000000 0.0025378068116
-4.5000000000000 0.0025378068116
-4.5000000000000 0.0025378068116
-4.4375000000000 0.0025388129228
-4.3750000000000 0.0025398601988
-4.3750000000000 0.0025398601988
-4.3125000000000 0.0025409503449
-4.2500000000000 0.0025420851374
-4.2500000000000 0.0025420851374
-4.2500000000000 0.0025420851374
-4.1875000000000 0.0025432664245
-4.1250000000000 0.0025444961267
-4.1250000000000 0.0025444961267
-4.0625000000000 0.0025457762385
-4.0000000000000 0.0025471088293
-4.0000000000000 0.0025471088293
-4.0000000000000 0.0025471088293
-4.0000000000000 0.0025471088293
-4.0000000000000 0.0025471088293
-4.0000000000000 0.0025471088293
-4.0000000000000 0.0025471088293
-3.9375000000000 0.0025484960462
-3.8750000000000 0.0025499401172
-3.8750000000000 0.0025499401172
-3.8125000000000 0.0025514433564
-3.7500000000000 0.0025530081715
-3.7500000000000 0.0025530081715
-3.7500000000000 0.0025530081715
-3.6875000000000 0.0025546370745
-3.6250000000000 0.0025563326959
-3.6250000000000 0.0025563326959
-3.5625000000000 0.0025580978021
-3.5000000000000 0.0025599353170
-3.5000000000000 0.0025599353170
-3.5000000000000 0.0025599353170
-3.5000000000000 0.0025599353170
-3.4375000000000 0.0025618483461
-3.3750000000000 0.0025638402027
-3.3750000000000 0.0025638402027
-3.3125000000000 0.0025659144352
-3.2812500000000 0.0025669836154
-3.2500000000000 0.0025680748558
-3.2500000000000 0.0025680748558
-3.2500000000000 0.0025680748558
-3.2500000000000 0.0025680748558
-3.2187500000000 0.0025691886495
-3.1875000000000 0.0025703255703
-3.1875000000000 0.0025703255703
-3.1562500000000 0.0025714861499
-3.1250000000000 0.0025726710079
-3.1250000000000 0.0025726710079
-3.1250000000000 0.0025726710079
-3.0937500000000 0.0025738807187
-3.0625000000000 0.0025751159496
-3.0625000000000 0.0025751159496
-3.0312500000000 0.0025763773192
-3.0000000000000 0.0025776655478
-3.0000000000000 0.0025776655478
-3.0000000000000 0.0025776655478
-3.0000000000000 0.0025776655478
-3.0000000000000 0.0025776655478
-3.0000000000000 0.0025776655478
-2.9687500000000 0.0025789813220
-2.9375000000000 0.0025803253617
-2.9375000000000 0.0025803253617
-2.9062500000000 0.0025816984247
-2.8750000000000 0.0025831012929
-2.8750000000000 0.0025831012929
-2.8750000000000 0.0025831012929
-2.8437500000000 0.0025845347729
-2.8125000000000 0.0025859997001
-2.8125000000000 0.0025859997001
-2.7812500000000 0.0025874969392
-2.7500000000000 0.0025890273839
-2.7500000000000 0.0025890273839
-2.7500000000000 0.0025890273839
-2.7500000000000 0.0025890273839
-2.7187500000000 0.0025905919588
-2.6875000000000 0.0025921916209
-2.6875000000000 0.0025921916209
-2.6562500000000 0.0025938273609
-2.6250000000000 0.0025955002056
-2.6250000000000 0.0025955002056
-2.6250000000000 0.0025955002056
-2.5937500000000 0.0025972112195
-2.5625000000000 0.0025989615080
-2.5625000000000 0.0025989615080
-2.5312500000000 0.0026007522196
-2.5000000000000 0.0026025845493
-2.5000000000000 0.0026025845493
-2.5000000000000 0.0026025845493
-2.5000000000000 0.0026025845493
-2.5000000000000 0.0026025845493
-2.4687500000000 0.0026044597418
-2.4375000000000 0.0026063790952
-2.4375000000000 0.0026063790952
-2.4062500000000 0.0026083439646
-2.3750000000000 0.0026103557663
-2.3750000000000 0.0026103557663
-2.3750000000000 0.0026103557663
-2.3437500000000 0.0026124159819
-2.3125000000000 0.0026145261627
-2.3125000000000 0.0026145261627
-2.2812500000000 0.0026166879339
-2.2500000000000 0.0026189029991
-2.2500000000000 0.0026189029991
-2.2500000000000 0.0026189029991
-2.2500000000000 0.0026189029991
-2.2187500000000 0.0026211731450
-2.1875000000000 0.0026235002457
-2.1875000000000 0.0026235002457
-2.1562500000000 0.0026258862670
-2.1250000000000 0.0026283332711
-2.1250000000000 0.0026283332711
-2.1250000000000 0.0026283332711
-2.0937500000000 0.0026308434202
-2.0625000000000 0.0026334189811
-2.0625000000000 0.0026334189811
-2.0312500000000 0.0026360623286
-2.0000000000000 0.0026387759500
-2.0000000000000 0.0026387759500
-2.0000000000000 0.0026387759500
-2.0000000000000 0.0026387759500
-2.0000000000000 0.0026387759500
-2.0000000000000 0.0026387759500
-2.0000000000000 0.0026387759500
-1.9687500000000 0.0026415624485
-1.9375000000000 0.0026444245473
-1.9375000000000 0.0026444245473
-1.9062500000000 0.0026473650947
-1.8750000000000 0.0026503870688
-1.8750000000000 0.0026503870688
-1.8750000000000 0.0026503870688
-1.8437500000000 0.0026534935838
-1.8125000000000 0.0026566878974
-1.8125000000000 0.0026566878974
-1.7812500000000 0.0026599734204
-1.7500000000000 0.0026633537277
-1.7500000000000 0.0026633537277
-1.7500000000000 0.0026633537277
-1.7500000000000 0.0026633537277
-1.7187500000000 0.0026668325728
-1.6875000000000 0.0026704139059
-1.6875000000000 0.0026704139059
-1.6562500000000 0.0026741018961
-1.6250000000000 0.0026779009598
-1.6250000000000 0.0026779009598
-1.6250000000000 0.0026779009598
-1.5937500000000 0.0026818157940
-1.5625000000000 0.0026858514150
-1.5625000000000 0.0026858514150
-1.5312500000000 0.0026900131992
-1.5000000000000 0.0026943069221
-1.5000000000000 0.0026943069221
-1.5000000000000 0.0026943069221
-1.5000000000000 0.0026943069221
-1.5000000000000 0.0026943069221
-1.4687500000000 0.0026987387894
-1.4375000000000 0.0027033154592
-1.4375000000000 0.0027033154592
-1.4062500000000 0.0027080440578
-1.3750000000000 0.0027129322001
-1.3750000000000 0.0027129322001
-1.3750000000000 0.0027129322001
-1.3437500000000 0.0027179880340
-1.3125000000000 0.0027232203254
-1.3125000000000 0.0027232203254
-1.2812500000000 0.0027286385851
-1.2500000000000 0.0027342532229
-1.2500000000000 0.0027342532229
-1.2500000000000 0.0027342532229
-1.2500000000000 0.0027342532229
-1.2187500000000 0.0027400756975
-1.1875000000000 0.0027461186352
-1.1875000000000 0.0027461186352
-1.1562500000000 0.0027523959084
-1.1250000000000 0.0027589226854
-1.1250000000000 0.0027589226854
-1.1250000000000 0.0027589226854
-1.0937500000000 0.0027657154711
-1.0625000000000 0.0027727921409
-1.0625000000000 0.0027727921409
-1.0312500000000 0.0027801719335
-1.0000000000000 0.0027878753355
-1.0000000000000 0.0027878753355
-1.0000000000000 0.0027878753355
-1.0000000000000 0.0027878753355
-1.0000000000000 0.0027878753355
-1.0000000000000 0.0027878753355
-0.9687500000000 0.0027959237965
-0.9375000000000 0.0028043393198
-0.9375000000000 0.0028043393198
-0.9062500000000 0.0028131441214
-0.8750000000000 0.0028223606527
-0.8750000000000 0.0028223606527
-0.8750000000000 0.0028223606527
-0.8437500000000 0.0028320122763
-0.8125000000000 0.0028421247428
-0.8125000000000 0.0028421247428
-0.7812500000000 0.0028527282967
-0.7500000000000 0.0028638597854
-0.7500000000000 0.0028638597854
-0.7500000000000 0.0028638597854
-0.7500000000000 0.0028638597854
-0.7187500000000 0.0028755640775
-0.6875000000000 0.0028878947894
-0.6875000000000 0.0028878947894
-0.6562500000000 0.0029009148215
-0.6250000000000 0.0029146960548
-0.6250000000000 0.0029146960548
-0.6250000000000 0.0029146960548
-0.5937500000000 0.0029293163224
-0.5625000000000 0.0029448550167
-0.5625000000000 0.0029448550167
-0.5312500000000 0.0029613960429
-0.5000000000000 0.0029790469287
-0.5000000000000 0.0029790469287
-0.5000000000000 0.0029790469287
-0.5000000000000 0.0029790469287
-0.5000000000000 0.0029790469287
-0.4687500000000 0.0029979666960
-0.4375000000000 0.0030183779715
-0.4375000000000 0.0030183779715
-0.4062500000000 0.0030405513345
-0.3750000000000 0.0030647905693
-0.3750000000000 0.0030647905693
-0.3750000000000 0.0030647905693
-0.3437500000000 0.0030914651288
-0.3125000000000 0.0031210926599
-0.3125000000000 0.0031210926599
-0.2812500000000 0.0031544061993
-0.2500000000000 0.0031923339292
-0.2500000000000 0.0031923339292
-0.2500000000000 0.0031923339292
-0.2500000000000 0.0031923339292
-0.2187500000000 0.0032360118746
-0.1875000000000 0.0032870690649
-0.1875000000000 0.0032870690649
-0.1562500000000 0.0033473420538
-0.1250000000000 0.0034185495985
-0.1250000000000 0.0034185495985
-0.1250000000000 0.0034185495985
-0.0937500000000 0.0035107767592
-0.0625000000000 0.0036491587011
-0.0625000000000 0.0036491587011
-0.0312500000000 0.0038203338327
0.0000000000000 0.0039091544501
0.0000000000000 0.0039091544501
0.0000000000000 0.0039091544501
0.0000000000000 0.0039091544501
0.0000000000000 0.0039091544501
0.0000000000000 0.0039091544501
0.0000000000000 0.0039091544501
0.0000000000000 0.0039091544501
0.0000000000000 0.0039091544501
0.0000000000000 0.0039091544501
0.0312500000000 0.0038202357893
0.0625000000000 0.0036490428315
0.0625000000000 0.0036490428315
0.0937500000000 0.0035106958004
0.1250000000000 0.0034185031324
0.1250000000000 0.0034185031324
0.1250000000000 0.0034185031324
0.1562500000000 0.0033473066155
0.1875000000000 0.0032870337240
0.1875000000000 0.0032870337240
0.2187500000000 0.0032359785788
0.2500000000000 0.0031923055374
0.2500000000000 0.0031923055374
0.2500000000000 0.0031923055374
0.2500000000000 0.0031923055374
0.2812500000000 0.0031543829432
0.3125000000000 0.0031210734947
0.3125000000000 0.0031210734947
0.3437500000000 0.0030914492189
0.3750000000000 0.0030647774528
0.3750000000000 0.0030647774528
0.3750000000000 0.0030647774528
0.4062500000000 0.0030405402590
0.4375000000000 0.0030183678461
0.4375000000000 0.0030183678461
0.4687500000000 0.0029979566614
0.5000000000000 0.0029790366094
0.5000000000000 0.0029790366094
0.5000000000000 0.0029790366094
0.5000000000000 0.0029790366094
0.5000000000000 0.0029790366094
0.5312500000000 0.0029613854007
0.5625000000000 0.0029448442578
0.5625000000000 0.0029448442578
0.5937500000000 0.0029293058792
0.6250000000000 0.0029146864179
0.6250000000000 0.0029146864179
0.6250000000000 0.0029146864179
0.6562500000000 0.0029009062685
0.6875000000000 0.0028878872500
0.6875000000000 0.0028878872500
0.7187500000000 0.0028755572399
0.7500000000000 0.0028638533367
0.7500000000000 0.0028638533367
0.7500000000000 0.0028638533367
0.7500000000000 0.0028638533367
0.7812500000000 0.0028527221088
0.8125000000000 0.0028421189062
0.8125000000000 0.0028421189062
0.8437500000000 0.0028320070042
0.8750000000000 0.0028223561400
0.8750000000000 0.0028223561400
0.8750000000000 0.0028223561400
0.9062500000000 0.0028131404372
0.9375000000000 0.0028043363779
0.9375000000000 0.0028043363779
0.9687500000000 0.0027959214015
1.0000000000000 0.0027878732666
1.0000000000000 0.0027878732666
1.0000000000000 0.0027878732666
1.0000000000000 0.0027878732666
1.0000000000000 0.0027878732666
1.0000000000000 0.0027878732666
1.0312500000000 0.0027801700124
1.0625000000000 0.0027727902572
1.0625000000000 0.0027727902572
1.0937500000000 0.0027657135698
1.1250000000000 0.0027589207347
1.1250000000000 0.0027589207347
1.1250000000000 0.0027589207347
1.1562500000000 0.0027523938713
1.1875000000000 0.0027461164530
1.1875000000000 0.0027461164530
1.2187500000000 0.0027400732886
1.2500000000000 0.0027342504939
1.2500000000000 0.0027342504939
1.2500000000000 0.0027342504939
1.2500000000000 0.0027342504939
1.2812500000000 0.0027286354459
1.3125000000000 0.0027232167052
1.3125000000000 0.0027232167052
1.3437500000000 0.0027179838925
1.3750000000000 0.0027129275336
1.3750000000000 0.0027129275336
1.3750000000000 0.0027129275336
1.4062500000000 0.0027080388994
1.4375000000000 0.0027033098740
1.4375000000000 0.0027033098740
1.4687500000000 0.0026987328678
1.5000000000000 0.0026943007721
1.5000000000000 0.0026943007721
1.5000000000000 0.0026943007721
1.5000000000000 0.0026943007721
1.5000000000000 0.0026943007721
1.5312500000000 0.0026900069376
1.5625000000000 0.0026858451596
1.5625000000000 0.0026858451596
1.5937500000000 0.0026818096574
1.6250000000000 0.0026778950428
1.6250000000000 0.0026778950428
1.6250000000000 0.0026778950428
1.6562500000000 0.0026740962838
1.6875000000000 0.0026704086645
1.6875000000000 0.0026704086645
1.7187500000000 0.0026668277490
1.7500000000000 0.0026633493486
1.7500000000000 0.0026633493486
1.7500000000000 0.0026633493486
1.7500000000000 0.0026633493486
1.7812500000000 0.0026599694954
1.8125000000000 0.0026566844211
1.8125000000000 0.0026566844211
1.8437500000000 0.0026534905388
1.8750000000000 0.0026503844296
1.8750000000000 0.0026503844296
1.8750000000000 0.0026503844296
1.9062500000000 0.0026473628306
1.9375000000000 0.0026444226255
1.9375000000000 0.0026444226255
1.9687500000000 0.0026415608359
2.0000000000000 0.0026387746154
2.0000000000000 0.0026387746154
2.0000000000000 0.0026387746154
2.0000000000000 0.0026387746154
2.0000000000000 0.0026387746154
2.0000000000000 0.0026387746154
2.0000000000000 0.0026387746154
2.0312500000000 0.0026360612429
2.0625000000000 0.0026334181181
2.0625000000000 0.0026334181181
2.0937500000000 0.0026308427568
2.1250000000000 0.0026283327865
2.1250000000000 0.0026283327865
2.1250000000000 0.0026283327865
2.1562500000000 0.0026258859429
2.1875000000000 0.0026235000651
2.1875000000000 0.0026235000651
2.2187500000000 0.0026211730924
2.2500000000000 0.0026189030594
2.2500000000000 0.0026189030594
2.2500000000000 0.0026189030594
2.2500000000000 0.0026189030594
2.2812500000000 0.0026166880925
2.3125000000000 0.0026145264051
2.3125000000000 0.0026145264051
2.3437500000000 0.0026124162935
2.3750000000000 0.0026103561324
2.3750000000000 0.0026103561324
2.3750000000000 0.0026103561324
2.4062500000000 0.0026083443705
2.4375000000000 0.0026063795264
2.4375000000000 0.0026063795264
2.4687500000000 0.0026044601840
2.5000000000000 0.0026025849885
2.5000000000000 0.0026025849885
2.5000000000000 0.0026025849885
2.5000000000000 0.0026025849885
2.5000000000000 0.0026025849885
2.5312500000000 0.0026007526424
2.5625000000000 0.0025989619020
2.5625000000000 0.0025989619020
2.5937500000000 0.0025972115730
2.6250000000000 0.0025955005081
2.6250000000000 0.0025955005081
2.6250000000000 0.0025955005081
2.6562500000000 0.0025938276032
2.6875000000000 0.0025921917949
2.6875000000000 0.0025921917949
2.7187500000000 0.0025905920579
2.7500000000000 0.0025890274031
2.7500000000000 0.0025890274031
2.7500000000000 0.0025890274031
2.7500000000000 0.0025890274031
2.7812500000000 0.0025874968749
2.8125000000000 0.0025859995503
2.8125000000000 0.0025859995503
2.8437500000000 0.0025845345371
2.8750000000000 0.0025831009721
2.8750000000000 0.0025831009721
2.8750000000000 0.0025831009721
2.9062500000000 0.0025816980216
2.9375000000000 0.0025803248801
2.9375000000000 0.0025803248801
2.9687500000000 0.0025789807673
3.0000000000000 0.0025776649265
3.0000000000000 0.0025776649265
3.0000000000000 0.0025776649265
3.0000000000000 0.0025776649265
3.0000000000000 0.0025776649265
3.0000000000000 0.0025776649265
3.0312500000000 0.0025763766391
3.0625000000000 0.0025751152193
3.0625000000000 0.0025751152193
3.0937500000000 0.0025738799480
3.1250000000000 0.0025726702071
3.1250000000000 0.0025726702071
3.1250000000000 0.0025726702071
3.1562500000000 0.0025714853301
3.1875000000000 0.0025703247431
3.1875000000000 0.0025703247431
3.2187500000000 0.0025691878271
3.2500000000000 0.0025680740506
3.2500000000000 0.0025680740506
3.2500000000000 0.0025680740506
3.2500000000000 0.0025680740506
3.2812500000000 0.0025669828400
3.3125000000000 0.0025659137021
3.3750000000000 0.0025638395913
3.3750000000000 0.0025638395913
3.4375000000000 0.0025618479036
3.5000000000000 0.0025599350868
3.5000000000000 0.0025599350868
3.5000000000000 0.0025599350868
3.5000000000000 0.0025599350868
3.5625000000000 0.0025580978228
3.6250000000000 0.0025563330009
3.6250000000000 0.0025563330009
3.6875000000000 0.0025546376916
3.7500000000000 0.0025530091227
3.7500000000000 0.0025530091227
3.7500000000000 0.0025530091227
3.8125000000000 0.0025514446582
3.8750000000000 0.0025499417804
3.8750000000000 0.0025499417804
3.9375000000000 0.0025484980759
4.0000000000000 0.0025471112249
4.0000000000000 0.0025471112249
4.0000000000000 0.0025471112249
4.0000000000000 0.0025471112249
4.0000000000000 0.0025471112249
4.0000000000000 0.0025471112249
4.0000000000000 0.0025471112249
4.0625000000000 0.0025457789942
4.1250000000000 0.0025444992316
4.1250000000000 0.0025444992316
4.1875000000000 0.0025432698628
4.2500000000000 0.0025420888892
4.2500000000000 0.0025420888892
4.2500000000000 0.0025420888892
4.3125000000000 0.0025409543867
4.3750000000000 0.0025398645046
4.3750000000000 0.0025398645046
4.4375000000000 0.0025388174648
4.5000000000000 0.0025378115609
4.5000000000000 0.0025378115609
4.5000000000000 0.0025378115609
4.5000000000000 0.0025378115609
4.5625000000000 0.0025368451574
4.6250000000000 0.0025359166881
4.6250000000000 0.0025359166881
4.6875000000000 0.0025350246553
4.7500000000000 0.0025341676274
4.7500000000000 0.0025341676274
4.7500000000000 0.0025341676274
4.8125000000000 0.0025333442369
4.8750000000000 0.0025325531784
4.8750000000000 0.0025325531784
4.9375000000000 0.0025317932059
5.0000000000000 0.0025310631297
5.0000000000000 0.0025310631297
5.0000000000000 0.0025310631297
5.0000000000000 0.0025310631297
5.0000000000000 0.0025310631297
5.0625000000000 0.0025303618139
5.1250000000000 0.0025296881734
5.1250000000000 0.0025296881734
5.1875000000000 0.0025290411705
5.2500000000000 0.0025284198122
5.2500000000000 0.0025284198122
5.2500000000000 0.0025284198122
5.3125000000000 0.0025278231480
5.3750000000000 0.0025272502665
5.3750000000000 0.0025272502665
5.4375000000000 0.0025267002942
5.5000000000000 0.0025261723936
5.5000000000000 0.0025261723936
5.5000000000000 0.0025261723936
5.5000000000000 0.0025261723936
5.5625000000000 0.0025256657618
5.6250000000000 0.0025251796297
5.6250000000000 0.0025251796297
5.6875000000000 0.0025247132617
5.7500000000000 0.0025242659553
5.7500000000000 0.0025242659553
5.7500000000000 0.0025242659553
5.8125000000000 0.0025238370405
5.8750000000000 0.0025234258803
5.8750000000000 0.0025234258803
5.9375000000000 0.0025230318702
6.0000000000000 0.0025226544372
6.0000000000000 0.0025226544372
6.0000000000000 0.0025226544372
6.0000000000000 0.0025226544372
6.0000000000000 0.0025226544372
6.0000000000000 0.0025226544372
6.0625000000000 0.0025222930428
6.1250000000000 0.0025219471950
6.1250000000000 0.0025219471950
6.1875000000000 0.0025216163629
6.2500000000000 0.0025213001251
6.2500000000000 0.0025213001251
6.2500000000000 0.0025213001251
6.3125000000000 0.0025209980120
6.3750000000000 0.0025207096376
6.3750000000000 0.0025207096376
6.4375000000000 0.0025204345791
6.5000000000000 0.0025201724761
6.5000000000000 0.0025201724761
6.5000000000000 0.0025201724761
6.5000000000000 0.0025201724761
6.5625000000000 0.0025199229418
6.6250000000000 0.0025196856316
6.7500000000000 0.0025192462635
6.7500000000000 0.0025192462635
6.8750000000000 0.0025188516377
7.0000000000000 0.0025184990884
7.0000000000000 0.0025184990884
7.0000000000000 0.0025184990884
7.0000000000000 0.0025184990884
7.1250000000000 0.0025181860036
7.2500000000000 0.0025179098313
7.2500000000000 0.0025179098313
7.3750000000000 0.0025176680993
7.5000000000000 0.0025174584431
7.5000000000000 0.0025174584431
7.5000000000000 0.0025174584431
7.6250000000000 0.0025172786351
7.7500000000000 0.0025171266107
7.7500000000000 0.0025171266107
7.8750000000000 0.0025170004888
8.0000000000000 0.0025168985806
8.0000000000000 0.0025168985806
8.0000000000000 0.0025168985806
8.0000000000000 0.0025168985806
8.0000000000000 0.0025168985806
8.0000000000000 0.0025168985806
8.0000000000000 0.0025168985806
8.1250000000000 0.0025168193960
8.2500000000000 0.0025167617594
8.2500000000000 0.0025167617594
8.3750000000000 0.0025167242653
8.5000000000000 0.0025167061136
8.5000000000000 0.0025167061136
8.5000000000000 0.0025167061136
8.6250000000000 0.0025167062464
8.7500000000000 0.0025167240322
8.7500000000000 0.0025167240322
8.8750000000000 0.0025167586447
9.0000000000000 0.0025168096104
9.0000000000000 0.0025168096104
9.0000000000000 0.0025168096104
9.0000000000000 0.0025168096104
9.1250000000000 0.0025168762801
9.2500000000000 0.0025169583552
9.5000000000000 0.0025171671772
9.5000000000000 0.0025171671772
9.7500000000000 0.0025174343837
10.0000000000000 0.0025177594636
10.0000000000000 0.0025177594636
10.0000000000000 0.0025177594636
10.0000000000000 0.0025177594636
10.2500000000000 0.0025181427025
10.5000000000000 0.0025185847858
10.5000000000000 0.0025185847858
10.7500000000000 0.0025190865014
11.0000000000000 0.0025196485824
11.0000000000000 0.0025196485824
11.0000000000000 0.0025196485824
11.2500000000000 0.0025202717040
11.5000000000000 0.0025209566071
11.5000000000000 0.0025209566071
11.7500000000000 0.0025217042490
12.0000000000000 0.0025225158479
12.0000000000000 0.0025225158479
12.0000000000000 0.0025225158479
12.0000000000000 0.0025225158479
12.0000000000000 0.0025225158479
12.2500000000000 0.0025233928087
12.5000000000000 0.0025243359327
12.5000000000000 0.0025243359327
12.7500000000000 0.0025253467241
13.0000000000000 0.0025264244798
13.0000000000000 0.0025264244798
13.0000000000000 0.0025264244798
13.2500000000000 0.0025275694396
13.5000000000000 0.0025287802787
13.5000000000000 0.0025287802787
13.7500000000000 0.0025300558341
14.0000000000000 0.0025313958600
14.0000000000000 0.0025313958600
14.0000000000000 0.0025313958600
14.0000000000000 0.0025313958600
14.2500000000000 0.0025327994789
14.5000000000000 0.0025342674228
15.0000000000000 0.0025373976034
15.0000000000000 0.0025373976034
15.5000000000000 0.0025407927295
16.0000000000000 0.0025444610967
16.0000000000000 0.0025444610967
16.0000000000000 0.0025444610967
16.0000000000000 0.0025444610967
16.0000000000000 0.0025444610967
16.0000000000000 0.0025444610967
16.5000000000000 0.0025484087469
17.0000000000000 0.0025526318724
17.0000000000000 0.0025526318724
17.5000000000000 0.0025571126052
18.0000000000000 0.0025618220164
18.0000000000000 0.0025618220164
18.0000000000000 0.0025618220164
18.5000000000000 0.0025667274036
19.0000000000000 0.0025717982199
19.0000000000000 0.0025717982199
19.5000000000000 0.0025770068111
20.0000000000000 0.0025823243633
20.0000000000000 0.0025823243633
20.0000000000000 0.0025823243633
20.0000000000000 0.0025823243633
20.5000000000000 0.0025877167641
21.0000000000000 0.0025931450137
21.0000000000000 0.0025931450137
21.5000000000000 0.0025985690652
22.0000000000000 0.0026039509625
22.0000000000000 0.0026039509625
22.0000000000000 0.0026039509625
22.5000000000000 0.0026092565648
23.0000000000000 0.0026144569101
23.0000000000000 0.0026144569101
23.5000000000000 0.0026195283987
24.0000000000000 0.0026244516481
24.0000000000000 0.0026244516481
24.0000000000000 0.0026244516481
24.0000000000000 0.0026244516481
24.0000000000000 0.0026244516481
24.5000000000000 0.0026292113069
25.0000000000000 0.0026338002590
25.0000000000000 0.0026338002590
25.5000000000000 0.0026382037323
26.0000000000000 0.0026424293434
26.0000000000000 0.0026424293434
26.0000000000000 0.0026424293434
26.5000000000000 0.0026464712764
27.0000000000000 0.0026503550567
27.0000000000000 0.0026503550567
27.5000000000000 0.0026540940355
28.0000000000000 0.0026577189194
28.0000000000000 0.0026577189194
28.0000000000000 0.0026577189194
28.0000000000000 0.0026577189194
28.5000000000000 0.0026612570656
29.0000000000000 0.0026647318734
30.0000000000000 0.0026715890286
30.0000000000000 0.0026715890286
31.0000000000000 0.0026784810249
32.0000000000000 0.0026856192032
32.0000000000000 0.0026856192032
32.0000000000000 0.0026856192032
32.0000000000000 0.0026856192032
32.0000000000000 0.0026856192032
33.0000000000000 0.0026932130214
34.0000000000000 0.0027014270053
34.0000000000000 0.0027014270053
35.0000000000000 0.0027103395331
36.0000000000000 0.0027199696946
36.0000000000000 0.0027199696946
36.0000000000000 0.0027199696946
37.0000000000000 0.0027303350611
38.0000000000000 0.0027414286244
38.0000000000000 0.0027414286244
39.0000000000000 0.0027531772163
40.0000000000000 0.0027654625705
40.0000000000000 0.0027654625705
40.0000000000000 0.0027654625705
40.0000000000000 0.0027654625705
41.0000000000000 0.0027781632767
42.0000000000000 0.0027911755350
42.0000000000000 0.0027911755350
43.0000000000000 0.0028043831947
44.0000000000000 0.0028177018987
44.0000000000000 0.0028177018987
44.0000000000000 0.0028177018987
45.0000000000000 0.0028310182879
46.0000000000000 0.0028443032174
46.0000000000000 0.0028443032174
47.0000000000000 0.0028574809943
48.0000000000000 0.0028705779036
48.0000000000000 0.0028705779036
48.0000000000000 0.0028705779036
48.0000000000000 0.0028705779036
48.0000000000000 0.0028705779036
49.0000000000000 0.0028835663189
50.0000000000000 0.0028965322819
52.0000000000000 0.0029226273484
52.0000000000000 0.0029226273484
54.0000000000000 0.0029491446724
56.0000000000000 0.0029762853586
56.0000000000000 0.0029762853586
56.0000000000000 0.0029762853586
58.0000000000000 0.0030042133580
60.0000000000000 0.0030328925479
60.0000000000000 0.0030328925479
62.0000000000000 0.0030624322542
64.0000000000000 0.0030930799798
64.0000000000000 0.0030930799798
64.0000000000000 0.0030930799798
64.0000000000000 0.0030930799798
66.0000000000000 0.0031249094273
68.0000000000000 0.0031580029985
68.0000000000000 0.0031580029985
70.0000000000000 0.0031926350727
72.0000000000000 0.0032291187965
72.0000000000000 0.0032291187965
72.0000000000000 0.0032291187965
74.0000000000000 0.0032676949212
76.0000000000000 0.0033085318537
76.0000000000000 0.0033085318537
78.0000000000000 0.0033517067581
80.0000000000000 0.0033971675309
80.0000000000000 0.0033971675309
80.0000000000000 0.0033971675309
80.0000000000000 0.0033971675309
82.0000000000000 0.0034448230161
84.0000000000000 0.0034949665161
84.0000000000000 0.0034949665161
86.0000000000000 0.0035478305679
88.0000000000000 0.0036035063125
88.0000000000000 0.0036035063125
88.0000000000000 0.0036035063125
90.0000000000000 0.0036619488394
92.0000000000000 0.0037237988391
92.0000000000000 0.0037237988391
94.0000000000000 0.0037894832044
96.0000000000000 0.0038595984173
96.0000000000000 0.0038595984173
96.0000000000000 0.0038595984173
96.0000000000000 0.0038595984173
98.0000000000000 0.0039347261299
100.0000000000000 0.0040153377249
104.0000000000000 0.0041950083617
104.0000000000000 0.0041950083617
108.0000000000000 0.0044026705921
112.0000000000000 0.0046407034377
112.0000000000000 0.0046407034377
112.0000000000000 0.0046407034377
116.0000000000000 0.0049109895648
120.0000000000000 0.0052126661381
120.0000000000000 0.0052126661381
124.0000000000000 0.0055396867547
128.0000000000000 0.0058823726198
128.0000000000000 0.0058823726198
128.0000000000000 0.0058823726198
132.0000000000000 0.0062280792142
136.0000000000000 0.0065590070155
136.0000000000000 0.0065590070155
140.0000000000000 0.0068650492499
144.0000000000000 0.0071104831519
144.0000000000000 0.0071104831519
144.0000000000000 0.0071104831519
148.0000000000000 0.0072636932298
152.0000000000000 0.0073022508894
152.0000000000000 0.0073022508894
156.0000000000000 0.0071898665739
160.0000000000000 0.0069365076788
160.0000000000000 0.0069365076788
160.0000000000000 0.0069365076788
164.0000000000000 0.0065238703145
168.0000000000000 0.0060004787793
176.0000000000000 0.0047487022025
176.0000000000000 0.0047487022025
184.0000000000000 0.0035245297658
192.0000000000000 0.0025320638212
192.0000000000000 0.0025320638212
200.0000000000000 0.0017914084111
208.0000000000000 0.0012497956504
208.0000000000000 0.0012497956504
216.0000000000000 0.0008683723470
224.0000000000000 0.0006174155004
224.0000000000000 0.0006174155004
232.0000000000000 0.0004433125902
240.0000000000000 0.0003012043865
240.0000000000000 0.0003012043865
248.0000000000000 0.0001869716163
256.0000000000000 0.0000864216709
256.0000000000000 0.0000864216709
264.0000000000000 -0.0000173249276
272.0000000000000 -0.0001203268452
272.0000000000000 -0.0001203268452
280.0000000000000 -0.0002347081366
288.0000000000000 -0.0003291521127
288.0000000000000 -0.0003291521127
296.0000000000000 -0.0003717525592
304.0000000000000 -0.0003764021063
304.0000000000000 -0.0003764021063
312.0000000000000 -0.0003371226866
320.0000000000000 -0.0002816201784
336.0000000000000 -0.0001990854639
352.0000000000000 -0.0001578339288
368.0000000000000 -0.0001299881317
384.0000000000000 -0.0001063584841
400.0000000000000 -0.0000867422888
416.0000000000000 -0.0000706019619
432.0000000000000 -0.0000582248707
448.0000000000000 -0.0000481372807
464.0000000000000 -0.0000392769532
480.0000000000000 -0.0000319575961
496.0000000000000 -0.0000266021440
512.0000000000000 -0.0000220630606
528.0000000000000 -0.0000180476666
544.0000000000000 -0.0000149851409
560.0000000000000 -0.0000124486998
576.0000000000000 -0.0000102435728
592.0000000000000 -0.0000085268681
608.0000000000000 -0.0000071989861
624.0000000000000 -0.0000059116317
640.0000000000000 -0.0000047841005
656.0000000000000 -0.0000041346443
672.0000000000000 -0.0000035955697
688.0000000000000 -0.0000028416502
704.0000000000000 -0.0000021531410
720.0000000000000 -0.0000018678575
736.0000000000000 -0.0000017956389
752.0000000000000 -0.0000015876433
768.0000000000000 -0.0000012120107
784.0000000000000 -0.0000008198516
800.0000000000000 -0.0000005834549
816.0000000000000 -0.0000005513995
832.0000000000000 -0.0000006211961
848.0000000000000 -0.0000006524842
864.0000000000000 -0.0000005979193
880.0000000000000 -0.0000004910798
896.0000000000000 -0.0000003528703
912.0000000000000 -0.0000002132191
928.0000000000000 -0.0000001227362
944.0000000000000 -0.0000000862168
960.0000000000000 -0.0000000753562
976.0000000000000 -0.0000000838852
992.0000000000000 -0.0000001122248
1008.0000000000000 -0.0000001458224
1024.0000000000000 -0.0000001669940
1040.0000000000000 -0.0000001714088
1056.0000000000000 -0.0000001668651
1072.0000000000000 -0.0000001606095
1088.0000000000000 -0.0000001533138
1104.0000000000000 -0.0000001434183
1120.0000000000000 -0.0000001300206
1136.0000000000000 -0.0000001155449
1152.0000000000000 -0.0000001026334
1168.0000000000000 -0.0000000930528
1184.0000000000000 -0.0000000862432
1200.0000000000000 -0.0000000810639
1216.0000000000000 -0.0000000767386
1232.0000000000000 -0.0000000719252
1248.0000000000000 -0.0000000683147
1264.0000000000000 -0.0000000678957
1280.0000000000000 -0.0000000683979
1296.0000000000000 -0.0000000682236
1312.0000000000000 -0.0000000698777
1328.0000000000000 -0.0000000744383
1344.0000000000000 -0.0000000793292
1360.0000000000000 -0.0000000821614
1376.0000000000000 -0.0000000830207
1392.0000000000000 -0.0000000830318
1408.0000000000000 -0.0000000829009
1424.0000000000000 -0.0000000827392
1440.0000000000000 -0.0000000825711
1456.0000000000000 -0.0000000823425
1472.0000000000000 -0.0000000821360
1488.0000000000000 -0.0000000819020
1504.0000000000000 -0.0000000816565
1520.0000000000000 -0.0000000814368
1536.0000000000000 -0.0000000811713
1552.0000000000000 -0.0000000809158
1568.0000000000000 -0.0000000806761
1584.0000000000000 -0.0000000805168
1600.0000000000000 -0.0000000805479
1616.0000000000000 -0.0000000806054
1632.0000000000000 -0.0000000805957
1648.0000000000000 -0.0000000806978
1664.0000000000000 -0.0000000808022
1680.0000000000000 -0.0000000803458
1696.0000000000000 -0.0000000789278
1712.0000000000000 -0.0000000767225
1728.0000000000000 -0.0000000741385
1744.0000000000000 -0.0000000713356
1760.0000000000000 -0.0000000683031
1776.0000000000000 -0.0000000651245
1792.0000000000000 -0.0000000618670
1808.0000000000000 -0.0000000585037
1824.0000000000000 -0.0000000550411
1840.0000000000000 -0.0000000514721
1856.0000000000000 -0.0000000477624
1872.0000000000000 -0.0000000438961
1888.0000000000000 -0.0000000398219
1904.0000000000000 -0.0000000354862
1920.0000000000000 -0.0000000308248
1936.0000000000000 -0.0000000257568
1952.0000000000000 -0.0000000201940
1968.0000000000000 -0.0000000140307
1984.0000000000000 -0.0000000071830
