# x phi
-1984.0000000000000 -0.0000000034619
-1968.0000000000000 -0.0000000063144
-1952.0000000000000 -0.0000000084448
-1936.0000000000000 -0.0000000099492
-1920.0000000000000 -0.0000000109288
-1904.0000000000000 -0.0000000114705
-1888.0000000000000 -0.0000000116298
-1872.0000000000000 -0.0000000114135
-1856.0000000000000 -0.0000000108188
-1840.0000000000000 -0.0000000099428
-1824.0000000000000 -0.0000000090013
-1808.0000000000000 -0.0000000081694
-1792.0000000000000 -0.0000000074163
-1776.0000000000000 -0.0000000066767
-1760.0000000000000 -0.0000000060351
-1744.0000000000000 -0.0000000055197
-1728.0000000000000 -0.0000000050349
-1712.0000000000000 -0.0000000046663
-1696.0000000000000 -0.0000000045970
-1680.0000000000000 -0.0000000046795
-1664.0000000000000 -0.0000000047537
-1648.0000000000000 -0.0000000050609
-1632.0000000000000 -0.0000000057137
-1616.0000000000000 -0.0000000065323
-1600.0000000000000 -0.0000000074941
-1584.0000000000000 -0.0000000086559
-1568.0000000000000 -0.0000000099846
-1552.0000000000000 -0.0000000112310
-1536.0000000000000 -0.0000000117492
-1520.0000000000000 -0.0000000108740
-1504.0000000000000 -0.0000000088724
-1488.0000000000000 -0.0000000073803
-1472.0000000000000 -0.0000000077193
-1456.0000000000000 -0.0000000092875
-1440.0000000000000 -0.0000000111284
-1424.0000000000000 -0.0000000137320
-1408.0000000000000 -0.0000000174118
-1392.0000000000000 -0.0000000212131
-1376.0000000000000 -0.0000000252380
-1360.0000000000000 -0.0000000299595
-1344.0000000000000 -0.0000000345929
-1328.0000000000000 -0.0000000401367
-1312.0000000000000 -0.0000000477427
-1296.0000000000000 -0.0000000539884
-1280.0000000000000 -0.0000000567417
-1264.0000000000000 -0.0000000573961
-1248.0000000000000 -0.0000000550291
-1232.0000000000000 -0.0000000494488
-1216.0000000000000 -0.0000000406023
-1200.0000000000000 -0.0000000238180
-1184.0000000000000 0.0000000033567
-1168.0000000000000 0.0000000359791
-1152.0000000000000 0.0000000614123
-1136.0000000000000 0.0000000675354
-1120.0000000000000 0.0000000531059
-1104.0000000000000 0.0000000178194
-1088.0000000000000 -0.0000000457401
-1072.0000000000000 -0.0000001305628
-1056.0000000000000 -0.0000002000582
-1040.0000000000000 -0.0000002173333
-1024.0000000000000 -0.0000001693996
-1008.0000000000000 -0.0000000700684
-992.0000000000000 0.0000000296014
-976.0000000000000 0.0000000461635
-960.0000000000000 -0.0000000756956
-944.0000000000000 -0.0000002736710
-928.0000000000000 -0.0000003857404
-912.0000000000000 -0.0000003236923
-896.0000000000000 -0.0000001947684
-880.0000000000000 -0.0000002105238
-864.0000000000000 -0.0000004267782
-848.0000000000000 -0.0000006241005
-832.0000000000000 -0.0000006268416
-816.0000000000000 -0.0000006113507
-800.0000000000000 -0.0000008028452
-784.0000000000000 -0.0000010711857
-768.0000000000000 -0.0000012004660
-752.0000000000000 -0.0000013442745
-736.0000000000000 -0.0000016837246
-720.0000000000000 -0.0000020452720
-704.0000000000000 -0.0000023610136
-688.0000000000000 -0.0000028479292
-672.0000000000000 -0.0000035033877
-656.0000000000000 -0.0000041689489
-640.0000000000000 -0.0000049741580
-624.0000000000000 -0.0000059401779
-608.0000000000000 -0.0000070526075
-592.0000000000000 -0.0000086174626
-576.0000000000000 -0.0000106317093
-560.0000000000000 -0.0000125363478
-544.0000000000000 -0.0000141433330
-528.0000000000000 -0.0000174877422
-512.0000000000000 -0.0000295169946
-496.0000000000000 -0.0000530042742
-480.0000000000000 -0.0000588820911
-464.0000000000000 0.0000097943163
-448.0000000000000 0.0001588683890
-432.0000000000000 0.0003082707857
-416.0000000000000 0.0004170538673
-400.0000000000000 0.0005678111587
-384.0000000000000 0.0008797812168
-368.0000000000000 0.0014598653718
-352.0000000000000 0.0022505456605
-336.0000000000000 0.0027161078110
-320.0000000000000 0.0022362765140
-312.0000000000000 0.0017037374550
-304.0000000000000 0.0011207781805
-304.0000000000000 0.0011207781805
-296.0000000000000 0.0006444000857
-288.0000000000000 0.0002375851593
-288.0000000000000 0.0002375851593
-280.0000000000000 -0.0000723797553
-272.0000000000000 -0.0003214078266
-272.0000000000000 -0.0003214078266
-264.0000000000000 -0.0005366817563
-256.0000000000000 -0.0007171061013
-256.0000000000000 -0.0007171061013
-248.0000000000000 -0.0008678244387
-240.0000000000000 -0.0009973024097
-240.0000000000000 -0.0009973024097
-232.0000000000000 -0.0011121758736
-224.0000000000000 -0.0012230777534
-224.0000000000000 -0.0012230777534
-216.0000000000000 -0.0013326419018
-208.0000000000000 -0.0014303436512
-208.0000000000000 -0.0014303436512
-200.0000000000000 -0.0015049940746
-192.0000000000000 -0.0015658855444
-192.0000000000000 -0.0015658855444
-184.0000000000000 -0.0016313691651
-176.0000000000000 -0.0017066817055
-176.0000000000000 -0.0017066817055
-168.0000000000000 -0.0017738677495
-164.0000000000000 -0.0017909565034
-160.0000000000000 -0.0017990935581
-160.0000000000000 -0.0017990935581
-160.0000000000000 -0.0017990935581
-156.0000000000000 -0.0017983412383
-152.0000000000000 -0.0017946660086
-152.0000000000000 -0.0017946660086
-148.0000000000000 -0.0017936987168
-144.0000000000000 -0.0017965085384
-144.0000000000000 -0.0017965085384
-144.0000000000000 -0.0017965085384
-140.0000000000000 -0.0018070158041
-136.0000000000000 -0.0018222978967
-136.0000000000000 -0.0018222978967
-132.0000000000000 -0.0018417152135
-128.0000000000000 -0.0018623390421
-128.0000000000000 -0.0018623390421
-128.0000000000000 -0.0018623390421
-124.0000000000000 -0.0018812593100
-120.0000000000000 -0.0018977804952
-120.0000000000000 -0.0018977804952
-116.0000000000000 -0.0019116038272
-112.0000000000000 -0.0019235420007
-112.0000000000000 -0.0019235420007
-112.0000000000000 -0.0019235420007
-108.0000000000000 -0.0019348586052
-104.0000000000000 -0.0019446036049
-104.0000000000000 -0.0019446036049
-100.0000000000000 -0.0019506402969
-98.0000000000000 -0.0019523824946
-96.0000000000000 -0.0019540572151
-96.0000000000000 -0.0019540572151
-96.0000000000000 -0.0019540572151
-96.0000000000000 -0.0019540572151
-94.0000000000000 -0.0019564737100
-92.0000000000000 -0.0019595540891
-92.0000000000000 -0.0019595540891
-90.0000000000000 -0.0019638139517
-88.0000000000000 -0.0019682820799
-88.0000000000000 -0.0019682820799
-88.0000000000000 -0.0019682820799
-86.0000000000000 -0.0019722901919
-84.0000000000000 -0.0019754450783
-84.0000000000000 -0.0019754450783
-82.0000000000000 -0.0019767997504
-80.0000000000000 -0.0019773472638
-80.0000000000000 -0.0019773472638
-80.0000000000000 -0.0019773472638
-80.0000000000000 -0.0019773472638
-78.0000000000000 -0.0019774956427
-76.0000000000000 -0.0019780529929
-76.0000000000000 -0.0019780529929
-74.0000000000000 -0.0019796916888
-72.0000000000000 -0.0019827196439
-72.0000000000000 -0.0019827196439
-72.0000000000000 -0.0019827196439
-70.0000000000000 -0.0019869649888
-68.0000000000000 -0.0019918651627
-68.0000000000000 -0.0019918651627
-66.0000000000000 -0.0019967415214
-64.0000000000000 -0.0020010704080
-64.0000000000000 -0.0020010704080
-64.0000000000000 -0.0020010704080
-64.0000000000000 -0.0020010704080
-62.0000000000000 -0.0020046563084
-60.0000000000000 -0.0020077148566
-60.0000000000000 -0.0020077148566
-58.0000000000000 -0.0020107616344
-56.0000000000000 -0.0020142680627
-56.0000000000000 -0.0020142680627
-56.0000000000000 -0.0020142680627
-54.0000000000000 -0.0020183790305
-52.0000000000000 -0.0020229328812
-52.0000000000000 -0.0020229328812
-50.0000000000000 -0.0020275859229
-49.0000000000000 -0.0020298137171
-48.0000000000000 -0.0020318858219
-48.0000000000000 -0.0020318858219
-48.0000000000000 -0.0020318858219
-48.0000000000000 -0.0020318858219
-48.0000000000000 -0.0020318858219
-47.0000000000000 -0.0020337350601
-46.0000000000000 -0.0020352933496
-46.0000000000000 -0.0020352933496
-45.0000000000000 -0.0020364733301
-44.0000000000000 -0.0020372656584
-44.0000000000000 -0.0020372656584
-44.0000000000000 -0.0020372656584
-43.0000000000000 -0.0020376146550
-42.0000000000000 -0.0020375719677
-42.0000000000000 -0.0020375719677
-41.0000000000000 -0.0020371464873
-40.0000000000000 -0.0020364108051
-40.0000000000000 -0.0020364108051
-40.0000000000000 -0.0020364108051
-40.0000000000000 -0.0020364108051
-39.0000000000000 -0.0020354194539
-38.0000000000000 -0.0020342355009
-38.0000000000000 -0.0020342355009
-37.0000000000000 -0.0020329171940
-36.0000000000000 -0.0020315312509
-36.0000000000000 -0.0020315312509
-36.0000000000000 -0.0020315312509
-35.0000000000000 -0.0020301696092
-34.0000000000000 -0.0020289346671
-34.0000000000000 -0.0020289346671
-33.0000000000000 -0.0020279135291
-32.0000000000000 -0.0020271786348
-32.0000000000000 -0.0020271786348
-32.0000000000000 -0.0020271786348
-32.0000000000000 -0.0020271786348
-32.0000000000000 -0.0020271786348
-31.0000000000000 -0.0020267953223
-30.0000000000000 -0.0020268016083
-30.0000000000000 -0.0020268016083
-29.0000000000000 -0.0020271789356
-28.5000000000000 -0.0020274856285
-28.0000000000000 -0.0020278589766
-28.0000000000000 -0.0020278589766
-28.0000000000000 -0.0020278589766
-28.0000000000000 -0.0020278589766
-27.5000000000000 -0.0020282882548
-27.0000000000000 -0.0020287695458
-27.0000000000000 -0.0020287695458
-26.5000000000000 -0.0020292964473
-26.0000000000000 -0.0020298656896
-26.0000000000000 -0.0020298656896
-26.0000000000000 -0.0020298656896
-25.5000000000000 -0.0020304734239
-25.0000000000000 -0.0020311149847
-25.0000000000000 -0.0020311149847
-24.5000000000000 -0.0020317858377
-24.0000000000000 -0.0020324817400
-24.0000000000000 -0.0020324817400
-24.0000000000000 -0.0020324817400
-24.0000000000000 -0.0020324817400
-24.0000000000000 -0.0020324817400
-23.5000000000000 -0.0020331985075
-23.0000000000000 -0.0020339314304
-23.0000000000000 -0.0020339314304
-22.5000000000000 -0.0020346747549
-22.0000000000000 -0.0020354215540
-22.0000000000000 -0.0020354215540
-22.0000000000000 -0.0020354215540
-21.5000000000000 -0.0020361639460
-21.0000000000000 -0.0020368936532
-21.0000000000000 -0.0020368936532
-20.5000000000000 -0.0020376027010
-20.0000000000000 -0.0020382839413
-20.0000000000000 -0.0020382839413
-20.0000000000000 -0.0020382839413
-20.0000000000000 -0.0020382839413
-19.5000000000000 -0.0020389312995
-19.0000000000000 -0.0020395399549
-19.0000000000000 -0.0020395399549
-18.5000000000000 -0.0020401066009
-18.0000000000000 -0.0020406295614
-18.0000000000000 -0.0020406295614
-18.0000000000000 -0.0020406295614
-17.5000000000000 -0.0020411084802
-17.0000000000000 -0.0020415437581
-17.0000000000000 -0.0020415437581
-16.5000000000000 -0.0020419362477
-16.0000000000000 -0.0020422873307
-16.0000000000000 -0.0020422873307
-16.0000000000000 -0.0020422873307
-16.0000000000000 -0.0020422873307
-16.0000000000000 -0.0020422873307
-16.0000000000000 -0.0020422873307
-15.5000000000000 -0.0020425988986
-15.0000000000000 -0.0020428728556
-15.0000000000000 -0.0020428728556
-14.5000000000000 -0.0020431103171
-14.2500000000000 -0.0020432153565
-14.0000000000000 -0.0020433109098
-14.0000000000000 -0.0020433109098
-14.0000000000000 -0.0020433109098
-14.0000000000000 -0.0020433109098
-13.7500000000000 -0.0020433967989
-13.5000000000000 -0.0020434724820
-13.5000000000000 -0.0020434724820
-13.2500000000000 -0.0020435375413
-13.0000000000000 -0.0020435914258
-13.0000000000000 -0.0020435914258
-13.0000000000000 -0.0020435914258
-12.7500000000000 -0.0020436335789
-12.5000000000000 -0.0020436635998
-12.5000000000000 -0.0020436635998
-12.2500000000000 -0.0020436809573
-12.0000000000000 -0.0020436854866
-12.0000000000000 -0.0020436854866
-12.0000000000000 -0.0020436854866
-12.0000000000000 -0.0020436854866
-12.0000000000000 -0.0020436854866
-11.7500000000000 -0.0020436768863
-11.5000000000000 -0.0020436550352
-11.5000000000000 -0.0020436550352
-11.2500000000000 -0.0020436199031
-11.0000000000000 -0.0020435715297
-11.0000000000000 -0.0020435715297
-11.0000000000000 -0.0020435715297
-10.7500000000000 -0.0020435100076
-10.5000000000000 -0.0020434354646
-10.5000000000000 -0.0020434354646
-10.2500000000000 -0.0020433480514
-10.0000000000000 -0.0020432479373
-10.0000000000000 -0.0020432479373
-10.0000000000000 -0.0020432479373
-10.0000000000000 -0.0020432479373
-9.7500000000000 -0.0020431353178
-9.5000000000000 -0.0020430104356
-9.5000000000000 -0.0020430104356
-9.2500000000000 -0.0020428736138
-9.1250000000000 -0.0020428008535
-9.0000000000000 -0.0020427252901
-9.0000000000000 -0.0020427252901
-9.0000000000000 -0.0020427252901
-9.0000000000000 -0.0020427252901
-8.8750000000000 -0.0020426469870
-8.7500000000000 -0.0020425660440
-8.7500000000000 -0.0020425660440
-8.6250000000000 -0.0020424825441
-8.5000000000000 -0.0020423966021
-8.5000000000000 -0.0020423966021
-8.5000000000000 -0.0020423966021
-8.3750000000000 -0.0020423083193
-8.2500000000000 -0.0020422178197
-8.2500000000000 -0.0020422178197
-8.1250000000000 -0.0020421252191
-8.0000000000000 -0.0020420306430
-8.0000000000000 -0.0020420306430
-8.0000000000000 -0.0020420306430
-8.0000000000000 -0.0020420306430
-8.0000000000000 -0.0020420306430
-8.0000000000000 -0.0020420306430
-8.0000000000000 -0.0020420306430
-7.8750000000000 -0.0020419342125
-7.7500000000000 -0.0020418360569
-7.7500000000000 -0.0020418360569
-7.6250000000000 -0.0020417363033
-7.5000000000000 -0.0020416350783
-7.5000000000000 -0.0020416350783
-7.5000000000000 -0.0020416350783
-7.3750000000000 -0.0020415325099
-7.2500000000000 -0.0020414287280
-7.2500000000000 -0.0020414287280
-7.1250000000000 -0.0020413238676
-7.0000000000000 -0.0020412180709
-7.0000000000000 -0.0020412180709
-7.0000000000000 -0.0020412180709
-7.0000000000000 -0.0020412180709
-6.8750000000000 -0.0020411114913
-6.7500000000000 -0.0020410042969
-6.7500000000000 -0.0020410042969
-6.6250000000000 -0.0020408966748
-6.5625000000000 -0.0020408427673
-6.5000000000000 -0.0020407888349
-6.5000000000000 -0.0020407888349
-6.5000000000000 -0.0020407888349
-6.5000000000000 -0.0020407888349
-6.4375000000000 -0.0020407349054
-6.3750000000000 -0.0020406810138
-6.3750000000000 -0.0020406810138
-6.3125000000000 -0.0020406271916
-6.2500000000000 -0.0020405734779
-6.2500000000000 -0.0020405734779
-6.2500000000000 -0.0020405734779
-6.1875000000000 -0.0020405199081
-6.1250000000000 -0.0020404665257
-6.1250000000000 -0.0020404665257
-6.0625000000000 -0.0020404133699
-6.0000000000000 -0.0020403604891
-6.0000000000000 -0.0020403604891
-6.0000000000000 -0.0020403604891
-6.0000000000000 -0.0020403604891
-6.0000000000000 -0.0020403604891
-6.0000000000000 -0.0020403604891
-5.9375000000000 -0.0020403079282
-5.8750000000000 -0.0020402557358
-5.8750000000000 -0.0020402557358
-5.8125000000000 -0.0020402039627
-5.7500000000000 -0.0020401526617
-5.7500000000000 -0.0020401526617
-5.7500000000000 -0.0020401526617
-5.6875000000000 -0.0020401018871
-5.6250000000000 -0.0020400516953
-5.6250000000000 -0.0020400516953
-5.5625000000000 -0.0020400021442
-5.5000000000000 -0.0020399532929
-5.5000000000000 -0.0020399532929
-5.5000000000000 -0.0020399532929
-5.5000000000000 -0.0020399532929
-5.4375000000000 -0.0020399052023
-5.3750000000000 -0.0020398579343
-5.3750000000000 -0.0020398579343
-5.3125000000000 -0.0020398115521
-5.2500000000000 -0.0020397661197
-5.2500000000000 -0.0020397661197
-5.2500000000000 -0.0020397661197
-5.1875000000000 -0.0020397217021
-5.1250000000000 -0.0020396783655
-5.1250000000000 -0.0020396783655
-5.0625000000000 -0.0020396361763
-5.0000000000000 -0.0020395952023
-5.0000000000000 -0.0020395952023
-5.0000000000000 -0.0020395952023
-5.0000000000000 -0.0020395952023
-5.0000000000000 -0.0020395952023
-4.9375000000000 -0.0020395555115
-4.8750000000000 -0.0020395171730
-4.8750000000000 -0.0020395171730
-4.8125000000000 -0.0020394802567
-4.7500000000000 -0.0020394448335
-4.7500000000000 -0.0020394448335
-4.7500000000000 -0.0020394448335
-4.6875000000000 -0.0020394109756
-4.6250000000000 -0.0020393787563
-4.6250000000000 -0.0020393787563
-4.5625000000000 -0.0020393482509
-4.5000000000000 -0.0020393195366
-4.5000000000000 -0.0020393195366
-4.5000000000000 -0.0020393195366
-4.5000000000000 -0.0020393195366
-4.4375000000000 -0.0020392926927
-4.3750000000000 -0.0020392678015
-4.3750000000000 -0.0020392678015
-4.3125000000000 -0.0020392449487
-4.2500000000000 -0.0020392242237
-4.2500000000000 -0.0020392242237
-4.2500000000000 -0.0020392242237
-4.1875000000000 -0.0020392057204
-4.1250000000000 -0.0020391895381
-4.1250000000000 -0.0020391895381
-4.0625000000000 -0.0020391757820
-4.0000000000000 -0.0020391645640
-4.0000000000000 -0.0020391645640
-4.0000000000000 -0.0020391645640
-4.0000000000000 -0.0020391645640
-4.0000000000000 -0.0020391645640
-4.0000000000000 -0.0020391645640
-4.0000000000000 -0.0020391645640
-3.9375000000000 -0.0020391560039
-3.8750000000000 -0.0020391502303
-3.8750000000000 -0.0020391502303
-3.8125000000000 -0.0020391473814
-3.7500000000000 -0.0020391476062
-3.7500000000000 -0.0020391476062
-3.7500000000000 -0.0020391476062
-3.6875000000000 -0.0020391510657
-3.6250000000000 -0.0020391579339
-3.6250000000000 -0.0020391579339
-3.5625000000000 -0.0020391683992
-3.5000000000000 -0.0020391826654
-3.5000000000000 -0.0020391826654
-3.5000000000000 -0.0020391826654
-3.5000000000000 -0.0020391826654
-3.4375000000000 -0.0020392009531
-3.3750000000000 -0.0020392235008
-3.3750000000000 -0.0020392235008
-3.3125000000000 -0.0020392505664
-3.2812500000000 -0.0020392658791
-3.2500000000000 -0.0020392824282
-3.2500000000000 -0.0020392824282
-3.2500000000000 -0.0020392824282
-3.2500000000000 -0.0020392824282
-3.2187500000000 -0.0020393002500
-3.1875000000000 -0.0020393193862
-3.1875000000000 -0.0020393193862
-3.1562500000000 -0.0020393398758
-3.1250000000000 -0.0020393617636
-3.1250000000000 -0.0020393617636
-3.1250000000000 -0.0020393617636
-3.0937500000000 -0.0020393850916
-3.0625000000000 -0.0020394099081
-3.0625000000000 -0.0020394099081
-3.0312500000000 -0.0020394362581
-3.0000000000000 -0.0020394641939
-3.0000000000000 -0.0020394641939
-3.0000000000000 -0.0020394641939
-3.0000000000000 -0.0020394641939
-3.0000000000000 -0.0020394641939
-3.0000000000000 -0.0020394641939
-2.9687500000000 -0.0020394937655
-2.9375000000000 -0.0020395250255
-2.9375000000000 -0.0020395250255
-2.9062500000000 -0.0020395580294
-2.8750000000000 -0.0020395928345
-2.8750000000000 -0.0020395928345
-2.8750000000000 -0.0020395928345
-2.8437500000000 -0.0020396295002
-2.8125000000000 -0.0020396680880
-2.8125000000000 -0.0020396680880
-2.7812500000000 -0.0020397086621
-2.7500000000000 -0.0020397512890
-2.7500000000000 -0.0020397512890
-2.7500000000000 -0.0020397512890
-2.7500000000000 -0.0020397512890
-2.7187500000000 -0.0020397960377
-2.6875000000000 -0.0020398429801
-2.6875000000000 -0.0020398429801
-2.6562500000000 -0.0020398921907
-2.6250000000000 -0.0020399437473
-2.6250000000000 -0.0020399437473
-2.6250000000000 -0.0020399437473
-2.5937500000000 -0.0020399977304
-2.5625000000000 -0.0020400542241
-2.5625000000000 -0.0020400542241
-2.5312500000000 -0.0020401133157
-2.5000000000000 -0.0020401750962
-2.5000000000000 -0.0020401750962
-2.5000000000000 -0.0020401750962
-2.5000000000000 -0.0020401750962
-2.5000000000000 -0.0020401750962
-2.4687500000000 -0.0020402396604
-2.4375000000000 -0.0020403071068
-2.4375000000000 -0.0020403071068
-2.4062500000000 -0.0020403775384
-2.3750000000000 -0.0020404510622
-2.3750000000000 -0.0020404510622
-2.3750000000000 -0.0020404510622
-2.3437500000000 -0.0020405277899
-2.3125000000000 -0.0020406078381
-2.3125000000000 -0.0020406078381
-2.2812500000000 -0.0020406913285
-2.2500000000000 -0.0020407783883
-2.2500000000000 -0.0020407783883
-2.2500000000000 -0.0020407783883
-2.2500000000000 -0.0020407783883
-2.2187500000000 -0.0020408691502
-2.1875000000000 -0.0020409637536
-2.1875000000000 -0.0020409637536
-2.1562500000000 -0.0020410623442
-2.1250000000000 -0.0020411650752
-2.1250000000000 -0.0020411650752
-2.1250000000000 -0.0020411650752
-2.0937500000000 -0.0020412721077
-2.0625000000000 -0.0020413836115
-2.0625000000000 -0.0020413836115
-2.0312500000000 -0.0020414997660
-2.0000000000000 -0.0020416207615
-2.0000000000000 -0.0020416207615
-2.0000000000000 -0.0020416207615
-2.0000000000000 -0.0020416207615
-2.0000000000000 -0.0020416207615
-2.0000000000000 -0.0020416207615
-2.0000000000000 -0.0020416207615
-1.9687500000000 -0.0020417467999
-1.9375000000000 -0.0020418780963
-1.9375000000000 -0.0020418780963
-1.9062500000000 -0.0020420148807
-1.8750000000000 -0.0020421573989
-1.8750000000000 -0.0020421573989
-1.8750000000000 -0.0020421573989
-1.8437500000000 -0.0020423059148
-1.8125000000000 -0.0020424607116
-1.8125000000000 -0.0020424607116
-1.7812500000000 -0.0020426220941
-1.7500000000000 -0.0020427903900
-1.7500000000000 -0.0020427903900
-1.7500000000000 -0.0020427903900
-1.7500000000000 -0.0020427903900
-1.7187500000000 -0.0020429659521
-1.6875000000000 -0.0020431491590
-1.6875000000000 -0.0020431491590
-1.6562500000000 -0.0020433404164
-1.6250000000000 -0.0020435401580
-1.6250000000000 -0.0020435401580
-1.6250000000000 -0.0020435401580
-1.5937500000000 -0.0020437488454
-1.5625000000000 -0.0020439669671
-1.5625000000000 -0.0020439669671
-1.5312500000000 -0.0020441950375
-1.5000000000000 -0.0020444335935
-1.5000000000000 -0.0020444335935
-1.5000000000000 -0.0020444335935
-1.5000000000000 -0.0020444335935
-1.5000000000000 -0.0020444335935
-1.4687500000000 -0.0020446831920
-1.4375000000000 -0.0020449444048
-1.4375000000000 -0.0020449444048
-1.4062500000000 -0.0020452178144
-1.3750000000000 -0.0020455040085
-1.3750000000000 -0.0020455040085
-1.3750000000000 -0.0020455040085
-1.3437500000000 -0.0020458035750
-1.3125000000000 -0.0020461170972
-1.3125000000000 -0.0020461170972
-1.2812500000000 -0.0020464451501
-1.2500000000000 -0.0020467882986
-1.2500000000000 -0.0020467882986
-1.2500000000000 -0.0020467882986
-1.2500000000000 -0.0020467882986
-1.2187500000000 -0.0020471470970
-1.1875000000000 -0.0020475220918
-1.1875000000000 -0.0020475220918
-1.1562500000000 -0.0020479138283
-1.1250000000000 -0.0020483228607
-1.1250000000000 -0.0020483228607
-1.1250000000000 -0.0020483228607
-1.0937500000000 -0.0020487497662
-1.0625000000000 -0.0020491951638
-1.0625000000000 -0.0020491951638
-1.0312500000000 -0.0020496597318
-1.0000000000000 -0.0020501442164
-1.0000000000000 -0.0020501442164
-1.0000000000000 -0.0020501442164
-1.0000000000000 -0.0020501442164
-1.0000000000000 -0.0020501442164
-1.0000000000000 -0.0020501442164
-0.9687500000000 -0.0020506494156
-0.9375000000000 -0.0020511761240
-0.9375000000000 -0.0020511761240
-0.9062500000000 -0.0020517250322
-0.8750000000000 -0.0020522965899
-0.8750000000000 -0.0020522965899
-0.8750000000000 -0.0020522965899
-0.8437500000000 -0.0020528908751
-0.8125000000000 -0.0020535075319
-0.8125000000000 -0.0020535075319
-0.7812500000000 -0.0020541458470
-0.7500000000000 -0.0020548050058
-0.7500000000000 -0.0020548050058
-0.7500000000000 -0.0020548050058
-0.7500000000000 -0.0020548050058
-0.7187500000000 -0.0020554845052
-0.6875000000000 -0.0020561846168
-0.6875000000000 -0.0020561846168
-0.6562500000000 -0.0020569067338
-0.6250000000000 -0.0020576534458
-0.6250000000000 -0.0020576534458
-0.6250000000000 -0.0020576534458
-0.5937500000000 -0.0020584283371
-0.5625000000000 -0.0020592357329
-0.5625000000000 -0.0020592357329
-0.5312500000000 -0.0020600807910
-0.5000000000000 -0.0020609702691
-0.5000000000000 -0.0020609702691
-0.5000000000000 -0.0020609702691
-0.5000000000000 -0.0020609702691
-0.5000000000000 -0.0020609702691
-0.4687500000000 -0.0020619139353
-0.4375000000000 -0.0020629260423
-0.4375000000000 -0.0020629260423
-0.4062500000000 -0.0020640261425
-0.3750000000000 -0.0020652392051
-0.3750000000000 -0.0020652392051
-0.3750000000000 -0.0020652392051
-0.3437500000000 -0.0020665942478
-0.3125000000000 -0.0020681168280
-0.3125000000000 -0.0020681168280
-0.2812500000000 -0.0020698114246
-0.2500000000000 -0.0020716418007
-0.2500000000000 -0.0020716418007
-0.2500000000000 -0.0020716418007
-0.2500000000000 -0.0020716418007
-0.2187500000000 -0.0020735348826
-0.1875000000000 -0.0020754414985
-0.1875000000000 -0.0020754414985
-0.1562500000000 -0.0020774274422
-0.1250000000000 -0.0020796921447
-0.1250000000000 -0.0020796921447
-0.1250000000000 -0.0020796921447
-0.0937500000000 -0.0020825619299
-0.0625000000000 -0.0020863582372
-0.0625000000000 -0.0020863582372
-0.0312500000000 -0.0020904192255
0.0000000000000 -0.0020923557900
0.0000000000000 -0.0020923557900
0.0000000000000 -0.0020923557900
0.0000000000000 -0.0020923557900
0.0000000000000 -0.0020923557900
0.0000000000000 -0.0020923557900
0.0000000000000 -0.0020923557900
0.0000000000000 -0.0020923557900
0.0000000000000 -0.0020923557900
0.0000000000000 -0.0020923557900
0.0312500000000 -0.0020904144761
0.0625000000000 -0.0020863520605
0.0625000000000 -0.0020863520605
0.0937500000000 -0.0020825582252
0.1250000000000 -0.0020796916536
0.1250000000000 -0.0020796916536
0.1250000000000 -0.0020796916536
0.1562500000000 -0.0020774262727
0.1875000000000 -0.0020754361611
0.1875000000000 -0.0020754361611
0.2187500000000 -0.0020735259736
0.2500000000000 -0.0020716320663
0.2500000000000 -0.0020716320663
0.2500000000000 -0.0020716320663
0.2500000000000 -0.0020716320663
0.2812500000000 -0.0020698028580
0.3125000000000 -0.0020681099601
0.3125000000000 -0.0020681099601
0.3437500000000 -0.0020665887593
0.3750000000000 -0.0020652346598
0.3750000000000 -0.0020652346598
0.3750000000000 -0.0020652346598
0.4062500000000 -0.0020640223528
0.4375000000000 -0.0020629229725
0.4375000000000 -0.0020629229725
0.4687500000000 -0.0020619114426
0.5000000000000 -0.0020609680508
0.5000000000000 -0.0020609680508
0.5000000000000 -0.0020609680508
0.5000000000000 -0.0020609680508
0.5000000000000 -0.0020609680508
0.5312500000000 -0.0020600785586
0.5625000000000 -0.0020592333685
0.5625000000000 -0.0020592333685
0.5937500000000 -0.0020584258800
0.6250000000000 -0.0020576509757
0.6250000000000 -0.0020576509757
0.6250000000000 -0.0020576509757
0.6562500000000 -0.0020569042884
0.6875000000000 -0.0020561821924
0.6875000000000 -0.0020561821924
0.7187500000000 -0.0020554821013
0.7500000000000 -0.0020548026596
0.7500000000000 -0.0020548026596
0.7500000000000 -0.0020548026596
0.7500000000000 -0.0020548026596
0.7812500000000 -0.0020541436331
0.8125000000000 -0.0020535055371
0.8125000000000 -0.0020535055371
0.8437500000000 -0.0020528891657
0.8750000000000 -0.0020522951923
0.8750000000000 -0.0020522951923
0.8750000000000 -0.0020522951923
0.9062500000000 -0.0020517239308
0.9375000000000 -0.0020511752725
0.9375000000000 -0.0020511752725
0.9687500000000 -0.0020506487521
1.0000000000000 -0.0020501436781
1.0000000000000 -0.0020501436781
1.0000000000000 -0.0020501436781
1.0000000000000 -0.0020501436781
1.0000000000000 -0.0020501436781
1.0000000000000 -0.0020501436781
1.0312500000000 -0.0020496592657
1.0625000000000 -0.0020491947332
1.0625000000000 -0.0020491947332
1.0937500000000 -0.0020487493512
1.1250000000000 -0.0020483224543
1.1250000000000 -0.0020483224543
1.1250000000000 -0.0020483224543
1.1562500000000 -0.0020479134315
1.1875000000000 -0.0020475217088
1.1875000000000 -0.0020475217088
1.2187500000000 -0.0020471467326
1.2500000000000 -0.0020467879558
1.2500000000000 -0.0020467879558
1.2500000000000 -0.0020467879558
1.2500000000000 -0.0020467879558
1.2812500000000 -0.0020464448287
1.3125000000000 -0.0020461167942
1.3125000000000 -0.0020461167942
1.3437500000000 -0.0020458032855
1.3750000000000 -0.0020455037267
1.3750000000000 -0.0020455037267
1.3750000000000 -0.0020455037267
1.4062500000000 -0.0020452175344
1.4375000000000 -0.0020449441215
1.4375000000000 -0.0020449441215
1.4687500000000 -0.0020446829017
1.5000000000000 -0.0020444332938
1.5000000000000 -0.0020444332938
1.5000000000000 -0.0020444332938
1.5000000000000 -0.0020444332938
1.5000000000000 -0.0020444332938
1.5312500000000 -0.0020441947273
1.5625000000000 -0.0020439666468
1.5625000000000 -0.0020439666468
1.5937500000000 -0.0020437485163
1.6250000000000 -0.0020435398224
1.6250000000000 -0.0020435398224
1.6250000000000 -0.0020435398224
1.6562500000000 -0.0020433400769
1.6875000000000 -0.0020431488187
1.6875000000000 -0.0020431488187
1.7187500000000 -0.0020429656140
1.7500000000000 -0.0020427900570
1.7500000000000 -0.0020427900570
1.7500000000000 -0.0020427900570
1.7500000000000 -0.0020427900570
1.7812500000000 -0.0020426217689
1.8125000000000 -0.0020424603971
1.8125000000000 -0.0020424603971
1.8437500000000 -0.0020423056139
1.8750000000000 -0.0020421571145
1.8750000000000 -0.0020421571145
1.8750000000000 -0.0020421571145
1.9062500000000 -0.0020420146155
1.9375000000000 -0.0020418778530
1.9375000000000 -0.0020418778530
1.9687500000000 -0.0020417465810
2.0000000000000 -0.0020416205694
2.0000000000000 -0.0020416205694
2.0000000000000 -0.0020416205694
2.0000000000000 -0.0020416205694
2.0000000000000 -0.0020416205694
2.0000000000000 -0.0020416205694
2.0000000000000 -0.0020416205694
2.0312500000000 -0.0020414996028
2.0625000000000 -0.0020413834792
2.0625000000000 -0.0020413834792
2.0937500000000 -0.0020412720079
2.1250000000000 -0.0020411650092
2.1250000000000 -0.0020411650092
2.1250000000000 -0.0020411650092
2.1562500000000 -0.0020410623131
2.1875000000000 -0.0020409637581
2.1875000000000 -0.0020409637581
2.2187500000000 -0.0020408691908
2.2500000000000 -0.0020407784652
2.2500000000000 -0.0020407784652
2.2500000000000 -0.0020407784652
2.2500000000000 -0.0020407784652
2.2812500000000 -0.0020406914418
2.3125000000000 -0.0020406079876
2.3125000000000 -0.0020406079876
2.3437500000000 -0.0020405279752
2.3750000000000 -0.0020404512828
2.3750000000000 -0.0020404512828
2.3750000000000 -0.0020404512828
2.4062500000000 -0.0020403777935
2.4375000000000 -0.0020403073955
2.4375000000000 -0.0020403073955
2.4687500000000 -0.0020402399815
2.5000000000000 -0.0020401754486
2.5000000000000 -0.0020401754486
2.5000000000000 -0.0020401754486
2.5000000000000 -0.0020401754486
2.5000000000000 -0.0020401754486
2.5312500000000 -0.0020401136978
2.5625000000000 -0.0020400546344
2.5625000000000 -0.0020400546344
2.5937500000000 -0.0020399981673
2.6250000000000 -0.0020399442090
2.6250000000000 -0.0020399442090
2.6250000000000 -0.0020399442090
2.6562500000000 -0.0020398926755
2.6875000000000 -0.0020398434860
2.6875000000000 -0.0020398434860
2.7187500000000 -0.0020397965627
2.7500000000000 -0.0020397518309
2.7500000000000 -0.0020397518309
2.7500000000000 -0.0020397518309
2.7500000000000 -0.0020397518309
2.7812500000000 -0.0020397092188
2.8125000000000 -0.0020396686573
2.8125000000000 -0.0020396686573
2.8437500000000 -0.0020396300798
2.8750000000000 -0.0020395934221
2.8750000000000 -0.0020395934221
2.8750000000000 -0.0020395934221
2.9062500000000 -0.0020395586226
2.9375000000000 -0.0020395256220
2.9375000000000 -0.0020395256220
2.9687500000000 -0.0020394943628
3.0000000000000 -0.0020394647896
3.0000000000000 -0.0020394647896
3.0000000000000 -0.0020394647896
3.0000000000000 -0.0020394647896
3.0000000000000 -0.0020394647896
3.0000000000000 -0.0020394647896
3.0312500000000 -0.0020394368497
3.0625000000000 -0.0020394104931
3.0625000000000 -0.0020394104931
3.0937500000000 -0.0020393856675
3.1250000000000 -0.0020393623280
3.1250000000000 -0.0020393623280
3.1250000000000 -0.0020393623280
3.1562500000000 -0.0020393404262
3.1875000000000 -0.0020393199201
3.1875000000000 -0.0020393199201
3.2187500000000 -0.0020393007650
3.2500000000000 -0.0020392829218
3.2500000000000 -0.0020392829218
3.2500000000000 -0.0020392829218
3.2500000000000 -0.0020392829218
3.2812500000000 -0.0020392663490
3.3125000000000 -0.0020392510104
3.3750000000000 -0.0020392238861
3.3750000000000 -0.0020392238861
3.4375000000000 -0.0020392012710
3.5000000000000 -0.0020391829079
3.5000000000000 -0.0020391829079
3.5000000000000 -0.0020391829079
3.5000000000000 -0.0020391829079
3.5625000000000 -0.0020391685585
3.6250000000000 -0.0020391580028
3.6250000000000 -0.0020391580028
3.6875000000000 -0.0020391510375
3.7500000000000 -0.0020391474748
3.7500000000000 -0.0020391474748
3.7500000000000 -0.0020391474748
3.8125000000000 -0.0020391471411
3.8750000000000 -0.0020391498761
3.8750000000000 -0.0020391498761
3.9375000000000 -0.0020391555311
4.0000000000000 -0.0020391639684
4.0000000000000 -0.0020391639684
4.0000000000000 -0.0020391639684
4.0000000000000 -0.0020391639684
4.0000000000000 -0.0020391639684
4.0000000000000 -0.0020391639684
4.0000000000000 -0.0020391639684
4.0625000000000 -0.0020391750601
4.1250000000000 -0.0020391886868
4.1250000000000 -0.0020391886868
4.1875000000000 -0.0020392047370
4.2500000000000 -0.0020392231061
4.2500000000000 -0.0020392231061
4.2500000000000 -0.0020392231061
4.3125000000000 -0.0020392436955
4.3750000000000 -0.0020392664116
4.3750000000000 -0.0020392664116
4.4375000000000 -0.0020392911656
4.5000000000000 -0.0020393178724
4.5000000000000 -0.0020393178724
4.5000000000000 -0.0020393178724
4.5000000000000 -0.0020393178724
4.5625000000000 -0.0020393464503
4.6250000000000 -0.0020393768204
4.6250000000000 -0.0020393768204
4.6875000000000 -0.0020394089061
4.7500000000000 -0.0020394426330
4.7500000000000 -0.0020394426330
4.7500000000000 -0.0020394426330
4.8125000000000 -0.0020394779280
4.8750000000000 -0.0020395147196
4.8750000000000 -0.0020395147196
4.9375000000000 -0.0020395529374
5.0000000000000 -0.0020395925121
5.0000000000000 -0.0020395925121
5.0000000000000 -0.0020395925121
5.0000000000000 -0.0020395925121
5.0000000000000 -0.0020395925121
5.0625000000000 -0.0020396333751
5.1250000000000 -0.0020396754584
5.1250000000000 -0.0020396754584
5.1875000000000 -0.0020397186950
5.2500000000000 -0.0020397630184
5.2500000000000 -0.0020397630184
5.2500000000000 -0.0020397630184
5.3125000000000 -0.0020398083630
5.3750000000000 -0.0020398546638
5.3750000000000 -0.0020398546638
5.4375000000000 -0.0020399018569
5.5000000000000 -0.0020399498794
5.5000000000000 -0.0020399498794
5.5000000000000 -0.0020399498794
5.5000000000000 -0.0020399498794
5.5625000000000 -0.0020399986694
5.6250000000000 -0.0020400481661
5.6250000000000 -0.0020400481661
5.6875000000000 -0.0020400983104
5.7500000000000 -0.0020401490443
5.7500000000000 -0.0020401490443
5.7500000000000 -0.0020401490443
5.8125000000000 -0.0020402003116
5.8750000000000 -0.0020402520577
5.8750000000000 -0.0020402520577
5.9375000000000 -0.0020403042299
6.0000000000000 -0.0020403567773
6.0000000000000 -0.0020403567773
6.0000000000000 -0.0020403567773
6.0000000000000 -0.0020403567773
6.0000000000000 -0.0020403567773
6.0000000000000 -0.0020403567773
6.0625000000000 -0.0020404096512
6.1250000000000 -0.0020404628065
6.1250000000000 -0.0020404628065
6.1875000000000 -0.0020405161948
6.2500000000000 -0.0020405697767
6.2500000000000 -0.0020405697767
6.2500000000000 -0.0020405697767
6.3125000000000 -0.0020406235086
6.3750000000000 -0.0020406773551
6.3750000000000 -0.0020406773551
6.4375000000000 -0.0020407312766
6.5000000000000 -0.0020407852419
6.5000000000000 -0.0020407852419
6.5000000000000 -0.0020407852419
6.5000000000000 -0.0020407852419
6.5625000000000 -0.0020408392155
6.6250000000000 -0.0020408931695
6.7500000000000 -0.0020410009000
6.7500000000000 -0.0020410009000
6.8750000000000 -0.0020411082218
7.0000000000000 -0.0020412149465
7.0000000000000 -0.0020412149465
7.0000000000000 -0.0020412149465
7.0000000000000 -0.0020412149465
7.1250000000000 -0.0020413209047
7.2500000000000 -0.0020414259416
7.2500000000000 -0.0020414259416
7.3750000000000 -0.0020415299133
7.5000000000000 -0.0020416326837
7.5000000000000 -0.0020416326837
7.5000000000000 -0.0020416326837
7.6250000000000 -0.0020417341213
7.7500000000000 -0.0020418340971
7.7500000000000 -0.0020418340971
7.8750000000000 -0.0020419324833
8.0000000000000 -0.0020420291519
8.0000000000000 -0.0020420291519
8.0000000000000 -0.0020420291519
8.0000000000000 -0.0020420291519
8.0000000000000 -0.0020420291519
8.0000000000000 -0.0020420291519
8.0000000000000 -0.0020420291519
8.1250000000000 -0.0020421239728
8.2500000000000 -0.0020422168243
8.2500000000000 -0.0020422168243
8.3750000000000 -0.0020423075800
8.5000000000000 -0.0020423961235
8.5000000000000 -0.0020423961235
8.5000000000000 -0.0020423961235
8.6250000000000 -0.0020424823301
8.7500000000000 -0.0020425660974
8.7500000000000 -0.0020425660974
8.8750000000000 -0.0020426473096
9.0000000000000 -0.0020427258823
9.0000000000000 -0.0020427258823
9.0000000000000 -0.0020427258823
9.0000000000000 -0.0020427258823
9.1250000000000 -0.0020428017144
9.2500000000000 -0.0020428747406
9.5000000000000 -0.0020430120793
9.5000000000000 -0.0020430120793
9.7500000000000 -0.0020431374454
10.0000000000000 -0.0020432505024
10.0000000000000 -0.0020432505024
10.0000000000000 -0.0020432505024
10.0000000000000 -0.0020432505024
10.2500000000000 -0.0020433509971
10.5000000000000 -0.0020434387283
10.5000000000000 -0.0020434387283
10.7500000000000 -0.0020435135267
11.0000000000000 -0.0020435752467
11.0000000000000 -0.0020435752467
11.0000000000000 -0.0020435752467
11.2500000000000 -0.0020436237695
11.5000000000000 -0.0020436590141
11.5000000000000 -0.0020436590141
11.7500000000000 -0.0020436809525
12.0000000000000 -0.0020436896266
12.0000000000000 -0.0020436896266
12.0000000000000 -0.0020436896266
12.0000000000000 -0.0020436896266
12.0000000000000 -0.0020436896266
12.2500000000000 -0.0020436851679
12.5000000000000 -0.0020436678824
12.5000000000000 -0.0020436678824
12.7500000000000 -0.0020436379441
13.0000000000000 -0.0020435958810
13.0000000000000 -0.0020435958810
13.0000000000000 -0.0020435958810
13.2500000000000 -0.0020435420973
13.5000000000000 -0.0020434771392
13.5000000000000 -0.0020434771392
13.7500000000000 -0.0020434015534
14.0000000000000 -0.0020433157423
14.0000000000000 -0.0020433157423
14.0000000000000 -0.0020433157423
14.0000000000000 -0.0020433157423
14.2500000000000 -0.0020432202358
14.5000000000000 -0.0020431151983
15.0000000000000 -0.0020428775522
15.0000000000000 -0.0020428775522
15.5000000000000 -0.0020426031182
16.0000000000000 -0.0020422908020
16.0000000000000 -0.0020422908020
16.0000000000000 -0.0020422908020
16.0000000000000 -0.0020422908020
16.0000000000000 -0.0020422908020
16.0000000000000 -0.0020422908020
16.5000000000000 -0.0020419387935
17.0000000000000 -0.0020415453345
17.0000000000000 -0.0020415453345
17.5000000000000 -0.0020411091783
18.0000000000000 -0.0020406295687
18.0000000000000 -0.0020406295687
18.0000000000000 -0.0020406295687
18.5000000000000 -0.0020401061304
19.0000000000000 -0.0020395391644
19.0000000000000 -0.0020395391644
19.5000000000000 -0.0020389302451
20.0000000000000 -0.0020382825921
20.0000000000000 -0.0020382825921
20.0000000000000 -0.0020382825921
20.0000000000000 -0.0020382825921
20.5000000000000 -0.0020376009998
21.0000000000000 -0.0020368915807
21.0000000000000 -0.0020368915807
21.5000000000000 -0.0020361615561
22.0000000000000 -0.0020354189712
22.0000000000000 -0.0020354189712
22.0000000000000 -0.0020354189712
22.5000000000000 -0.0020346721417
23.0000000000000 -0.0020339289417
23.0000000000000 -0.0020339289417
23.5000000000000 -0.0020331962481
24.0000000000000 -0.0020324797388
24.0000000000000 -0.0020324797388
24.0000000000000 -0.0020324797388
24.0000000000000 -0.0020324797388
24.0000000000000 -0.0020324797388
24.5000000000000 -0.0020317840497
25.0000000000000 -0.0020311133477
25.0000000000000 -0.0020311133477
25.5000000000000 -0.0020304718054
26.0000000000000 -0.0020298640406
26.0000000000000 -0.0020298640406
26.0000000000000 -0.0020298640406
26.5000000000000 -0.0020292947421
27.0000000000000 -0.0020287678688
27.0000000000000 -0.0020287678688
27.5000000000000 -0.0020282868071
28.0000000000000 -0.0020278579631
28.0000000000000 -0.0020278579631
28.0000000000000 -0.0020278579631
28.0000000000000 -0.0020278579631
28.5000000000000 -0.0020274853393
29.0000000000000 -0.0020271795329
30.0000000000000 -0.0020268041667
30.0000000000000 -0.0020268041667
31.0000000000000 -0.0020267992228
32.0000000000000 -0.0020271825110
32.0000000000000 -0.0020271825110
32.0000000000000 -0.0020271825110
32.0000000000000 -0.0020271825110
32.0000000000000 -0.0020271825110
33.0000000000000 -0.0020279158639
34.0000000000000 -0.0020289345080
34.0000000000000 -0.0020289345080
35.0000000000000 -0.0020301668611
36.0000000000000 -0.0020315265443
36.0000000000000 -0.0020315265443
36.0000000000000 -0.0020315265443
37.0000000000000 -0.0020329117594
38.0000000000000 -0.0020342309453
38.0000000000000 -0.0020342309453
39.0000000000000 -0.0020354171267
40.0000000000000 -0.0020364111446
40.0000000000000 -0.0020364111446
40.0000000000000 -0.0020364111446
40.0000000000000 -0.0020364111446
41.0000000000000 -0.0020371490270
42.0000000000000 -0.0020375761353
42.0000000000000 -0.0020375761353
43.0000000000000 -0.0020376192630
44.0000000000000 -0.0020372701403
44.0000000000000 -0.0020372701403
44.0000000000000 -0.0020372701403
45.0000000000000 -0.0020364775112
46.0000000000000 -0.0020352971268
46.0000000000000 -0.0020352971268
47.0000000000000 -0.0020337388277
48.0000000000000 -0.0020318890895
48.0000000000000 -0.0020318890895
48.0000000000000 -0.0020318890895
48.0000000000000 -0.0020318890895
48.0000000000000 -0.0020318890895
49.0000000000000 -0.0020298149972
50.0000000000000 -0.0020275845626
52.0000000000000 -0.0020229257869
52.0000000000000 -0.0020229257869
54.0000000000000 -0.0020183710676
56.0000000000000 -0.0020142645968
56.0000000000000 -0.0020142645968
56.0000000000000 -0.0020142645968
58.0000000000000 -0.0020107638657
60.0000000000000 -0.0020077200158
60.0000000000000 -0.0020077200158
62.0000000000000 -0.0020046613844
64.0000000000000 -0.0020010744557
64.0000000000000 -0.0020010744557
64.0000000000000 -0.0020010744557
64.0000000000000 -0.0020010744557
66.0000000000000 -0.0019967442434
68.0000000000000 -0.0019918652062
68.0000000000000 -0.0019918652062
70.0000000000000 -0.0019869613184
72.0000000000000 -0.0019827137243
72.0000000000000 -0.0019827137243
72.0000000000000 -0.0019827137243
74.0000000000000 -0.0019796862808
76.0000000000000 -0.0019780490040
76.0000000000000 -0.0019780490040
78.0000000000000 -0.0019774923633
80.0000000000000 -0.0019773454697
80.0000000000000 -0.0019773454697
80.0000000000000 -0.0019773454697
80.0000000000000 -0.0019773454697
82.0000000000000 -0.0019768018107
84.0000000000000 -0.0019754508154
84.0000000000000 -0.0019754508154
86.0000000000000 -0.0019722972558
88.0000000000000 -0.0019682885903
88.0000000000000 -0.0019682885903
88.0000000000000 -0.0019682885903
90.0000000000000 -0.0019638170909
92.0000000000000 -0.0019595530897
92.0000000000000 -0.0019595530897
94.0000000000000 -0.0019564692845
96.0000000000000 -0.0019540508509
96.0000000000000 -0.0019540508509
96.0000000000000 -0.0019540508509
96.0000000000000 -0.0019540508509
98.0000000000000 -0.0019523775971
100.0000000000000 -0.0019506383236
104.0000000000000 -0.0019446079272
104.0000000000000 -0.0019446079272
108.0000000000000 -0.0019348604271
112.0000000000000 -0.0019235370191
112.0000000000000 -0.0019235370191
112.0000000000000 -0.0019235370191
116.0000000000000 -0.0019115989830
120.0000000000000 -0.0018977838992
120.0000000000000 -0.0018977838992
124.0000000000000 -0.0018812653506
128.0000000000000 -0.0018623382483
128.0000000000000 -0.0018623382483
128.0000000000000 -0.0018623382483
132.0000000000000 -0.0018417140690
136.0000000000000 -0.0018222970055
136.0000000000000 -0.0018222970055
140.0000000000000 -0.0018070151971
144.0000000000000 -0.0017965082808
144.0000000000000 -0.0017965082808
144.0000000000000 -0.0017965082808
148.0000000000000 -0.0017936987205
152.0000000000000 -0.0017946661752
152.0000000000000 -0.0017946661752
156.0000000000000 -0.0017983413761
160.0000000000000 -0.0017990935707
160.0000000000000 -0.0017990935707
160.0000000000000 -0.0017990935707
164.0000000000000 -0.0017909562981
168.0000000000000 -0.0017738674152
176.0000000000000 -0.0017066819277
176.0000000000000 -0.0017066819277
184.0000000000000 -0.0016313703860
192.0000000000000 -0.0015658861950
192.0000000000000 -0.0015658861950
200.0000000000000 -0.0015049926710
208.0000000000000 -0.0014303425177
208.0000000000000 -0.0014303425177
216.0000000000000 -0.0013326426123
224.0000000000000 -0.0012230789986
224.0000000000000 -0.0012230789986
232.0000000000000 -0.0011121760884
240.0000000000000 -0.0009973010770
240.0000000000000 -0.0009973010770
248.0000000000000 -0.0008678239608
256.0000000000000 -0.0007171066658
256.0000000000000 -0.0007171066658
264.0000000000000 -0.0005366818149
272.0000000000000 -0.0003214073132
272.0000000000000 -0.0003214073132
280.0000000000000 -0.0000723799185
288.0000000000000 0.0002375843031
288.0000000000000 0.0002375843031
296.0000000000000 0.0006443995941
304.0000000000000 0.0011207782709
304.0000000000000 0.0011207782709
312.0000000000000 0.0017037378886
320.0000000000000 0.0022362769738
336.0000000000000 0.0027161066815
352.0000000000000 0.0022505461734
368.0000000000000 0.0014598671035
384.0000000000000 0.0008797815089
400.0000000000000 0.0005678104819
416.0000000000000 0.0004170534980
432.0000000000000 0.0003082707768
448.0000000000000 0.0001588684259
464.0000000000000 0.0000097943173
480.0000000000000 -0.0000588820991
496.0000000000000 -0.0000530042774
512.0000000000000 -0.0000295169947
528.0000000000000 -0.0000174877420
544.0000000000000 -0.0000141433329
560.0000000000000 -0.0000125363478
576.0000000000000 -0.0000106317093
592.0000000000000 -0.0000086174626
608.0000000000000 -0.0000070526075
624.0000000000000 -0.0000059401779
640.0000000000000 -0.0000049741580
656.0000000000000 -0.0000041689489
672.0000000000000 -0.0000035033877
688.0000000000000 -0.0000028479292
704.0000000000000 -0.0000023610136
720.0000000000000 -0.0000020452720
736.0000000000000 -0.0000016837246
752.0000000000000 -0.0000013442745
768.0000000000000 -0.0000012004660
784.0000000000000 -0.0000010711857
800.0000000000000 -0.0000008028452
816.0000000000000 -0.0000006113507
832.0000000000000 -0.0000006268416
848.0000000000000 -0.0000006241005
864.0000000000000 -0.0000004267782
880.0000000000000 -0.0000002105238
896.0000000000000 -0.0000001947684
912.0000000000000 -0.0000003236923
928.0000000000000 -0.0000003857404
944.0000000000000 -0.0000002736710
960.0000000000000 -0.0000000756956
976.0000000000000 0.0000000461635
992.0000000000000 0.0000000296014
1008.0000000000000 -0.0000000700684
1024.0000000000000 -0.0000001693996
1040.0000000000000 -0.0000002173333
1056.0000000000000 -0.0000002000582
1072.0000000000000 -0.0000001305628
1088.0000000000000 -0.0000000457401
1104.0000000000000 0.0000000178194
1120.0000000000000 0.0000000531059
1136.0000000000000 0.0000000675354
1152.0000000000000 0.0000000614123
1168.0000000000000 0.0000000359791
1184.0000000000000 0.0000000033567
1200.0000000000000 -0.0000000238180
1216.0000000000000 -0.0000000406023
1232.0000000000000 -0.0000000494488
1248.0000000000000 -0.0000000550291
1264.0000000000000 -0.0000000573961
1280.0000000000000 -0.0000000567417
1296.0000000000000 -0.0000000539884
1312.0000000000000 -0.0000000477427
1328.0000000000000 -0.0000000401367
1344.0000000000000 -0.0000000345929
1360.0000000000000 -0.0000000299595
1376.0000000000000 -0.0000000252380
1392.0000000000000 -0.0000000212131
1408.0000000000000 -0.0000000174118
1424.0000000000000 -0.0000000137320
1440.0000000000000 -0.0000000111284
1456.0000000000000 -0.0000000092875
1472.0000000000000 -0.0000000077193
1488.0000000000000 -0.0000000073803
1504.0000000000000 -0.0000000088724
1520.0000000000000 -0.0000000108740
1536.0000000000000 -0.0000000117492
1552.0000000000000 -0.0000000112310
1568.0000000000000 -0.0000000099846
1584.0000000000000 -0.0000000086559
1600.0000000000000 -0.0000000074941
1616.0000000000000 -0.0000000065323
1632.0000000000000 -0.0000000057137
1648.0000000000000 -0.0000000050609
1664.0000000000000 -0.0000000047537
1680.0000000000000 -0.0000000046795
1696.0000000000000 -0.0000000045970
1712.0000000000000 -0.0000000046663
1728.0000000000000 -0.0000000050349
1744.0000000000000 -0.0000000055197
1760.0000000000000 -0.0000000060351
1776.0000000000000 -0.0000000066767
1792.0000000000000 -0.0000000074163
1808.0000000000000 -0.0000000081694
1824.0000000000000 -0.0000000090013
1840.0000000000000 -0.0000000099428
1856.0000000000000 -0.0000000108188
1872.0000000000000 -0.0000000114135
1888.0000000000000 -0.0000000116298
1904.0000000000000 -0.0000000114705
1920.0000000000000 -0.0000000109288
1936.0000000000000 -0.0000000099492
1952.0000000000000 -0.0000000084448
1968.0000000000000 -0.0000000063144
1984.0000000000000 -0.0000000034619
