# x phi
-317.4400000000000 -0.0000000003292
-314.8800000000000 -0.0000000005391
-312.3200000000000 -0.0000000006454
-309.7600000000000 -0.0000000007678
-307.2000000000000 -0.0000000009702
-304.6400000000000 -0.0000000011819
-302.0800000000000 -0.0000000013117
-299.5200000000000 -0.0000000013915
-296.9600000000000 -0.0000000015296
-294.4000000000000 -0.0000000017275
-291.8400000000000 -0.0000000018540
-289.2800000000000 -0.0000000018472
-286.7200000000000 -0.0000000018374
-284.1600000000000 -0.0000000019666
-281.6000000000000 -0.0000000021681
-279.0400000000000 -0.0000000022723
-276.4800000000000 -0.0000000022706
-273.9200000000000 -0.0000000023099
-271.3600000000000 -0.0000000024461
-268.8000000000000 -0.0000000025756
-266.2400000000000 -0.0000000026097
-263.6800000000000 -0.0000000025848
-261.1200000000000 -0.0000000026009
-258.5600000000000 -0.0000000027248
-256.0000000000000 -0.0000000029191
-253.4400000000000 -0.0000000030481
-250.8800000000000 -0.0000000030416
-248.3200000000000 -0.0000000030102
-245.7600000000000 -0.0000000030868
-243.2000000000000 -0.0000000032455
-240.6400000000000 -0.0000000033935
-238.0800000000000 -0.0000000035113
-235.5200000000000 -0.0000000036186
-232.9600000000000 -0.0000000037260
-230.4000000000000 -0.0000000038538
-227.8400000000000 -0.0000000040197
-225.2800000000000 -0.0000000042220
-222.7200000000000 -0.0000000044602
-220.1600000000000 -0.0000000047326
-217.6000000000000 -0.0000000050335
-215.0400000000000 -0.0000000053735
-212.4800000000000 -0.0000000057724
-209.9200000000000 -0.0000000062446
-207.3600000000000 -0.0000000067991
-204.8000000000000 -0.0000000074290
-202.2400000000000 -0.0000000081272
-199.6800000000000 -0.0000000089362
-197.1200000000000 -0.0000000099361
-194.5600000000000 -0.0000000111362
-192.0000000000000 -0.0000000124438
-189.4400000000000 -0.0000000138412
-186.8800000000000 -0.0000000155332
-184.3200000000000 -0.0000000177598
-181.7600000000000 -0.0000000204892
-179.2000000000000 -0.0000000234849
-176.6400000000000 -0.0000000267237
-174.0800000000000 -0.0000000305017
-171.5200000000000 -0.0000000350330
-168.9600000000000 -0.0000000402742
-166.4000000000000 -0.0000000462258
-163.8400000000000 -0.0000000530628
-161.2800000000000 -0.0000000609500
-158.7200000000000 -0.0000000697223
-156.1600000000000 -0.0000000792776
-153.6000000000000 -0.0000000946282
-151.0400000000000 -0.0000001388732
-148.4800000000000 -0.0000002640366
-145.9200000000000 -0.0000005359964
-143.3600000000000 -0.0000009865247
-140.8000000000000 -0.0000015647960
-139.5200000000000 -0.0000018606466
-138.2400000000000 -0.0000021314577
-138.2400000000000 -0.0000021314577
-136.9600000000000 -0.0000023522288
-135.6800000000000 -0.0000025094135
-135.6800000000000 -0.0000025094135
-134.4000000000000 -0.0000025795775
-133.1200000000000 -0.0000025673831
-133.1200000000000 -0.0000025673831
-131.8400000000000 -0.0000024634933
-130.5600000000000 -0.0000022864717
-130.5600000000000 -0.0000022864717
-129.2800000000000 -0.0000020451606
-128.0000000000000 -0.0000017593875
-128.0000000000000 -0.0000017593875
-126.7200000000000 -0.0000014468770
-125.4400000000000 -0.0000011227794
-125.4400000000000 -0.0000011227794
-124.1600000000000 -0.0000007971957
-122.8800000000000 -0.0000004745453
-122.8800000000000 -0.0000004745453
-121.6000000000000 -0.0000001540867
-120.3200000000000 0.0000001683275
-120.3200000000000 0.0000001683275
-119.0400000000000 0.0000004979616
-117.7600000000000 0.0000008394938
-117.7600000000000 0.0000008394938
-116.4800000000000 0.0000011965857
-115.2000000000000 0.0000015723103
-115.2000000000000 0.0000015723103
-113.9200000000000 0.0000019694470
-112.6400000000000 0.0000023902394
-112.6400000000000 0.0000023902394
-111.3600000000000 0.0000028361362
-110.0800000000000 0.0000033081647
-110.0800000000000 0.0000033081647
-108.8000000000000 0.0000038078069
-107.5200000000000 0.0000043375474
-107.5200000000000 0.0000043375474
-106.2400000000000 0.0000049005557
-104.9600000000000 0.0000055000333
-104.9600000000000 0.0000055000333
-103.6800000000000 0.0000061392323
-102.4000000000000 0.0000068223587
-102.4000000000000 0.0000068223587
-101.1200000000000 0.0000075554973
-99.8400000000000 0.0000083465631
-99.8400000000000 0.0000083465631
-98.5600000000000 0.0000092042045
-97.2800000000000 0.0000101367280
-97.2800000000000 0.0000101367280
-96.0000000000000 0.0000111521837
-94.7200000000000 0.0000122593219
-94.7200000000000 0.0000122593219
-93.4400000000000 0.0000134679907
-92.1600000000000 0.0000147884351
-92.1600000000000 0.0000147884351
-90.8800000000000 0.0000162304736
-89.6000000000000 0.0000178036126
-89.6000000000000 0.0000178036126
-88.3200000000000 0.0000195182127
-87.0400000000000 0.0000213869026
-87.0400000000000 0.0000213869026
-85.7600000000000 0.0000234248869
-84.4800000000000 0.0000256486019
-84.4800000000000 0.0000256486019
-83.2000000000000 0.0000280742317
-81.9200000000000 0.0000307179028
-81.9200000000000 0.0000307179028
-80.6400000000000 0.0000335966227
-79.3600000000000 0.0000367275533
-79.3600000000000 0.0000367275533
-78.0800000000000 0.0000401261092
-76.8000000000000 0.0000438054305
-76.8000000000000 0.0000438054305
-75.5200000000000 0.0000477767993
-74.2400000000000 0.0000520487540
-74.2400000000000 0.0000520487540
-72.9600000000000 0.0000566254413
-71.6800000000000 0.0000615053326
-71.6800000000000 0.0000615053326
-70.4000000000000 0.0000666796784
-69.1200000000000 0.0000721308851
-69.1200000000000 0.0000721308851
-67.8400000000000 0.0000778311755
-66.5600000000000 0.0000837411428
-66.5600000000000 0.0000837411428
-65.2800000000000 0.0000898080692
-64.0000000000000 0.0000959639551
-64.0000000000000 0.0000959639551
-62.7200000000000 0.0001021242549
-61.4400000000000 0.0001081877368
-61.4400000000000 0.0001081877368
-60.1600000000001 0.0001140365153
-58.8800000000001 0.0001195367638
-58.8800000000000 0.0001195367638
-57.6000000000001 0.0001245409833
-56.3200000000001 0.0001288920114
-56.3200000000000 0.0001288920114
-55.0400000000000 0.0001324280848
-53.7600000000000 0.0001349885620
-53.7600000000000 0.0001349885620
-52.4800000000000 0.0001364204944
-51.2000000000000 0.0001365849406
-51.2000000000000 0.0001365849406
-49.9200000000000 0.0001353632764
-48.6400000000000 0.0001326635563
-48.6400000000000 0.0001326635563
-47.3600000000000 0.0001284244822
-46.0800000000000 0.0001226159838
-46.0800000000000 0.0001226159838
-44.8000000000000 0.0001152389057
-43.5200000000000 0.0001063243794
-43.5200000000000 0.0001063243794
-42.2400000000000 0.0000959302154
-40.9600000000000 0.0000841364546
-40.9600000000000 0.0000841364546
-39.6800000000000 0.0000710421874
-38.4000000000000 0.0000567603767
-38.4000000000000 0.0000567603767
-37.7600000000000 0.0000492118285
-37.1200000000000 0.0000414127238
-37.1200000000000 0.0000414127238
-36.4800000000000 0.0000333788051
-35.8400000000000 0.0000251264605
-35.8400000000000 0.0000251264605
-35.8400000000000 0.0000251264605
-35.2000000000000 0.0000166718609
-34.5600000000000 0.0000080314006
-34.5600000000000 0.0000080314006
-33.9200000000000 -0.0000007785435
-33.2800000000000 -0.0000097417488
-33.2800000000000 -0.0000097417488
-33.2800000000000 -0.0000097417488
-32.6400000000000 -0.0000188419565
-32.0000000000000 -0.0000280628984
-32.0000000000000 -0.0000280628984
-31.3600000000000 -0.0000373878112
-30.7200000000000 -0.0000468019213
-30.7200000000000 -0.0000468019213
-30.7200000000000 -0.0000468019213
-30.0800000000000 -0.0000562912238
-29.4400000000000 -0.0000658404491
-29.4400000000000 -0.0000658404491
-28.8000000000000 -0.0000754336975
-28.1600000000000 -0.0000850567203
-28.1600000000000 -0.0000850567203
-28.1600000000000 -0.0000850567203
-27.5200000000000 -0.0000946981169
-26.8800000000000 -0.0001043480346
-26.8800000000000 -0.0001043480346
-26.2400000000000 -0.0001139954306
-25.6000000000000 -0.0001236273311
-25.6000000000000 -0.0001236273311
-25.6000000000000 -0.0001236273311
-24.9600000000000 -0.0001332329923
-24.3200000000000 -0.0001428063849
-24.3200000000000 -0.0001428063849
-23.6800000000000 -0.0001523431918
-23.0400000000000 -0.0001618367285
-23.0400000000000 -0.0001618367285
-23.0400000000000 -0.0001618367285
-22.7199999999999 -0.0001665642003
-22.4000000000000 -0.0001712777877
-22.3999999999999 -0.0001712777877
-22.0799999999999 -0.0001759762002
-21.7600000000000 -0.0001806602496
-21.7600000000000 -0.0001806602496
-21.7599999999999 -0.0001806602496
-21.4399999999999 -0.0001853302943
-21.1200000000000 -0.0001899864040
-21.1199999999999 -0.0001899864040
-20.7999999999999 -0.0001946291677
-20.4800000000000 -0.0001992573861
-20.4800000000000 -0.0001992573861
-20.4800000000000 -0.0001992573861
-20.4799999999999 -0.0001992573861
-20.1599999999999 -0.0002038698709
-19.8400000000000 -0.0002084671789
-19.8400000000000 -0.0002084671789
-19.5199999999999 -0.0002130494246
-19.2000000000000 -0.0002176167468
-19.2000000000000 -0.0002176167468
-19.1999999999999 -0.0002176167468
-18.8800000000000 -0.0002221693717
-18.5600000000000 -0.0002267078374
-18.5600000000000 -0.0002267078374
-18.2400000000000 -0.0002312327867
-17.9200000000000 -0.0002357447232
-17.9200000000000 -0.0002357447232
-17.9200000000000 -0.0002357447232
-17.9200000000000 -0.0002357447232
-17.6000000000000 -0.0002402440542
-17.2800000000000 -0.0002447312433
-17.2800000000000 -0.0002447312433
-16.9600000000000 -0.0002492070028
-16.6400000000000 -0.0002536724691
-16.6400000000000 -0.0002536724691
-16.6400000000000 -0.0002536724691
-16.3199999999999 -0.0002581290003
-16.0000000000000 -0.0002625775562
-15.9999999999999 -0.0002625775562
-15.6799999999999 -0.0002670184573
-15.5200000000000 -0.0002692360393
-15.3600000000000 -0.0002714518114
-15.3600000000000 -0.0002714518114
-15.3600000000000 -0.0002714518114
-15.3600000000000 -0.0002714518114
-15.3599999999999 -0.0002714518114
-15.2000000000000 -0.0002736657842
-15.0400000000000 -0.0002758782332
-15.0399999999999 -0.0002758782332
-14.8800000000000 -0.0002780893306
-14.7200000000000 -0.0002802993961
-14.7200000000000 -0.0002802993961
-14.7199999999999 -0.0002802993961
-14.5600000000000 -0.0002825087223
-14.4000000000000 -0.0002847175617
-14.3999999999999 -0.0002847175617
-14.2400000000000 -0.0002869261745
-14.0800000000000 -0.0002891348295
-14.0800000000000 -0.0002891348295
-14.0800000000000 -0.0002891348295
-14.0800000000000 -0.0002891348295
-13.9200000000000 -0.0002913438036
-13.7600000000000 -0.0002935533333
-13.7600000000000 -0.0002935533333
-13.6000000000000 -0.0002957636151
-13.4400000000000 -0.0002979748181
-13.4400000000000 -0.0002979748181
-13.4400000000000 -0.0002979748181
-13.2800000000000 -0.0003001870805
-13.1200000000000 -0.0003024005136
-13.1200000000000 -0.0003024005136
-12.9600000000000 -0.0003046152428
-12.8000000000000 -0.0003068314562
-12.8000000000000 -0.0003068314562
-12.8000000000000 -0.0003068314562
-12.8000000000000 -0.0003068314562
-12.8000000000000 -0.0003068314562
-12.6400000000000 -0.0003090494099
-12.4800000000000 -0.0003112693807
-12.4800000000000 -0.0003112693807
-12.3200000000000 -0.0003134916280
-12.1600000000000 -0.0003157164004
-12.1600000000000 -0.0003157164004
-12.1600000000000 -0.0003157164004
-12.0000000000000 -0.0003179439629
-11.8400000000000 -0.0003201745972
-11.8400000000000 -0.0003201745972
-11.6800000000000 -0.0003224085834
-11.5200000000000 -0.0003246461937
-11.5200000000000 -0.0003246461937
-11.5200000000000 -0.0003246461937
-11.5200000000000 -0.0003246461937
-11.3600000000000 -0.0003268877159
-11.2000000000000 -0.0003291334822
-11.2000000000000 -0.0003291334822
-11.0400000000001 -0.0003313838756
-10.8800000000001 -0.0003336393144
-10.8800000000000 -0.0003336393144
-10.8800000000000 -0.0003336393144
-10.8000000000001 -0.0003347690633
-10.7200000000001 -0.0003359002448
-10.7200000000001 -0.0003359002448
-10.6400000000001 -0.0003370329176
-10.5600000000001 -0.0003381671437
-10.5600000000001 -0.0003381671437
-10.5600000000000 -0.0003381671437
-10.4800000000001 -0.0003393029862
-10.4000000000001 -0.0003404405000
-10.4000000000001 -0.0003404405000
-10.3200000000001 -0.0003415797457
-10.2400000000001 -0.0003427207696
-10.2400000000001 -0.0003427207696
-10.2400000000000 -0.0003427207696
-10.2400000000000 -0.0003427207696
-10.2400000000000 -0.0003427207696
-10.2400000000000 -0.0003427207696
-10.1600000000001 -0.0003438636227
-10.0800000000001 -0.0003450083515
-10.0800000000001 -0.0003450083515
-10.0000000000001 -0.0003461550020
-9.9200000000001 -0.0003473036274
-9.9200000000001 -0.0003473036274
-9.9200000000000 -0.0003473036274
-9.8400000000001 -0.0003484542870
-9.7600000000001 -0.0003496070474
-9.7600000000001 -0.0003496070474
-9.6800000000001 -0.0003507619801
-9.6000000000001 -0.0003519191594
-9.6000000000001 -0.0003519191594
-9.6000000000001 -0.0003519191594
-9.6000000000000 -0.0003519191594
-9.5200000000001 -0.0003530786586
-9.4400000000001 -0.0003542405483
-9.4400000000001 -0.0003542405483
-9.3600000000001 -0.0003554048958
-9.2800000000001 -0.0003565717654
-9.2800000000001 -0.0003565717654
-9.2800000000001 -0.0003565717654
-9.2000000000001 -0.0003577412202
-9.1200000000001 -0.0003589133235
-9.1200000000001 -0.0003589133235
-9.0400000000001 -0.0003600881397
-8.9600000000001 -0.0003612657346
-8.9600000000001 -0.0003612657346
-8.9600000000001 -0.0003612657346
-8.9600000000000 -0.0003612657346
-8.9600000000000 -0.0003612657346
-8.8800000000001 -0.0003624461754
-8.8000000000001 -0.0003636295298
-8.8000000000001 -0.0003636295298
-8.7200000000001 -0.0003648158663
-8.6400000000001 -0.0003660052537
-8.6400000000001 -0.0003660052537
-8.6400000000001 -0.0003660052537
-8.5600000000001 -0.0003671977617
-8.4800000000001 -0.0003683934603
-8.4800000000001 -0.0003683934603
-8.4000000000001 -0.0003695924213
-8.3200000000001 -0.0003707947174
-8.3200000000001 -0.0003707947174
-8.3200000000001 -0.0003707947174
-8.3200000000000 -0.0003707947174
-8.2400000000001 -0.0003720004227
-8.1600000000001 -0.0003732096123
-8.1600000000001 -0.0003732096123
-8.0800000000001 -0.0003744223620
-8.0000000000001 -0.0003756387487
-8.0000000000000 -0.0003756387487
-8.0000000000000 -0.0003756387487
-7.9200000000000 -0.0003768588514
-7.8400000000001 -0.0003780827521
-7.8400000000000 -0.0003780827521
-7.7600000000001 -0.0003793105355
-7.6800000000001 -0.0003805422899
-7.6800000000001 -0.0003805422899
-7.6800000000001 -0.0003805422899
-7.6800000000000 -0.0003805422899
-7.6800000000000 -0.0003805422899
-7.6800000000000 -0.0003805422899
-7.6000000000001 -0.0003817781063
-7.5200000000001 -0.0003830180797
-7.5200000000001 -0.0003830180797
-7.4400000000001 -0.0003842623093
-7.3600000000001 -0.0003855108996
-7.3600000000001 -0.0003855108996
-7.3600000000001 -0.0003855108996
-7.2800000000000 -0.0003867639594
-7.2000000000001 -0.0003880215995
-7.2000000000000 -0.0003880215995
-7.1200000000000 -0.0003892839302
-7.0400000000001 -0.0003905510584
-7.0400000000000 -0.0003905510584
-7.0400000000000 -0.0003905510584
-7.0400000000000 -0.0003905510584
-6.9600000000000 -0.0003918230861
-6.8800000000001 -0.0003931001105
-6.8800000000000 -0.0003931001105
-6.8000000000000 -0.0003943822266
-6.7200000000001 -0.0003956695287
-6.7200000000001 -0.0003956695287
-6.7200000000001 -0.0003956695287
-6.6400000000000 -0.0003969621129
-6.5600000000000 -0.0003982600778
-6.5600000000000 -0.0003982600778
-6.4800000000000 -0.0003995635248
-6.4000000000000 -0.0004008725588
-6.4000000000000 -0.0004008725588
-6.4000000000000 -0.0004008725588
-6.4000000000000 -0.0004008725588
-6.4000000000000 -0.0004008725588
-6.3600000000000 -0.0004015292043
-6.3200000000000 -0.0004021872868
-6.3200000000000 -0.0004021872868
-6.2800000000000 -0.0004028468198
-6.2400000000000 -0.0004035078165
-6.2400000000000 -0.0004035078165
-6.2400000000000 -0.0004035078165
-6.2000000000000 -0.0004041702903
-6.1600000000000 -0.0004048342538
-6.1600000000000 -0.0004048342538
-6.1200000000000 -0.0004054997201
-6.0800000000000 -0.0004061667015
-6.0800000000000 -0.0004061667015
-6.0800000000000 -0.0004061667015
-6.0800000000000 -0.0004061667015
-6.0400000000000 -0.0004068352103
-6.0000000000000 -0.0004075052590
-6.0000000000000 -0.0004075052590
-5.9600000000000 -0.0004081768600
-5.9200000000000 -0.0004088500255
-5.9200000000000 -0.0004088500255
-5.9200000000000 -0.0004088500255
-5.8800000000000 -0.0004095247682
-5.8400000000000 -0.0004102011006
-5.8400000000000 -0.0004102011006
-5.8000000000000 -0.0004108790357
-5.7600000000000 -0.0004115585862
-5.7600000000000 -0.0004115585862
-5.7600000000000 -0.0004115585862
-5.7600000000000 -0.0004115585862
-5.7600000000000 -0.0004115585862
-5.7200000000000 -0.0004122397651
-5.6800000000000 -0.0004129225851
-5.6800000000000 -0.0004129225851
-5.6400000000000 -0.0004136070587
-5.6000000000000 -0.0004142931982
-5.6000000000000 -0.0004142931982
-5.6000000000000 -0.0004142931982
-5.5600000000000 -0.0004149810153
-5.5200000000000 -0.0004156705218
-5.5200000000000 -0.0004156705218
-5.4800000000000 -0.0004163617286
-5.4400000000000 -0.0004170546464
-5.4400000000000 -0.0004170546464
-5.4400000000000 -0.0004170546464
-5.4400000000000 -0.0004170546464
-5.4000000000000 -0.0004177492857
-5.3600000000000 -0.0004184456561
-5.3600000000000 -0.0004184456561
-5.3200000000000 -0.0004191437671
-5.2800000000000 -0.0004198436274
-5.2800000000000 -0.0004198436274
-5.2800000000000 -0.0004198436274
-5.2400000000000 -0.0004205452455
-5.2000000000000 -0.0004212486289
-5.2000000000000 -0.0004212486289
-5.1600000000000 -0.0004219537846
-5.1200000000000 -0.0004226607191
-5.1200000000000 -0.0004226607191
-5.1200000000000 -0.0004226607191
-5.1200000000000 -0.0004226607191
-5.1200000000000 -0.0004226607191
-5.1200000000000 -0.0004226607191
-5.1200000000000 -0.0004226607191
-5.0800000000000 -0.0004233694382
-5.0400000000000 -0.0004240799472
-5.0400000000000 -0.0004240799472
-5.0000000000000 -0.0004247922512
-4.9600000000000 -0.0004255063546
-4.9600000000000 -0.0004255063546
-4.9600000000000 -0.0004255063546
-4.9200000000000 -0.0004262222618
-4.8800000000000 -0.0004269399763
-4.8800000000000 -0.0004269399763
-4.8400000000000 -0.0004276595016
-4.8000000000000 -0.0004283808398
-4.8000000000000 -0.0004283808398
-4.8000000000000 -0.0004283808398
-4.8000000000000 -0.0004283808398
-4.7600000000000 -0.0004291039924
-4.7200000000000 -0.0004298289597
-4.7200000000000 -0.0004298289597
-4.6800000000000 -0.0004305557407
-4.6400000000000 -0.0004312843330
-4.6400000000000 -0.0004312843330
-4.6400000000000 -0.0004312843330
-4.6000000000000 -0.0004320147329
-4.5600000000000 -0.0004327469355
-4.5600000000000 -0.0004327469355
-4.5200000000000 -0.0004334809350
-4.4800000000000 -0.0004342167244
-4.4800000000000 -0.0004342167244
-4.4800000000000 -0.0004342167244
-4.4800000000000 -0.0004342167244
-4.4800000000000 -0.0004342167244
-4.4400000000000 -0.0004349542949
-4.4000000000000 -0.0004356936365
-4.4000000000000 -0.0004356936365
-4.3600000000000 -0.0004364347386
-4.3200000000000 -0.0004371775914
-4.3200000000000 -0.0004371775914
-4.3200000000000 -0.0004371775914
-4.2800000000000 -0.0004379221837
-4.2400000000000 -0.0004386685020
-4.2400000000000 -0.0004386685020
-4.2000000000000 -0.0004394165310
-4.1600000000000 -0.0004401662528
-4.1600000000000 -0.0004401662528
-4.1600000000000 -0.0004401662528
-4.1600000000000 -0.0004401662528
-4.1200000000000 -0.0004409176474
-4.0800000000000 -0.0004416706927
-4.0800000000000 -0.0004416706927
-4.0400000000000 -0.0004424253637
-4.0000000000000 -0.0004431816335
-4.0000000000000 -0.0004431816335
-4.0000000000000 -0.0004431816335
-3.9600000000000 -0.0004439394724
-3.9200000000000 -0.0004446988486
-3.9200000000000 -0.0004446988486
-3.8800000000000 -0.0004454597279
-3.8400000000000 -0.0004462220730
-3.8400000000000 -0.0004462220730
-3.8400000000000 -0.0004462220730
-3.8400000000000 -0.0004462220730
-3.8400000000000 -0.0004462220730
-3.8400000000000 -0.0004462220730
-3.8000000000000 -0.0004469858436
-3.7600000000000 -0.0004477509958
-3.7600000000000 -0.0004477509958
-3.7200000000000 -0.0004485174813
-3.6800000000000 -0.0004492852476
-3.6800000000000 -0.0004492852476
-3.6800000000000 -0.0004492852476
-3.6400000000000 -0.0004500542374
-3.6000000000000 -0.0004508243886
-3.6000000000000 -0.0004508243886
-3.5600000000000 -0.0004515956346
-3.5200000000000 -0.0004523679037
-3.5200000000000 -0.0004523679037
-3.5200000000000 -0.0004523679037
-3.5200000000000 -0.0004523679037
-3.4800000000000 -0.0004531411193
-3.4400000000000 -0.0004539151992
-3.4400000000000 -0.0004539151992
-3.4000000000000 -0.0004546900557
-3.3600000000000 -0.0004554655947
-3.3600000000000 -0.0004554655947
-3.3600000000000 -0.0004554655947
-3.3200000000000 -0.0004562417149
-3.2800000000000 -0.0004570183079
-3.2800000000000 -0.0004570183079
-3.2400000000000 -0.0004577952570
-3.2000000000000 -0.0004585724366
-3.2000000000000 -0.0004585724366
-3.2000000000000 -0.0004585724366
-3.2000000000000 -0.0004585724366
-3.2000000000000 -0.0004585724366
-3.1800000000001 -0.0004589610714
-3.1600000000001 -0.0004593497120
-3.1600000000000 -0.0004593497120
-3.1400000000001 -0.0004597383409
-3.1200000000001 -0.0004601269380
-3.1200000000000 -0.0004601269380
-3.1200000000000 -0.0004601269380
-3.1000000000001 -0.0004605154844
-3.0800000000001 -0.0004609039585
-3.0800000000000 -0.0004609039585
-3.0600000000001 -0.0004612923398
-3.0400000000001 -0.0004616806053
-3.0400000000000 -0.0004616806053
-3.0400000000000 -0.0004616806053
-3.0400000000000 -0.0004616806053
-3.0200000000001 -0.0004620687331
-3.0000000000001 -0.0004624566983
-3.0000000000000 -0.0004624566983
-2.9800000000001 -0.0004628444774
-2.9600000000001 -0.0004632320450
-2.9600000000000 -0.0004632320450
-2.9600000000000 -0.0004632320450
-2.9400000000001 -0.0004636193747
-2.9200000000001 -0.0004640064397
-2.9200000000000 -0.0004640064397
-2.9000000000001 -0.0004643932120
-2.8800000000001 -0.0004647796631
-2.8800000000000 -0.0004647796631
-2.8800000000000 -0.0004647796631
-2.8800000000000 -0.0004647796631
-2.8800000000000 -0.0004647796631
-2.8600000000001 -0.0004651657631
-2.8400000000001 -0.0004655514817
-2.8400000000000 -0.0004655514817
-2.8200000000001 -0.0004659367874
-2.8000000000001 -0.0004663216478
-2.8000000000000 -0.0004663216478
-2.8000000000000 -0.0004663216478
-2.7800000000001 -0.0004667060295
-2.7600000000001 -0.0004670898981
-2.7600000000000 -0.0004670898981
-2.7400000000001 -0.0004674732182
-2.7200000000001 -0.0004678559531
-2.7200000000000 -0.0004678559531
-2.7200000000000 -0.0004678559531
-2.7200000000000 -0.0004678559531
-2.7000000000001 -0.0004682380651
-2.6800000000001 -0.0004686195152
-2.6800000000000 -0.0004686195152
-2.6600000000001 -0.0004690002631
-2.6400000000001 -0.0004693802671
-2.6400000000000 -0.0004693802671
-2.6400000000000 -0.0004693802671
-2.6200000000001 -0.0004697594843
-2.6000000000001 -0.0004701378700
-2.6000000000000 -0.0004701378700
-2.5800000000001 -0.0004705153782
-2.5600000000001 -0.0004708919612
-2.5600000000000 -0.0004708919612
-2.5600000000000 -0.0004708919612
-2.5600000000000 -0.0004708919612
-2.5600000000000 -0.0004708919612
-2.5600000000000 -0.0004708919612
-2.5600000000000 -0.0004708919612
-2.5600000000000 -0.0004708919612
-2.5400000000001 -0.0004712675697
-2.5200000000001 -0.0004716421524
-2.5200000000000 -0.0004716421524
-2.5000000000001 -0.0004720156565
-2.4800000000001 -0.0004723880268
-2.4800000000000 -0.0004723880268
-2.4800000000000 -0.0004723880268
-2.4600000000001 -0.0004727592061
-2.4400000000001 -0.0004731291350
-2.4400000000000 -0.0004731291350
-2.4200000000001 -0.0004734977514
-2.4000000000001 -0.0004738649905
-2.4000000000000 -0.0004738649905
-2.4000000000000 -0.0004738649905
-2.4000000000000 -0.0004738649905
-2.3800000000001 -0.0004742307850
-2.3600000000001 -0.0004745950643
-2.3600000000000 -0.0004745950643
-2.3400000000001 -0.0004749577547
-2.3200000000001 -0.0004753187794
-2.3200000000000 -0.0004753187794
-2.3200000000000 -0.0004753187794
-2.3000000000001 -0.0004756780580
-2.2800000000001 -0.0004760355066
-2.2800000000000 -0.0004760355066
-2.2599999999999 -0.0004763910376
-2.2400000000000 -0.0004767445598
-2.2400000000000 -0.0004767445598
-2.2400000000000 -0.0004767445598
-2.2400000000000 -0.0004767445598
-2.2399999999999 -0.0004767445598
-2.2199999999999 -0.0004770959779
-2.2000000000000 -0.0004774451928
-2.1999999999999 -0.0004774451928
-2.1799999999999 -0.0004777921016
-2.1600000000000 -0.0004781365975
-2.1600000000000 -0.0004781365975
-2.1599999999999 -0.0004781365975
-2.1399999999999 -0.0004784785698
-2.1200000000000 -0.0004788179041
-2.1199999999999 -0.0004788179041
-2.0999999999999 -0.0004791544823
-2.0800000000000 -0.0004794881823
-2.0800000000000 -0.0004794881823
-2.0800000000000 -0.0004794881823
-2.0799999999999 -0.0004794881823
-2.0599999999999 -0.0004798188782
-2.0400000000000 -0.0004801464401
-2.0399999999999 -0.0004801464401
-2.0199999999999 -0.0004804707340
-2.0000000000000 -0.0004807916212
-2.0000000000000 -0.0004807916212
-2.0000000000000 -0.0004807916212
-1.9800000000000 -0.0004811089585
-1.9600000000000 -0.0004814225971
-1.9600000000000 -0.0004814225971
-1.9399999999999 -0.0004817323828
-1.9200000000000 -0.0004820381553
-1.9200000000000 -0.0004820381553
-1.9200000000000 -0.0004820381553
-1.9200000000000 -0.0004820381553
-1.9200000000000 -0.0004820381553
-1.9199999999999 -0.0004820381553
-1.8999999999999 -0.0004823397473
-1.8800000000000 -0.0004826369843
-1.8799999999999 -0.0004826369843
-1.8599999999999 -0.0004829296843
-1.8400000000000 -0.0004832176566
-1.8400000000000 -0.0004832176566
-1.8399999999999 -0.0004832176566
-1.8200000000000 -0.0004835007019
-1.8000000000000 -0.0004837786115
-1.8000000000000 -0.0004837786115
-1.7800000000000 -0.0004840511667
-1.7600000000000 -0.0004843181384
-1.7600000000000 -0.0004843181384
-1.7600000000000 -0.0004843181384
-1.7600000000000 -0.0004843181384
-1.7400000000000 -0.0004845792865
-1.7200000000000 -0.0004848343590
-1.7200000000000 -0.0004848343590
-1.7000000000000 -0.0004850830913
-1.6800000000000 -0.0004853252059
-1.6800000000000 -0.0004853252059
-1.6800000000000 -0.0004853252059
-1.6600000000000 -0.0004855604115
-1.6400000000000 -0.0004857884023
-1.6400000000000 -0.0004857884023
-1.6200000000000 -0.0004860088573
-1.6000000000000 -0.0004862214399
-1.6000000000000 -0.0004862214399
-1.6000000000000 -0.0004862214399
-1.6000000000000 -0.0004862214399
-1.6000000000000 -0.0004862214399
-1.5800000000000 -0.0004864257965
-1.5600000000000 -0.0004866215556
-1.5600000000000 -0.0004866215556
-1.5400000000000 -0.0004868083271
-1.5200000000000 -0.0004869857006
-1.5200000000000 -0.0004869857006
-1.5200000000000 -0.0004869857006
-1.5000000000000 -0.0004871532447
-1.4800000000000 -0.0004873105051
-1.4800000000000 -0.0004873105051
-1.4600000000000 -0.0004874570041
-1.4400000000000 -0.0004875922386
-1.4400000000000 -0.0004875922386
-1.4400000000000 -0.0004875922386
-1.4400000000000 -0.0004875922386
-1.4200000000000 -0.0004877156795
-1.4000000000000 -0.0004878267692
-1.4000000000000 -0.0004878267692
-1.3800000000000 -0.0004879249190
-1.3600000000000 -0.0004880095064
-1.3600000000000 -0.0004880095064
-1.3600000000000 -0.0004880095064
-1.3400000000000 -0.0004880798719
-1.3200000000000 -0.0004881353169
-1.3200000000000 -0.0004881353169
-1.3000000000000 -0.0004881751031
-1.2800000000000 -0.0004881984524
-1.2800000000000 -0.0004881984524
-1.2800000000000 -0.0004881984524
-1.2800000000000 -0.0004881984524
-1.2800000000000 -0.0004881984524
-1.2800000000000 -0.0004881984524
-1.2800000000000 -0.0004881984524
-1.2600000000000 -0.0004882045459
-1.2400000000000 -0.0004881925204
-1.2400000000000 -0.0004881925204
-1.2200000000000 -0.0004881614627
-1.2000000000000 -0.0004881104021
-1.2000000000000 -0.0004881104021
-1.2000000000000 -0.0004881104021
-1.1800000000000 -0.0004880383035
-1.1600000000000 -0.0004879440616
-1.1600000000000 -0.0004879440616
-1.1400000000000 -0.0004878264992
-1.1200000000000 -0.0004876843656
-1.1200000000000 -0.0004876843656
-1.1200000000000 -0.0004876843656
-1.1200000000000 -0.0004876843656
-1.1000000000000 -0.0004875163353
-1.0800000000000 -0.0004873210013
-1.0800000000000 -0.0004873210013
-1.0600000000000 -0.0004870968615
-1.0400000000000 -0.0004868422969
-1.0400000000000 -0.0004868422969
-1.0400000000000 -0.0004868422969
-1.0200000000000 -0.0004865555491
-1.0000000000000 -0.0004862347051
-1.0000000000000 -0.0004862347051
-0.9800000000000 -0.0004858776968
-0.9600000000000 -0.0004854823122
-0.9600000000000 -0.0004854823122
-0.9600000000000 -0.0004854823122
-0.9600000000000 -0.0004854823122
-0.9600000000000 -0.0004854823122
-0.9400000000000 -0.0004850462046
-0.9200000000000 -0.0004845668848
-0.9200000000000 -0.0004845668848
-0.9000000000000 -0.0004840416916
-0.8800000000000 -0.0004834677479
-0.8800000000000 -0.0004834677479
-0.8800000000000 -0.0004834677479
-0.8600000000000 -0.0004828419213
-0.8400000000000 -0.0004821607925
-0.8400000000000 -0.0004821607925
-0.8200000000000 -0.0004814206253
-0.8000000000000 -0.0004806173236
-0.8000000000000 -0.0004806173236
-0.8000000000000 -0.0004806173236
-0.8000000000000 -0.0004806173236
-0.7800000000000 -0.0004797463820
-0.7600000000000 -0.0004788028525
-0.7600000000000 -0.0004788028525
-0.7400000000000 -0.0004777813380
-0.7200000000000 -0.0004766759953
-0.7200000000000 -0.0004766759953
-0.7200000000000 -0.0004766759953
-0.7000000000000 -0.0004754805082
-0.6800000000000 -0.0004741879988
-0.6800000000000 -0.0004741879988
-0.6600000000000 -0.0004727908671
-0.6400000000000 -0.0004712805846
-0.6400000000000 -0.0004712805846
-0.6400000000000 -0.0004712805846
-0.6400000000000 -0.0004712805846
-0.6400000000000 -0.0004712805846
-0.6400000000000 -0.0004712805846
-0.6200000000000 -0.0004696474963
-0.6000000000000 -0.0004678807117
-0.6000000000000 -0.0004678807117
-0.5800000000000 -0.0004659681054
-0.5600000000000 -0.0004638963231
-0.5600000000000 -0.0004638963231
-0.5600000000000 -0.0004638963231
-0.5400000000000 -0.0004616505981
-0.5200000000000 -0.0004592142687
-0.5200000000000 -0.0004592142687
-0.5000000000000 -0.0004565681198
-0.4800000000000 -0.0004536898256
-0.4800000000000 -0.0004536898256
-0.4800000000000 -0.0004536898256
-0.4800000000000 -0.0004536898256
-0.4600000000000 -0.0004505536296
-0.4400000000000 -0.0004471300545
-0.4400000000000 -0.0004471300545
-0.4200000000000 -0.0004433852591
-0.4000000000000 -0.0004392799033
-0.4000000000000 -0.0004392799033
-0.4000000000000 -0.0004392799033
-0.3800000000000 -0.0004347677745
-0.3600000000000 -0.0004297943577
-0.3600000000000 -0.0004297943577
-0.3400000000000 -0.0004242949128
-0.3200000000000 -0.0004181912436
-0.3200000000000 -0.0004181912436
-0.3200000000000 -0.0004181912436
-0.3200000000000 -0.0004181912436
-0.3200000000000 -0.0004181912436
-0.3000000000000 -0.0004113869887
-0.2800000000000 -0.0004037625244
-0.2800000000000 -0.0004037625244
-0.2600000000000 -0.0003951696973
-0.2400000000000 -0.0003854204710
-0.2400000000000 -0.0003854204710
-0.2400000000000 -0.0003854204710
-0.2200000000000 -0.0003742662526
-0.2000000000000 -0.0003613948782
-0.2000000000000 -0.0003613948782
-0.1800000000000 -0.0003464298054
-0.1600000000000 -0.0003287293275
-0.1600000000000 -0.0003287293275
-0.1600000000000 -0.0003287293275
-0.1600000000000 -0.0003287293275
-0.1400000000000 -0.0003070966248
-0.1200000000000 -0.0002804972375
-0.1200000000000 -0.0002804972375
-0.1000000000000 -0.0002490569730
-0.0800000000000 -0.0002097228687
-0.0800000000000 -0.0002097228687
-0.0800000000000 -0.0002097228687
-0.0600000000000 -0.0001484330945
-0.0400000000000 -0.0000519338294
-0.0400000000000 -0.0000519338294
-0.0200000000000 0.0000547170053
0.0000000000000 0.0001039522472
0.0000000000000 0.0001039522472
0.0000000000000 0.0001039522472
0.0000000000000 0.0001039522472
0.0000000000000 0.0001039522472
0.0000000000000 0.0001039522472
0.0000000000000 0.0001039522472
0.0000000000000 0.0001039522472
0.0200000000000 0.0000547186823
0.0400000000000 -0.0000519326976
0.0400000000000 -0.0000519326976
0.0600000000000 -0.0001484331831
0.0800000000000 -0.0002097228196
0.0800000000000 -0.0002097228196
0.0800000000000 -0.0002097228196
0.1000000000000 -0.0002490562021
0.1200000000000 -0.0002804963848
0.1200000000000 -0.0002804963848
0.1400000000000 -0.0003070960999
0.1600000000000 -0.0003287289858
0.1600000000000 -0.0003287289858
0.1600000000000 -0.0003287289858
0.1600000000000 -0.0003287289858
0.1800000000000 -0.0003464294940
0.2000000000000 -0.0003613945970
0.2000000000000 -0.0003613945970
0.2200000000000 -0.0003742660163
0.2400000000000 -0.0003854202656
0.2400000000000 -0.0003854202656
0.2400000000000 -0.0003854202656
0.2600000000000 -0.0003951695105
0.2800000000000 -0.0004037623562
0.2800000000000 -0.0004037623562
0.3000000000000 -0.0004113868454
0.3200000000000 -0.0004181911300
0.3200000000000 -0.0004181911300
0.3200000000000 -0.0004181911300
0.3200000000000 -0.0004181911300
0.3200000000000 -0.0004181911300
0.3400000000000 -0.0004242948266
0.3600000000000 -0.0004297942919
0.3600000000000 -0.0004297942919
0.3800000000000 -0.0004347677250
0.4000000000000 -0.0004392798711
0.4000000000000 -0.0004392798711
0.4000000000000 -0.0004392798711
0.4200000000000 -0.0004433852458
0.4400000000000 -0.0004471300576
0.4400000000000 -0.0004471300576
0.4600000000000 -0.0004505536432
0.4800000000000 -0.0004536898446
0.4800000000000 -0.0004536898446
0.4800000000000 -0.0004536898446
0.4800000000000 -0.0004536898446
0.5000000000000 -0.0004565681415
0.5200000000000 -0.0004592142926
0.5200000000000 -0.0004592142926
0.5400000000000 -0.0004616506255
0.5600000000000 -0.0004638963564
0.5600000000000 -0.0004638963564
0.5600000000000 -0.0004638963564
0.5800000000000 -0.0004659681466
0.6000000000000 -0.0004678807611
0.6000000000000 -0.0004678807611
0.6200000000000 -0.0004696475535
0.6400000000000 -0.0004712806503
0.6400000000000 -0.0004712806503
0.6400000000000 -0.0004712806503
0.6400000000000 -0.0004712806503
0.6400000000000 -0.0004712806503
0.6400000000000 -0.0004712806503
0.6600000000000 -0.0004727909427
0.6800000000000 -0.0004741880840
0.6800000000000 -0.0004741880840
0.7000000000000 -0.0004754805989
0.7200000000000 -0.0004766760843
0.7200000000000 -0.0004766760843
0.7200000000000 -0.0004766760843
0.7400000000000 -0.0004777814198
0.7600000000000 -0.0004788029256
0.7600000000000 -0.0004788029256
0.7800000000000 -0.0004797464486
0.8000000000000 -0.0004806173871
0.8000000000000 -0.0004806173871
0.8000000000000 -0.0004806173871
0.8000000000000 -0.0004806173871
0.8200000000000 -0.0004814206890
0.8400000000000 -0.0004821608585
0.8400000000000 -0.0004821608585
0.8600000000000 -0.0004828419910
0.8800000000000 -0.0004834678215
0.8800000000000 -0.0004834678215
0.8800000000000 -0.0004834678215
0.9000000000000 -0.0004840417680
0.9200000000000 -0.0004845669623
0.9200000000000 -0.0004845669623
0.9400000000000 -0.0004850462820
0.9600000000000 -0.0004854823892
0.9600000000000 -0.0004854823892
0.9600000000000 -0.0004854823892
0.9600000000000 -0.0004854823892
0.9600000000000 -0.0004854823892
0.9800000000000 -0.0004858777738
1.0000000000000 -0.0004862347829
1.0000000000000 -0.0004862347829
1.0200000000000 -0.0004865556279
1.0400000000000 -0.0004868423761
1.0400000000000 -0.0004868423761
1.0400000000000 -0.0004868423761
1.0600000000000 -0.0004870969403
1.0800000000000 -0.0004873210789
1.0800000000000 -0.0004873210789
1.1000000000000 -0.0004875164115
1.1200000000000 -0.0004876844408
1.1200000000000 -0.0004876844408
1.1200000000000 -0.0004876844408
1.1200000000000 -0.0004876844408
1.1400000000000 -0.0004878265745
1.1600000000000 -0.0004879441384
1.1600000000000 -0.0004879441384
1.1800000000000 -0.0004880383830
1.2000000000000 -0.0004881104852
1.2000000000000 -0.0004881104852
1.2000000000000 -0.0004881104852
1.2200000000000 -0.0004881615496
1.2400000000000 -0.0004881926109
1.2400000000000 -0.0004881926109
1.2600000000000 -0.0004882046397
1.2800000000000 -0.0004881985491
1.2800000000000 -0.0004881985491
1.2800000000000 -0.0004881985491
1.2800000000000 -0.0004881985491
1.2800000000000 -0.0004881985491
1.2800000000000 -0.0004881985491
1.2800000000000 -0.0004881985491
1.3000000000000 -0.0004881752023
1.3200000000000 -0.0004881354186
1.3200000000000 -0.0004881354186
1.3400000000000 -0.0004880799761
1.3600000000000 -0.0004880096130
1.3600000000000 -0.0004880096130
1.3600000000000 -0.0004880096130
1.3800000000001 -0.0004879250276
1.4000000000000 -0.0004878268795
1.4000000000001 -0.0004878268795
1.4200000000000 -0.0004877157910
1.4400000000000 -0.0004875923507
1.4400000000000 -0.0004875923507
1.4400000000000 -0.0004875923507
1.4400000000000 -0.0004875923507
1.4600000000001 -0.0004874571164
1.4800000000000 -0.0004873106174
1.4800000000001 -0.0004873106174
1.5000000000001 -0.0004871533567
1.5200000000000 -0.0004869858124
1.5200000000000 -0.0004869858124
1.5200000000001 -0.0004869858124
1.5400000000001 -0.0004868084383
1.5600000000000 -0.0004866216662
1.5600000000001 -0.0004866216662
1.5800000000001 -0.0004864259061
1.6000000000000 -0.0004862215484
1.6000000000000 -0.0004862215484
1.6000000000000 -0.0004862215484
1.6000000000000 -0.0004862215484
1.6000000000001 -0.0004862215484
1.6200000000001 -0.0004860089644
1.6400000000000 -0.0004857885078
1.6400000000001 -0.0004857885078
1.6600000000001 -0.0004855605154
1.6800000000000 -0.0004853253083
1.6800000000000 -0.0004853253083
1.6800000000001 -0.0004853253083
1.7000000000001 -0.0004850831921
1.7200000000000 -0.0004848344584
1.7200000000001 -0.0004848344584
1.7400000000001 -0.0004845793845
1.7600000000000 -0.0004843182351
1.7600000000000 -0.0004843182351
1.7600000000000 -0.0004843182351
1.7600000000001 -0.0004843182351
1.7800000000001 -0.0004840512618
1.8000000000001 -0.0004837787051
1.8000000000001 -0.0004837787051
1.8200000000001 -0.0004835007938
1.8400000000000 -0.0004832177466
1.8400000000001 -0.0004832177466
1.8400000000001 -0.0004832177466
1.8600000000001 -0.0004829297723
1.8800000000001 -0.0004826370702
1.8800000000001 -0.0004826370702
1.9000000000001 -0.0004823398309
1.9200000000000 -0.0004820382368
1.9200000000000 -0.0004820382368
1.9200000000000 -0.0004820382368
1.9200000000000 -0.0004820382368
1.9200000000000 -0.0004820382368
1.9200000000001 -0.0004820382368
1.9400000000001 -0.0004817324623
1.9600000000000 -0.0004814226749
1.9600000000001 -0.0004814226749
1.9800000000001 -0.0004811090350
2.0000000000000 -0.0004807916969
2.0000000000001 -0.0004807916969
2.0000000000001 -0.0004807916969
2.0200000000001 -0.0004804708092
2.0400000000001 -0.0004801465152
2.0400000000001 -0.0004801465152
2.0600000000001 -0.0004798189534
2.0800000000000 -0.0004794882579
2.0800000000000 -0.0004794882579
2.0800000000001 -0.0004794882579
2.0800000000001 -0.0004794882579
2.1000000000001 -0.0004791545584
2.1200000000001 -0.0004788179807
2.1200000000001 -0.0004788179807
2.1400000000001 -0.0004784786467
2.1600000000000 -0.0004781366745
2.1600000000001 -0.0004781366745
2.1600000000001 -0.0004781366745
2.1800000000001 -0.0004777921787
2.2000000000001 -0.0004774452697
2.2000000000001 -0.0004774452697
2.2200000000001 -0.0004770960544
2.2400000000000 -0.0004767446357
2.2400000000000 -0.0004767446357
2.2400000000000 -0.0004767446357
2.2400000000001 -0.0004767446357
2.2400000000001 -0.0004767446357
2.2600000000001 -0.0004763911128
2.2800000000001 -0.0004760355809
2.2800000000001 -0.0004760355809
2.3000000000000 -0.0004756781314
2.3200000000000 -0.0004753188518
2.3200000000000 -0.0004753188518
2.3200000000001 -0.0004753188518
2.3400000000000 -0.0004749578260
2.3600000000000 -0.0004745951345
2.3600000000001 -0.0004745951345
2.3800000000000 -0.0004742308541
2.4000000000000 -0.0004738650585
2.4000000000000 -0.0004738650585
2.4000000000000 -0.0004738650585
2.4000000000001 -0.0004738650585
2.4200000000000 -0.0004734978183
2.4400000000000 -0.0004731292009
2.4400000000001 -0.0004731292009
2.4600000000000 -0.0004727592712
2.4800000000000 -0.0004723880910
2.4800000000000 -0.0004723880910
2.4800000000001 -0.0004723880910
2.5000000000000 -0.0004720157200
2.5200000000000 -0.0004716422155
2.5200000000001 -0.0004716422155
2.5400000000000 -0.0004712676323
2.5600000000000 -0.0004708920237
2.5600000000000 -0.0004708920237
2.5600000000000 -0.0004708920237
2.5600000000000 -0.0004708920237
2.5600000000000 -0.0004708920237
2.5600000000000 -0.0004708920237
2.5600000000000 -0.0004708920237
2.5600000000001 -0.0004708920237
2.5800000000000 -0.0004705154407
2.6000000000000 -0.0004701379326
2.6000000000001 -0.0004701379326
2.6200000000000 -0.0004697595471
2.6400000000000 -0.0004693803304
2.6400000000000 -0.0004693803304
2.6400000000001 -0.0004693803304
2.6600000000000 -0.0004690003268
2.6800000000000 -0.0004686195795
2.6800000000001 -0.0004686195795
2.7000000000000 -0.0004682381300
2.7200000000000 -0.0004678560185
2.7200000000000 -0.0004678560185
2.7200000000000 -0.0004678560185
2.7200000000001 -0.0004678560185
2.7400000000000 -0.0004674732841
2.7600000000000 -0.0004670899645
2.7600000000000 -0.0004670899645
2.7800000000000 -0.0004667060963
2.8000000000000 -0.0004663217147
2.8000000000000 -0.0004663217147
2.8000000000000 -0.0004663217147
2.8200000000000 -0.0004659368544
2.8400000000000 -0.0004655515486
2.8400000000000 -0.0004655515486
2.8600000000000 -0.0004651658296
2.8800000000000 -0.0004647797290
2.8800000000000 -0.0004647797290
2.8800000000000 -0.0004647797290
2.8800000000000 -0.0004647797290
2.8800000000000 -0.0004647797290
2.9000000000000 -0.0004643932773
2.9200000000000 -0.0004640065040
2.9200000000000 -0.0004640065040
2.9400000000000 -0.0004636194380
2.9600000000000 -0.0004632321070
2.9600000000000 -0.0004632321070
2.9600000000000 -0.0004632321070
2.9800000000000 -0.0004628445380
3.0000000000000 -0.0004624567574
3.0000000000000 -0.0004624567574
3.0200000000000 -0.0004620687906
3.0400000000000 -0.0004616806611
3.0400000000000 -0.0004616806611
3.0400000000000 -0.0004616806611
3.0400000000000 -0.0004616806611
3.0600000000000 -0.0004612923939
3.0800000000000 -0.0004609040108
3.0800000000000 -0.0004609040108
3.1000000000000 -0.0004605155349
3.1200000000000 -0.0004601269867
3.1200000000000 -0.0004601269867
3.1200000000000 -0.0004601269867
3.1400000000000 -0.0004597383877
3.1600000000000 -0.0004593497569
3.1600000000000 -0.0004593497569
3.1800000000000 -0.0004589611144
3.2000000000000 -0.0004585724778
3.2000000000000 -0.0004585724778
3.2000000000000 -0.0004585724778
3.2000000000000 -0.0004585724778
3.2000000000000 -0.0004585724778
3.2400000000000 -0.0004577952944
3.2800000000000 -0.0004570183418
3.2800000000000 -0.0004570183418
3.3200000000000 -0.0004562417454
3.3600000000000 -0.0004554656220
3.3600000000000 -0.0004554656220
3.3600000000000 -0.0004554656220
3.4000000000000 -0.0004546900802
3.4400000000000 -0.0004539152210
3.4400000000000 -0.0004539152210
3.4800000000000 -0.0004531411388
3.5200000000000 -0.0004523679213
3.5200000000000 -0.0004523679213
3.5200000000000 -0.0004523679213
3.5200000000000 -0.0004523679213
3.5600000000000 -0.0004515956504
3.6000000000000 -0.0004508244029
3.6000000000000 -0.0004508244029
3.6400000000000 -0.0004500542503
3.6800000000000 -0.0004492852593
3.6800000000000 -0.0004492852593
3.6800000000000 -0.0004492852593
3.7200000000000 -0.0004485174919
3.7600000000000 -0.0004477510052
3.7600000000000 -0.0004477510052
3.8000000000000 -0.0004469858518
3.8400000000000 -0.0004462220796
3.8400000000000 -0.0004462220796
3.8400000000000 -0.0004462220796
3.8400000000000 -0.0004462220796
3.8400000000000 -0.0004462220796
3.8400000000000 -0.0004462220796
3.8800000000000 -0.0004454597327
3.9200000000000 -0.0004446988512
3.9200000000000 -0.0004446988512
3.9600000000000 -0.0004439394724
4.0000000000000 -0.0004431816306
4.0000000000000 -0.0004431816306
4.0000000000000 -0.0004431816306
4.0400000000000 -0.0004424253576
4.0800000000000 -0.0004416706830
4.0800000000000 -0.0004416706830
4.1200000000000 -0.0004409176341
4.1600000000000 -0.0004401662358
4.1600000000000 -0.0004401662358
4.1600000000000 -0.0004401662358
4.1600000000000 -0.0004401662358
4.2000000000000 -0.0004394165104
4.2400000000000 -0.0004386684780
4.2400000000000 -0.0004386684780
4.2800000000000 -0.0004379221563
4.3200000000000 -0.0004371775609
4.3200000000000 -0.0004371775609
4.3200000000001 -0.0004371775609
4.3600000000000 -0.0004364347052
4.4000000000000 -0.0004356936005
4.4000000000000 -0.0004356936005
4.4400000000000 -0.0004349542569
4.4800000000000 -0.0004342166848
4.4800000000000 -0.0004342166848
4.4800000000000 -0.0004342166848
4.4800000000000 -0.0004342166848
4.4800000000001 -0.0004342166848
4.5200000000000 -0.0004334808939
4.5600000000000 -0.0004327468927
4.5600000000000 -0.0004327468927
4.6000000000000 -0.0004320146883
4.6400000000000 -0.0004312842866
4.6400000000000 -0.0004312842866
4.6400000000001 -0.0004312842866
4.6800000000000 -0.0004305556926
4.7199999999999 -0.0004298289101
4.7200000000000 -0.0004298289101
4.7600000000000 -0.0004291039414
4.7999999999999 -0.0004283807874
4.8000000000000 -0.0004283807874
4.8000000000000 -0.0004283807874
4.8000000000001 -0.0004283807874
4.8400000000000 -0.0004276594479
4.8799999999999 -0.0004269399214
4.8800000000000 -0.0004269399214
4.9200000000000 -0.0004262222055
4.9599999999999 -0.0004255062971
4.9600000000000 -0.0004255062971
4.9600000000001 -0.0004255062971
5.0000000000000 -0.0004247921924
5.0399999999999 -0.0004240798872
5.0400000000000 -0.0004240798872
5.0800000000000 -0.0004233693768
5.1199999999999 -0.0004226606562
5.1200000000000 -0.0004226606562
5.1200000000000 -0.0004226606562
5.1200000000000 -0.0004226606562
5.1200000000000 -0.0004226606562
5.1200000000000 -0.0004226606562
5.1200000000001 -0.0004226606562
5.1600000000000 -0.0004219537202
5.1999999999999 -0.0004212485627
5.2000000000000 -0.0004212485627
5.2400000000000 -0.0004205451775
5.2799999999999 -0.0004198435575
5.2800000000000 -0.0004198435575
5.2800000000001 -0.0004198435575
5.3200000000000 -0.0004191436951
5.3599999999999 -0.0004184455820
5.3600000000000 -0.0004184455820
5.4000000000000 -0.0004177492094
5.4399999999999 -0.0004170545679
5.4400000000000 -0.0004170545679
5.4400000000000 -0.0004170545679
5.4400000000001 -0.0004170545679
5.4800000000000 -0.0004163616478
5.5199999999999 -0.0004156704387
5.5200000000000 -0.0004156704387
5.5600000000000 -0.0004149809300
5.5999999999999 -0.0004142931105
5.6000000000000 -0.0004142931105
5.6000000000001 -0.0004142931105
5.6400000000000 -0.0004136069687
5.6799999999999 -0.0004129224927
5.6800000000000 -0.0004129224927
5.7200000000000 -0.0004122396703
5.7599999999999 -0.0004115584889
5.7600000000000 -0.0004115584889
5.7600000000000 -0.0004115584889
5.7600000000000 -0.0004115584889
5.7600000000001 -0.0004115584889
5.8000000000000 -0.0004108789359
5.8399999999999 -0.0004102009984
5.8400000000000 -0.0004102009984
5.8800000000000 -0.0004095246636
5.9199999999999 -0.0004088499188
5.9200000000000 -0.0004088499188
5.9200000000001 -0.0004088499188
5.9600000000000 -0.0004081767512
5.9999999999999 -0.0004075051484
6.0000000000000 -0.0004075051484
6.0400000000000 -0.0004068350981
6.0799999999999 -0.0004061665880
6.0800000000000 -0.0004061665880
6.0800000000000 -0.0004061665880
6.0800000000001 -0.0004061665880
6.1200000000000 -0.0004054996058
6.1599999999999 -0.0004048341388
6.1600000000000 -0.0004048341388
6.2000000000000 -0.0004041701748
6.2399999999999 -0.0004035077008
6.2400000000000 -0.0004035077008
6.2400000000001 -0.0004035077008
6.2800000000000 -0.0004028467040
6.3199999999999 -0.0004021871710
6.3200000000000 -0.0004021871710
6.3600000000000 -0.0004015290885
6.3999999999999 -0.0004008724428
6.4000000000000 -0.0004008724428
6.4000000000000 -0.0004008724428
6.4000000000000 -0.0004008724428
6.4000000000001 -0.0004008724428
6.4799999999999 -0.0003995634081
6.5599999999999 -0.0003982599596
6.5600000000001 -0.0003982599596
6.6399999999999 -0.0003969619924
6.7199999999999 -0.0003956694053
6.7200000000001 -0.0003956694053
6.7200000000001 -0.0003956694053
6.7999999999999 -0.0003943821000
6.8799999999999 -0.0003930999810
6.8800000000000 -0.0003930999810
6.9599999999999 -0.0003918229541
7.0399999999999 -0.0003905509248
7.0400000000000 -0.0003905509248
7.0400000000000 -0.0003905509248
7.0400000000000 -0.0003905509248
7.1199999999999 -0.0003892837958
7.1999999999999 -0.0003880214653
7.2000000000000 -0.0003880214653
7.2799999999999 -0.0003867638266
7.3599999999999 -0.0003855107698
7.3600000000000 -0.0003855107698
7.3600000000001 -0.0003855107698
7.4399999999999 -0.0003842621839
7.5199999999999 -0.0003830179600
7.5200000000000 -0.0003830179600
7.5999999999999 -0.0003817779935
7.6799999999999 -0.0003805421843
7.6800000000000 -0.0003805421843
7.6800000000000 -0.0003805421843
7.6800000000000 -0.0003805421843
7.6800000000000 -0.0003805421843
7.6800000000001 -0.0003805421843
7.7599999999999 -0.0003793104371
7.8400000000000 -0.0003780826600
7.8400000000001 -0.0003780826600
7.9200000000001 -0.0003768587645
8.0000000000000 -0.0003756386656
8.0000000000000 -0.0003756386656
8.0000000000001 -0.0003756386656
8.0800000000001 -0.0003744222818
8.1600000000000 -0.0003732095346
8.1600000000001 -0.0003732095346
8.2400000000001 -0.0003720003474
8.3200000000000 -0.0003707946449
8.3200000000000 -0.0003707946449
8.3200000000001 -0.0003707946449
8.3200000000001 -0.0003707946449
8.4000000000001 -0.0003695923521
8.4800000000000 -0.0003683933951
8.4800000000001 -0.0003683933951
8.5600000000001 -0.0003671977009
8.6400000000000 -0.0003660051977
8.6400000000001 -0.0003660051977
8.6400000000001 -0.0003660051977
8.7200000000001 -0.0003648158153
8.8000000000000 -0.0003636294840
8.8000000000001 -0.0003636294840
8.8800000000001 -0.0003624461348
8.9600000000000 -0.0003612656990
8.9600000000000 -0.0003612656990
8.9600000000000 -0.0003612656990
8.9600000000001 -0.0003612656990
8.9600000000001 -0.0003612656990
9.0400000000001 -0.0003600881088
9.1200000000000 -0.0003589132970
9.1200000000001 -0.0003589132970
9.2000000000001 -0.0003577411978
9.2800000000000 -0.0003565717466
9.2800000000001 -0.0003565717466
9.2800000000001 -0.0003565717466
9.3600000000001 -0.0003554048804
9.4400000000000 -0.0003542405361
9.4400000000001 -0.0003542405361
9.5200000000001 -0.0003530786493
9.6000000000000 -0.0003519191532
9.6000000000000 -0.0003519191532
9.6000000000001 -0.0003519191532
9.6000000000001 -0.0003519191532
9.6800000000001 -0.0003507619769
9.7600000000000 -0.0003496070472
9.7600000000001 -0.0003496070472
9.8400000000001 -0.0003484542897
9.9200000000000 -0.0003473036328
9.9200000000000 -0.0003473036328
9.9200000000001 -0.0003473036328
10.0000000000001 -0.0003461550103
10.0800000000000 -0.0003450083631
10.0800000000001 -0.0003450083631
10.1600000000001 -0.0003438636384
10.2400000000000 -0.0003427207905
10.2400000000000 -0.0003427207905
10.2400000000000 -0.0003427207905
10.2400000000000 -0.0003427207905
10.2400000000000 -0.0003427207905
10.2400000000001 -0.0003427207905
10.3200000000001 -0.0003415797730
10.4000000000000 -0.0003404405345
10.4000000000001 -0.0003404405345
10.4800000000001 -0.0003393030281
10.5600000000000 -0.0003381671928
10.5600000000000 -0.0003381671928
10.5600000000001 -0.0003381671928
10.6400000000001 -0.0003370329732
10.7200000000000 -0.0003359003063
10.7200000000001 -0.0003359003063
10.8000000000001 -0.0003347691300
10.8800000000000 -0.0003336393856
10.8800000000000 -0.0003336393856
10.8800000000000 -0.0003336393856
11.0400000000000 -0.0003313839550
11.2000000000000 -0.0003291335687
11.2000000000000 -0.0003291335687
11.3599999999999 -0.0003268878088
11.5199999999999 -0.0003246462924
11.5200000000000 -0.0003246462924
11.5200000000000 -0.0003246462924
11.5200000000000 -0.0003246462924
11.6799999999999 -0.0003224086867
11.8399999999999 -0.0003201747030
11.8400000000000 -0.0003201747030
11.9999999999999 -0.0003179440686
12.1599999999999 -0.0003157165049
12.1600000000000 -0.0003157165049
12.1600000000000 -0.0003157165049
12.3199999999999 -0.0003134917307
12.4799999999999 -0.0003112694811
12.4800000000000 -0.0003112694811
12.6399999999999 -0.0003090495055
12.7999999999999 -0.0003068315442
12.8000000000000 -0.0003068315442
12.8000000000000 -0.0003068315442
12.8000000000000 -0.0003068315442
12.8000000000000 -0.0003068315442
12.9599999999999 -0.0003046153220
13.1199999999999 -0.0003024005864
13.1200000000000 -0.0003024005864
13.2799999999999 -0.0003001871506
13.4399999999999 -0.0002979748880
13.4400000000000 -0.0002979748880
13.4400000000000 -0.0002979748880
13.5999999999999 -0.0002957636835
13.7599999999999 -0.0002935533969
13.7600000000000 -0.0002935533969
13.9199999999999 -0.0002913438604
14.0799999999999 -0.0002891348810
14.0800000000000 -0.0002891348810
14.0800000000000 -0.0002891348810
14.0800000000000 -0.0002891348810
14.2399999999999 -0.0002869262232
14.3999999999999 -0.0002847176072
14.3999999999999 -0.0002847176072
14.5599999999999 -0.0002825087610
14.7199999999999 -0.0002802994256
14.7199999999999 -0.0002802994256
14.7200000000000 -0.0002802994256
14.8799999999999 -0.0002780893482
15.0399999999999 -0.0002758782371
15.0399999999999 -0.0002758782371
15.1999999999999 -0.0002736657731
15.3599999999999 -0.0002714517864
15.3599999999999 -0.0002714517864
15.3600000000000 -0.0002714517864
15.3600000000000 -0.0002714517864
15.3600000000000 -0.0002714517864
15.5199999999999 -0.0002692360043
15.6799999999999 -0.0002670184167
15.9999999999999 -0.0002625775216
16.0000000000000 -0.0002625775216
16.3199999999999 -0.0002581289757
16.6400000000000 -0.0002536724423
16.6400000000000 -0.0002536724423
16.6400000000001 -0.0002536724423
16.9600000000001 -0.0002492069613
17.2800000000000 -0.0002447311829
17.2800000000001 -0.0002447311829
17.6000000000001 -0.0002402439777
17.9200000000000 -0.0002357446332
17.9200000000000 -0.0002357446332
17.9200000000000 -0.0002357446332
17.9200000000001 -0.0002357446332
18.2400000000001 -0.0002312326825
18.5600000000000 -0.0002267077252
18.5600000000001 -0.0002267077252
18.8800000000001 -0.0002221692661
19.2000000000000 -0.0002176166550
19.2000000000000 -0.0002176166550
19.2000000000001 -0.0002176166550
19.5200000000001 -0.0002130493402
19.8400000000000 -0.0002084670967
19.8400000000001 -0.0002084670967
20.1600000000001 -0.0002038697970
20.4800000000000 -0.0001992573229
20.4800000000000 -0.0001992573229
20.4800000000000 -0.0001992573229
20.4800000000001 -0.0001992573229
20.8000000000001 -0.0001946291188
21.1200000000000 -0.0001899863698
21.1200000000001 -0.0001899863698
21.4400000000001 -0.0001853302718
21.7600000000000 -0.0001806602371
21.7600000000000 -0.0001806602371
21.7600000000001 -0.0001806602371
22.0800000000001 -0.0001759761957
22.4000000000000 -0.0001712777910
22.4000000000002 -0.0001712777910
22.7200000000002 -0.0001665642124
23.0400000000000 -0.0001618367509
23.0400000000000 -0.0001618367509
23.0400000000000 -0.0001618367509
23.6800000000000 -0.0001523432413
24.3200000000000 -0.0001428064595
24.3200000000000 -0.0001428064595
24.9600000000000 -0.0001332330739
25.6000000000000 -0.0001236274043
25.6000000000000 -0.0001236274043
25.6000000000000 -0.0001236274043
26.2400000000000 -0.0001139954870
26.8800000000000 -0.0001043480660
26.8800000000000 -0.0001043480660
27.5200000000000 -0.0000946981144
28.1600000000000 -0.0000850566718
28.1600000000000 -0.0000850566718
28.1600000000000 -0.0000850566718
28.8000000000000 -0.0000754335934
29.4400000000000 -0.0000658402976
29.4400000000000 -0.0000658402976
30.0800000000000 -0.0000562910488
30.7200000000000 -0.0000468017451
30.7200000000000 -0.0000468017451
30.7200000000000 -0.0000468017451
31.3600000000000 -0.0000373876494
32.0000000000000 -0.0000280627667
32.0000000000000 -0.0000280627667
32.6400000000000 -0.0000188418709
33.2800000000000 -0.0000097417144
33.2800000000000 -0.0000097417144
33.2800000000000 -0.0000097417144
33.9200000000000 -0.0000007785569
34.5600000000000 0.0000080313499
34.5600000000000 0.0000080313499
35.2000000000000 0.0000166717983
35.8400000000000 0.0000251263965
35.8400000000000 0.0000251263965
35.8400000000000 0.0000251263965
36.4800000000000 0.0000333787414
37.1200000000000 0.0000414126597
37.1200000000000 0.0000414126597
37.7600000000000 0.0000492117541
38.4000000000000 0.0000567602945
38.4000000000000 0.0000567602945
39.6800000000000 0.0000710421259
40.9600000000000 0.0000841364483
40.9600000000000 0.0000841364483
42.2400000000000 0.0000959302586
43.5200000000000 0.0001063244547
43.5200000000000 0.0001063244547
44.8000000000000 0.0001152389862
46.0800000000000 0.0001226160273
46.0800000000000 0.0001226160273
47.3600000000000 0.0001284244513
48.6400000000000 0.0001326634480
48.6400000000000 0.0001326634480
49.9200000000000 0.0001353631243
51.2000000000000 0.0001365847910
51.2000000000000 0.0001365847910
52.4800000000000 0.0001364203850
53.7600000000000 0.0001349885104
53.7600000000000 0.0001349885104
55.0400000000000 0.0001324280819
56.3200000000000 0.0001288920319
56.3200000000000 0.0001288920319
57.6000000000000 0.0001245410082
58.8800000000000 0.0001195367914
58.8800000000000 0.0001195367914
60.1600000000000 0.0001140365518
61.4400000000000 0.0001081877820
61.4400000000000 0.0001081877820
62.7200000000000 0.0001021242991
64.0000000000000 0.0000959639873
64.0000000000000 0.0000959639873
65.2800000000000 0.0000898080841
66.5600000000000 0.0000837411418
66.5600000000000 0.0000837411418
67.8400000000000 0.0000778311658
69.1200000000000 0.0000721308769
69.1200000000000 0.0000721308769
70.4000000000000 0.0000666796778
71.6800000000000 0.0000615053357
71.6800000000000 0.0000615053357
72.9600000000000 0.0000566254393
74.2400000000000 0.0000520487434
74.2400000000000 0.0000520487434
75.5200000000000 0.0000477767870
76.8000000000000 0.0000438054266
76.8000000000000 0.0000438054266
78.0800000000000 0.0000401261168
79.3600000000000 0.0000367275656
79.3600000000000 0.0000367275656
80.6400000000000 0.0000335966308
81.9200000000000 0.0000307179035
81.9200000000000 0.0000307179035
83.2000000000000 0.0000280742262
84.4800000000000 0.0000256485919
84.4800000000000 0.0000256485919
85.7600000000000 0.0000234248751
87.0400000000000 0.0000213868935
87.0400000000000 0.0000213868935
88.3200000000000 0.0000195182099
89.6000000000000 0.0000178036152
89.6000000000000 0.0000178036152
90.8800000000000 0.0000162304778
92.1600000000000 0.0000147884382
92.1600000000000 0.0000147884382
93.4400000000000 0.0000134679922
94.7200000000000 0.0000122593219
94.7200000000000 0.0000122593219
96.0000000000000 0.0000111521827
97.2800000000000 0.0000101367273
97.2800000000000 0.0000101367273
98.5600000000000 0.0000092042055
99.8400000000000 0.0000083465658
99.8400000000000 0.0000083465658
101.1200000000000 0.0000075555006
102.4000000000000 0.0000068223614
102.4000000000000 0.0000068223614
103.6800000000000 0.0000061392336
104.9600000000000 0.0000055000329
104.9600000000000 0.0000055000329
106.2400000000000 0.0000049005538
107.5200000000000 0.0000043375450
107.5200000000000 0.0000043375450
108.8000000000000 0.0000038078049
110.0800000000000 0.0000033081633
110.0800000000000 0.0000033081633
111.3600000000000 0.0000028361352
112.6400000000000 0.0000023902387
112.6400000000000 0.0000023902387
113.9200000000000 0.0000019694466
115.2000000000000 0.0000015723104
115.2000000000000 0.0000015723104
116.4800000000000 0.0000011965863
117.7600000000000 0.0000008394945
117.7600000000000 0.0000008394945
119.0400000000000 0.0000004979621
120.3200000000000 0.0000001683278
120.3200000000000 0.0000001683278
121.6000000000000 -0.0000001540865
122.8800000000000 -0.0000004745450
122.8800000000000 -0.0000004745450
124.1600000000000 -0.0000007971954
125.4400000000000 -0.0000011227790
125.4400000000000 -0.0000011227790
126.7200000000000 -0.0000014468767
128.0000000000000 -0.0000017593874
128.0000000000000 -0.0000017593874
129.2800000000000 -0.0000020451607
130.5600000000000 -0.0000022864718
130.5600000000000 -0.0000022864718
131.8400000000000 -0.0000024634933
133.1200000000000 -0.0000025673831
133.1200000000000 -0.0000025673831
134.4000000000000 -0.0000025795775
135.6800000000000 -0.0000025094134
135.6800000000000 -0.0000025094134
136.9600000000000 -0.0000023522288
138.2400000000000 -0.0000021314577
138.2400000000000 -0.0000021314577
139.5200000000000 -0.0000018606466
140.8000000000000 -0.0000015647961
143.3600000000000 -0.0000009865247
145.9200000000000 -0.0000005359964
148.4800000000000 -0.0000002640366
151.0400000000000 -0.0000001388732
153.6000000000000 -0.0000000946282
156.1600000000000 -0.0000000792776
158.7200000000000 -0.0000000697223
161.2800000000000 -0.0000000609500
163.8400000000000 -0.0000000530628
166.4000000000000 -0.0000000462258
168.9600000000000 -0.0000000402742
171.5200000000000 -0.0000000350330
174.0800000000000 -0.0000000305017
176.6400000000000 -0.0000000267237
179.2000000000000 -0.0000000234849
181.7600000000000 -0.0000000204892
184.3200000000000 -0.0000000177598
186.8800000000000 -0.0000000155332
189.4400000000000 -0.0000000138412
192.0000000000000 -0.0000000124438
194.5600000000000 -0.0000000111362
197.1200000000000 -0.0000000099361
199.6800000000000 -0.0000000089362
202.2400000000000 -0.0000000081272
204.8000000000000 -0.0000000074290
207.3600000000000 -0.0000000067991
209.9200000000000 -0.0000000062446
212.4800000000000 -0.0000000057724
215.0400000000000 -0.0000000053735
217.6000000000000 -0.0000000050335
220.1600000000000 -0.0000000047326
222.7200000000000 -0.0000000044602
225.2800000000000 -0.0000000042220
227.8400000000000 -0.0000000040197
230.4000000000000 -0.0000000038538
232.9600000000000 -0.0000000037260
235.5200000000000 -0.0000000036186
238.0800000000000 -0.0000000035113
240.6400000000000 -0.0000000033935
243.2000000000000 -0.0000000032455
245.7600000000000 -0.0000000030868
248.3200000000000 -0.0000000030102
250.8800000000000 -0.0000000030416
253.4400000000000 -0.0000000030481
256.0000000000000 -0.0000000029191
258.5600000000000 -0.0000000027248
261.1200000000000 -0.0000000026009
263.6800000000000 -0.0000000025848
266.2400000000000 -0.0000000026097
268.8000000000000 -0.0000000025756
271.3600000000000 -0.0000000024461
273.9200000000000 -0.0000000023099
276.4800000000000 -0.0000000022706
279.0400000000000 -0.0000000022723
281.6000000000000 -0.0000000021681
284.1600000000000 -0.0000000019666
286.7200000000000 -0.0000000018374
289.2800000000000 -0.0000000018472
291.8400000000000 -0.0000000018540
294.4000000000000 -0.0000000017275
296.9600000000000 -0.0000000015296
299.5200000000000 -0.0000000013915
302.0800000000000 -0.0000000013117
304.6400000000000 -0.0000000011819
307.2000000000000 -0.0000000009702
309.7600000000000 -0.0000000007678
312.3200000000000 -0.0000000006454
314.8800000000000 -0.0000000005391
317.4400000000000 -0.0000000003292
