# x rho
-1984.0000000000000 0.0000000001000
-1968.0000000000000 0.0000000001000
-1952.0000000000000 0.0000000001000
-1936.0000000000000 0.0000000001000
-1920.0000000000000 0.0000000001001
-1904.0000000000000 0.0000000001000
-1888.0000000000000 0.0000000001000
-1872.0000000000000 0.0000000001001
-1856.0000000000000 0.0000000001000
-1840.0000000000000 0.0000000001000
-1824.0000000000000 0.0000000001000
-1808.0000000000000 0.0000000001001
-1792.0000000000000 0.0000000001001
-1776.0000000000000 0.0000000001000
-1760.0000000000000 0.0000000001000
-1744.0000000000000 0.0000000001000
-1728.0000000000000 0.0000000001000
-1712.0000000000000 0.0000000001001
-1696.0000000000000 0.0000000001000
-1680.0000000000000 0.0000000001000
-1664.0000000000000 0.0000000001000
-1648.0000000000000 0.0000000001000
-1632.0000000000000 0.0000000001000
-1616.0000000000000 0.0000000001000
-1600.0000000000000 0.0000000001000
-1584.0000000000000 0.0000000001000
-1568.0000000000000 0.0000000001000
-1552.0000000000000 0.0000000001000
-1536.0000000000000 0.0000000001000
-1520.0000000000000 0.0000000001000
-1504.0000000000000 0.0000000001000
-1488.0000000000000 0.0000000001000
-1472.0000000000000 0.0000000001000
-1456.0000000000000 0.0000000001000
-1440.0000000000000 0.0000000001000
-1424.0000000000000 0.0000000001000
-1408.0000000000000 0.0000000001000
-1392.0000000000000 0.0000000001000
-1376.0000000000000 0.0000000001000
-1360.0000000000000 0.0000000001000
-1344.0000000000000 0.0000000001000
-1328.0000000000000 0.0000000001000
-1312.0000000000000 0.0000000001000
-1296.0000000000000 0.0000000001000
-1280.0000000000000 0.0000000001000
-1264.0000000000000 0.0000000001000
-1248.0000000000000 0.0000000001000
-1232.0000000000000 0.0000000001000
-1216.0000000000000 0.0000000001000
-1200.0000000000000 0.0000000001000
-1184.0000000000000 0.0000000001000
-1168.0000000000000 0.0000000001000
-1152.0000000000000 0.0000000001000
-1136.0000000000000 0.0000000001000
-1120.0000000000000 0.0000000001000
-1104.0000000000000 0.0000000001000
-1088.0000000000000 0.0000000001000
-1072.0000000000000 0.0000000001000
-1056.0000000000000 0.0000000001000
-1040.0000000000000 0.0000000001000
-1024.0000000000000 0.0000000001000
-1008.0000000000000 0.0000000001000
-992.0000000000000 0.0000000001001
-976.0000000000000 0.0000000001007
-960.0000000000000 0.0000000001002
-944.0000000000000 0.0000000001000
-928.0000000000000 0.0000000001001
-912.0000000000000 0.0000000001003
-896.0000000000000 0.0000000001001
-880.0000000000000 0.0000000001000
-864.0000000000000 0.0000000001002
-848.0000000000000 0.0000000001004
-832.0000000000000 0.0000000001000
-816.0000000000000 0.0000000001000
-800.0000000000000 0.0000000001006
-784.0000000000000 0.0000000001001
-768.0000000000000 0.0000000001000
-752.0000000000000 0.0000000001004
-736.0000000000000 0.0000000001004
-720.0000000000000 0.0000000001000
-704.0000000000000 0.0000000001002
-688.0000000000000 0.0000000001006
-672.0000000000000 0.0000000001000
-656.0000000000000 0.0000000001005
-640.0000000000000 0.0000000001004
-624.0000000000000 0.0000000001000
-608.0000000000000 0.0000000001008
-592.0000000000000 0.0000000001000
-576.0000000000000 0.0000000001000
-560.0000000000000 0.0000000001012
-544.0000000000000 0.0000000001000
-528.0000000000000 0.0000000001004
-512.0000000000000 0.0000000001009
-496.0000000000000 0.0000000001000
-480.0000000000000 0.0000000001010
-464.0000000000000 0.0000000001002
-448.0000000000000 0.0000000001000
-432.0000000000000 0.0000000001017
-416.0000000000000 0.0000000001000
-400.0000000000000 0.0000000001007
-384.0000000000000 0.0000000001015
-368.0000000000000 0.0000000001000
-352.0000000000000 0.0000000001023
-336.0000000000000 0.0000000001005
-320.0000000000000 0.0000000001000
-312.0000000000000 0.0000000001017
-304.0000000000000 0.0000000001034
-304.0000000000000 0.0000000001034
-296.0000000000000 0.0000000001017
-288.0000000000000 0.0000000001000
-288.0000000000000 0.0000000001000
-280.0000000000000 0.0000000001003
-272.0000000000000 0.0000000001007
-272.0000000000000 0.0000000001007
-264.0000000000000 0.0000000001026
-256.0000000000000 0.0000000001045
-256.0000000000000 0.0000000001045
-248.0000000000000 0.0000000001023
-240.0000000000000 0.0000000001000
-240.0000000000000 0.0000000001000
-232.0000000000000 0.0000000001000
-224.0000000000000 0.0000000001190
-224.0000000000000 0.0000000001190
-216.0000000000000 0.0000000001021
-208.0000000000000 0.0000000001000
-208.0000000000000 0.0000000001000
-200.0000000000000 0.0000000001170
-192.0000000000000 0.0000000001000
-192.0000000000000 0.0000000001000
-184.0000000000000 0.0000000001021
-176.0000000000000 0.0000000001163
-176.0000000000000 0.0000000001163
-168.0000000000000 0.0000000001000
-164.0000000000000 0.0000000001002
-160.0000000000000 0.0000000001005
-160.0000000000000 0.0000000001005
-160.0000000000000 0.0000000001005
-156.0000000000000 0.0000000001022
-152.0000000000000 0.0000000001045
-152.0000000000000 0.0000000001045
-148.0000000000000 0.0000000001080
-144.0000000000000 0.0000000001114
-144.0000000000000 0.0000000001114
-144.0000000000000 0.0000000001114
-140.0000000000000 0.0000000001129
-136.0000000000000 0.0000000001131
-136.0000000000000 0.0000000001131
-132.0000000000000 0.0000000001068
-128.0000000000000 0.0000000001004
-128.0000000000000 0.0000000001004
-128.0000000000000 0.0000000001004
-124.0000000000000 0.0000000001000
-120.0000000000000 0.0000000001483
-120.0000000000000 0.0000000001483
-116.0000000000000 0.0000000001578
-112.0000000000000 0.0000000001079
-112.0000000000000 0.0000000001079
-112.0000000000000 0.0000000001079
-108.0000000000000 0.0000000001000
-104.0000000000000 0.0000000001348
-104.0000000000000 0.0000000001348
-100.0000000000000 0.0000000001748
-98.0000000000000 0.0000000001415
-96.0000000000000 0.0000000001083
-96.0000000000000 0.0000000001083
-96.0000000000000 0.0000000001083
-96.0000000000000 0.0000000001083
-94.0000000000000 0.0000000001041
-92.0000000000000 0.0000000001000
-92.0000000000000 0.0000000001000
-90.0000000000000 0.0000000001246
-88.0000000000000 0.0000000001491
-88.0000000000000 0.0000000001491
-88.0000000000000 0.0000000001491
-86.0000000000000 0.0000000001686
-84.0000000000000 0.0000000001847
-84.0000000000000 0.0000000001847
-82.0000000000000 0.0000000001713
-80.0000000000000 0.0000000001563
-80.0000000000000 0.0000000001563
-80.0000000000000 0.0000000001563
-80.0000000000000 0.0000000001563
-78.0000000000000 0.0000000001546
-76.0000000000000 0.0000000001211
-76.0000000000000 0.0000000001211
-74.0000000000000 0.0000000001002
-72.0000000000000 0.0000000001000
-72.0000000000000 0.0000000001000
-72.0000000000000 0.0000000001000
-70.0000000000000 0.0000000002878
-68.0000000000000 0.0000000003997
-68.0000000000000 0.0000000003997
-66.0000000000000 0.0000000001350
-64.0000000000000 0.0000000001000
-64.0000000000000 0.0000000001000
-64.0000000000000 0.0000000001000
-64.0000000000000 0.0000000001000
-62.0000000000000 0.0000000001335
-60.0000000000000 0.0000000003692
-60.0000000000000 0.0000000003692
-58.0000000000000 0.0000000001377
-56.0000000000000 0.0000000001067
-56.0000000000000 0.0000000001067
-56.0000000000000 0.0000000001067
-54.0000000000000 0.0000000002400
-52.0000000000000 0.0000000004226
-52.0000000000000 0.0000000004226
-50.0000000000000 0.0000000001609
-49.0000000000000 0.0000000001210
-48.0000000000000 0.0000000001000
-48.0000000000000 0.0000000001000
-48.0000000000000 0.0000000001000
-48.0000000000000 0.0000000001000
-48.0000000000000 0.0000000001000
-47.0000000000000 0.0000000001073
-46.0000000000000 0.0000000001142
-46.0000000000000 0.0000000001142
-45.0000000000000 0.0000000002061
-44.0000000000000 0.0000000003008
-44.0000000000000 0.0000000003008
-44.0000000000000 0.0000000003008
-43.0000000000000 0.0000000004002
-42.0000000000000 0.0000000004994
-42.0000000000000 0.0000000004994
-41.0000000000000 0.0000000004031
-40.0000000000000 0.0000000003070
-40.0000000000000 0.0000000003070
-40.0000000000000 0.0000000003070
-40.0000000000000 0.0000000003070
-39.0000000000000 0.0000000001959
-38.0000000000000 0.0000000001473
-38.0000000000000 0.0000000001473
-37.0000000000000 0.0000000001435
-36.0000000000000 0.0000000001527
-36.0000000000000 0.0000000001527
-36.0000000000000 0.0000000001527
-35.0000000000000 0.0000000001522
-34.0000000000000 0.0000000001519
-34.0000000000000 0.0000000001519
-33.0000000000000 0.0000000001518
-32.0000000000000 0.0000000001460
-32.0000000000000 0.0000000001460
-32.0000000000000 0.0000000001460
-32.0000000000000 0.0000000001460
-32.0000000000000 0.0000000001460
-31.0000000000000 0.0000000001181
-30.0000000000000 0.0000000001000
-30.0000000000000 0.0000000001000
-29.0000000000000 0.0000000001067
-28.5000000000000 0.0000000001325
-28.0000000000000 0.0000000001736
-28.0000000000000 0.0000000001736
-28.0000000000000 0.0000000001736
-28.0000000000000 0.0000000001736
-27.5000000000000 0.0000000002797
-27.0000000000000 0.0000000003854
-27.0000000000000 0.0000000003854
-26.5000000000000 0.0000000004551
-26.0000000000000 0.0000000005009
-26.0000000000000 0.0000000005009
-26.0000000000000 0.0000000005009
-25.5000000000000 0.0000000004995
-25.0000000000000 0.0000000004980
-25.0000000000000 0.0000000004980
-24.5000000000000 0.0000000004720
-24.0000000000000 0.0000000004460
-24.0000000000000 0.0000000004460
-24.0000000000000 0.0000000004460
-24.0000000000000 0.0000000004460
-24.0000000000000 0.0000000004460
-23.5000000000000 0.0000000004251
-23.0000000000000 0.0000000003959
-23.0000000000000 0.0000000003959
-22.5000000000000 0.0000000003606
-22.0000000000000 0.0000000003468
-22.0000000000000 0.0000000003468
-22.0000000000000 0.0000000003468
-21.5000000000000 0.0000000003397
-21.0000000000000 0.0000000003067
-21.0000000000000 0.0000000003067
-20.5000000000000 0.0000000002780
-20.0000000000000 0.0000000002605
-20.0000000000000 0.0000000002605
-20.0000000000000 0.0000000002605
-20.0000000000000 0.0000000002605
-19.5000000000000 0.0000000002375
-19.0000000000000 0.0000000002277
-19.0000000000000 0.0000000002277
-18.5000000000000 0.0000000002288
-18.0000000000000 0.0000000002273
-18.0000000000000 0.0000000002273
-18.0000000000000 0.0000000002273
-17.5000000000000 0.0000000002174
-17.0000000000000 0.0000000002263
-17.0000000000000 0.0000000002263
-16.5000000000000 0.0000000002733
-16.0000000000000 0.0000000002906
-16.0000000000000 0.0000000002906
-16.0000000000000 0.0000000002906
-16.0000000000000 0.0000000002906
-16.0000000000000 0.0000000002906
-16.0000000000000 0.0000000002906
-15.5000000000000 0.0000000002906
-15.0000000000000 0.0000000002568
-15.0000000000000 0.0000000002568
-14.5000000000000 0.0000000002259
-14.2500000000000 0.0000000002132
-14.0000000000000 0.0000000002010
-14.0000000000000 0.0000000002010
-14.0000000000000 0.0000000002010
-14.0000000000000 0.0000000002010
-13.7500000000000 0.0000000001892
-13.5000000000000 0.0000000001779
-13.5000000000000 0.0000000001779
-13.2500000000000 0.0000000001699
-13.0000000000000 0.0000000001637
-13.0000000000000 0.0000000001637
-13.0000000000000 0.0000000001637
-12.7500000000000 0.0000000001593
-12.5000000000000 0.0000000001567
-12.5000000000000 0.0000000001567
-12.2500000000000 0.0000000001633
-12.0000000000000 0.0000000001702
-12.0000000000000 0.0000000001702
-12.0000000000000 0.0000000001702
-12.0000000000000 0.0000000001702
-12.0000000000000 0.0000000001702
-11.7500000000000 0.0000000001784
-11.5000000000000 0.0000000001853
-11.5000000000000 0.0000000001853
-11.2500000000000 0.0000000001886
-11.0000000000000 0.0000000001783
-11.0000000000000 0.0000000001783
-11.0000000000000 0.0000000001783
-10.7500000000000 0.0000000001454
-10.5000000000000 0.0000000001211
-10.5000000000000 0.0000000001211
-10.2500000000000 0.0000000001101
-10.0000000000000 0.0000000001042
-10.0000000000000 0.0000000001042
-10.0000000000000 0.0000000001042
-10.0000000000000 0.0000000001042
-9.7500000000000 0.0000000001028
-9.5000000000000 0.0000000001477
-9.5000000000000 0.0000000001477
-9.2500000000000 0.0000000003112
-9.1250000000000 0.0000000003152
-9.0000000000000 0.0000000003205
-9.0000000000000 0.0000000003205
-9.0000000000000 0.0000000003205
-9.0000000000000 0.0000000003205
-8.8750000000000 0.0000000002751
-8.7500000000000 0.0000000002300
-8.7500000000000 0.0000000002300
-8.6250000000000 0.0000000002132
-8.5000000000000 0.0000000001965
-8.5000000000000 0.0000000001965
-8.5000000000000 0.0000000001965
-8.3750000000000 0.0000000001782
-8.2500000000000 0.0000000001601
-8.2500000000000 0.0000000001601
-8.1250000000000 0.0000000001485
-8.0000000000000 0.0000000001397
-8.0000000000000 0.0000000001397
-8.0000000000000 0.0000000001397
-8.0000000000000 0.0000000001397
-8.0000000000000 0.0000000001397
-8.0000000000000 0.0000000001397
-8.0000000000000 0.0000000001397
-7.8750000000000 0.0000000001375
-7.7500000000000 0.0000000001302
-7.7500000000000 0.0000000001302
-7.6250000000000 0.0000000001238
-7.5000000000000 0.0000000001174
-7.5000000000000 0.0000000001174
-7.5000000000000 0.0000000001174
-7.3750000000000 0.0000000001060
-7.2500000000000 0.0000000001000
-7.2500000000000 0.0000000001000
-7.1250000000000 0.0000000001101
-7.0000000000000 0.0000000002071
-7.0000000000000 0.0000000002071
-7.0000000000000 0.0000000002071
-7.0000000000000 0.0000000002071
-6.8750000000000 0.0000000002833
-6.7500000000000 0.0000000003137
-6.7500000000000 0.0000000003137
-6.6250000000000 0.0000000003088
-6.5625000000000 0.0000000002932
-6.5000000000000 0.0000000002777
-6.5000000000000 0.0000000002777
-6.5000000000000 0.0000000002777
-6.5000000000000 0.0000000002777
-6.4375000000000 0.0000000002686
-6.3750000000000 0.0000000002616
-6.3750000000000 0.0000000002616
-6.3125000000000 0.0000000002576
-6.2500000000000 0.0000000002536
-6.2500000000000 0.0000000002536
-6.2500000000000 0.0000000002536
-6.1875000000000 0.0000000002409
-6.1250000000000 0.0000000002284
-6.1250000000000 0.0000000002284
-6.0625000000000 0.0000000002189
-6.0000000000000 0.0000000002125
-6.0000000000000 0.0000000002125
-6.0000000000000 0.0000000002125
-6.0000000000000 0.0000000002125
-6.0000000000000 0.0000000002125
-6.0000000000000 0.0000000002125
-5.9375000000000 0.0000000002103
-5.8750000000000 0.0000000002082
-5.8750000000000 0.0000000002082
-5.8125000000000 0.0000000002065
-5.7500000000000 0.0000000002087
-5.7500000000000 0.0000000002087
-5.7500000000000 0.0000000002087
-5.6875000000000 0.0000000002282
-5.6250000000000 0.0000000002550
-5.6250000000000 0.0000000002550
-5.5625000000000 0.0000000002777
-5.5000000000000 0.0000000002974
-5.5000000000000 0.0000000002974
-5.5000000000000 0.0000000002974
-5.5000000000000 0.0000000002974
-5.4375000000000 0.0000000003154
-5.3750000000000 0.0000000003209
-5.3750000000000 0.0000000003209
-5.3125000000000 0.0000000003191
-5.2500000000000 0.0000000003194
-5.2500000000000 0.0000000003194
-5.2500000000000 0.0000000003194
-5.1875000000000 0.0000000003280
-5.1250000000000 0.0000000003342
-5.1250000000000 0.0000000003342
-5.0625000000000 0.0000000003323
-5.0000000000000 0.0000000003273
-5.0000000000000 0.0000000003273
-5.0000000000000 0.0000000003273
-5.0000000000000 0.0000000003273
-5.0000000000000 0.0000000003273
-4.9375000000000 0.0000000003316
-4.8750000000000 0.0000000003636
-4.8750000000000 0.0000000003636
-4.8125000000000 0.0000000003993
-4.7500000000000 0.0000000004351
-4.7500000000000 0.0000000004351
-4.7500000000000 0.0000000004351
-4.6875000000000 0.0000000004927
-4.6250000000000 0.0000000005385
-4.6250000000000 0.0000000005385
-4.5625000000000 0.0000000005707
-4.5000000000000 0.0000000005910
-4.5000000000000 0.0000000005910
-4.5000000000000 0.0000000005910
-4.5000000000000 0.0000000005910
-4.4375000000000 0.0000000005990
-4.3750000000000 0.0000000006553
-4.3750000000000 0.0000000006553
-4.3125000000000 0.0000000007235
-4.2500000000000 0.0000000008086
-4.2500000000000 0.0000000008086
-4.2500000000000 0.0000000008086
-4.1875000000000 0.0000000009651
-4.1250000000000 0.0000000011494
-4.1250000000000 0.0000000011494
-4.0625000000000 0.0000000013481
-4.0000000000000 0.0000000015135
-4.0000000000000 0.0000000015135
-4.0000000000000 0.0000000015135
-4.0000000000000 0.0000000015135
-4.0000000000000 0.0000000015135
-4.0000000000000 0.0000000015135
-4.0000000000000 0.0000000015135
-3.9375000000000 0.0000000016476
-3.8750000000000 0.0000000018472
-3.8750000000000 0.0000000018472
-3.8125000000000 0.0000000020226
-3.7500000000000 0.0000000022386
-3.7500000000000 0.0000000022386
-3.7500000000000 0.0000000022386
-3.6875000000000 0.0000000025351
-3.6250000000000 0.0000000028149
-3.6250000000000 0.0000000028149
-3.5625000000000 0.0000000029971
-3.5000000000000 0.0000000031216
-3.5000000000000 0.0000000031216
-3.5000000000000 0.0000000031216
-3.5000000000000 0.0000000031216
-3.4375000000000 0.0000000032357
-3.3750000000000 0.0000000033457
-3.3750000000000 0.0000000033457
-3.3125000000000 0.0000000034150
-3.2812500000000 0.0000000034299
-3.2500000000000 0.0000000034422
-3.2500000000000 0.0000000034422
-3.2500000000000 0.0000000034422
-3.2500000000000 0.0000000034422
-3.2187500000000 0.0000000034511
-3.1875000000000 0.0000000034584
-3.1875000000000 0.0000000034584
-3.1562500000000 0.0000000034625
-3.1250000000000 0.0000000034645
-3.1250000000000 0.0000000034645
-3.1250000000000 0.0000000034645
-3.0937500000000 0.0000000034705
-3.0625000000000 0.0000000034782
-3.0625000000000 0.0000000034782
-3.0312500000000 0.0000000035250
-3.0000000000000 0.0000000035695
-3.0000000000000 0.0000000035695
-3.0000000000000 0.0000000035695
-3.0000000000000 0.0000000035695
-3.0000000000000 0.0000000035695
-3.0000000000000 0.0000000035695
-2.9687500000000 0.0000000035835
-2.9375000000000 0.0000000036120
-2.9375000000000 0.0000000036120
-2.9062500000000 0.0000000036280
-2.8750000000000 0.0000000036866
-2.8750000000000 0.0000000036866
-2.8750000000000 0.0000000036866
-2.8437500000000 0.0000000037970
-2.8125000000000 0.0000000038680
-2.8125000000000 0.0000000038680
-2.7812500000000 0.0000000039957
-2.7500000000000 0.0000000041076
-2.7500000000000 0.0000000041076
-2.7500000000000 0.0000000041076
-2.7500000000000 0.0000000041076
-2.7187500000000 0.0000000043028
-2.6875000000000 0.0000000044574
-2.6875000000000 0.0000000044574
-2.6562500000000 0.0000000047778
-2.6250000000000 0.0000000051493
-2.6250000000000 0.0000000051493
-2.6250000000000 0.0000000051493
-2.5937500000000 0.0000000056128
-2.5625000000000 0.0000000061933
-2.5625000000000 0.0000000061933
-2.5312500000000 0.0000000066819
-2.5000000000000 0.0000000072956
-2.5000000000000 0.0000000072956
-2.5000000000000 0.0000000072956
-2.5000000000000 0.0000000072956
-2.5000000000000 0.0000000072956
-2.4687500000000 0.0000000076842
-2.4375000000000 0.0000000082005
-2.4375000000000 0.0000000082005
-2.4062500000000 0.0000000083394
-2.3750000000000 0.0000000083863
-2.3750000000000 0.0000000083863
-2.3750000000000 0.0000000083863
-2.3437500000000 0.0000000082878
-2.3125000000000 0.0000000082076
-2.3125000000000 0.0000000082076
-2.2812500000000 0.0000000079882
-2.2500000000000 0.0000000078419
-2.2500000000000 0.0000000078419
-2.2500000000000 0.0000000078419
-2.2500000000000 0.0000000078419
-2.2187500000000 0.0000000075605
-2.1875000000000 0.0000000073599
-2.1875000000000 0.0000000073599
-2.1562500000000 0.0000000069870
-2.1250000000000 0.0000000065108
-2.1250000000000 0.0000000065108
-2.1250000000000 0.0000000065108
-2.0937500000000 0.0000000057876
-2.0625000000000 0.0000000049580
-2.0625000000000 0.0000000049580
-2.0312500000000 0.0000000041077
-2.0000000000000 0.0000000032879
-2.0000000000000 0.0000000032879
-2.0000000000000 0.0000000032879
-2.0000000000000 0.0000000032879
-2.0000000000000 0.0000000032879
-2.0000000000000 0.0000000032879
-2.0000000000000 0.0000000032879
-1.9687500000000 0.0000000031085
-1.9375000000000 0.0000000033508
-1.9375000000000 0.0000000033508
-1.9062500000000 0.0000000038318
-1.8750000000000 0.0000000045959
-1.8750000000000 0.0000000045959
-1.8750000000000 0.0000000045959
-1.8437500000000 0.0000000054260
-1.8125000000000 0.0000000067137
-1.8125000000000 0.0000000067137
-1.7812500000000 0.0000000078804
-1.7500000000000 0.0000000086791
-1.7500000000000 0.0000000086791
-1.7500000000000 0.0000000086791
-1.7500000000000 0.0000000086791
-1.7187500000000 0.0000000090268
-1.6875000000000 0.0000000091230
-1.6875000000000 0.0000000091230
-1.6562500000000 0.0000000091298
-1.6250000000000 0.0000000089921
-1.6250000000000 0.0000000089921
-1.6250000000000 0.0000000089921
-1.5937500000000 0.0000000088543
-1.5625000000000 0.0000000086952
-1.5625000000000 0.0000000086952
-1.5312500000000 0.0000000085170
-1.5000000000000 0.0000000081885
-1.5000000000000 0.0000000081885
-1.5000000000000 0.0000000081885
-1.5000000000000 0.0000000081885
-1.5000000000000 0.0000000081885
-1.4687500000000 0.0000000077523
-1.4375000000000 0.0000000069265
-1.4375000000000 0.0000000069265
-1.4062500000000 0.0000000058295
-1.3750000000000 0.0000000047474
-1.3750000000000 0.0000000047474
-1.3750000000000 0.0000000047474
-1.3437500000000 0.0000000038941
-1.3125000000000 0.0000000031416
-1.3125000000000 0.0000000031416
-1.2812500000000 0.0000000026993
-1.2500000000000 0.0000000024548
-1.2500000000000 0.0000000024548
-1.2500000000000 0.0000000024548
-1.2500000000000 0.0000000024548
-1.2187500000000 0.0000000019969
-1.1875000000000 0.0000000016174
-1.1875000000000 0.0000000016174
-1.1562500000000 0.0000000015113
-1.1250000000000 0.0000000017403
-1.1250000000000 0.0000000017403
-1.1250000000000 0.0000000017403
-1.0937500000000 0.0000000020331
-1.0625000000000 0.0000000021471
-1.0625000000000 0.0000000021471
-1.0312500000000 0.0000000021499
-1.0000000000000 0.0000000023124
-1.0000000000000 0.0000000023124
-1.0000000000000 0.0000000023124
-1.0000000000000 0.0000000023124
-1.0000000000000 0.0000000023124
-1.0000000000000 0.0000000023124
-0.9687500000000 0.0000000027745
-0.9375000000000 0.0000000035742
-0.9375000000000 0.0000000035742
-0.9062500000000 0.0000000042114
-0.8750000000000 0.0000000044909
-0.8750000000000 0.0000000044909
-0.8750000000000 0.0000000044909
-0.8437500000000 0.0000000044439
-0.8125000000000 0.0000000043971
-0.8125000000000 0.0000000043971
-0.7812500000000 0.0000000045171
-0.7500000000000 0.0000000061816
-0.7500000000000 0.0000000061816
-0.7500000000000 0.0000000061816
-0.7500000000000 0.0000000061816
-0.7187500000000 0.0000000085954
-0.6875000000000 0.0000000168388
-0.6875000000000 0.0000000168388
-0.6562500000000 0.0000000207058
-0.6250000000000 0.0000000217424
-0.6250000000000 0.0000000217424
-0.6250000000000 0.0000000217424
-0.5937500000000 0.0000000194078
-0.5625000000000 0.0000000123184
-0.5625000000000 0.0000000123184
-0.5312500000000 0.0000000056705
-0.5000000000000 0.0000000039089
-0.5000000000000 0.0000000039089
-0.5000000000000 0.0000000039089
-0.5000000000000 0.0000000039089
-0.5000000000000 0.0000000039089
-0.4687500000000 0.0000000038324
-0.4375000000000 0.0000000037884
-0.4375000000000 0.0000000037884
-0.4062500000000 0.0000000036072
-0.3750000000000 0.0000000025191
-0.3750000000000 0.0000000025191
-0.3750000000000 0.0000000025191
-0.3437500000000 0.0000000016317
-0.3125000000000 0.0000000022739
-0.3125000000000 0.0000000022739
-0.2812500000000 0.0000000039853
-0.2500000000000 0.0000000050035
-0.2500000000000 0.0000000050035
-0.2500000000000 0.0000000050035
-0.2500000000000 0.0000000050035
-0.2187500000000 0.0000000053172
-0.1875000000000 0.0000000044409
-0.1875000000000 0.0000000044409
-0.1562500000000 0.0000000039307
-0.1250000000000 0.0000000043617
-0.1250000000000 0.0000000043617
-0.1250000000000 0.0000000043617
-0.0937500000000 0.0000000038768
-0.0625000000000 0.0000000042097
-0.0625000000000 0.0000000042097
-0.0312500000000 0.0000000001000
0.0000000000000 0.0000000013605
0.0000000000000 0.0000000013605
0.0000000000000 0.0000000013605
0.0000000000000 0.0000000013605
0.0000000000000 0.0000000013605
0.0000000000000 0.0000000013605
0.0000000000000 0.0000000013605
0.0000000000000 0.0000000013605
0.0000000000000 0.0000000013605
0.0000000000000 0.0000000013605
0.0312500000000 0.0000000001000
0.0625000000000 0.0000000042797
0.0625000000000 0.0000000042797
0.0937500000000 0.0000000040957
0.1250000000000 0.0000000045811
0.1250000000000 0.0000000045811
0.1250000000000 0.0000000045811
0.1562500000000 0.0000000041624
0.1875000000000 0.0000000047911
0.1875000000000 0.0000000047911
0.2187500000000 0.0000000057181
0.2500000000000 0.0000000053742
0.2500000000000 0.0000000053742
0.2500000000000 0.0000000053742
0.2500000000000 0.0000000053742
0.2812500000000 0.0000000042355
0.3125000000000 0.0000000024810
0.3125000000000 0.0000000024810
0.3437500000000 0.0000000017324
0.3750000000000 0.0000000025906
0.3750000000000 0.0000000025906
0.3750000000000 0.0000000025906
0.4062500000000 0.0000000035188
0.4375000000000 0.0000000036513
0.4375000000000 0.0000000036513
0.4687500000000 0.0000000036523
0.5000000000000 0.0000000036650
0.5000000000000 0.0000000036650
0.5000000000000 0.0000000036650
0.5000000000000 0.0000000036650
0.5000000000000 0.0000000036650
0.5312500000000 0.0000000060246
0.5625000000000 0.0000000142480
0.5625000000000 0.0000000142480
0.5937500000000 0.0000000224183
0.6250000000000 0.0000000251171
0.6250000000000 0.0000000251171
0.6250000000000 0.0000000251171
0.6562500000000 0.0000000228782
0.6875000000000 0.0000000167373
0.6875000000000 0.0000000167373
0.7187500000000 0.0000000091433
0.7500000000000 0.0000000068193
0.7500000000000 0.0000000068193
0.7500000000000 0.0000000068193
0.7500000000000 0.0000000068193
0.7812500000000 0.0000000063750
0.8125000000000 0.0000000056861
0.8125000000000 0.0000000056861
0.8437500000000 0.0000000056338
0.8750000000000 0.0000000057317
0.8750000000000 0.0000000057317
0.8750000000000 0.0000000057317
0.9062500000000 0.0000000056150
0.9375000000000 0.0000000051498
0.9375000000000 0.0000000051498
0.9687500000000 0.0000000044222
1.0000000000000 0.0000000038558
1.0000000000000 0.0000000038558
1.0000000000000 0.0000000038558
1.0000000000000 0.0000000038558
1.0000000000000 0.0000000038558
1.0000000000000 0.0000000038558
1.0312500000000 0.0000000035530
1.0625000000000 0.0000000034781
1.0625000000000 0.0000000034781
1.0937500000000 0.0000000035628
1.1250000000000 0.0000000036781
1.1250000000000 0.0000000036781
1.1250000000000 0.0000000036781
1.1562500000000 0.0000000032889
1.1875000000000 0.0000000026694
1.1875000000000 0.0000000026694
1.2187500000000 0.0000000023341
1.2500000000000 0.0000000024668
1.2500000000000 0.0000000024668
1.2500000000000 0.0000000024668
1.2500000000000 0.0000000024668
1.2812500000000 0.0000000029235
1.3125000000000 0.0000000034745
1.3125000000000 0.0000000034745
1.3437500000000 0.0000000039001
1.3750000000000 0.0000000041818
1.3750000000000 0.0000000041818
1.3750000000000 0.0000000041818
1.4062500000000 0.0000000048156
1.4375000000000 0.0000000055859
1.4375000000000 0.0000000055859
1.4687500000000 0.0000000064147
1.5000000000000 0.0000000069671
1.5000000000000 0.0000000069671
1.5000000000000 0.0000000069671
1.5000000000000 0.0000000069671
1.5000000000000 0.0000000069671
1.5312500000000 0.0000000074822
1.5625000000000 0.0000000078592
1.5625000000000 0.0000000078592
1.5937500000000 0.0000000084468
1.6250000000000 0.0000000089409
1.6250000000000 0.0000000089409
1.6250000000000 0.0000000089409
1.6562500000000 0.0000000095249
1.6875000000000 0.0000000098243
1.6875000000000 0.0000000098243
1.7187500000000 0.0000000096117
1.7500000000000 0.0000000086487
1.7500000000000 0.0000000086487
1.7500000000000 0.0000000086487
1.7500000000000 0.0000000086487
1.7812500000000 0.0000000073728
1.8125000000000 0.0000000060218
1.8125000000000 0.0000000060218
1.8437500000000 0.0000000050424
1.8750000000000 0.0000000040274
1.8750000000000 0.0000000040274
1.8750000000000 0.0000000040274
1.9062500000000 0.0000000033384
1.9375000000000 0.0000000028776
1.9375000000000 0.0000000028776
1.9687500000000 0.0000000027059
2.0000000000000 0.0000000029447
2.0000000000000 0.0000000029447
2.0000000000000 0.0000000029447
2.0000000000000 0.0000000029447
2.0000000000000 0.0000000029447
2.0000000000000 0.0000000029447
2.0000000000000 0.0000000029447
2.0312500000000 0.0000000035361
2.0625000000000 0.0000000041234
2.0625000000000 0.0000000041234
2.0937500000000 0.0000000048771
2.1250000000000 0.0000000056352
2.1250000000000 0.0000000056352
2.1250000000000 0.0000000056352
2.1562500000000 0.0000000063625
2.1875000000000 0.0000000069281
2.1875000000000 0.0000000069281
2.2187500000000 0.0000000075469
2.2500000000000 0.0000000078704
2.2500000000000 0.0000000078704
2.2500000000000 0.0000000078704
2.2500000000000 0.0000000078704
2.2812500000000 0.0000000082623
2.3125000000000 0.0000000084613
2.3125000000000 0.0000000084613
2.3437500000000 0.0000000086032
2.3750000000000 0.0000000085779
2.3750000000000 0.0000000085779
2.3750000000000 0.0000000085779
2.4062500000000 0.0000000084314
2.4375000000000 0.0000000082224
2.4375000000000 0.0000000082224
2.4687500000000 0.0000000077839
2.5000000000000 0.0000000071521
2.5000000000000 0.0000000071521
2.5000000000000 0.0000000071521
2.5000000000000 0.0000000071521
2.5000000000000 0.0000000071521
2.5312500000000 0.0000000065928
2.5625000000000 0.0000000060724
2.5625000000000 0.0000000060724
2.5937500000000 0.0000000056191
2.6250000000000 0.0000000052388
2.6250000000000 0.0000000052388
2.6250000000000 0.0000000052388
2.6562500000000 0.0000000049673
2.6875000000000 0.0000000046511
2.6875000000000 0.0000000046511
2.7187500000000 0.0000000044465
2.7500000000000 0.0000000042367
2.7500000000000 0.0000000042367
2.7500000000000 0.0000000042367
2.7500000000000 0.0000000042367
2.7812500000000 0.0000000040805
2.8125000000000 0.0000000039598
2.8125000000000 0.0000000039598
2.8437500000000 0.0000000038648
2.8750000000000 0.0000000037950
2.8750000000000 0.0000000037950
2.8750000000000 0.0000000037950
2.9062500000000 0.0000000037337
2.9375000000000 0.0000000037010
2.9375000000000 0.0000000037010
2.9687500000000 0.0000000036649
3.0000000000000 0.0000000036246
3.0000000000000 0.0000000036246
3.0000000000000 0.0000000036246
3.0000000000000 0.0000000036246
3.0000000000000 0.0000000036246
3.0000000000000 0.0000000036246
3.0312500000000 0.0000000035755
3.0625000000000 0.0000000035240
3.0625000000000 0.0000000035240
3.0937500000000 0.0000000035118
3.1250000000000 0.0000000035000
3.1250000000000 0.0000000035000
3.1250000000000 0.0000000035000
3.1562500000000 0.0000000034886
3.1875000000000 0.0000000034777
3.1875000000000 0.0000000034777
3.2187500000000 0.0000000034776
3.2500000000000 0.0000000034764
3.2500000000000 0.0000000034764
3.2500000000000 0.0000000034764
3.2500000000000 0.0000000034764
3.2812500000000 0.0000000034645
3.3125000000000 0.0000000034514
3.3750000000000 0.0000000034225
3.3750000000000 0.0000000034225
3.4375000000000 0.0000000033529
3.5000000000000 0.0000000032425
3.5000000000000 0.0000000032425
3.5000000000000 0.0000000032425
3.5000000000000 0.0000000032425
3.5625000000000 0.0000000031014
3.6250000000000 0.0000000028826
3.6250000000000 0.0000000028826
3.6875000000000 0.0000000025787
3.7500000000000 0.0000000022657
3.7500000000000 0.0000000022657
3.7500000000000 0.0000000022657
3.8125000000000 0.0000000020598
3.8750000000000 0.0000000019141
3.8750000000000 0.0000000019141
3.9375000000000 0.0000000016927
4.0000000000000 0.0000000014400
4.0000000000000 0.0000000014400
4.0000000000000 0.0000000014400
4.0000000000000 0.0000000014400
4.0000000000000 0.0000000014400
4.0000000000000 0.0000000014400
4.0000000000000 0.0000000014400
4.0625000000000 0.0000000012496
4.1250000000000 0.0000000010824
4.1250000000000 0.0000000010824
4.1875000000000 0.0000000009464
4.2500000000000 0.0000000008455
4.2500000000000 0.0000000008455
4.2500000000000 0.0000000008455
4.3125000000000 0.0000000007538
4.3750000000000 0.0000000006219
4.3750000000000 0.0000000006219
4.4375000000000 0.0000000005681
4.5000000000000 0.0000000004931
4.5000000000000 0.0000000004931
4.5000000000000 0.0000000004931
4.5000000000000 0.0000000004931
4.5625000000000 0.0000000004182
4.6250000000000 0.0000000003582
4.6250000000000 0.0000000003582
4.6875000000000 0.0000000003351
4.7500000000000 0.0000000003027
4.7500000000000 0.0000000003027
4.7500000000000 0.0000000003027
4.8125000000000 0.0000000002892
4.8750000000000 0.0000000002777
4.8750000000000 0.0000000002777
4.9375000000000 0.0000000002627
5.0000000000000 0.0000000002107
5.0000000000000 0.0000000002107
5.0000000000000 0.0000000002107
5.0000000000000 0.0000000002107
5.0000000000000 0.0000000002107
5.0625000000000 0.0000000001364
5.1250000000000 0.0000000001105
5.1250000000000 0.0000000001105
5.1875000000000 0.0000000001210
5.2500000000000 0.0000000001572
5.2500000000000 0.0000000001572
5.2500000000000 0.0000000001572
5.3125000000000 0.0000000002364
5.3750000000000 0.0000000002291
5.3750000000000 0.0000000002291
5.4375000000000 0.0000000001892
5.5000000000000 0.0000000001645
5.5000000000000 0.0000000001645
5.5000000000000 0.0000000001645
5.5000000000000 0.0000000001645
5.5625000000000 0.0000000001617
5.6250000000000 0.0000000001859
5.6250000000000 0.0000000001859
5.6875000000000 0.0000000002194
5.7500000000000 0.0000000002328
5.7500000000000 0.0000000002328
5.7500000000000 0.0000000002328
5.8125000000000 0.0000000002241
5.8750000000000 0.0000000002095
5.8750000000000 0.0000000002095
5.9375000000000 0.0000000002014
6.0000000000000 0.0000000002000
6.0000000000000 0.0000000002000
6.0000000000000 0.0000000002000
6.0000000000000 0.0000000002000
6.0000000000000 0.0000000002000
6.0000000000000 0.0000000002000
6.0625000000000 0.0000000001968
6.1250000000000 0.0000000001936
6.1250000000000 0.0000000001936
6.1875000000000 0.0000000001811
6.2500000000000 0.0000000001684
6.2500000000000 0.0000000001684
6.2500000000000 0.0000000001684
6.3125000000000 0.0000000001561
6.3750000000000 0.0000000001441
6.3750000000000 0.0000000001441
6.4375000000000 0.0000000001509
6.5000000000000 0.0000000001581
6.5000000000000 0.0000000001581
6.5000000000000 0.0000000001581
6.5000000000000 0.0000000001581
6.5625000000000 0.0000000001651
6.6250000000000 0.0000000001721
6.7500000000000 0.0000000001639
6.7500000000000 0.0000000001639
6.8750000000000 0.0000000001522
7.0000000000000 0.0000000001481
7.0000000000000 0.0000000001481
7.0000000000000 0.0000000001481
7.0000000000000 0.0000000001481
7.1250000000000 0.0000000001451
7.2500000000000 0.0000000001372
7.2500000000000 0.0000000001372
7.3750000000000 0.0000000001335
7.5000000000000 0.0000000001335
7.5000000000000 0.0000000001335
7.5000000000000 0.0000000001335
7.6250000000000 0.0000000001332
7.7500000000000 0.0000000001311
7.7500000000000 0.0000000001311
7.8750000000000 0.0000000001282
8.0000000000000 0.0000000001257
8.0000000000000 0.0000000001257
8.0000000000000 0.0000000001257
8.0000000000000 0.0000000001257
8.0000000000000 0.0000000001257
8.0000000000000 0.0000000001257
8.0000000000000 0.0000000001257
8.1250000000000 0.0000000001234
8.2500000000000 0.0000000001214
8.2500000000000 0.0000000001214
8.3750000000000 0.0000000001210
8.5000000000000 0.0000000001218
8.5000000000000 0.0000000001218
8.5000000000000 0.0000000001218
8.6250000000000 0.0000000001266
8.7500000000000 0.0000000001344
8.7500000000000 0.0000000001344
8.8750000000000 0.0000000001491
9.0000000000000 0.0000000001696
9.0000000000000 0.0000000001696
9.0000000000000 0.0000000001696
9.0000000000000 0.0000000001696
9.1250000000000 0.0000000001995
9.2500000000000 0.0000000002379
9.5000000000000 0.0000000003547
9.5000000000000 0.0000000003547
9.7500000000000 0.0000000004267
10.0000000000000 0.0000000003469
10.0000000000000 0.0000000003469
10.0000000000000 0.0000000003469
10.0000000000000 0.0000000003469
10.2500000000000 0.0000000002041
10.5000000000000 0.0000000001785
10.5000000000000 0.0000000001785
10.7500000000000 0.0000000001863
11.0000000000000 0.0000000001989
11.0000000000000 0.0000000001989
11.0000000000000 0.0000000001989
11.2500000000000 0.0000000002025
11.5000000000000 0.0000000001947
11.5000000000000 0.0000000001947
11.7500000000000 0.0000000001817
12.0000000000000 0.0000000001691
12.0000000000000 0.0000000001691
12.0000000000000 0.0000000001691
12.0000000000000 0.0000000001691
12.0000000000000 0.0000000001691
12.2500000000000 0.0000000001605
12.5000000000000 0.0000000001548
12.5000000000000 0.0000000001548
12.7500000000000 0.0000000001615
13.0000000000000 0.0000000001692
13.0000000000000 0.0000000001692
13.0000000000000 0.0000000001692
13.2500000000000 0.0000000001785
13.5000000000000 0.0000000001879
13.5000000000000 0.0000000001879
13.7500000000000 0.0000000001942
14.0000000000000 0.0000000002006
14.0000000000000 0.0000000002006
14.0000000000000 0.0000000002006
14.0000000000000 0.0000000002006
14.2500000000000 0.0000000002098
14.5000000000000 0.0000000002205
15.0000000000000 0.0000000002464
15.0000000000000 0.0000000002464
15.5000000000000 0.0000000002761
16.0000000000000 0.0000000002821
16.0000000000000 0.0000000002821
16.0000000000000 0.0000000002821
16.0000000000000 0.0000000002821
16.0000000000000 0.0000000002821
16.0000000000000 0.0000000002821
16.5000000000000 0.0000000002758
17.0000000000000 0.0000000002433
17.0000000000000 0.0000000002433
17.5000000000000 0.0000000002218
18.0000000000000 0.0000000002263
18.0000000000000 0.0000000002263
18.0000000000000 0.0000000002263
18.5000000000000 0.0000000002297
19.0000000000000 0.0000000002255
19.0000000000000 0.0000000002255
19.5000000000000 0.0000000002329
20.0000000000000 0.0000000002594
20.0000000000000 0.0000000002594
20.0000000000000 0.0000000002594
20.0000000000000 0.0000000002594
20.5000000000000 0.0000000002838
21.0000000000000 0.0000000003099
21.0000000000000 0.0000000003099
21.5000000000000 0.0000000003368
22.0000000000000 0.0000000003439
22.0000000000000 0.0000000003439
22.0000000000000 0.0000000003439
22.5000000000000 0.0000000003606
23.0000000000000 0.0000000003998
23.0000000000000 0.0000000003998
23.5000000000000 0.0000000004265
24.0000000000000 0.0000000004428
24.0000000000000 0.0000000004428
24.0000000000000 0.0000000004428
24.0000000000000 0.0000000004428
24.0000000000000 0.0000000004428
24.5000000000000 0.0000000004678
25.0000000000000 0.0000000004929
25.0000000000000 0.0000000004929
25.5000000000000 0.0000000005045
26.0000000000000 0.0000000005063
26.0000000000000 0.0000000005063
26.0000000000000 0.0000000005063
26.5000000000000 0.0000000004621
27.0000000000000 0.0000000003925
27.0000000000000 0.0000000003925
27.5000000000000 0.0000000002845
28.0000000000000 0.0000000001762
28.0000000000000 0.0000000001762
28.0000000000000 0.0000000001762
28.0000000000000 0.0000000001762
28.5000000000000 0.0000000001338
29.0000000000000 0.0000000001072
30.0000000000000 0.0000000001000
30.0000000000000 0.0000000001000
31.0000000000000 0.0000000001173
32.0000000000000 0.0000000001457
32.0000000000000 0.0000000001457
32.0000000000000 0.0000000001457
32.0000000000000 0.0000000001457
32.0000000000000 0.0000000001457
33.0000000000000 0.0000000001505
34.0000000000000 0.0000000001515
34.0000000000000 0.0000000001515
35.0000000000000 0.0000000001521
36.0000000000000 0.0000000001516
36.0000000000000 0.0000000001516
36.0000000000000 0.0000000001516
37.0000000000000 0.0000000001371
38.0000000000000 0.0000000001452
38.0000000000000 0.0000000001452
39.0000000000000 0.0000000001920
40.0000000000000 0.0000000003103
40.0000000000000 0.0000000003103
40.0000000000000 0.0000000003103
40.0000000000000 0.0000000003103
41.0000000000000 0.0000000004062
42.0000000000000 0.0000000005024
42.0000000000000 0.0000000005024
43.0000000000000 0.0000000004012
44.0000000000000 0.0000000002997
44.0000000000000 0.0000000002997
44.0000000000000 0.0000000002997
45.0000000000000 0.0000000002050
46.0000000000000 0.0000000001145
46.0000000000000 0.0000000001145
47.0000000000000 0.0000000001075
48.0000000000000 0.0000000001000
48.0000000000000 0.0000000001000
48.0000000000000 0.0000000001000
48.0000000000000 0.0000000001000
48.0000000000000 0.0000000001000
49.0000000000000 0.0000000001209
50.0000000000000 0.0000000001610
52.0000000000000 0.0000000004226
52.0000000000000 0.0000000004226
54.0000000000000 0.0000000002400
56.0000000000000 0.0000000001067
56.0000000000000 0.0000000001067
56.0000000000000 0.0000000001067
58.0000000000000 0.0000000001377
60.0000000000000 0.0000000003692
60.0000000000000 0.0000000003692
62.0000000000000 0.0000000001335
64.0000000000000 0.0000000001000
64.0000000000000 0.0000000001000
64.0000000000000 0.0000000001000
64.0000000000000 0.0000000001000
66.0000000000000 0.0000000001349
68.0000000000000 0.0000000003997
68.0000000000000 0.0000000003997
70.0000000000000 0.0000000002878
72.0000000000000 0.0000000001000
72.0000000000000 0.0000000001000
72.0000000000000 0.0000000001000
74.0000000000000 0.0000000001002
76.0000000000000 0.0000000001212
76.0000000000000 0.0000000001212
78.0000000000000 0.0000000001546
80.0000000000000 0.0000000001563
80.0000000000000 0.0000000001563
80.0000000000000 0.0000000001563
80.0000000000000 0.0000000001563
82.0000000000000 0.0000000001713
84.0000000000000 0.0000000001847
84.0000000000000 0.0000000001847
86.0000000000000 0.0000000001686
88.0000000000000 0.0000000001491
88.0000000000000 0.0000000001491
88.0000000000000 0.0000000001491
90.0000000000000 0.0000000001246
92.0000000000000 0.0000000001000
92.0000000000000 0.0000000001000
94.0000000000000 0.0000000001041
96.0000000000000 0.0000000001083
96.0000000000000 0.0000000001083
96.0000000000000 0.0000000001083
96.0000000000000 0.0000000001083
98.0000000000000 0.0000000001415
100.0000000000000 0.0000000001748
104.0000000000000 0.0000000001348
104.0000000000000 0.0000000001348
108.0000000000000 0.0000000001000
112.0000000000000 0.0000000001079
112.0000000000000 0.0000000001079
112.0000000000000 0.0000000001079
116.0000000000000 0.0000000001578
120.0000000000000 0.0000000001483
120.0000000000000 0.0000000001483
124.0000000000000 0.0000000001000
128.0000000000000 0.0000000001004
128.0000000000000 0.0000000001004
128.0000000000000 0.0000000001004
132.0000000000000 0.0000000001068
136.0000000000000 0.0000000001131
136.0000000000000 0.0000000001131
140.0000000000000 0.0000000001129
144.0000000000000 0.0000000001114
144.0000000000000 0.0000000001114
144.0000000000000 0.0000000001114
148.0000000000000 0.0000000001080
152.0000000000000 0.0000000001045
152.0000000000000 0.0000000001045
156.0000000000000 0.0000000001022
160.0000000000000 0.0000000001005
160.0000000000000 0.0000000001005
160.0000000000000 0.0000000001005
164.0000000000000 0.0000000001002
168.0000000000000 0.0000000001000
176.0000000000000 0.0000000001163
176.0000000000000 0.0000000001163
184.0000000000000 0.0000000001021
192.0000000000000 0.0000000001000
192.0000000000000 0.0000000001000
200.0000000000000 0.0000000001170
208.0000000000000 0.0000000001000
208.0000000000000 0.0000000001000
216.0000000000000 0.0000000001021
224.0000000000000 0.0000000001190
224.0000000000000 0.0000000001190
232.0000000000000 0.0000000001000
240.0000000000000 0.0000000001000
240.0000000000000 0.0000000001000
248.0000000000000 0.0000000001023
256.0000000000000 0.0000000001045
256.0000000000000 0.0000000001045
264.0000000000000 0.0000000001026
272.0000000000000 0.0000000001007
272.0000000000000 0.0000000001007
280.0000000000000 0.0000000001003
288.0000000000000 0.0000000001000
288.0000000000000 0.0000000001000
296.0000000000000 0.0000000001017
304.0000000000000 0.0000000001034
304.0000000000000 0.0000000001034
312.0000000000000 0.0000000001017
320.0000000000000 0.0000000001000
336.0000000000000 0.0000000001005
352.0000000000000 0.0000000001023
368.0000000000000 0.0000000001000
384.0000000000000 0.0000000001015
400.0000000000000 0.0000000001007
416.0000000000000 0.0000000001000
432.0000000000000 0.0000000001017
448.0000000000000 0.0000000001000
464.0000000000000 0.0000000001002
480.0000000000000 0.0000000001010
496.0000000000000 0.0000000001000
512.0000000000000 0.0000000001009
528.0000000000000 0.0000000001004
544.0000000000000 0.0000000001000
560.0000000000000 0.0000000001012
576.0000000000000 0.0000000001000
592.0000000000000 0.0000000001000
608.0000000000000 0.0000000001008
624.0000000000000 0.0000000001000
640.0000000000000 0.0000000001004
656.0000000000000 0.0000000001005
672.0000000000000 0.0000000001000
688.0000000000000 0.0000000001006
704.0000000000000 0.0000000001002
720.0000000000000 0.0000000001000
736.0000000000000 0.0000000001004
752.0000000000000 0.0000000001004
768.0000000000000 0.0000000001000
784.0000000000000 0.0000000001001
800.0000000000000 0.0000000001006
816.0000000000000 0.0000000001000
832.0000000000000 0.0000000001000
848.0000000000000 0.0000000001004
864.0000000000000 0.0000000001002
880.0000000000000 0.0000000001000
896.0000000000000 0.0000000001001
912.0000000000000 0.0000000001003
928.0000000000000 0.0000000001001
944.0000000000000 0.0000000001000
960.0000000000000 0.0000000001002
976.0000000000000 0.0000000001007
992.0000000000000 0.0000000001001
1008.0000000000000 0.0000000001000
1024.0000000000000 0.0000000001000
1040.0000000000000 0.0000000001000
1056.0000000000000 0.0000000001000
1072.0000000000000 0.0000000001000
1088.0000000000000 0.0000000001000
1104.0000000000000 0.0000000001000
1120.0000000000000 0.0000000001000
1136.0000000000000 0.0000000001000
1152.0000000000000 0.0000000001000
1168.0000000000000 0.0000000001000
1184.0000000000000 0.0000000001000
1200.0000000000000 0.0000000001000
1216.0000000000000 0.0000000001000
1232.0000000000000 0.0000000001000
1248.0000000000000 0.0000000001000
1264.0000000000000 0.0000000001000
1280.0000000000000 0.0000000001000
1296.0000000000000 0.0000000001000
1312.0000000000000 0.0000000001000
1328.0000000000000 0.0000000001000
1344.0000000000000 0.0000000001000
1360.0000000000000 0.0000000001000
1376.0000000000000 0.0000000001000
1392.0000000000000 0.0000000001000
1408.0000000000000 0.0000000001000
1424.0000000000000 0.0000000001000
1440.0000000000000 0.0000000001000
1456.0000000000000 0.0000000001000
1472.0000000000000 0.0000000001000
1488.0000000000000 0.0000000001000
1504.0000000000000 0.0000000001000
1520.0000000000000 0.0000000001000
1536.0000000000000 0.0000000001000
1552.0000000000000 0.0000000001000
1568.0000000000000 0.0000000001000
1584.0000000000000 0.0000000001000
1600.0000000000000 0.0000000001000
1616.0000000000000 0.0000000001000
1632.0000000000000 0.0000000001000
1648.0000000000000 0.0000000001000
1664.0000000000000 0.0000000001000
1680.0000000000000 0.0000000001000
1696.0000000000000 0.0000000001000
1712.0000000000000 0.0000000001001
1728.0000000000000 0.0000000001000
1744.0000000000000 0.0000000001000
1760.0000000000000 0.0000000001000
1776.0000000000000 0.0000000001000
1792.0000000000000 0.0000000001001
1808.0000000000000 0.0000000001001
1824.0000000000000 0.0000000001000
1840.0000000000000 0.0000000001000
1856.0000000000000 0.0000000001000
1872.0000000000000 0.0000000001001
1888.0000000000000 0.0000000001000
1904.0000000000000 0.0000000001000
1920.0000000000000 0.0000000001001
1936.0000000000000 0.0000000001000
1952.0000000000000 0.0000000001000
1968.0000000000000 0.0000000001000
1984.0000000000000 0.0000000001000
