# x phi
-1984.0000000000000 -0.0000000050734
-1968.0000000000000 -0.0000000107909
-1952.0000000000000 -0.0000000168778
-1936.0000000000000 -0.0000000224776
-1920.0000000000000 -0.0000000270990
-1904.0000000000000 -0.0000000309803
-1888.0000000000000 -0.0000000342645
-1872.0000000000000 -0.0000000366550
-1856.0000000000000 -0.0000000381361
-1840.0000000000000 -0.0000000392454
-1824.0000000000000 -0.0000000402780
-1808.0000000000000 -0.0000000408209
-1792.0000000000000 -0.0000000401467
-1776.0000000000000 -0.0000000376777
-1760.0000000000000 -0.0000000334924
-1744.0000000000000 -0.0000000286394
-1728.0000000000000 -0.0000000240632
-1712.0000000000000 -0.0000000190939
-1696.0000000000000 -0.0000000123116
-1680.0000000000000 -0.0000000044776
-1664.0000000000000 -0.0000000000682
-1648.0000000000000 -0.0000000052378
-1632.0000000000000 -0.0000000234517
-1616.0000000000000 -0.0000000528911
-1600.0000000000000 -0.0000000884092
-1584.0000000000000 -0.0000001242594
-1568.0000000000000 -0.0000001517367
-1552.0000000000000 -0.0000001557633
-1536.0000000000000 -0.0000001223462
-1520.0000000000000 -0.0000000558406
-1504.0000000000000 0.0000000142199
-1488.0000000000000 0.0000000475863
-1472.0000000000000 0.0000000169283
-1456.0000000000000 -0.0000000697039
-1440.0000000000000 -0.0000001571528
-1424.0000000000000 -0.0000001715808
-1408.0000000000000 -0.0000000935776
-1392.0000000000000 0.0000000005725
-1376.0000000000000 0.0000000085580
-1360.0000000000000 -0.0000000756021
-1344.0000000000000 -0.0000001451345
-1328.0000000000000 -0.0000001146572
-1312.0000000000000 -0.0000000367924
-1296.0000000000000 -0.0000000263383
-1280.0000000000000 -0.0000000868362
-1264.0000000000000 -0.0000001099604
-1248.0000000000000 -0.0000000611712
-1232.0000000000000 -0.0000000344103
-1216.0000000000000 -0.0000000739529
-1200.0000000000000 -0.0000000993059
-1184.0000000000000 -0.0000000711651
-1168.0000000000000 -0.0000000549374
-1152.0000000000000 -0.0000000701413
-1136.0000000000000 -0.0000000668292
-1120.0000000000000 -0.0000000581007
-1104.0000000000000 -0.0000000875183
-1088.0000000000000 -0.0000001033410
-1072.0000000000000 -0.0000000040956
-1056.0000000000000 0.0000002137049
-1040.0000000000000 0.0000001529826
-1024.0000000000000 -0.0000013348459
-1008.0000000000000 -0.0000049996353
-992.0000000000000 -0.0000074187598
-976.0000000000000 0.0000012484413
-960.0000000000000 0.0000300598168
-944.0000000000000 0.0000723303591
-928.0000000000000 0.0001032218120
-912.0000000000000 0.0001064834470
-896.0000000000000 0.0001054449148
-880.0000000000000 0.0001472429850
-864.0000000000000 0.0002375720257
-848.0000000000000 0.0002940085333
-832.0000000000000 0.0001829738187
-816.0000000000000 -0.0001613891859
-800.0000000000000 -0.0006220844711
-784.0000000000000 -0.0009417451527
-768.0000000000000 -0.0009623456325
-752.0000000000000 -0.0007884513873
-736.0000000000000 -0.0006130487986
-720.0000000000000 -0.0004686923474
-704.0000000000000 -0.0002931211805
-688.0000000000000 -0.0001059040854
-672.0000000000000 0.0000459586460
-656.0000000000000 0.0001782691670
-640.0000000000000 0.0003046450909
-624.0000000000000 0.0004126746960
-608.0000000000000 0.0005048555877
-592.0000000000000 0.0005777726357
-576.0000000000000 0.0006248363021
-560.0000000000000 0.0006586699895
-544.0000000000000 0.0006808552978
-528.0000000000000 0.0006890109552
-512.0000000000000 0.0006911541232
-496.0000000000000 0.0006818953002
-480.0000000000000 0.0006617479234
-464.0000000000000 0.0006421715631
-448.0000000000000 0.0006175919947
-432.0000000000000 0.0005822822780
-416.0000000000000 0.0005457986485
-400.0000000000000 0.0005097739897
-384.0000000000000 0.0004683723182
-368.0000000000000 0.0004340847892
-352.0000000000000 0.0004084011556
-336.0000000000000 0.0003634125009
-320.0000000000000 0.0002986954384
-312.0000000000000 0.0002778911990
-304.0000000000000 0.0002647048708
-304.0000000000000 0.0002647048708
-296.0000000000000 0.0002633464308
-288.0000000000000 0.0002609310982
-288.0000000000000 0.0002609310982
-280.0000000000000 0.0002415074530
-272.0000000000000 0.0002184853907
-272.0000000000000 0.0002184853907
-264.0000000000000 0.0002018146726
-256.0000000000000 0.0001859242820
-256.0000000000000 0.0001859242820
-248.0000000000000 0.0001673035932
-240.0000000000000 0.0001497211958
-240.0000000000000 0.0001497211958
-232.0000000000000 0.0001373133660
-224.0000000000000 0.0001254664178
-224.0000000000000 0.0001254664178
-216.0000000000000 0.0001100481468
-208.0000000000000 0.0000935465896
-208.0000000000000 0.0000935465896
-200.0000000000000 0.0000808587315
-192.0000000000000 0.0000703601855
-192.0000000000000 0.0000703601855
-184.0000000000000 0.0000575520370
-176.0000000000000 0.0000446661008
-176.0000000000000 0.0000446661008
-168.0000000000000 0.0000387103007
-164.0000000000000 0.0000376876747
-160.0000000000000 0.0000362063044
-160.0000000000000 0.0000362063044
-160.0000000000000 0.0000362063044
-156.0000000000000 0.0000319765492
-152.0000000000000 0.0000265805499
-152.0000000000000 0.0000265805499
-148.0000000000000 0.0000205723812
-144.0000000000000 0.0000147466013
-144.0000000000000 0.0000147466013
-144.0000000000000 0.0000147466013
-140.0000000000000 0.0000105464372
-136.0000000000000 0.0000065799579
-136.0000000000000 0.0000065799579
-132.0000000000000 0.0000016667237
-128.0000000000000 -0.0000033845120
-128.0000000000000 -0.0000033845120
-128.0000000000000 -0.0000033845120
-124.0000000000000 -0.0000081013299
-120.0000000000000 -0.0000126551679
-120.0000000000000 -0.0000126551679
-116.0000000000000 -0.0000173692146
-112.0000000000000 -0.0000219295775
-112.0000000000000 -0.0000219295775
-112.0000000000000 -0.0000219295775
-108.0000000000000 -0.0000253727585
-104.0000000000000 -0.0000273614929
-104.0000000000000 -0.0000273614929
-100.0000000000000 -0.0000291791876
-98.0000000000000 -0.0000306989751
-96.0000000000000 -0.0000326540095
-96.0000000000000 -0.0000326540095
-96.0000000000000 -0.0000326540095
-96.0000000000000 -0.0000326540095
-94.0000000000000 -0.0000352008959
-92.0000000000000 -0.0000379536790
-92.0000000000000 -0.0000379536790
-90.0000000000000 -0.0000406735214
-88.0000000000000 -0.0000430756744
-88.0000000000000 -0.0000430756744
-88.0000000000000 -0.0000430756744
-86.0000000000000 -0.0000447526045
-84.0000000000000 -0.0000458338284
-84.0000000000000 -0.0000458338284
-82.0000000000000 -0.0000461821429
-80.0000000000000 -0.0000461901734
-80.0000000000000 -0.0000461901734
-80.0000000000000 -0.0000461901734
-80.0000000000000 -0.0000461901734
-78.0000000000000 -0.0000461046262
-76.0000000000000 -0.0000462260551
-76.0000000000000 -0.0000462260551
-74.0000000000000 -0.0000467598396
-72.0000000000000 -0.0000477773933
-72.0000000000000 -0.0000477773933
-72.0000000000000 -0.0000477773933
-70.0000000000000 -0.0000491997192
-68.0000000000000 -0.0000508396127
-68.0000000000000 -0.0000508396127
-66.0000000000000 -0.0000525071787
-64.0000000000000 -0.0000541170593
-64.0000000000000 -0.0000541170593
-64.0000000000000 -0.0000541170593
-64.0000000000000 -0.0000541170593
-62.0000000000000 -0.0000557183583
-60.0000000000000 -0.0000574328895
-60.0000000000000 -0.0000574328895
-58.0000000000000 -0.0000593579401
-56.0000000000000 -0.0000614923957
-56.0000000000000 -0.0000614923957
-56.0000000000000 -0.0000614923957
-54.0000000000000 -0.0000637031046
-52.0000000000000 -0.0000657283358
-52.0000000000000 -0.0000657283358
-50.0000000000000 -0.0000672280741
-49.0000000000000 -0.0000676736004
-48.0000000000000 -0.0000678927636
-48.0000000000000 -0.0000678927636
-48.0000000000000 -0.0000678927636
-48.0000000000000 -0.0000678927636
-48.0000000000000 -0.0000678927636
-47.0000000000000 -0.0000678518595
-46.0000000000000 -0.0000675815967
-46.0000000000000 -0.0000675815967
-45.0000000000000 -0.0000670822222
-44.0000000000000 -0.0000664114168
-44.0000000000000 -0.0000664114168
-44.0000000000000 -0.0000664114168
-43.0000000000000 -0.0000656063387
-42.0000000000000 -0.0000647288023
-42.0000000000000 -0.0000647288023
-41.0000000000000 -0.0000638379071
-40.0000000000000 -0.0000629789562
-40.0000000000000 -0.0000629789562
-40.0000000000000 -0.0000629789562
-40.0000000000000 -0.0000629789562
-39.0000000000000 -0.0000622041399
-38.0000000000000 -0.0000615518968
-38.0000000000000 -0.0000615518968
-37.0000000000000 -0.0000610478104
-36.0000000000000 -0.0000607046969
-36.0000000000000 -0.0000607046969
-36.0000000000000 -0.0000607046969
-35.0000000000000 -0.0000605231791
-34.0000000000000 -0.0000604933892
-34.0000000000000 -0.0000604933892
-33.0000000000000 -0.0000605978533
-32.0000000000000 -0.0000608150496
-32.0000000000000 -0.0000608150496
-32.0000000000000 -0.0000608150496
-32.0000000000000 -0.0000608150496
-32.0000000000000 -0.0000608150496
-31.0000000000000 -0.0000611228466
-30.0000000000000 -0.0000615013861
-30.0000000000000 -0.0000615013861
-29.0000000000000 -0.0000619353518
-28.5000000000000 -0.0000621698209
-28.0000000000000 -0.0000624153785
-28.0000000000000 -0.0000624153785
-28.0000000000000 -0.0000624153785
-28.0000000000000 -0.0000624153785
-27.5000000000000 -0.0000626713268
-27.0000000000000 -0.0000629380522
-27.0000000000000 -0.0000629380522
-26.5000000000000 -0.0000632155624
-26.0000000000000 -0.0000635042951
-26.0000000000000 -0.0000635042951
-26.0000000000000 -0.0000635042951
-25.5000000000000 -0.0000638046437
-25.0000000000000 -0.0000641167491
-25.0000000000000 -0.0000641167491
-24.5000000000000 -0.0000644410524
-24.0000000000000 -0.0000647770461
-24.0000000000000 -0.0000647770461
-24.0000000000000 -0.0000647770461
-24.0000000000000 -0.0000647770461
-24.0000000000000 -0.0000647770461
-23.5000000000000 -0.0000651245731
-23.0000000000000 -0.0000654830234
-23.0000000000000 -0.0000654830234
-22.5000000000000 -0.0000658513559
-22.0000000000000 -0.0000662281294
-22.0000000000000 -0.0000662281294
-22.0000000000000 -0.0000662281294
-21.5000000000000 -0.0000666115070
-21.0000000000000 -0.0000669992691
-21.0000000000000 -0.0000669992691
-20.5000000000000 -0.0000673888372
-20.0000000000000 -0.0000677773079
-20.0000000000000 -0.0000677773079
-20.0000000000000 -0.0000677773079
-20.0000000000000 -0.0000677773079
-19.5000000000000 -0.0000681614954
-19.0000000000000 -0.0000685379781
-19.0000000000000 -0.0000685379781
-18.5000000000000 -0.0000689031450
-18.0000000000000 -0.0000692532396
-18.0000000000000 -0.0000692532396
-18.0000000000000 -0.0000692532396
-17.5000000000000 -0.0000695844042
-17.0000000000000 -0.0000698927307
-17.0000000000000 -0.0000698927307
-16.5000000000000 -0.0000701743208
-16.0000000000000 -0.0000704253610
-16.0000000000000 -0.0000704253610
-16.0000000000000 -0.0000704253610
-16.0000000000000 -0.0000704253610
-16.0000000000000 -0.0000704253610
-16.0000000000000 -0.0000704253610
-15.5000000000000 -0.0000706422120
-15.0000000000000 -0.0000708215053
-15.0000000000000 -0.0000708215053
-14.5000000000000 -0.0000709602406
-14.2500000000000 -0.0000710135703
-14.0000000000000 -0.0000710558706
-14.0000000000000 -0.0000710558706
-14.0000000000000 -0.0000710558706
-14.0000000000000 -0.0000710558706
-13.7500000000000 -0.0000710868528
-13.5000000000000 -0.0000711063705
-13.5000000000000 -0.0000711063705
-13.2500000000000 -0.0000711142044
-13.0000000000000 -0.0000711102849
-13.0000000000000 -0.0000711102849
-13.0000000000000 -0.0000711102849
-12.7500000000000 -0.0000710944677
-12.5000000000000 -0.0000710667572
-12.5000000000000 -0.0000710667572
-12.2500000000000 -0.0000710270847
-12.0000000000000 -0.0000709755253
-12.0000000000000 -0.0000709755253
-12.0000000000000 -0.0000709755253
-12.0000000000000 -0.0000709755253
-12.0000000000000 -0.0000709755253
-11.7500000000000 -0.0000709121044
-11.5000000000000 -0.0000708369013
-11.5000000000000 -0.0000708369013
-11.2500000000000 -0.0000707500202
-11.0000000000000 -0.0000706515835
-11.0000000000000 -0.0000706515835
-11.0000000000000 -0.0000706515835
-10.7500000000000 -0.0000705417249
-10.5000000000000 -0.0000704205811
-10.5000000000000 -0.0000704205811
-10.2500000000000 -0.0000702882830
-10.0000000000000 -0.0000701449464
-10.0000000000000 -0.0000701449464
-10.0000000000000 -0.0000701449464
-10.0000000000000 -0.0000701449464
-9.7500000000000 -0.0000699906609
-9.5000000000000 -0.0000698254803
-9.5000000000000 -0.0000698254803
-9.2500000000000 -0.0000696494122
-9.1250000000000 -0.0000695572842
-9.0000000000000 -0.0000694624080
-9.0000000000000 -0.0000694624080
-9.0000000000000 -0.0000694624080
-9.0000000000000 -0.0000694624080
-8.8750000000000 -0.0000693647738
-8.7500000000000 -0.0000692643533
-8.7500000000000 -0.0000692643533
-8.6250000000000 -0.0000691611281
-8.5000000000000 -0.0000690550586
-8.5000000000000 -0.0000690550586
-8.5000000000000 -0.0000690550586
-8.3750000000000 -0.0000689461165
-8.2500000000000 -0.0000688342497
-8.2500000000000 -0.0000688342497
-8.1250000000000 -0.0000687194193
-8.0000000000000 -0.0000686015582
-8.0000000000000 -0.0000686015582
-8.0000000000000 -0.0000686015582
-8.0000000000000 -0.0000686015582
-8.0000000000000 -0.0000686015582
-8.0000000000000 -0.0000686015582
-8.0000000000000 -0.0000686015582
-7.8750000000000 -0.0000684806096
-7.7500000000000 -0.0000683565043
-7.7500000000000 -0.0000683565043
-7.6250000000000 -0.0000682291650
-7.5000000000000 -0.0000680985065
-7.5000000000000 -0.0000680985065
-7.5000000000000 -0.0000680985065
-7.3750000000000 -0.0000679644348
-7.2500000000000 -0.0000678268471
-7.2500000000000 -0.0000678268471
-7.1250000000000 -0.0000676856308
-7.0000000000000 -0.0000675406635
-7.0000000000000 -0.0000675406635
-7.0000000000000 -0.0000675406635
-7.0000000000000 -0.0000675406635
-6.8750000000000 -0.0000673918115
-6.7500000000000 -0.0000672389299
-6.7500000000000 -0.0000672389299
-6.6250000000000 -0.0000670818611
-6.5625000000000 -0.0000670017041
-6.5000000000000 -0.0000669204345
-6.5000000000000 -0.0000669204345
-6.5000000000000 -0.0000669204345
-6.5000000000000 -0.0000669204345
-6.4375000000000 -0.0000668380301
-6.3750000000000 -0.0000667544650
-6.3750000000000 -0.0000667544650
-6.3125000000000 -0.0000666697151
-6.2500000000000 -0.0000665837523
-6.2500000000000 -0.0000665837523
-6.2500000000000 -0.0000665837523
-6.1875000000000 -0.0000664965506
-6.1250000000000 -0.0000664080794
-6.1250000000000 -0.0000664080794
-6.0625000000000 -0.0000663183106
-6.0000000000000 -0.0000662272110
-6.0000000000000 -0.0000662272110
-6.0000000000000 -0.0000662272110
-6.0000000000000 -0.0000662272110
-6.0000000000000 -0.0000662272110
-6.0000000000000 -0.0000662272110
-5.9375000000000 -0.0000661347490
-5.8750000000000 -0.0000660408911
-5.8750000000000 -0.0000660408911
-5.8125000000000 -0.0000659456020
-5.7500000000000 -0.0000658488453
-5.7500000000000 -0.0000658488453
-5.7500000000000 -0.0000658488453
-5.6875000000000 -0.0000657505827
-5.6250000000000 -0.0000656507745
-5.6250000000000 -0.0000656507745
-5.5625000000000 -0.0000655493793
-5.5000000000000 -0.0000654463541
-5.5000000000000 -0.0000654463541
-5.5000000000000 -0.0000654463541
-5.5000000000000 -0.0000654463541
-5.4375000000000 -0.0000653416538
-5.3750000000000 -0.0000652352315
-5.3750000000000 -0.0000652352315
-5.3125000000000 -0.0000651270384
-5.2500000000000 -0.0000650170234
-5.2500000000000 -0.0000650170234
-5.2500000000000 -0.0000650170234
-5.1875000000000 -0.0000649051331
-5.1250000000000 -0.0000647913121
-5.1250000000000 -0.0000647913121
-5.0625000000000 -0.0000646755020
-5.0000000000000 -0.0000645576423
-5.0000000000000 -0.0000645576423
-5.0000000000000 -0.0000645576423
-5.0000000000000 -0.0000645576423
-5.0000000000000 -0.0000645576423
-4.9375000000000 -0.0000644376692
-4.8750000000000 -0.0000643155165
-4.8750000000000 -0.0000643155165
-4.8125000000000 -0.0000641911144
-4.7500000000000 -0.0000640643900
-4.7500000000000 -0.0000640643900
-4.7500000000000 -0.0000640643900
-4.6875000000000 -0.0000639352671
-4.6250000000000 -0.0000638036654
-4.6250000000000 -0.0000638036654
-4.5625000000000 -0.0000636695011
-4.5000000000000 -0.0000635326857
-4.5000000000000 -0.0000635326857
-4.5000000000000 -0.0000635326857
-4.5000000000000 -0.0000635326857
-4.4375000000000 -0.0000633931267
-4.3750000000000 -0.0000632507266
-4.3750000000000 -0.0000632507266
-4.3125000000000 -0.0000631053828
-4.2500000000000 -0.0000629569875
-4.2500000000000 -0.0000629569875
-4.2500000000000 -0.0000629569875
-4.1875000000000 -0.0000628054270
-4.1250000000000 -0.0000626505814
-4.1250000000000 -0.0000626505814
-4.0625000000000 -0.0000624923244
-4.0000000000000 -0.0000623305223
-4.0000000000000 -0.0000623305223
-4.0000000000000 -0.0000623305223
-4.0000000000000 -0.0000623305223
-4.0000000000000 -0.0000623305223
-4.0000000000000 -0.0000623305223
-4.0000000000000 -0.0000623305223
-3.9375000000000 -0.0000621650342
-3.8750000000000 -0.0000619957107
-3.8750000000000 -0.0000619957107
-3.8125000000000 -0.0000618223941
-3.7500000000000 -0.0000616449168
-3.7500000000000 -0.0000616449168
-3.7500000000000 -0.0000616449168
-3.6875000000000 -0.0000614631016
-3.6250000000000 -0.0000612767600
-3.6250000000000 -0.0000612767600
-3.5625000000000 -0.0000610856921
-3.5000000000000 -0.0000608896849
-3.5000000000000 -0.0000608896849
-3.5000000000000 -0.0000608896849
-3.5000000000000 -0.0000608896849
-3.4375000000000 -0.0000606885121
-3.3750000000000 -0.0000604819322
-3.3750000000000 -0.0000604819322
-3.3125000000000 -0.0000602696877
-3.2812500000000 -0.0000601613566
-3.2500000000000 -0.0000600515038
-3.2500000000000 -0.0000600515038
-3.2500000000000 -0.0000600515038
-3.2500000000000 -0.0000600515038
-3.2187500000000 -0.0000599400939
-3.1875000000000 -0.0000598270863
-3.1875000000000 -0.0000598270863
-3.1562500000000 -0.0000597124431
-3.1250000000000 -0.0000595961206
-3.1250000000000 -0.0000595961206
-3.1250000000000 -0.0000595961206
-3.0937500000000 -0.0000594780783
-3.0625000000000 -0.0000593582694
-3.0625000000000 -0.0000593582694
-3.0312500000000 -0.0000592366502
-3.0000000000000 -0.0000591131702
-3.0000000000000 -0.0000591131702
-3.0000000000000 -0.0000591131702
-3.0000000000000 -0.0000591131702
-3.0000000000000 -0.0000591131702
-3.0000000000000 -0.0000591131702
-2.9687500000000 -0.0000589877811
-2.9375000000000 -0.0000588604324
-2.9375000000000 -0.0000588604324
-2.9062500000000 -0.0000587310703
-2.8750000000000 -0.0000585996396
-2.8750000000000 -0.0000585996396
-2.8750000000000 -0.0000585996396
-2.8437500000000 -0.0000584660829
-2.8125000000000 -0.0000583303405
-2.8125000000000 -0.0000583303405
-2.7812500000000 -0.0000581923504
-2.7500000000000 -0.0000580520482
-2.7500000000000 -0.0000580520482
-2.7500000000000 -0.0000580520482
-2.7500000000000 -0.0000580520482
-2.7187500000000 -0.0000579093668
-2.6875000000000 -0.0000577642364
-2.6875000000000 -0.0000577642364
-2.6562500000000 -0.0000576165845
-2.6250000000000 -0.0000574663354
-2.6250000000000 -0.0000574663354
-2.6250000000000 -0.0000574663354
-2.5937500000000 -0.0000573134104
-2.5625000000000 -0.0000571577273
-2.5625000000000 -0.0000571577273
-2.5312500000000 -0.0000569992006
-2.5000000000000 -0.0000568377409
-2.5000000000000 -0.0000568377409
-2.5000000000000 -0.0000568377409
-2.5000000000000 -0.0000568377409
-2.5000000000000 -0.0000568377409
-2.4687500000000 -0.0000566732551
-2.4375000000000 -0.0000565056457
-2.4375000000000 -0.0000565056457
-2.4062500000000 -0.0000563348112
-2.3750000000000 -0.0000561606453
-2.3750000000000 -0.0000561606453
-2.3750000000000 -0.0000561606453
-2.3437500000000 -0.0000559830368
-2.3125000000000 -0.0000558018696
-2.3125000000000 -0.0000558018696
-2.2812500000000 -0.0000556170218
-2.2500000000000 -0.0000554283660
-2.2500000000000 -0.0000554283660
-2.2500000000000 -0.0000554283660
-2.2500000000000 -0.0000554283660
-2.2187500000000 -0.0000552357687
-2.1875000000000 -0.0000550390899
-2.1875000000000 -0.0000550390899
-2.1562500000000 -0.0000548381825
-2.1250000000000 -0.0000546328924
-2.1250000000000 -0.0000546328924
-2.1250000000000 -0.0000546328924
-2.0937500000000 -0.0000544230577
-2.0625000000000 -0.0000542085080
-2.0625000000000 -0.0000542085080
-2.0312500000000 -0.0000539890645
-2.0000000000000 -0.0000537645386
-2.0000000000000 -0.0000537645386
-2.0000000000000 -0.0000537645386
-2.0000000000000 -0.0000537645386
-2.0000000000000 -0.0000537645386
-2.0000000000000 -0.0000537645386
-2.0000000000000 -0.0000537645386
-1.9687500000000 -0.0000535347320
-1.9375000000000 -0.0000532994357
-1.9375000000000 -0.0000532994357
-1.9062500000000 -0.0000530584292
-1.8750000000000 -0.0000528114801
-1.8750000000000 -0.0000528114801
-1.8750000000000 -0.0000528114801
-1.8437500000000 -0.0000525583427
-1.8125000000000 -0.0000522987574
-1.8125000000000 -0.0000522987574
-1.7812500000000 -0.0000520324497
-1.7500000000000 -0.0000517591289
-1.7500000000000 -0.0000517591289
-1.7500000000000 -0.0000517591289
-1.7500000000000 -0.0000517591289
-1.7187500000000 -0.0000514784871
-1.6875000000000 -0.0000511901981
-1.6875000000000 -0.0000511901981
-1.6562500000000 -0.0000508939154
-1.6250000000000 -0.0000505892712
-1.6250000000000 -0.0000505892712
-1.6250000000000 -0.0000505892712
-1.5937500000000 -0.0000502758745
-1.5625000000000 -0.0000499533087
-1.5625000000000 -0.0000499533087
-1.5312500000000 -0.0000496211305
-1.5000000000000 -0.0000492788665
-1.5000000000000 -0.0000492788665
-1.5000000000000 -0.0000492788665
-1.5000000000000 -0.0000492788665
-1.5000000000000 -0.0000492788665
-1.4687500000000 -0.0000489260116
-1.4375000000000 -0.0000485620259
-1.4375000000000 -0.0000485620259
-1.4062500000000 -0.0000481863317
-1.3750000000000 -0.0000477983101
-1.3750000000000 -0.0000477983101
-1.3750000000000 -0.0000477983101
-1.3437500000000 -0.0000473972975
-1.3125000000000 -0.0000469825810
-1.3125000000000 -0.0000469825810
-1.2812500000000 -0.0000465533941
-1.2500000000000 -0.0000461089113
-1.2500000000000 -0.0000461089113
-1.2500000000000 -0.0000461089113
-1.2500000000000 -0.0000461089113
-1.2187500000000 -0.0000456482420
-1.1875000000000 -0.0000451704248
-1.1875000000000 -0.0000451704248
-1.1562500000000 -0.0000446744200
-1.1250000000000 -0.0000441591012
-1.1250000000000 -0.0000441591012
-1.1250000000000 -0.0000441591012
-1.0937500000000 -0.0000436232462
-1.0625000000000 -0.0000430655258
-1.0625000000000 -0.0000430655258
-1.0312500000000 -0.0000424844903
-1.0000000000000 -0.0000418785548
-1.0000000000000 -0.0000418785548
-1.0000000000000 -0.0000418785548
-1.0000000000000 -0.0000418785548
-1.0000000000000 -0.0000418785548
-1.0000000000000 -0.0000418785548
-0.9687500000000 -0.0000412459818
-0.9375000000000 -0.0000405848602
-0.9375000000000 -0.0000405848602
-0.9062500000000 -0.0000398930802
-0.8750000000000 -0.0000391683023
-0.8750000000000 -0.0000391683023
-0.8750000000000 -0.0000391683023
-0.8437500000000 -0.0000384079175
-0.8125000000000 -0.0000376089987
-0.8125000000000 -0.0000376089987
-0.7812500000000 -0.0000367682348
-0.7500000000000 -0.0000358818469
-0.7500000000000 -0.0000358818469
-0.7500000000000 -0.0000358818469
-0.7500000000000 -0.0000358818469
-0.7187500000000 -0.0000349454777
-0.6875000000000 -0.0000339540533
-0.6875000000000 -0.0000339540533
-0.6562500000000 -0.0000329016099
-0.6250000000000 -0.0000317810777
-0.6250000000000 -0.0000317810777
-0.6250000000000 -0.0000317810777
-0.5937500000000 -0.0000305840106
-0.5625000000000 -0.0000293002388
-0.5625000000000 -0.0000293002388
-0.5312500000000 -0.0000279174146
-0.5000000000000 -0.0000264204039
-0.5000000000000 -0.0000264204039
-0.5000000000000 -0.0000264204039
-0.5000000000000 -0.0000264204039
-0.5000000000000 -0.0000264204039
-0.4687500000000 -0.0000247904574
-0.4375000000000 -0.0000230040696
-0.4375000000000 -0.0000230040696
-0.4062500000000 -0.0000210313951
-0.3750000000000 -0.0000188341315
-0.3750000000000 -0.0000188341315
-0.3750000000000 -0.0000188341315
-0.3437500000000 -0.0000163629509
-0.3125000000000 -0.0000135542673
-0.3125000000000 -0.0000135542673
-0.2812500000000 -0.0000103264166
-0.2500000000000 -0.0000065789922
-0.2500000000000 -0.0000065789922
-0.2500000000000 -0.0000065789922
-0.2500000000000 -0.0000065789922
-0.2187500000000 -0.0000021841684
-0.1875000000000 0.0000030670979
-0.1875000000000 0.0000030670979
-0.1562500000000 0.0000094733806
-0.1250000000000 0.0000174070371
-0.1250000000000 0.0000174070371
-0.1250000000000 0.0000174070371
-0.0937500000000 0.0000282715578
-0.0625000000000 0.0000451355099
-0.0625000000000 0.0000451355099
-0.0312500000000 0.0000661281110
0.0000000000000 0.0000769704594
0.0000000000000 0.0000769704594
0.0000000000000 0.0000769704594
0.0000000000000 0.0000769704594
0.0000000000000 0.0000769704594
0.0000000000000 0.0000769704594
0.0000000000000 0.0000769704594
0.0000000000000 0.0000769704594
0.0000000000000 0.0000769704594
0.0000000000000 0.0000769704594
0.0312500000000 0.0000660814227
0.0625000000000 0.0000450709662
0.0625000000000 0.0000450709662
0.0937500000000 0.0000282219796
0.1250000000000 0.0000173846696
0.1250000000000 0.0000173846696
0.1250000000000 0.0000173846696
0.1562500000000 0.0000094630517
0.1875000000000 0.0000030555288
0.1875000000000 0.0000030555288
0.2187500000000 -0.0000021982263
0.2500000000000 -0.0000065933254
0.2500000000000 -0.0000065933254
0.2500000000000 -0.0000065933254
0.2500000000000 -0.0000065933254
0.2812500000000 -0.0000103396011
0.3125000000000 -0.0000135655687
0.3125000000000 -0.0000135655687
0.3437500000000 -0.0000163721258
0.3750000000000 -0.0000188413091
0.3750000000000 -0.0000188413091
0.3750000000000 -0.0000188413091
0.4062500000000 -0.0000210368980
0.4375000000000 -0.0000230082875
0.4375000000000 -0.0000230082875
0.4687500000000 -0.0000247937775
0.5000000000000 -0.0000264231713
0.5000000000000 -0.0000264231713
0.5000000000000 -0.0000264231713
0.5000000000000 -0.0000264231713
0.5000000000000 -0.0000264231713
0.5312500000000 -0.0000279199125
0.5625000000000 -0.0000293026830
0.5625000000000 -0.0000293026830
0.5937500000000 -0.0000305865528
0.6250000000000 -0.0000317838146
0.6250000000000 -0.0000317838146
0.6250000000000 -0.0000317838146
0.6562500000000 -0.0000329045937
0.6875000000000 -0.0000339573019
0.6875000000000 -0.0000339573019
0.7187500000000 -0.0000349489827
0.7500000000000 -0.0000358855819
0.7500000000000 -0.0000358855819
0.7500000000000 -0.0000358855819
0.7500000000000 -0.0000358855819
0.7812500000000 -0.0000367721617
0.8125000000000 -0.0000376130733
0.8125000000000 -0.0000376130733
0.8437500000000 -0.0000384120940
0.8750000000000 -0.0000391725359
0.8750000000000 -0.0000391725359
0.8750000000000 -0.0000391725359
0.9062500000000 -0.0000398973292
0.9375000000000 -0.0000405890866
0.9375000000000 -0.0000405890866
0.9687500000000 -0.0000412501527
1.0000000000000 -0.0000418826421
1.0000000000000 -0.0000418826421
1.0000000000000 -0.0000418826421
1.0000000000000 -0.0000418826421
1.0000000000000 -0.0000418826421
1.0000000000000 -0.0000418826421
1.0312500000000 -0.0000424884699
1.0625000000000 -0.0000430693779
1.0625000000000 -0.0000430693779
1.0937500000000 -0.0000436269551
1.1250000000000 -0.0000441626548
1.1250000000000 -0.0000441626548
1.1250000000000 -0.0000441626548
1.1562500000000 -0.0000446778096
1.1875000000000 -0.0000451736433
1.1875000000000 -0.0000451736433
1.2187500000000 -0.0000456512830
1.2500000000000 -0.0000461117694
1.2500000000000 -0.0000461117694
1.2500000000000 -0.0000461117694
1.2500000000000 -0.0000461117694
1.2812500000000 -0.0000465560658
1.3125000000000 -0.0000469850647
1.3125000000000 -0.0000469850647
1.3437500000000 -0.0000473995938
1.3750000000000 -0.0000478004205
1.3750000000000 -0.0000478004205
1.3750000000000 -0.0000478004205
1.4062500000000 -0.0000481882582
1.4375000000000 -0.0000485637708
1.4375000000000 -0.0000485637708
1.4687500000000 -0.0000489275771
1.5000000000000 -0.0000492802553
1.5000000000000 -0.0000492802553
1.5000000000000 -0.0000492802553
1.5000000000000 -0.0000492802553
1.5000000000000 -0.0000492802553
1.5312500000000 -0.0000496223452
1.5625000000000 -0.0000499543525
1.5625000000000 -0.0000499543525
1.5937500000000 -0.0000502767504
1.6250000000000 -0.0000505899826
1.6250000000000 -0.0000505899826
1.6250000000000 -0.0000505899826
1.6562500000000 -0.0000508944657
1.6875000000000 -0.0000511905908
1.6875000000000 -0.0000511905908
1.7187500000000 -0.0000514787257
1.7500000000000 -0.0000517592168
1.7500000000000 -0.0000517592168
1.7500000000000 -0.0000517592168
1.7500000000000 -0.0000517592168
1.7812500000000 -0.0000520323903
1.8125000000000 -0.0000522985541
1.8125000000000 -0.0000522985541
1.8437500000000 -0.0000525579987
1.8750000000000 -0.0000528109987
1.8750000000000 -0.0000528109987
1.8750000000000 -0.0000528109987
1.9062500000000 -0.0000530578137
1.9375000000000 -0.0000532986894
1.9375000000000 -0.0000532986894
1.9687500000000 -0.0000535338583
2.0000000000000 -0.0000537635407
2.0000000000000 -0.0000537635407
2.0000000000000 -0.0000537635407
2.0000000000000 -0.0000537635407
2.0000000000000 -0.0000537635407
2.0000000000000 -0.0000537635407
2.0000000000000 -0.0000537635407
2.0312500000000 -0.0000539879457
2.0625000000000 -0.0000542072716
2.0625000000000 -0.0000542072716
2.0937500000000 -0.0000544217065
2.1250000000000 -0.0000546314297
2.1250000000000 -0.0000546314297
2.1250000000000 -0.0000546314297
2.1562500000000 -0.0000548366111
2.1875000000000 -0.0000550374127
2.1875000000000 -0.0000550374127
2.2187500000000 -0.0000552339886
2.2500000000000 -0.0000554264858
2.2500000000000 -0.0000554264858
2.2500000000000 -0.0000554264858
2.2500000000000 -0.0000554264858
2.2812500000000 -0.0000556150441
2.3125000000000 -0.0000557997972
2.3125000000000 -0.0000557997972
2.3437500000000 -0.0000559808723
2.3750000000000 -0.0000561583911
2.3750000000000 -0.0000561583911
2.3750000000000 -0.0000561583911
2.4062500000000 -0.0000563324699
2.4375000000000 -0.0000565032196
2.4375000000000 -0.0000565032196
2.4687500000000 -0.0000566707465
2.5000000000000 -0.0000568351523
2.5000000000000 -0.0000568351523
2.5000000000000 -0.0000568351523
2.5000000000000 -0.0000568351523
2.5000000000000 -0.0000568351523
2.5312500000000 -0.0000569965341
2.5625000000000 -0.0000571549851
2.5625000000000 -0.0000571549851
2.5937500000000 -0.0000573105946
2.6250000000000 -0.0000574634482
2.6250000000000 -0.0000574634482
2.6250000000000 -0.0000574634482
2.6562500000000 -0.0000576136279
2.6875000000000 -0.0000577612124
2.6875000000000 -0.0000577612124
2.7187500000000 -0.0000579062774
2.7500000000000 -0.0000580488955
2.7500000000000 -0.0000580488955
2.7500000000000 -0.0000580488955
2.7500000000000 -0.0000580488955
2.7812500000000 -0.0000581891362
2.8125000000000 -0.0000583270667
2.8125000000000 -0.0000583270667
2.8437500000000 -0.0000584627514
2.8750000000000 -0.0000585962523
2.8750000000000 -0.0000585962523
2.8750000000000 -0.0000585962523
2.9062500000000 -0.0000587276289
2.9375000000000 -0.0000588569387
2.9375000000000 -0.0000588569387
2.9687500000000 -0.0000589842369
3.0000000000000 -0.0000591095772
3.0000000000000 -0.0000591095772
3.0000000000000 -0.0000591095772
3.0000000000000 -0.0000591095772
3.0000000000000 -0.0000591095772
3.0000000000000 -0.0000591095772
3.0312500000000 -0.0000592330101
3.0625000000000 -0.0000593545838
3.0625000000000 -0.0000593545838
3.0937500000000 -0.0000594743490
3.1250000000000 -0.0000595923491
3.1250000000000 -0.0000595923491
3.1250000000000 -0.0000595923491
3.1562500000000 -0.0000597086310
3.1875000000000 -0.0000598232353
3.1875000000000 -0.0000598232353
3.2187500000000 -0.0000599362054
3.2500000000000 -0.0000600475795
3.2500000000000 -0.0000600475795
3.2500000000000 -0.0000600475795
3.2500000000000 -0.0000600475795
3.2812500000000 -0.0000601573979
3.3125000000000 -0.0000602656962
3.3750000000000 -0.0000604778794
3.3750000000000 -0.0000604778794
3.4375000000000 -0.0000606844037
3.5000000000000 -0.0000608855265
3.5000000000000 -0.0000608855265
3.5000000000000 -0.0000608855265
3.5000000000000 -0.0000608855265
3.5625000000000 -0.0000610814890
3.6250000000000 -0.0000612725175
3.6250000000000 -0.0000612725175
3.6875000000000 -0.0000614588246
3.7500000000000 -0.0000616406102
3.7500000000000 -0.0000616406102
3.7500000000000 -0.0000616406102
3.8125000000000 -0.0000618180626
3.8750000000000 -0.0000619913589
3.8750000000000 -0.0000619913589
3.9375000000000 -0.0000621606664
4.0000000000000 -0.0000623261428
4.0000000000000 -0.0000623261428
4.0000000000000 -0.0000623261428
4.0000000000000 -0.0000623261428
4.0000000000000 -0.0000623261428
4.0000000000000 -0.0000623261428
4.0000000000000 -0.0000623261428
4.0625000000000 -0.0000624879372
4.1250000000000 -0.0000626461906
4.1250000000000 -0.0000626461906
4.1875000000000 -0.0000628010364
4.2500000000000 -0.0000629526008
4.2500000000000 -0.0000629526008
4.2500000000000 -0.0000629526008
4.3125000000000 -0.0000631010035
4.3750000000000 -0.0000632463582
4.3750000000000 -0.0000632463582
4.4375000000000 -0.0000633887726
4.5000000000000 -0.0000635283490
4.5000000000000 -0.0000635283490
4.5000000000000 -0.0000635283490
4.5000000000000 -0.0000635283490
4.5625000000000 -0.0000636651848
4.6250000000000 -0.0000637993726
4.6250000000000 -0.0000637993726
4.6875000000000 -0.0000639310005
4.7500000000000 -0.0000640601524
4.7500000000000 -0.0000640601524
4.7500000000000 -0.0000640601524
4.8125000000000 -0.0000641869083
4.8750000000000 -0.0000643113446
4.8750000000000 -0.0000643113446
4.9375000000000 -0.0000644335339
5.0000000000000 -0.0000645535458
5.0000000000000 -0.0000645535458
5.0000000000000 -0.0000645535458
5.0000000000000 -0.0000645535458
5.0000000000000 -0.0000645535458
5.0625000000000 -0.0000646714466
5.1250000000000 -0.0000647872998
5.1250000000000 -0.0000647872998
5.1875000000000 -0.0000649011661
5.2500000000000 -0.0000650131035
5.2500000000000 -0.0000650131035
5.2500000000000 -0.0000650131035
5.3125000000000 -0.0000651231675
5.3750000000000 -0.0000652314114
5.3750000000000 -0.0000652314114
5.4375000000000 -0.0000653378861
5.5000000000000 -0.0000654426403
5.5000000000000 -0.0000654426403
5.5000000000000 -0.0000654426403
5.5000000000000 -0.0000654426403
5.5625000000000 -0.0000655457210
5.6250000000000 -0.0000656471730
5.6250000000000 -0.0000656471730
5.6875000000000 -0.0000657470394
5.7500000000000 -0.0000658453614
5.7500000000000 -0.0000658453614
5.7500000000000 -0.0000658453614
5.8125000000000 -0.0000659421787
5.8750000000000 -0.0000660375293
5.8750000000000 -0.0000660375293
5.9375000000000 -0.0000661314498
6.0000000000000 -0.0000662239753
6.0000000000000 -0.0000662239753
6.0000000000000 -0.0000662239753
6.0000000000000 -0.0000662239753
6.0000000000000 -0.0000662239753
6.0000000000000 -0.0000662239753
6.0625000000000 -0.0000663151393
6.1250000000000 -0.0000664049731
6.1250000000000 -0.0000664049731
6.1875000000000 -0.0000664935102
6.2500000000000 -0.0000665807783
6.2500000000000 -0.0000665807783
6.2500000000000 -0.0000665807783
6.3125000000000 -0.0000666668081
6.3750000000000 -0.0000667516255
6.3750000000000 -0.0000667516255
6.4375000000000 -0.0000668352585
6.5000000000000 -0.0000669177312
6.5000000000000 -0.0000669177312
6.5000000000000 -0.0000669177312
6.5000000000000 -0.0000669177312
6.5625000000000 -0.0000669990694
6.6250000000000 -0.0000670792954
6.7500000000000 -0.0000672365027
6.7500000000000 -0.0000672365027
6.8750000000000 -0.0000673895234
7.0000000000000 -0.0000675385147
7.0000000000000 -0.0000675385147
7.0000000000000 -0.0000675385147
7.0000000000000 -0.0000675385147
7.1250000000000 -0.0000676836212
7.2500000000000 -0.0000678249762
7.2500000000000 -0.0000678249762
7.3750000000000 -0.0000679627021
7.5000000000000 -0.0000680969110
7.5000000000000 -0.0000680969110
7.5000000000000 -0.0000680969110
7.6250000000000 -0.0000682277059
7.7500000000000 -0.0000683551803
7.7500000000000 -0.0000683551803
7.8750000000000 -0.0000684794196
8.0000000000000 -0.0000686005009
8.0000000000000 -0.0000686005009
8.0000000000000 -0.0000686005009
8.0000000000000 -0.0000686005009
8.0000000000000 -0.0000686005009
8.0000000000000 -0.0000686005009
8.0000000000000 -0.0000686005009
8.1250000000000 -0.0000687184934
8.2500000000000 -0.0000688334540
8.2500000000000 -0.0000688334540
8.3750000000000 -0.0000689454494
8.5000000000000 -0.0000690545190
8.5000000000000 -0.0000690545190
8.5000000000000 -0.0000690545190
8.6250000000000 -0.0000691607146
8.7500000000000 -0.0000692640647
8.7500000000000 -0.0000692640647
8.8750000000000 -0.0000693646088
9.0000000000000 -0.0000694623654
9.0000000000000 -0.0000694623654
9.0000000000000 -0.0000694623654
9.0000000000000 -0.0000694623654
9.1250000000000 -0.0000695573630
9.2500000000000 -0.0000696496112
9.5000000000000 -0.0000698259170
9.5000000000000 -0.0000698259170
9.7500000000000 -0.0000699913321
10.0000000000000 -0.0000701458496
10.0000000000000 -0.0000701458496
10.0000000000000 -0.0000701458496
10.0000000000000 -0.0000701458496
10.2500000000000 -0.0000702894166
10.5000000000000 -0.0000704219439
10.5000000000000 -0.0000704219439
10.7500000000000 -0.0000705433167
11.0000000000000 -0.0000706534046
11.0000000000000 -0.0000706534046
11.0000000000000 -0.0000706534046
11.2500000000000 -0.0000707520712
11.5000000000000 -0.0000708391829
11.5000000000000 -0.0000708391829
11.7500000000000 -0.0000709146172
12.0000000000000 -0.0000709782693
12.0000000000000 -0.0000709782693
12.0000000000000 -0.0000709782693
12.0000000000000 -0.0000709782693
12.0000000000000 -0.0000709782693
12.2500000000000 -0.0000710300592
12.5000000000000 -0.0000710699595
12.5000000000000 -0.0000710699595
12.7500000000000 -0.0000710978945
13.0000000000000 -0.0000711139305
13.0000000000000 -0.0000711139305
13.0000000000000 -0.0000711139305
13.2500000000000 -0.0000711180612
13.5000000000000 -0.0000711104284
13.5000000000000 -0.0000711104284
13.7500000000000 -0.0000710910997
14.0000000000000 -0.0000710602916
14.0000000000000 -0.0000710602916
14.0000000000000 -0.0000710602916
14.0000000000000 -0.0000710602916
14.2500000000000 -0.0000710181479
14.5000000000000 -0.0000709649551
15.0000000000000 -0.0000708264263
15.0000000000000 -0.0000708264263
15.5000000000000 -0.0000706472380
16.0000000000000 -0.0000704303819
16.0000000000000 -0.0000704303819
16.0000000000000 -0.0000704303819
16.0000000000000 -0.0000704303819
16.0000000000000 -0.0000704303819
16.0000000000000 -0.0000704303819
16.5000000000000 -0.0000701792246
17.0000000000000 -0.0000698974101
17.0000000000000 -0.0000698974101
17.5000000000000 -0.0000695887615
18.0000000000000 -0.0000692571916
18.0000000000000 -0.0000692571916
18.0000000000000 -0.0000692571916
18.5000000000000 -0.0000689066262
19.0000000000000 -0.0000685409415
19.0000000000000 -0.0000685409415
19.5000000000000 -0.0000681639126
20.0000000000000 -0.0000677791677
20.0000000000000 -0.0000677791677
20.0000000000000 -0.0000677791677
20.0000000000000 -0.0000677791677
20.5000000000000 -0.0000673901431
21.0000000000000 -0.0000670000367
21.0000000000000 -0.0000670000367
21.5000000000000 -0.0000666117610
22.0000000000000 -0.0000662279009
22.0000000000000 -0.0000662279009
22.0000000000000 -0.0000662279009
22.5000000000000 -0.0000658506796
23.0000000000000 -0.0000654819361
23.0000000000000 -0.0000654819361
23.5000000000000 -0.0000651231126
24.0000000000000 -0.0000647752518
24.0000000000000 -0.0000647752518
24.0000000000000 -0.0000647752518
24.0000000000000 -0.0000647752518
24.0000000000000 -0.0000647752518
24.5000000000000 -0.0000644389652
25.0000000000000 -0.0000641144137
25.0000000000000 -0.0000641144137
25.5000000000000 -0.0000638021071
26.0000000000000 -0.0000635016095
26.0000000000000 -0.0000635016095
26.0000000000000 -0.0000635016095
26.5000000000000 -0.0000632127848
27.0000000000000 -0.0000629352421
27.0000000000000 -0.0000629352421
27.5000000000000 -0.0000626685486
28.0000000000000 -0.0000624126945
28.0000000000000 -0.0000624126945
28.0000000000000 -0.0000624126945
28.0000000000000 -0.0000624126945
28.5000000000000 -0.0000621672954
29.0000000000000 -0.0000619330431
30.0000000000000 -0.0000614996704
30.0000000000000 -0.0000614996704
31.0000000000000 -0.0000611218811
32.0000000000000 -0.0000608149085
32.0000000000000 -0.0000608149085
32.0000000000000 -0.0000608149085
32.0000000000000 -0.0000608149085
32.0000000000000 -0.0000608149085
33.0000000000000 -0.0000605985119
34.0000000000000 -0.0000604947187
34.0000000000000 -0.0000604947187
35.0000000000000 -0.0000605249636
36.0000000000000 -0.0000607066746
36.0000000000000 -0.0000607066746
36.0000000000000 -0.0000607066746
37.0000000000000 -0.0000610497305
38.0000000000000 -0.0000615535674
38.0000000000000 -0.0000615535674
39.0000000000000 -0.0000622054458
40.0000000000000 -0.0000629798501
40.0000000000000 -0.0000629798501
40.0000000000000 -0.0000629798501
40.0000000000000 -0.0000629798501
41.0000000000000 -0.0000638383897
42.0000000000000 -0.0000647289008
42.0000000000000 -0.0000647289008
43.0000000000000 -0.0000656061244
44.0000000000000 -0.0000664109556
44.0000000000000 -0.0000664109556
44.0000000000000 -0.0000664109556
45.0000000000000 -0.0000670815775
46.0000000000000 -0.0000675808669
46.0000000000000 -0.0000675808669
47.0000000000000 -0.0000678511742
48.0000000000000 -0.0000678922619
48.0000000000000 -0.0000678922619
48.0000000000000 -0.0000678922619
48.0000000000000 -0.0000678922619
48.0000000000000 -0.0000678922619
49.0000000000000 -0.0000676734593
50.0000000000000 -0.0000672284159
52.0000000000000 -0.0000657298833
52.0000000000000 -0.0000657298833
54.0000000000000 -0.0000637056496
56.0000000000000 -0.0000614951465
56.0000000000000 -0.0000614951465
56.0000000000000 -0.0000614951465
58.0000000000000 -0.0000593599912
60.0000000000000 -0.0000574338292
60.0000000000000 -0.0000574338292
62.0000000000000 -0.0000557184079
64.0000000000000 -0.0000541165991
64.0000000000000 -0.0000541165991
64.0000000000000 -0.0000541165991
64.0000000000000 -0.0000541165991
66.0000000000000 -0.0000525062742
68.0000000000000 -0.0000508381342
68.0000000000000 -0.0000508381342
70.0000000000000 -0.0000491977967
72.0000000000000 -0.0000477754979
72.0000000000000 -0.0000477754979
72.0000000000000 -0.0000477754979
74.0000000000000 -0.0000467583821
76.0000000000000 -0.0000462251003
76.0000000000000 -0.0000462251003
78.0000000000000 -0.0000461040934
80.0000000000000 -0.0000461901350
80.0000000000000 -0.0000461901350
80.0000000000000 -0.0000461901350
80.0000000000000 -0.0000461901350
82.0000000000000 -0.0000461826966
84.0000000000000 -0.0000458348031
84.0000000000000 -0.0000458348031
86.0000000000000 -0.0000447533636
88.0000000000000 -0.0000430761976
88.0000000000000 -0.0000430761976
88.0000000000000 -0.0000430761976
90.0000000000000 -0.0000406743845
92.0000000000000 -0.0000379550543
92.0000000000000 -0.0000379550543
94.0000000000000 -0.0000352028426
96.0000000000000 -0.0000326563121
96.0000000000000 -0.0000326563121
96.0000000000000 -0.0000326563121
96.0000000000000 -0.0000326563121
98.0000000000000 -0.0000307009609
100.0000000000000 -0.0000291806174
104.0000000000000 -0.0000273619369
104.0000000000000 -0.0000273619369
108.0000000000000 -0.0000253732457
112.0000000000000 -0.0000219293551
112.0000000000000 -0.0000219293551
112.0000000000000 -0.0000219293551
116.0000000000000 -0.0000173680822
120.0000000000000 -0.0000126548757
120.0000000000000 -0.0000126548757
124.0000000000000 -0.0000081025229
128.0000000000000 -0.0000033859361
128.0000000000000 -0.0000033859361
128.0000000000000 -0.0000033859361
132.0000000000000 0.0000016661678
136.0000000000000 0.0000065803981
136.0000000000000 0.0000065803981
140.0000000000000 0.0000105466260
144.0000000000000 0.0000147463486
144.0000000000000 0.0000147463486
144.0000000000000 0.0000147463486
148.0000000000000 0.0000205723038
152.0000000000000 0.0000265806400
152.0000000000000 0.0000265806400
156.0000000000000 0.0000319762363
160.0000000000000 0.0000362056376
160.0000000000000 0.0000362056376
160.0000000000000 0.0000362056376
164.0000000000000 0.0000376873143
168.0000000000000 0.0000387103688
176.0000000000000 0.0000446663895
176.0000000000000 0.0000446663895
184.0000000000000 0.0000575524332
192.0000000000000 0.0000703607349
192.0000000000000 0.0000703607349
200.0000000000000 0.0000808585704
208.0000000000000 0.0000935459633
208.0000000000000 0.0000935459633
216.0000000000000 0.0001100478613
224.0000000000000 0.0001254672876
224.0000000000000 0.0001254672876
232.0000000000000 0.0001373136721
240.0000000000000 0.0001497197232
240.0000000000000 0.0001497197232
248.0000000000000 0.0001673030242
256.0000000000000 0.0001859248100
256.0000000000000 0.0001859248100
264.0000000000000 0.0002018149139
272.0000000000000 0.0002184851234
272.0000000000000 0.0002184851234
280.0000000000000 0.0002415072302
288.0000000000000 0.0002609310549
288.0000000000000 0.0002609310549
296.0000000000000 0.0002633465711
304.0000000000000 0.0002647051112
304.0000000000000 0.0002647051112
312.0000000000000 0.0002778912191
320.0000000000000 0.0002986952343
336.0000000000000 0.0003634125491
352.0000000000000 0.0004084012233
368.0000000000000 0.0004340847088
384.0000000000000 0.0004683723126
400.0000000000000 0.0005097739818
416.0000000000000 0.0005457986770
432.0000000000000 0.0005822823267
448.0000000000000 0.0006175919732
464.0000000000000 0.0006421715256
480.0000000000000 0.0006617479415
496.0000000000000 0.0006818953452
512.0000000000000 0.0006911541085
528.0000000000000 0.0006890109686
544.0000000000000 0.0006808553227
560.0000000000000 0.0006586699641
576.0000000000000 0.0006248363534
592.0000000000000 0.0005777726668
608.0000000000000 0.0005048555583
624.0000000000000 0.0004126747530
640.0000000000000 0.0003046451066
656.0000000000000 0.0001782691493
672.0000000000000 0.0000459587376
688.0000000000000 -0.0001059040900
704.0000000000000 -0.0002931212698
720.0000000000000 -0.0004686922449
736.0000000000000 -0.0006130487128
752.0000000000000 -0.0007884515464
768.0000000000000 -0.0009623457104
784.0000000000000 -0.0009417450389
800.0000000000000 -0.0006220845840
816.0000000000000 -0.0001613896006
832.0000000000000 0.0001829735977
848.0000000000000 0.0002940087651
864.0000000000000 0.0002375724034
880.0000000000000 0.0001472431563
896.0000000000000 0.0001054448673
912.0000000000000 0.0001064833511
928.0000000000000 0.0001032217667
944.0000000000000 0.0000723303564
960.0000000000000 0.0000300598230
976.0000000000000 0.0000012484430
992.0000000000000 -0.0000074187607
1008.0000000000000 -0.0000049996361
1024.0000000000000 -0.0000013348461
1040.0000000000000 0.0000001529826
1056.0000000000000 0.0000002137049
1072.0000000000000 -0.0000000040956
1088.0000000000000 -0.0000001033410
1104.0000000000000 -0.0000000875183
1120.0000000000000 -0.0000000581007
1136.0000000000000 -0.0000000668292
1152.0000000000000 -0.0000000701413
1168.0000000000000 -0.0000000549374
1184.0000000000000 -0.0000000711651
1200.0000000000000 -0.0000000993059
1216.0000000000000 -0.0000000739529
1232.0000000000000 -0.0000000344103
1248.0000000000000 -0.0000000611712
1264.0000000000000 -0.0000001099604
1280.0000000000000 -0.0000000868362
1296.0000000000000 -0.0000000263383
1312.0000000000000 -0.0000000367924
1328.0000000000000 -0.0000001146572
1344.0000000000000 -0.0000001451345
1360.0000000000000 -0.0000000756021
1376.0000000000000 0.0000000085580
1392.0000000000000 0.0000000005725
1408.0000000000000 -0.0000000935776
1424.0000000000000 -0.0000001715808
1440.0000000000000 -0.0000001571528
1456.0000000000000 -0.0000000697039
1472.0000000000000 0.0000000169283
1488.0000000000000 0.0000000475863
1504.0000000000000 0.0000000142199
1520.0000000000000 -0.0000000558406
1536.0000000000000 -0.0000001223462
1552.0000000000000 -0.0000001557633
1568.0000000000000 -0.0000001517367
1584.0000000000000 -0.0000001242594
1600.0000000000000 -0.0000000884092
1616.0000000000000 -0.0000000528911
1632.0000000000000 -0.0000000234517
1648.0000000000000 -0.0000000052378
1664.0000000000000 -0.0000000000682
1680.0000000000000 -0.0000000044776
1696.0000000000000 -0.0000000123116
1712.0000000000000 -0.0000000190939
1728.0000000000000 -0.0000000240632
1744.0000000000000 -0.0000000286394
1760.0000000000000 -0.0000000334924
1776.0000000000000 -0.0000000376777
1792.0000000000000 -0.0000000401467
1808.0000000000000 -0.0000000408209
1824.0000000000000 -0.0000000402780
1840.0000000000000 -0.0000000392454
1856.0000000000000 -0.0000000381361
1872.0000000000000 -0.0000000366550
1888.0000000000000 -0.0000000342645
1904.0000000000000 -0.0000000309803
1920.0000000000000 -0.0000000270990
1936.0000000000000 -0.0000000224776
1952.0000000000000 -0.0000000168778
1968.0000000000000 -0.0000000107909
1984.0000000000000 -0.0000000050734
