# x rho
-317.4400000000000 0.0000000001000
-314.8800000000000 0.0000000001005
-312.3200000000000 0.0000000001000
-309.7600000000000 0.0000000001012
-307.2000000000000 0.0000000001000
-304.6400000000000 0.0000000001014
-302.0800000000000 0.0000000001000
-299.5200000000000 0.0000000001018
-296.9600000000000 0.0000000001000
-294.4000000000000 0.0000000001018
-291.8400000000000 0.0000000001000
-289.2800000000000 0.0000000001014
-286.7200000000000 0.0000000001000
-284.1600000000000 0.0000000001002
-281.6000000000000 0.0000000001029
-279.0400000000000 0.0000000001000
-276.4800000000000 0.0000000001026
-273.9200000000000 0.0000000001000
-271.3600000000000 0.0000000001020
-268.8000000000000 0.0000000001000
-266.2400000000000 0.0000000001017
-263.6800000000000 0.0000000001000
-261.1200000000000 0.0000000001015
-258.5600000000000 0.0000000001001
-256.0000000000000 0.0000000001000
-253.4400000000000 0.0000000001039
-250.8800000000000 0.0000000001000
-248.3200000000000 0.0000000001033
-245.7600000000000 0.0000000001000
-243.2000000000000 0.0000000001027
-240.6400000000000 0.0000000001000
-238.0800000000000 0.0000000001007
-235.5200000000000 0.0000000001045
-232.9600000000000 0.0000000001000
-230.4000000000000 0.0000000001046
-227.8400000000000 0.0000000001000
-225.2800000000000 0.0000000001007
-222.7200000000000 0.0000000001060
-220.1600000000000 0.0000000001000
-217.6000000000000 0.0000000001029
-215.0400000000000 0.0000000001062
-212.4800000000000 0.0000000001000
-209.9200000000000 0.0000000001001
-207.3600000000000 0.0000000001090
-204.8000000000000 0.0000000001013
-202.2400000000000 0.0000000001000
-199.6800000000000 0.0000000001061
-197.1200000000000 0.0000000001059
-194.5600000000000 0.0000000001000
-192.0000000000000 0.0000000001038
-189.4400000000000 0.0000000001097
-186.8800000000000 0.0000000001000
-184.3200000000000 0.0000000001027
-181.7600000000000 0.0000000001119
-179.2000000000000 0.0000000001000
-176.6400000000000 0.0000000001017
-174.0800000000000 0.0000000001135
-171.5200000000000 0.0000000001005
-168.9600000000000 0.0000000001000
-166.4000000000000 0.0000000001109
-163.8400000000000 0.0000000001062
-161.2800000000000 0.0000000001000
-158.7200000000000 0.0000000001000
-156.1600000000000 0.0000000001147
-153.6000000000000 0.0000000001041
-151.0400000000000 0.0000000001000
-148.4800000000000 0.0000000001089
-145.9200000000000 0.0000000001113
-143.3600000000000 0.0000000001000
-140.8000000000000 0.0000000001082
-139.5200000000000 0.0000000001118
-138.2400000000000 0.0000000001149
-138.2400000000000 0.0000000001149
-136.9600000000000 0.0000000001074
-135.6800000000000 0.0000000001000
-135.6800000000000 0.0000000001000
-134.4000000000000 0.0000000001023
-133.1200000000000 0.0000000001061
-133.1200000000000 0.0000000001061
-131.8400000000000 0.0000000001121
-130.5600000000000 0.0000000001181
-130.5600000000000 0.0000000001181
-129.2800000000000 0.0000000001111
-128.0000000000000 0.0000000001040
-128.0000000000000 0.0000000001040
-126.7200000000000 0.0000000001000
-125.4400000000000 0.0000000001085
-125.4400000000000 0.0000000001085
-124.1600000000000 0.0000000001369
-122.8800000000000 0.0000000001315
-122.8800000000000 0.0000000001315
-121.6000000000000 0.0000000001040
-120.3200000000000 0.0000000001000
-120.3200000000000 0.0000000001000
-119.0400000000000 0.0000000001177
-117.7600000000000 0.0000000001497
-117.7600000000000 0.0000000001497
-116.4800000000000 0.0000000001070
-115.2000000000000 0.0000000001000
-115.2000000000000 0.0000000001000
-113.9200000000000 0.0000000001332
-112.6400000000000 0.0000000001375
-112.6400000000000 0.0000000001375
-111.3600000000000 0.0000000001000
-110.0800000000000 0.0000000001138
-110.0800000000000 0.0000000001138
-108.8000000000000 0.0000000001543
-107.5200000000000 0.0000000001000
-107.5200000000000 0.0000000001000
-106.2400000000000 0.0000000001100
-104.9600000000000 0.0000000001587
-104.9600000000000 0.0000000001587
-103.6800000000000 0.0000000001000
-102.4000000000000 0.0000000001077
-102.4000000000000 0.0000000001077
-101.1200000000000 0.0000000001562
-99.8400000000000 0.0000000001000
-99.8400000000000 0.0000000001000
-98.5600000000000 0.0000000001104
-97.2800000000000 0.0000000001533
-97.2800000000000 0.0000000001533
-96.0000000000000 0.0000000001000
-94.7200000000000 0.0000000001163
-94.7200000000000 0.0000000001163
-93.4400000000000 0.0000000001406
-92.1600000000000 0.0000000001000
-92.1600000000000 0.0000000001000
-90.8800000000000 0.0000000001371
-89.6000000000000 0.0000000001492
-89.6000000000000 0.0000000001492
-88.3200000000000 0.0000000001000
-87.0400000000000 0.0000000001207
-87.0400000000000 0.0000000001207
-85.7600000000000 0.0000000001729
-84.4800000000000 0.0000000001000
-84.4800000000000 0.0000000001000
-83.2000000000000 0.0000000001089
-81.9200000000000 0.0000000001922
-81.9200000000000 0.0000000001922
-80.6400000000000 0.0000000001024
-79.3600000000000 0.0000000001000
-79.3600000000000 0.0000000001000
-78.0800000000000 0.0000000001946
-76.8000000000000 0.0000000001234
-76.8000000000000 0.0000000001234
-75.5200000000000 0.0000000001000
-74.2400000000000 0.0000000001610
-74.2400000000000 0.0000000001610
-72.9600000000000 0.0000000001707
-71.6800000000000 0.0000000001000
-71.6800000000000 0.0000000001000
-70.4000000000000 0.0000000001204
-69.1200000000000 0.0000000002142
-69.1200000000000 0.0000000002142
-67.8400000000000 0.0000000001007
-66.5600000000000 0.0000000001003
-66.5600000000000 0.0000000001003
-65.2800000000000 0.0000000002192
-64.0000000000000 0.0000000001277
-64.0000000000000 0.0000000001277
-62.7200000000000 0.0000000001000
-61.4400000000000 0.0000000001817
-61.4400000000000 0.0000000001817
-60.1600000000001 0.0000000001755
-58.8800000000001 0.0000000001000
-58.8800000000000 0.0000000001000
-57.6000000000001 0.0000000001445
-56.3200000000001 0.0000000002237
-56.3200000000000 0.0000000002237
-55.0400000000000 0.0000000001001
-53.7600000000000 0.0000000001139
-53.7600000000000 0.0000000001139
-52.4800000000000 0.0000000002488
-51.2000000000000 0.0000000001297
-51.2000000000000 0.0000000001297
-49.9200000000000 0.0000000001000
-48.6400000000000 0.0000000001793
-48.6400000000000 0.0000000001793
-47.3600000000000 0.0000000002116
-46.0800000000000 0.0000000001000
-46.0800000000000 0.0000000001000
-44.8000000000000 0.0000000001305
-43.5200000000000 0.0000000001774
-43.5200000000000 0.0000000001774
-42.2400000000000 0.0000000001000
-40.9600000000000 0.0000000001098
-40.9600000000000 0.0000000001098
-39.6800000000000 0.0000000003069
-38.4000000000000 0.0000000002892
-38.4000000000000 0.0000000002892
-37.7600000000000 0.0000000002014
-37.1200000000000 0.0000000001137
-37.1200000000000 0.0000000001137
-36.4800000000000 0.0000000001013
-35.8400000000000 0.0000000001000
-35.8400000000000 0.0000000001000
-35.8400000000000 0.0000000001000
-35.2000000000000 0.0000000001096
-34.5600000000000 0.0000000001300
-34.5600000000000 0.0000000001300
-33.9200000000000 0.0000000001669
-33.2800000000000 0.0000000002038
-33.2800000000000 0.0000000002038
-33.2800000000000 0.0000000002038
-32.6400000000000 0.0000000001951
-32.0000000000000 0.0000000001831
-32.0000000000000 0.0000000001831
-31.3600000000000 0.0000000001636
-30.7200000000000 0.0000000001491
-30.7200000000000 0.0000000001491
-30.7200000000000 0.0000000001491
-30.0800000000000 0.0000000001327
-29.4400000000000 0.0000000001198
-29.4400000000000 0.0000000001198
-28.8000000000000 0.0000000001161
-28.1600000000000 0.0000000001239
-28.1600000000000 0.0000000001239
-28.1600000000000 0.0000000001239
-27.5200000000000 0.0000000001356
-26.8800000000000 0.0000000001313
-26.8800000000000 0.0000000001313
-26.2400000000000 0.0000000001120
-25.6000000000000 0.0000000001014
-25.6000000000000 0.0000000001014
-25.6000000000000 0.0000000001014
-24.9600000000000 0.0000000001000
-24.3200000000000 0.0000000001378
-24.3200000000000 0.0000000001378
-23.6800000000000 0.0000000005592
-23.0400000000000 0.0000000007732
-23.0400000000000 0.0000000007732
-23.0400000000000 0.0000000007732
-22.7199999999999 0.0000000006826
-22.4000000000000 0.0000000005900
-22.3999999999999 0.0000000005900
-22.0799999999999 0.0000000004935
-21.7600000000000 0.0000000003969
-21.7600000000000 0.0000000003969
-21.7599999999999 0.0000000003969
-21.4399999999999 0.0000000003526
-21.1200000000000 0.0000000003084
-21.1199999999999 0.0000000003084
-20.7999999999999 0.0000000002603
-20.4800000000000 0.0000000002124
-20.4800000000000 0.0000000002124
-20.4800000000000 0.0000000002124
-20.4799999999999 0.0000000002124
-20.1599999999999 0.0000000001728
-19.8400000000000 0.0000000001388
-19.8400000000000 0.0000000001388
-19.5199999999999 0.0000000001204
-19.2000000000000 0.0000000001128
-19.2000000000000 0.0000000001128
-19.1999999999999 0.0000000001128
-18.8800000000000 0.0000000001100
-18.5600000000000 0.0000000001116
-18.5600000000000 0.0000000001116
-18.2400000000000 0.0000000001160
-17.9200000000000 0.0000000001154
-17.9200000000000 0.0000000001154
-17.9200000000000 0.0000000001154
-17.9200000000000 0.0000000001154
-17.6000000000000 0.0000000001116
-17.2800000000000 0.0000000001077
-17.2800000000000 0.0000000001077
-16.9600000000000 0.0000000001038
-16.6400000000000 0.0000000001005
-16.6400000000000 0.0000000001005
-16.6400000000000 0.0000000001005
-16.3199999999999 0.0000000001000
-16.0000000000000 0.0000000001721
-15.9999999999999 0.0000000001721
-15.6799999999999 0.0000000012019
-15.5200000000000 0.0000000018439
-15.3600000000000 0.0000000024833
-15.3600000000000 0.0000000024833
-15.3600000000000 0.0000000024833
-15.3600000000000 0.0000000024833
-15.3599999999999 0.0000000024833
-15.2000000000000 0.0000000023606
-15.0400000000000 0.0000000020350
-15.0399999999999 0.0000000020350
-14.8800000000000 0.0000000014069
-14.7200000000000 0.0000000007809
-14.7200000000000 0.0000000007809
-14.7199999999999 0.0000000007809
-14.5600000000000 0.0000000004414
-14.4000000000000 0.0000000002298
-14.3999999999999 0.0000000002298
-14.2400000000000 0.0000000002044
-14.0800000000000 0.0000000001873
-14.0800000000000 0.0000000001873
-14.0800000000000 0.0000000001873
-14.0800000000000 0.0000000001873
-13.9200000000000 0.0000000001796
-13.7600000000000 0.0000000001775
-13.7600000000000 0.0000000001775
-13.6000000000000 0.0000000001818
-13.4400000000000 0.0000000001831
-13.4400000000000 0.0000000001831
-13.4400000000000 0.0000000001831
-13.2800000000000 0.0000000001669
-13.1200000000000 0.0000000001469
-13.1200000000000 0.0000000001469
-12.9600000000000 0.0000000001374
-12.8000000000000 0.0000000001364
-12.8000000000000 0.0000000001364
-12.8000000000000 0.0000000001364
-12.8000000000000 0.0000000001364
-12.8000000000000 0.0000000001364
-12.6400000000000 0.0000000001380
-12.4800000000000 0.0000000001382
-12.4800000000000 0.0000000001382
-12.3200000000000 0.0000000001369
-12.1600000000000 0.0000000001374
-12.1600000000000 0.0000000001374
-12.1600000000000 0.0000000001374
-12.0000000000000 0.0000000001376
-11.8400000000000 0.0000000001381
-11.8400000000000 0.0000000001381
-11.6800000000000 0.0000000001384
-11.5200000000000 0.0000000001340
-11.5200000000000 0.0000000001340
-11.5200000000000 0.0000000001340
-11.5200000000000 0.0000000001340
-11.3600000000000 0.0000000001312
-11.2000000000000 0.0000000001330
-11.2000000000000 0.0000000001330
-11.0400000000001 0.0000000001333
-10.8800000000001 0.0000000001275
-10.8800000000000 0.0000000001275
-10.8800000000000 0.0000000001275
-10.8000000000001 0.0000000001264
-10.7200000000001 0.0000000001252
-10.7200000000001 0.0000000001252
-10.6400000000001 0.0000000001238
-10.5600000000001 0.0000000001223
-10.5600000000001 0.0000000001223
-10.5600000000000 0.0000000001223
-10.4800000000001 0.0000000001215
-10.4000000000001 0.0000000001208
-10.4000000000001 0.0000000001208
-10.3200000000001 0.0000000001199
-10.2400000000001 0.0000000001189
-10.2400000000001 0.0000000001189
-10.2400000000000 0.0000000001189
-10.2400000000000 0.0000000001189
-10.2400000000000 0.0000000001189
-10.2400000000000 0.0000000001189
-10.1600000000001 0.0000000001155
-10.0800000000001 0.0000000001121
-10.0800000000001 0.0000000001121
-10.0000000000001 0.0000000001097
-9.9200000000001 0.0000000001084
-9.9200000000001 0.0000000001084
-9.9200000000000 0.0000000001084
-9.8400000000001 0.0000000001092
-9.7600000000001 0.0000000001106
-9.7600000000001 0.0000000001106
-9.6800000000001 0.0000000001112
-9.6000000000001 0.0000000001110
-9.6000000000001 0.0000000001110
-9.6000000000001 0.0000000001110
-9.6000000000000 0.0000000001110
-9.5200000000001 0.0000000001103
-9.4400000000001 0.0000000001096
-9.4400000000001 0.0000000001096
-9.3600000000001 0.0000000001084
-9.2800000000001 0.0000000001074
-9.2800000000001 0.0000000001074
-9.2800000000001 0.0000000001074
-9.2000000000001 0.0000000001064
-9.1200000000001 0.0000000001054
-9.1200000000001 0.0000000001054
-9.0400000000001 0.0000000001044
-8.9600000000001 0.0000000001034
-8.9600000000001 0.0000000001034
-8.9600000000001 0.0000000001034
-8.9600000000000 0.0000000001034
-8.9600000000000 0.0000000001034
-8.8800000000001 0.0000000001022
-8.8000000000001 0.0000000001011
-8.8000000000001 0.0000000001011
-8.7200000000001 0.0000000001002
-8.6400000000001 0.0000000001000
-8.6400000000001 0.0000000001000
-8.6400000000001 0.0000000001000
-8.5600000000001 0.0000000001499
-8.4800000000001 0.0000000006513
-8.4800000000001 0.0000000006513
-8.4000000000001 0.0000000013284
-8.3200000000001 0.0000000019021
-8.3200000000001 0.0000000019021
-8.3200000000001 0.0000000019021
-8.3200000000000 0.0000000019021
-8.2400000000001 0.0000000023280
-8.1600000000001 0.0000000025550
-8.1600000000001 0.0000000025550
-8.0800000000001 0.0000000026117
-8.0000000000001 0.0000000026471
-8.0000000000000 0.0000000026471
-8.0000000000000 0.0000000026471
-7.9200000000000 0.0000000029082
-7.8400000000001 0.0000000034599
-7.8400000000000 0.0000000034599
-7.7600000000001 0.0000000041378
-7.6800000000001 0.0000000048326
-7.6800000000001 0.0000000048326
-7.6800000000001 0.0000000048326
-7.6800000000000 0.0000000048326
-7.6800000000000 0.0000000048326
-7.6800000000000 0.0000000048326
-7.6000000000001 0.0000000053363
-7.5200000000001 0.0000000054851
-7.5200000000001 0.0000000054851
-7.4400000000001 0.0000000051436
-7.3600000000001 0.0000000048336
-7.3600000000001 0.0000000048336
-7.3600000000001 0.0000000048336
-7.2800000000000 0.0000000046104
-7.2000000000001 0.0000000042121
-7.2000000000000 0.0000000042121
-7.1200000000000 0.0000000035441
-7.0400000000001 0.0000000027471
-7.0400000000000 0.0000000027471
-7.0400000000000 0.0000000027471
-7.0400000000000 0.0000000027471
-6.9600000000000 0.0000000020300
-6.8800000000001 0.0000000015058
-6.8800000000000 0.0000000015058
-6.8000000000000 0.0000000011583
-6.7200000000001 0.0000000009442
-6.7200000000001 0.0000000009442
-6.7200000000001 0.0000000009442
-6.6400000000000 0.0000000008368
-6.5600000000000 0.0000000008179
-6.5600000000000 0.0000000008179
-6.4800000000000 0.0000000008146
-6.4000000000000 0.0000000008149
-6.4000000000000 0.0000000008149
-6.4000000000000 0.0000000008149
-6.4000000000000 0.0000000008149
-6.4000000000000 0.0000000008149
-6.3600000000000 0.0000000008160
-6.3200000000000 0.0000000008177
-6.3200000000000 0.0000000008177
-6.2800000000000 0.0000000008279
-6.2400000000000 0.0000000008441
-6.2400000000000 0.0000000008441
-6.2400000000000 0.0000000008441
-6.2000000000000 0.0000000008722
-6.1600000000000 0.0000000009057
-6.1600000000000 0.0000000009057
-6.1200000000000 0.0000000009472
-6.0800000000000 0.0000000009883
-6.0800000000000 0.0000000009883
-6.0800000000000 0.0000000009883
-6.0800000000000 0.0000000009883
-6.0400000000000 0.0000000010095
-6.0000000000000 0.0000000010248
-6.0000000000000 0.0000000010248
-5.9600000000000 0.0000000010336
-5.9200000000000 0.0000000010380
-5.9200000000000 0.0000000010380
-5.9200000000000 0.0000000010380
-5.8800000000000 0.0000000010384
-5.8400000000000 0.0000000010389
-5.8400000000000 0.0000000010389
-5.8000000000000 0.0000000010421
-5.7600000000000 0.0000000010454
-5.7600000000000 0.0000000010454
-5.7600000000000 0.0000000010454
-5.7600000000000 0.0000000010454
-5.7600000000000 0.0000000010454
-5.7200000000000 0.0000000010503
-5.6800000000000 0.0000000010587
-5.6800000000000 0.0000000010587
-5.6400000000000 0.0000000010680
-5.6000000000000 0.0000000010768
-5.6000000000000 0.0000000010768
-5.6000000000000 0.0000000010768
-5.5600000000000 0.0000000010730
-5.5200000000000 0.0000000010370
-5.5200000000000 0.0000000010370
-5.4800000000000 0.0000000010074
-5.4400000000000 0.0000000009932
-5.4400000000000 0.0000000009932
-5.4400000000000 0.0000000009932
-5.4400000000000 0.0000000009932
-5.4000000000000 0.0000000009873
-5.3600000000000 0.0000000010047
-5.3600000000000 0.0000000010047
-5.3200000000000 0.0000000010384
-5.2800000000000 0.0000000010597
-5.2800000000000 0.0000000010597
-5.2800000000000 0.0000000010597
-5.2400000000000 0.0000000010619
-5.2000000000000 0.0000000010598
-5.2000000000000 0.0000000010598
-5.1600000000000 0.0000000010620
-5.1200000000000 0.0000000010939
-5.1200000000000 0.0000000010939
-5.1200000000000 0.0000000010939
-5.1200000000000 0.0000000010939
-5.1200000000000 0.0000000010939
-5.1200000000000 0.0000000010939
-5.1200000000000 0.0000000010939
-5.0800000000000 0.0000000011619
-5.0400000000000 0.0000000012358
-5.0400000000000 0.0000000012358
-5.0000000000000 0.0000000013144
-4.9600000000000 0.0000000013860
-4.9600000000000 0.0000000013860
-4.9600000000000 0.0000000013860
-4.9200000000000 0.0000000014402
-4.8800000000000 0.0000000014667
-4.8800000000000 0.0000000014667
-4.8400000000000 0.0000000014343
-4.8000000000000 0.0000000013600
-4.8000000000000 0.0000000013600
-4.8000000000000 0.0000000013600
-4.8000000000000 0.0000000013600
-4.7600000000000 0.0000000012917
-4.7200000000000 0.0000000012517
-4.7200000000000 0.0000000012517
-4.6800000000000 0.0000000012378
-4.6400000000000 0.0000000012310
-4.6400000000000 0.0000000012310
-4.6400000000000 0.0000000012310
-4.6000000000000 0.0000000012237
-4.5600000000000 0.0000000012149
-4.5600000000000 0.0000000012149
-4.5200000000000 0.0000000012118
-4.4800000000000 0.0000000012172
-4.4800000000000 0.0000000012172
-4.4800000000000 0.0000000012172
-4.4800000000000 0.0000000012172
-4.4800000000000 0.0000000012172
-4.4400000000000 0.0000000012242
-4.4000000000000 0.0000000012303
-4.4000000000000 0.0000000012303
-4.3600000000000 0.0000000012326
-4.3200000000000 0.0000000012288
-4.3200000000000 0.0000000012288
-4.3200000000000 0.0000000012288
-4.2800000000000 0.0000000012121
-4.2400000000000 0.0000000011910
-4.2400000000000 0.0000000011910
-4.2000000000000 0.0000000011815
-4.1600000000000 0.0000000012155
-4.1600000000000 0.0000000012155
-4.1600000000000 0.0000000012155
-4.1600000000000 0.0000000012155
-4.1200000000000 0.0000000012896
-4.0800000000000 0.0000000013816
-4.0800000000000 0.0000000013816
-4.0400000000000 0.0000000015384
-4.0000000000000 0.0000000017406
-4.0000000000000 0.0000000017406
-4.0000000000000 0.0000000017406
-3.9600000000000 0.0000000019099
-3.9200000000000 0.0000000020012
-3.9200000000000 0.0000000020012
-3.8800000000000 0.0000000020646
-3.8400000000000 0.0000000021753
-3.8400000000000 0.0000000021753
-3.8400000000000 0.0000000021753
-3.8400000000000 0.0000000021753
-3.8400000000000 0.0000000021753
-3.8400000000000 0.0000000021753
-3.8000000000000 0.0000000023394
-3.7600000000000 0.0000000024984
-3.7600000000000 0.0000000024984
-3.7200000000000 0.0000000025952
-3.6800000000000 0.0000000026417
-3.6800000000000 0.0000000026417
-3.6800000000000 0.0000000026417
-3.6400000000000 0.0000000026991
-3.6000000000000 0.0000000027915
-3.6000000000000 0.0000000027915
-3.5600000000000 0.0000000029014
-3.5200000000000 0.0000000030064
-3.5200000000000 0.0000000030064
-3.5200000000000 0.0000000030064
-3.5200000000000 0.0000000030064
-3.4800000000000 0.0000000030890
-3.4400000000000 0.0000000031384
-3.4400000000000 0.0000000031384
-3.4000000000000 0.0000000032001
-3.3600000000000 0.0000000032475
-3.3600000000000 0.0000000032475
-3.3600000000000 0.0000000032475
-3.3200000000000 0.0000000031780
-3.2800000000000 0.0000000028726
-3.2800000000000 0.0000000028726
-3.2400000000000 0.0000000025023
-3.2000000000000 0.0000000021312
-3.2000000000000 0.0000000021312
-3.2000000000000 0.0000000021312
-3.2000000000000 0.0000000021312
-3.2000000000000 0.0000000021312
-3.1800000000001 0.0000000019634
-3.1600000000001 0.0000000018071
-3.1600000000000 0.0000000018071
-3.1400000000001 0.0000000016850
-3.1200000000001 0.0000000015644
-3.1200000000000 0.0000000015644
-3.1200000000000 0.0000000015644
-3.1000000000001 0.0000000014461
-3.0800000000001 0.0000000013293
-3.0800000000000 0.0000000013293
-3.0600000000001 0.0000000012351
-3.0400000000001 0.0000000011483
-3.0400000000000 0.0000000011483
-3.0400000000000 0.0000000011483
-3.0400000000000 0.0000000011483
-3.0200000000001 0.0000000010712
-3.0000000000001 0.0000000009967
-3.0000000000000 0.0000000009967
-2.9800000000001 0.0000000009219
-2.9600000000001 0.0000000008554
-2.9600000000000 0.0000000008554
-2.9600000000000 0.0000000008554
-2.9400000000001 0.0000000007857
-2.9200000000001 0.0000000007381
-2.9200000000000 0.0000000007381
-2.9000000000001 0.0000000006953
-2.8800000000001 0.0000000006617
-2.8800000000000 0.0000000006617
-2.8800000000000 0.0000000006617
-2.8800000000000 0.0000000006617
-2.8800000000000 0.0000000006617
-2.8600000000001 0.0000000006412
-2.8400000000001 0.0000000006226
-2.8400000000000 0.0000000006226
-2.8200000000001 0.0000000006170
-2.8000000000001 0.0000000006058
-2.8000000000000 0.0000000006058
-2.8000000000000 0.0000000006058
-2.7800000000001 0.0000000005956
-2.7600000000001 0.0000000005876
-2.7600000000000 0.0000000005876
-2.7400000000001 0.0000000005857
-2.7200000000001 0.0000000006019
-2.7200000000000 0.0000000006019
-2.7200000000000 0.0000000006019
-2.7200000000000 0.0000000006019
-2.7000000000001 0.0000000006421
-2.6800000000001 0.0000000006637
-2.6800000000000 0.0000000006637
-2.6600000000001 0.0000000007478
-2.6400000000001 0.0000000008964
-2.6400000000000 0.0000000008964
-2.6400000000000 0.0000000008964
-2.6200000000001 0.0000000011360
-2.6000000000001 0.0000000012652
-2.6000000000000 0.0000000012652
-2.5800000000001 0.0000000014517
-2.5600000000001 0.0000000016339
-2.5600000000000 0.0000000016339
-2.5600000000000 0.0000000016339
-2.5600000000000 0.0000000016339
-2.5600000000000 0.0000000016339
-2.5600000000000 0.0000000016339
-2.5600000000000 0.0000000016339
-2.5600000000000 0.0000000016339
-2.5400000000001 0.0000000017836
-2.5200000000001 0.0000000018828
-2.5200000000000 0.0000000018828
-2.5000000000001 0.0000000020350
-2.4800000000001 0.0000000021459
-2.4800000000000 0.0000000021459
-2.4800000000000 0.0000000021459
-2.4600000000001 0.0000000024796
-2.4400000000001 0.0000000026318
-2.4400000000000 0.0000000026318
-2.4200000000001 0.0000000026033
-2.4000000000001 0.0000000024612
-2.4000000000000 0.0000000024612
-2.4000000000000 0.0000000024612
-2.4000000000000 0.0000000024612
-2.3800000000001 0.0000000021567
-2.3600000000001 0.0000000017965
-2.3600000000000 0.0000000017965
-2.3400000000001 0.0000000013748
-2.3200000000001 0.0000000008419
-2.3200000000000 0.0000000008419
-2.3200000000000 0.0000000008419
-2.3000000000001 0.0000000005227
-2.2800000000001 0.0000000004004
-2.2800000000000 0.0000000004004
-2.2599999999999 0.0000000003592
-2.2400000000000 0.0000000003745
-2.2400000000000 0.0000000003745
-2.2400000000000 0.0000000003745
-2.2400000000000 0.0000000003745
-2.2399999999999 0.0000000003745
-2.2199999999999 0.0000000003998
-2.2000000000000 0.0000000004626
-2.1999999999999 0.0000000004626
-2.1799999999999 0.0000000005197
-2.1600000000000 0.0000000005372
-2.1600000000000 0.0000000005372
-2.1599999999999 0.0000000005372
-2.1399999999999 0.0000000005315
-2.1200000000000 0.0000000005221
-2.1199999999999 0.0000000005221
-2.0999999999999 0.0000000005262
-2.0800000000000 0.0000000005747
-2.0800000000000 0.0000000005747
-2.0800000000000 0.0000000005747
-2.0799999999999 0.0000000005747
-2.0599999999999 0.0000000006608
-2.0400000000000 0.0000000007866
-2.0399999999999 0.0000000007866
-2.0199999999999 0.0000000009064
-2.0000000000000 0.0000000010803
-2.0000000000000 0.0000000010803
-2.0000000000000 0.0000000010803
-1.9800000000000 0.0000000013461
-1.9600000000000 0.0000000015810
-1.9600000000000 0.0000000015810
-1.9399999999999 0.0000000018682
-1.9200000000000 0.0000000021324
-1.9200000000000 0.0000000021324
-1.9200000000000 0.0000000021324
-1.9200000000000 0.0000000021324
-1.9200000000000 0.0000000021324
-1.9199999999999 0.0000000021324
-1.8999999999999 0.0000000024140
-1.8800000000000 0.0000000026847
-1.8799999999999 0.0000000026847
-1.8599999999999 0.0000000029557
-1.8400000000000 0.0000000031370
-1.8400000000000 0.0000000031370
-1.8399999999999 0.0000000031370
-1.8200000000000 0.0000000031952
-1.8000000000000 0.0000000032025
-1.8000000000000 0.0000000032025
-1.7800000000000 0.0000000032073
-1.7600000000000 0.0000000032111
-1.7600000000000 0.0000000032111
-1.7600000000000 0.0000000032111
-1.7600000000000 0.0000000032111
-1.7400000000000 0.0000000032114
-1.7200000000000 0.0000000031657
-1.7200000000000 0.0000000031657
-1.7000000000000 0.0000000031046
-1.6800000000000 0.0000000029378
-1.6800000000000 0.0000000029378
-1.6800000000000 0.0000000029378
-1.6600000000000 0.0000000027746
-1.6400000000000 0.0000000024041
-1.6400000000000 0.0000000024041
-1.6200000000000 0.0000000021057
-1.6000000000000 0.0000000017308
-1.6000000000000 0.0000000017308
-1.6000000000000 0.0000000017308
-1.6000000000000 0.0000000017308
-1.6000000000000 0.0000000017308
-1.5800000000000 0.0000000015886
-1.5600000000000 0.0000000013465
-1.5600000000000 0.0000000013465
-1.5400000000000 0.0000000012954
-1.5200000000000 0.0000000012983
-1.5200000000000 0.0000000012983
-1.5200000000000 0.0000000012983
-1.5000000000000 0.0000000014355
-1.4800000000000 0.0000000016989
-1.4800000000000 0.0000000016989
-1.4600000000000 0.0000000020405
-1.4400000000000 0.0000000021169
-1.4400000000000 0.0000000021169
-1.4400000000000 0.0000000021169
-1.4400000000000 0.0000000021169
-1.4200000000000 0.0000000019251
-1.4000000000000 0.0000000017026
-1.4000000000000 0.0000000017026
-1.3800000000000 0.0000000013210
-1.3600000000000 0.0000000007712
-1.3600000000000 0.0000000007712
-1.3600000000000 0.0000000007712
-1.3400000000000 0.0000000003364
-1.3200000000000 0.0000000001678
-1.3200000000000 0.0000000001678
-1.3000000000000 0.0000000001256
-1.2800000000000 0.0000000001140
-1.2800000000000 0.0000000001140
-1.2800000000000 0.0000000001140
-1.2800000000000 0.0000000001140
-1.2800000000000 0.0000000001140
-1.2800000000000 0.0000000001140
-1.2800000000000 0.0000000001140
-1.2600000000000 0.0000000001105
-1.2400000000000 0.0000000001111
-1.2400000000000 0.0000000001111
-1.2200000000000 0.0000000001300
-1.2000000000000 0.0000000002469
-1.2000000000000 0.0000000002469
-1.2000000000000 0.0000000002469
-1.1800000000000 0.0000000003669
-1.1600000000000 0.0000000005499
-1.1600000000000 0.0000000005499
-1.1400000000000 0.0000000009083
-1.1200000000000 0.0000000013830
-1.1200000000000 0.0000000013830
-1.1200000000000 0.0000000013830
-1.1200000000000 0.0000000013830
-1.1000000000000 0.0000000019707
-1.0800000000000 0.0000000027653
-1.0800000000000 0.0000000027653
-1.0600000000000 0.0000000033734
-1.0400000000000 0.0000000040853
-1.0400000000000 0.0000000040853
-1.0400000000000 0.0000000040853
-1.0200000000000 0.0000000045867
-1.0000000000000 0.0000000047361
-1.0000000000000 0.0000000047361
-0.9800000000000 0.0000000043164
-0.9600000000000 0.0000000037699
-0.9600000000000 0.0000000037699
-0.9600000000000 0.0000000037699
-0.9600000000000 0.0000000037699
-0.9600000000000 0.0000000037699
-0.9400000000000 0.0000000029557
-0.9200000000000 0.0000000023276
-0.9200000000000 0.0000000023276
-0.9000000000000 0.0000000017281
-0.8800000000000 0.0000000012932
-0.8800000000000 0.0000000012932
-0.8800000000000 0.0000000012932
-0.8600000000000 0.0000000009659
-0.8400000000000 0.0000000009105
-0.8400000000000 0.0000000009105
-0.8200000000000 0.0000000009210
-0.8000000000000 0.0000000011653
-0.8000000000000 0.0000000011653
-0.8000000000000 0.0000000011653
-0.8000000000000 0.0000000011653
-0.7800000000000 0.0000000015482
-0.7600000000000 0.0000000019866
-0.7600000000000 0.0000000019866
-0.7400000000000 0.0000000028094
-0.7200000000000 0.0000000035822
-0.7200000000000 0.0000000035822
-0.7200000000000 0.0000000035822
-0.7000000000000 0.0000000038436
-0.6800000000000 0.0000000033207
-0.6800000000000 0.0000000033207
-0.6600000000000 0.0000000023819
-0.6400000000000 0.0000000015957
-0.6400000000000 0.0000000015957
-0.6400000000000 0.0000000015957
-0.6400000000000 0.0000000015957
-0.6400000000000 0.0000000015957
-0.6400000000000 0.0000000015957
-0.6200000000000 0.0000000009132
-0.6000000000000 0.0000000005062
-0.6000000000000 0.0000000005062
-0.5800000000000 0.0000000003728
-0.5600000000000 0.0000000007613
-0.5600000000000 0.0000000007613
-0.5600000000000 0.0000000007613
-0.5400000000000 0.0000000011568
-0.5200000000000 0.0000000021412
-0.5200000000000 0.0000000021412
-0.5000000000000 0.0000000023620
-0.4800000000000 0.0000000020134
-0.4800000000000 0.0000000020134
-0.4800000000000 0.0000000020134
-0.4800000000000 0.0000000020134
-0.4600000000000 0.0000000017522
-0.4400000000000 0.0000000018741
-0.4400000000000 0.0000000018741
-0.4200000000000 0.0000000020043
-0.4000000000000 0.0000000025234
-0.4000000000000 0.0000000025234
-0.4000000000000 0.0000000025234
-0.3800000000000 0.0000000037240
-0.3600000000000 0.0000000057189
-0.3600000000000 0.0000000057189
-0.3400000000000 0.0000000061434
-0.3200000000000 0.0000000055987
-0.3200000000000 0.0000000055987
-0.3200000000000 0.0000000055987
-0.3200000000000 0.0000000055987
-0.3200000000000 0.0000000055987
-0.3000000000000 0.0000000042426
-0.2800000000000 0.0000000032488
-0.2800000000000 0.0000000032488
-0.2600000000000 0.0000000025969
-0.2400000000000 0.0000000024446
-0.2400000000000 0.0000000024446
-0.2400000000000 0.0000000024446
-0.2200000000000 0.0000000026153
-0.2000000000000 0.0000000025329
-0.2000000000000 0.0000000025329
-0.1800000000000 0.0000000024561
-0.1600000000000 0.0000000024578
-0.1600000000000 0.0000000024578
-0.1600000000000 0.0000000024578
-0.1600000000000 0.0000000024578
-0.1400000000000 0.0000000026289
-0.1200000000000 0.0000000031259
-0.1200000000000 0.0000000031259
-0.1000000000000 0.0000000029171
-0.0800000000000 0.0000000028061
-0.0800000000000 0.0000000028061
-0.0800000000000 0.0000000028061
-0.0600000000000 0.0000000026928
-0.0400000000000 0.0000000027226
-0.0400000000000 0.0000000027226
-0.0200000000000 0.0000000001000
0.0000000000000 0.0000000005109
0.0000000000000 0.0000000005109
0.0000000000000 0.0000000005109
0.0000000000000 0.0000000005109
0.0000000000000 0.0000000005109
0.0000000000000 0.0000000005109
0.0000000000000 0.0000000005109
0.0000000000000 0.0000000005109
0.0200000000000 0.0000000001000
0.0400000000000 0.0000000027395
0.0400000000000 0.0000000027395
0.0600000000000 0.0000000027237
0.0800000000000 0.0000000029115
0.0800000000000 0.0000000029115
0.0800000000000 0.0000000029115
0.1000000000000 0.0000000030945
0.1200000000000 0.0000000033675
0.1200000000000 0.0000000033675
0.1400000000000 0.0000000028091
0.1600000000000 0.0000000024516
0.1600000000000 0.0000000024516
0.1600000000000 0.0000000024516
0.1600000000000 0.0000000024516
0.1800000000000 0.0000000022638
0.2000000000000 0.0000000023935
0.2000000000000 0.0000000023935
0.2200000000000 0.0000000026349
0.2400000000000 0.0000000026420
0.2400000000000 0.0000000026420
0.2400000000000 0.0000000026420
0.2600000000000 0.0000000025551
0.2800000000000 0.0000000031379
0.2800000000000 0.0000000031379
0.3000000000000 0.0000000040872
0.3200000000000 0.0000000053463
0.3200000000000 0.0000000053463
0.3200000000000 0.0000000053463
0.3200000000000 0.0000000053463
0.3200000000000 0.0000000053463
0.3400000000000 0.0000000061405
0.3600000000000 0.0000000057222
0.3600000000000 0.0000000057222
0.3800000000000 0.0000000039911
0.4000000000000 0.0000000029932
0.4000000000000 0.0000000029932
0.4000000000000 0.0000000029932
0.4200000000000 0.0000000023883
0.4400000000000 0.0000000020380
0.4400000000000 0.0000000020380
0.4600000000000 0.0000000019644
0.4800000000000 0.0000000024571
0.4800000000000 0.0000000024571
0.4800000000000 0.0000000024571
0.4800000000000 0.0000000024571
0.5000000000000 0.0000000028404
0.5200000000000 0.0000000025663
0.5200000000000 0.0000000025663
0.5400000000000 0.0000000013522
0.5600000000000 0.0000000007133
0.5600000000000 0.0000000007133
0.5600000000000 0.0000000007133
0.5800000000000 0.0000000004669
0.6000000000000 0.0000000005842
0.6000000000000 0.0000000005842
0.6200000000000 0.0000000010317
0.6400000000000 0.0000000014372
0.6400000000000 0.0000000014372
0.6400000000000 0.0000000014372
0.6400000000000 0.0000000014372
0.6400000000000 0.0000000014372
0.6400000000000 0.0000000014372
0.6600000000000 0.0000000020333
0.6800000000000 0.0000000025744
0.6800000000000 0.0000000025744
0.7000000000000 0.0000000032222
0.7200000000000 0.0000000035024
0.7200000000000 0.0000000035024
0.7200000000000 0.0000000035024
0.7400000000000 0.0000000033047
0.7600000000000 0.0000000024216
0.7600000000000 0.0000000024216
0.7800000000000 0.0000000017940
0.8000000000000 0.0000000014299
0.8000000000000 0.0000000014299
0.8000000000000 0.0000000014299
0.8000000000000 0.0000000014299
0.8200000000000 0.0000000011414
0.8400000000000 0.0000000009886
0.8400000000000 0.0000000009886
0.8600000000000 0.0000000012045
0.8800000000000 0.0000000016000
0.8800000000000 0.0000000016000
0.8800000000000 0.0000000016000
0.9000000000000 0.0000000022578
0.9200000000000 0.0000000029694
0.9200000000000 0.0000000029694
0.9400000000000 0.0000000035406
0.9600000000000 0.0000000041241
0.9600000000000 0.0000000041241
0.9600000000000 0.0000000041241
0.9600000000000 0.0000000041241
0.9600000000000 0.0000000041241
0.9800000000000 0.0000000043849
1.0000000000000 0.0000000045030
1.0000000000000 0.0000000045030
1.0200000000000 0.0000000044446
1.0400000000000 0.0000000042026
1.0400000000000 0.0000000042026
1.0400000000000 0.0000000042026
1.0600000000000 0.0000000034762
1.0800000000000 0.0000000027370
1.0800000000000 0.0000000027370
1.1000000000000 0.0000000018369
1.1200000000000 0.0000000013882
1.1200000000000 0.0000000013882
1.1200000000000 0.0000000013882
1.1200000000000 0.0000000013882
1.1400000000000 0.0000000008418
1.1600000000000 0.0000000005724
1.1600000000000 0.0000000005724
1.1800000000000 0.0000000004187
1.2000000000000 0.0000000002736
1.2000000000000 0.0000000002736
1.2000000000000 0.0000000002736
1.2200000000000 0.0000000002003
1.2400000000000 0.0000000001816
1.2400000000000 0.0000000001816
1.2600000000000 0.0000000001761
1.2800000000000 0.0000000001594
1.2800000000000 0.0000000001594
1.2800000000000 0.0000000001594
1.2800000000000 0.0000000001594
1.2800000000000 0.0000000001594
1.2800000000000 0.0000000001594
1.2800000000000 0.0000000001594
1.3000000000000 0.0000000001152
1.3200000000000 0.0000000001194
1.3200000000000 0.0000000001194
1.3400000000000 0.0000000001473
1.3600000000000 0.0000000002417
1.3600000000000 0.0000000002417
1.3600000000000 0.0000000002417
1.3800000000001 0.0000000004981
1.4000000000000 0.0000000010308
1.4000000000001 0.0000000010308
1.4200000000000 0.0000000016272
1.4400000000000 0.0000000019423
1.4400000000000 0.0000000019423
1.4400000000000 0.0000000019423
1.4400000000000 0.0000000019423
1.4600000000001 0.0000000021590
1.4800000000000 0.0000000022612
1.4800000000001 0.0000000022612
1.5000000000001 0.0000000020774
1.5200000000000 0.0000000017237
1.5200000000000 0.0000000017237
1.5200000000001 0.0000000017237
1.5400000000001 0.0000000014660
1.5600000000000 0.0000000014481
1.5600000000001 0.0000000014481
1.5800000000001 0.0000000014937
1.6000000000000 0.0000000018079
1.6000000000000 0.0000000018079
1.6000000000000 0.0000000018079
1.6000000000000 0.0000000018079
1.6000000000001 0.0000000018079
1.6200000000001 0.0000000020162
1.6400000000000 0.0000000022021
1.6400000000001 0.0000000022021
1.6600000000001 0.0000000023774
1.6800000000000 0.0000000025847
1.6800000000000 0.0000000025847
1.6800000000001 0.0000000025847
1.7000000000001 0.0000000026858
1.7200000000000 0.0000000028281
1.7200000000001 0.0000000028281
1.7400000000001 0.0000000028933
1.7600000000000 0.0000000029591
1.7600000000000 0.0000000029591
1.7600000000000 0.0000000029591
1.7600000000001 0.0000000029591
1.7800000000001 0.0000000030675
1.8000000000001 0.0000000031898
1.8000000000001 0.0000000031898
1.8200000000001 0.0000000032332
1.8400000000000 0.0000000032350
1.8400000000001 0.0000000032350
1.8400000000001 0.0000000032350
1.8600000000001 0.0000000031031
1.8800000000001 0.0000000028577
1.8800000000001 0.0000000028577
1.9000000000001 0.0000000024997
1.9200000000000 0.0000000021111
1.9200000000000 0.0000000021111
1.9200000000000 0.0000000021111
1.9200000000000 0.0000000021111
1.9200000000000 0.0000000021111
1.9200000000001 0.0000000021111
1.9400000000001 0.0000000017746
1.9600000000000 0.0000000015546
1.9600000000001 0.0000000015546
1.9800000000001 0.0000000013267
2.0000000000000 0.0000000011853
2.0000000000001 0.0000000011853
2.0000000000001 0.0000000011853
2.0200000000001 0.0000000010171
2.0400000000001 0.0000000008384
2.0400000000001 0.0000000008384
2.0600000000001 0.0000000006807
2.0800000000000 0.0000000006092
2.0800000000000 0.0000000006092
2.0800000000001 0.0000000006092
2.0800000000001 0.0000000006092
2.1000000000001 0.0000000005564
2.1200000000001 0.0000000005337
2.1200000000001 0.0000000005337
2.1400000000001 0.0000000005172
2.1600000000000 0.0000000004910
2.1600000000001 0.0000000004910
2.1600000000001 0.0000000004910
2.1800000000001 0.0000000004435
2.2000000000001 0.0000000004071
2.2000000000001 0.0000000004071
2.2200000000001 0.0000000003696
2.2400000000000 0.0000000003153
2.2400000000000 0.0000000003153
2.2400000000000 0.0000000003153
2.2400000000001 0.0000000003153
2.2400000000001 0.0000000003153
2.2600000000001 0.0000000002405
2.2800000000001 0.0000000002161
2.2800000000001 0.0000000002161
2.3000000000000 0.0000000002426
2.3200000000000 0.0000000003690
2.3200000000000 0.0000000003690
2.3200000000001 0.0000000003690
2.3400000000000 0.0000000006681
2.3600000000000 0.0000000010802
2.3600000000001 0.0000000010802
2.3800000000000 0.0000000013724
2.4000000000000 0.0000000016755
2.4000000000000 0.0000000016755
2.4000000000000 0.0000000016755
2.4000000000001 0.0000000016755
2.4200000000000 0.0000000018058
2.4400000000000 0.0000000018860
2.4400000000001 0.0000000018860
2.4600000000000 0.0000000018385
2.4800000000000 0.0000000017731
2.4800000000000 0.0000000017731
2.4800000000001 0.0000000017731
2.5000000000000 0.0000000016119
2.5200000000000 0.0000000015110
2.5200000000001 0.0000000015110
2.5400000000000 0.0000000014705
2.5600000000000 0.0000000014308
2.5600000000000 0.0000000014308
2.5600000000000 0.0000000014308
2.5600000000000 0.0000000014308
2.5600000000000 0.0000000014308
2.5600000000000 0.0000000014308
2.5600000000000 0.0000000014308
2.5600000000001 0.0000000014308
2.5800000000000 0.0000000013167
2.6000000000000 0.0000000012042
2.6000000000001 0.0000000012042
2.6200000000000 0.0000000011432
2.6400000000000 0.0000000010900
2.6400000000000 0.0000000010900
2.6400000000001 0.0000000010900
2.6600000000000 0.0000000010391
2.6800000000000 0.0000000009485
2.6800000000001 0.0000000009485
2.7000000000000 0.0000000009168
2.7200000000000 0.0000000008898
2.7200000000000 0.0000000008898
2.7200000000000 0.0000000008898
2.7200000000001 0.0000000008898
2.7400000000000 0.0000000008595
2.7600000000000 0.0000000008262
2.7600000000000 0.0000000008262
2.7800000000000 0.0000000008172
2.8000000000000 0.0000000008221
2.8000000000000 0.0000000008221
2.8000000000000 0.0000000008221
2.8200000000000 0.0000000008297
2.8400000000000 0.0000000008432
2.8400000000000 0.0000000008432
2.8600000000000 0.0000000008612
2.8800000000000 0.0000000008763
2.8800000000000 0.0000000008763
2.8800000000000 0.0000000008763
2.8800000000000 0.0000000008763
2.8800000000000 0.0000000008763
2.9000000000000 0.0000000008964
2.9200000000000 0.0000000009160
2.9200000000000 0.0000000009160
2.9400000000000 0.0000000009519
2.9600000000000 0.0000000009860
2.9600000000000 0.0000000009860
2.9600000000000 0.0000000009860
2.9800000000000 0.0000000010412
3.0000000000000 0.0000000010981
3.0000000000000 0.0000000010981
3.0200000000000 0.0000000011555
3.0400000000000 0.0000000012138
3.0400000000000 0.0000000012138
3.0400000000000 0.0000000012138
3.0400000000000 0.0000000012138
3.0600000000000 0.0000000012785
3.0800000000000 0.0000000013440
3.0800000000000 0.0000000013440
3.1000000000000 0.0000000014048
3.1200000000000 0.0000000014663
3.1200000000000 0.0000000014663
3.1200000000000 0.0000000014663
3.1400000000000 0.0000000015439
3.1600000000000 0.0000000016225
3.1600000000000 0.0000000016225
3.1800000000000 0.0000000016803
3.2000000000000 0.0000000017329
3.2000000000000 0.0000000017329
3.2000000000000 0.0000000017329
3.2000000000000 0.0000000017329
3.2000000000000 0.0000000017329
3.2400000000000 0.0000000018218
3.2800000000000 0.0000000018340
3.2800000000000 0.0000000018340
3.3200000000000 0.0000000018517
3.3600000000000 0.0000000019091
3.3600000000000 0.0000000019091
3.3600000000000 0.0000000019091
3.4000000000000 0.0000000020074
3.4400000000000 0.0000000021959
3.4400000000000 0.0000000021959
3.4800000000000 0.0000000024416
3.5200000000000 0.0000000026913
3.5200000000000 0.0000000026913
3.5200000000000 0.0000000026913
3.5200000000000 0.0000000026913
3.5600000000000 0.0000000029326
3.6000000000000 0.0000000030757
3.6000000000000 0.0000000030757
3.6400000000000 0.0000000031755
3.6800000000000 0.0000000033095
3.6800000000000 0.0000000033095
3.6800000000000 0.0000000033095
3.7200000000000 0.0000000033773
3.7600000000000 0.0000000033555
3.7600000000000 0.0000000033555
3.8000000000000 0.0000000032919
3.8400000000000 0.0000000032013
3.8400000000000 0.0000000032013
3.8400000000000 0.0000000032013
3.8400000000000 0.0000000032013
3.8400000000000 0.0000000032013
3.8400000000000 0.0000000032013
3.8800000000000 0.0000000030680
3.9200000000000 0.0000000028867
3.9200000000000 0.0000000028867
3.9600000000000 0.0000000026888
4.0000000000000 0.0000000025336
4.0000000000000 0.0000000025336
4.0000000000000 0.0000000025336
4.0400000000000 0.0000000024887
4.0800000000000 0.0000000025009
4.0800000000000 0.0000000025009
4.1200000000000 0.0000000025211
4.1600000000000 0.0000000025467
4.1600000000000 0.0000000025467
4.1600000000000 0.0000000025467
4.1600000000000 0.0000000025467
4.2000000000000 0.0000000025961
4.2400000000000 0.0000000026737
4.2400000000000 0.0000000026737
4.2800000000000 0.0000000027251
4.3200000000000 0.0000000026889
4.3200000000000 0.0000000026889
4.3200000000001 0.0000000026889
4.3600000000000 0.0000000025988
4.4000000000000 0.0000000024990
4.4000000000000 0.0000000024990
4.4400000000000 0.0000000024283
4.4800000000000 0.0000000024039
4.4800000000000 0.0000000024039
4.4800000000000 0.0000000024039
4.4800000000000 0.0000000024039
4.4800000000001 0.0000000024039
4.5200000000000 0.0000000023677
4.5600000000000 0.0000000022686
4.5600000000000 0.0000000022686
4.6000000000000 0.0000000021134
4.6400000000000 0.0000000019440
4.6400000000000 0.0000000019440
4.6400000000001 0.0000000019440
4.6800000000000 0.0000000018619
4.7199999999999 0.0000000018724
4.7200000000000 0.0000000018724
4.7600000000000 0.0000000019035
4.7999999999999 0.0000000019426
4.8000000000000 0.0000000019426
4.8000000000000 0.0000000019426
4.8000000000001 0.0000000019426
4.8400000000000 0.0000000019892
4.8799999999999 0.0000000020132
4.8800000000000 0.0000000020132
4.9200000000000 0.0000000019955
4.9599999999999 0.0000000019582
4.9600000000000 0.0000000019582
4.9600000000001 0.0000000019582
5.0000000000000 0.0000000019125
5.0399999999999 0.0000000018779
5.0400000000000 0.0000000018779
5.0800000000000 0.0000000018425
5.1199999999999 0.0000000018092
5.1200000000000 0.0000000018092
5.1200000000000 0.0000000018092
5.1200000000000 0.0000000018092
5.1200000000000 0.0000000018092
5.1200000000000 0.0000000018092
5.1200000000001 0.0000000018092
5.1600000000000 0.0000000017513
5.1999999999999 0.0000000016663
5.2000000000000 0.0000000016663
5.2400000000000 0.0000000015643
5.2799999999999 0.0000000014609
5.2800000000000 0.0000000014609
5.2800000000001 0.0000000014609
5.3200000000000 0.0000000013800
5.3599999999999 0.0000000012975
5.3600000000000 0.0000000012975
5.4000000000000 0.0000000011795
5.4399999999999 0.0000000010592
5.4400000000000 0.0000000010592
5.4400000000000 0.0000000010592
5.4400000000001 0.0000000010592
5.4800000000000 0.0000000009585
5.5199999999999 0.0000000008815
5.5200000000000 0.0000000008815
5.5600000000000 0.0000000008322
5.5999999999999 0.0000000008002
5.6000000000000 0.0000000008002
5.6000000000001 0.0000000008002
5.6400000000000 0.0000000007958
5.6799999999999 0.0000000007987
5.6800000000000 0.0000000007987
5.7200000000000 0.0000000008001
5.7599999999999 0.0000000007955
5.7600000000000 0.0000000007955
5.7600000000000 0.0000000007955
5.7600000000000 0.0000000007955
5.7600000000001 0.0000000007955
5.8000000000000 0.0000000007857
5.8399999999999 0.0000000007763
5.8400000000000 0.0000000007763
5.8800000000000 0.0000000007679
5.9199999999999 0.0000000007522
5.9200000000000 0.0000000007522
5.9200000000001 0.0000000007522
5.9600000000000 0.0000000007272
5.9999999999999 0.0000000007017
6.0000000000000 0.0000000007017
6.0400000000000 0.0000000006792
6.0799999999999 0.0000000006586
6.0800000000000 0.0000000006586
6.0800000000000 0.0000000006586
6.0800000000001 0.0000000006586
6.1200000000000 0.0000000006488
6.1599999999999 0.0000000006424
6.1600000000000 0.0000000006424
6.2000000000000 0.0000000006410
6.2399999999999 0.0000000006400
6.2400000000000 0.0000000006400
6.2400000000001 0.0000000006400
6.2800000000000 0.0000000006394
6.3199999999999 0.0000000006393
6.3200000000000 0.0000000006393
6.3600000000000 0.0000000006428
6.3999999999999 0.0000000006458
6.4000000000000 0.0000000006458
6.4000000000000 0.0000000006458
6.4000000000000 0.0000000006458
6.4000000000001 0.0000000006458
6.4799999999999 0.0000000006648
6.5599999999999 0.0000000006961
6.5600000000001 0.0000000006961
6.6399999999999 0.0000000007603
6.7199999999999 0.0000000008935
6.7200000000001 0.0000000008935
6.7200000000001 0.0000000008935
6.7999999999999 0.0000000011292
6.8799999999999 0.0000000014492
6.8800000000000 0.0000000014492
6.9599999999999 0.0000000018959
7.0399999999999 0.0000000026234
7.0400000000000 0.0000000026234
7.0400000000000 0.0000000026234
7.0400000000000 0.0000000026234
7.1199999999999 0.0000000037070
7.1999999999999 0.0000000049601
7.2000000000000 0.0000000049601
7.2799999999999 0.0000000059879
7.3599999999999 0.0000000062612
7.3600000000000 0.0000000062612
7.3600000000001 0.0000000062612
7.4399999999999 0.0000000060900
7.5199999999999 0.0000000058210
7.5200000000000 0.0000000058210
7.5999999999999 0.0000000054143
7.6799999999999 0.0000000047288
7.6800000000000 0.0000000047288
7.6800000000000 0.0000000047288
7.6800000000000 0.0000000047288
7.6800000000000 0.0000000047288
7.6800000000001 0.0000000047288
7.7599999999999 0.0000000038010
7.8400000000000 0.0000000030031
7.8400000000001 0.0000000030031
7.9200000000001 0.0000000028068
8.0000000000000 0.0000000027814
8.0000000000000 0.0000000027814
8.0000000000001 0.0000000027814
8.0800000000001 0.0000000027554
8.1600000000000 0.0000000026429
8.1600000000001 0.0000000026429
8.2400000000001 0.0000000023876
8.3200000000000 0.0000000019503
8.3200000000000 0.0000000019503
8.3200000000001 0.0000000019503
8.3200000000001 0.0000000019503
8.4000000000001 0.0000000012753
8.4800000000000 0.0000000004416
8.4800000000001 0.0000000004416
8.5600000000001 0.0000000001037
8.6400000000000 0.0000000001000
8.6400000000001 0.0000000001000
8.6400000000001 0.0000000001000
8.7200000000001 0.0000000001004
8.8000000000000 0.0000000001016
8.8000000000001 0.0000000001016
8.8800000000001 0.0000000001027
8.9600000000000 0.0000000001037
8.9600000000000 0.0000000001037
8.9600000000000 0.0000000001037
8.9600000000001 0.0000000001037
8.9600000000001 0.0000000001037
9.0400000000001 0.0000000001049
9.1200000000000 0.0000000001058
9.1200000000001 0.0000000001058
9.2000000000001 0.0000000001069
9.2800000000000 0.0000000001078
9.2800000000001 0.0000000001078
9.2800000000001 0.0000000001078
9.3600000000001 0.0000000001089
9.4400000000000 0.0000000001097
9.4400000000001 0.0000000001097
9.5200000000001 0.0000000001105
9.6000000000000 0.0000000001115
9.6000000000000 0.0000000001115
9.6000000000001 0.0000000001115
9.6000000000001 0.0000000001115
9.6800000000001 0.0000000001116
9.7600000000000 0.0000000001108
9.7600000000001 0.0000000001108
9.8400000000001 0.0000000001092
9.9200000000000 0.0000000001071
9.9200000000000 0.0000000001071
9.9200000000001 0.0000000001071
10.0000000000001 0.0000000001088
10.0800000000000 0.0000000001136
10.0800000000001 0.0000000001136
10.1600000000001 0.0000000001169
10.2400000000000 0.0000000001203
10.2400000000000 0.0000000001203
10.2400000000000 0.0000000001203
10.2400000000000 0.0000000001203
10.2400000000000 0.0000000001203
10.2400000000001 0.0000000001203
10.3200000000001 0.0000000001205
10.4000000000000 0.0000000001207
10.4000000000001 0.0000000001207
10.4800000000001 0.0000000001203
10.5600000000000 0.0000000001199
10.5600000000000 0.0000000001199
10.5600000000001 0.0000000001199
10.6400000000001 0.0000000001201
10.7200000000000 0.0000000001204
10.7200000000001 0.0000000001204
10.8000000000001 0.0000000001214
10.8800000000000 0.0000000001229
10.8800000000000 0.0000000001229
10.8800000000000 0.0000000001229
11.0400000000000 0.0000000001293
11.2000000000000 0.0000000001319
11.2000000000000 0.0000000001319
11.3599999999999 0.0000000001335
11.5199999999999 0.0000000001313
11.5200000000000 0.0000000001313
11.5200000000000 0.0000000001313
11.5200000000000 0.0000000001313
11.6799999999999 0.0000000001319
11.8399999999999 0.0000000001330
11.8400000000000 0.0000000001330
11.9999999999999 0.0000000001338
12.1599999999999 0.0000000001330
12.1600000000000 0.0000000001330
12.1600000000000 0.0000000001330
12.3199999999999 0.0000000001326
12.4799999999999 0.0000000001325
12.4800000000000 0.0000000001325
12.6399999999999 0.0000000001326
12.7999999999999 0.0000000001352
12.8000000000000 0.0000000001352
12.8000000000000 0.0000000001352
12.8000000000000 0.0000000001352
12.8000000000000 0.0000000001352
12.9599999999999 0.0000000001410
13.1199999999999 0.0000000001509
13.1200000000000 0.0000000001509
13.2799999999999 0.0000000001625
13.4399999999999 0.0000000001645
13.4400000000000 0.0000000001645
13.4400000000000 0.0000000001645
13.5999999999999 0.0000000001653
13.7599999999999 0.0000000001766
13.7600000000000 0.0000000001766
13.9199999999999 0.0000000001920
14.0799999999999 0.0000000002057
14.0800000000000 0.0000000002057
14.0800000000000 0.0000000002057
14.0800000000000 0.0000000002057
14.2399999999999 0.0000000002258
14.3999999999999 0.0000000002497
14.3999999999999 0.0000000002497
14.5599999999999 0.0000000004462
14.7199999999999 0.0000000007600
14.7199999999999 0.0000000007600
14.7200000000000 0.0000000007600
14.8799999999999 0.0000000013775
15.0399999999999 0.0000000019972
15.0399999999999 0.0000000019972
15.1999999999999 0.0000000023411
15.3599999999999 0.0000000025000
15.3599999999999 0.0000000025000
15.3600000000000 0.0000000025000
15.3600000000000 0.0000000025000
15.3600000000000 0.0000000025000
15.5199999999999 0.0000000018775
15.6799999999999 0.0000000012524
15.9999999999999 0.0000000001815
16.0000000000000 0.0000000001815
16.3199999999999 0.0000000001000
16.6400000000000 0.0000000001004
16.6400000000000 0.0000000001004
16.6400000000001 0.0000000001004
16.9600000000001 0.0000000001035
17.2800000000000 0.0000000001075
17.2800000000001 0.0000000001075
17.6000000000001 0.0000000001117
17.9200000000000 0.0000000001155
17.9200000000000 0.0000000001155
17.9200000000000 0.0000000001155
17.9200000000001 0.0000000001155
18.2400000000001 0.0000000001152
18.5600000000000 0.0000000001114
18.5600000000001 0.0000000001114
18.8800000000001 0.0000000001104
19.2000000000000 0.0000000001129
19.2000000000000 0.0000000001129
19.2000000000001 0.0000000001129
19.5200000000001 0.0000000001192
19.8400000000000 0.0000000001383
19.8400000000001 0.0000000001383
20.1600000000001 0.0000000001733
20.4800000000000 0.0000000002132
20.4800000000000 0.0000000002132
20.4800000000000 0.0000000002132
20.4800000000001 0.0000000002132
20.8000000000001 0.0000000002603
21.1200000000000 0.0000000003076
21.1200000000001 0.0000000003076
21.4400000000001 0.0000000003523
21.7600000000000 0.0000000003971
21.7600000000000 0.0000000003971
21.7600000000001 0.0000000003971
22.0800000000001 0.0000000004938
22.4000000000000 0.0000000005904
22.4000000000002 0.0000000005904
22.7200000000002 0.0000000006830
23.0400000000000 0.0000000007733
23.0400000000000 0.0000000007733
23.0400000000000 0.0000000007733
23.6800000000000 0.0000000005592
24.3200000000000 0.0000000001376
24.3200000000000 0.0000000001376
24.9600000000000 0.0000000001000
25.6000000000000 0.0000000001015
25.6000000000000 0.0000000001015
25.6000000000000 0.0000000001015
26.2400000000000 0.0000000001120
26.8800000000000 0.0000000001313
26.8800000000000 0.0000000001313
27.5200000000000 0.0000000001356
28.1600000000000 0.0000000001240
28.1600000000000 0.0000000001240
28.1600000000000 0.0000000001240
28.8000000000000 0.0000000001161
29.4400000000000 0.0000000001198
29.4400000000000 0.0000000001198
30.0800000000000 0.0000000001327
30.7200000000000 0.0000000001491
30.7200000000000 0.0000000001491
30.7200000000000 0.0000000001491
31.3600000000000 0.0000000001636
32.0000000000000 0.0000000001831
32.0000000000000 0.0000000001831
32.6400000000000 0.0000000001951
33.2800000000000 0.0000000002038
33.2800000000000 0.0000000002038
33.2800000000000 0.0000000002038
33.9200000000000 0.0000000001669
34.5600000000000 0.0000000001300
34.5600000000000 0.0000000001300
35.2000000000000 0.0000000001096
35.8400000000000 0.0000000001000
35.8400000000000 0.0000000001000
35.8400000000000 0.0000000001000
36.4800000000000 0.0000000001013
37.1200000000000 0.0000000001137
37.1200000000000 0.0000000001137
37.7600000000000 0.0000000002014
38.4000000000000 0.0000000002892
38.4000000000000 0.0000000002892
39.6800000000000 0.0000000003069
40.9600000000000 0.0000000001098
40.9600000000000 0.0000000001098
42.2400000000000 0.0000000001000
43.5200000000000 0.0000000001774
43.5200000000000 0.0000000001774
44.8000000000000 0.0000000001305
46.0800000000000 0.0000000001000
46.0800000000000 0.0000000001000
47.3600000000000 0.0000000002116
48.6400000000000 0.0000000001793
48.6400000000000 0.0000000001793
49.9200000000000 0.0000000001000
51.2000000000000 0.0000000001297
51.2000000000000 0.0000000001297
52.4800000000000 0.0000000002488
53.7600000000000 0.0000000001139
53.7600000000000 0.0000000001139
55.0400000000000 0.0000000001001
56.3200000000000 0.0000000002237
56.3200000000000 0.0000000002237
57.6000000000000 0.0000000001445
58.8800000000000 0.0000000001000
58.8800000000000 0.0000000001000
60.1600000000000 0.0000000001755
61.4400000000000 0.0000000001817
61.4400000000000 0.0000000001817
62.7200000000000 0.0000000001000
64.0000000000000 0.0000000001277
64.0000000000000 0.0000000001277
65.2800000000000 0.0000000002192
66.5600000000000 0.0000000001003
66.5600000000000 0.0000000001003
67.8400000000000 0.0000000001007
69.1200000000000 0.0000000002142
69.1200000000000 0.0000000002142
70.4000000000000 0.0000000001204
71.6800000000000 0.0000000001000
71.6800000000000 0.0000000001000
72.9600000000000 0.0000000001707
74.2400000000000 0.0000000001610
74.2400000000000 0.0000000001610
75.5200000000000 0.0000000001000
76.8000000000000 0.0000000001234
76.8000000000000 0.0000000001234
78.0800000000000 0.0000000001946
79.3600000000000 0.0000000001000
79.3600000000000 0.0000000001000
80.6400000000000 0.0000000001024
81.9200000000000 0.0000000001922
81.9200000000000 0.0000000001922
83.2000000000000 0.0000000001089
84.4800000000000 0.0000000001000
84.4800000000000 0.0000000001000
85.7600000000000 0.0000000001729
87.0400000000000 0.0000000001207
87.0400000000000 0.0000000001207
88.3200000000000 0.0000000001000
89.6000000000000 0.0000000001492
89.6000000000000 0.0000000001492
90.8800000000000 0.0000000001371
92.1600000000000 0.0000000001000
92.1600000000000 0.0000000001000
93.4400000000000 0.0000000001406
94.7200000000000 0.0000000001163
94.7200000000000 0.0000000001163
96.0000000000000 0.0000000001000
97.2800000000000 0.0000000001533
97.2800000000000 0.0000000001533
98.5600000000000 0.0000000001104
99.8400000000000 0.0000000001000
99.8400000000000 0.0000000001000
101.1200000000000 0.0000000001562
102.4000000000000 0.0000000001077
102.4000000000000 0.0000000001077
103.6800000000000 0.0000000001000
104.9600000000000 0.0000000001587
104.9600000000000 0.0000000001587
106.2400000000000 0.0000000001100
107.5200000000000 0.0000000001000
107.5200000000000 0.0000000001000
108.8000000000000 0.0000000001543
110.0800000000000 0.0000000001138
110.0800000000000 0.0000000001138
111.3600000000000 0.0000000001000
112.6400000000000 0.0000000001375
112.6400000000000 0.0000000001375
113.9200000000000 0.0000000001332
115.2000000000000 0.0000000001000
115.2000000000000 0.0000000001000
116.4800000000000 0.0000000001070
117.7600000000000 0.0000000001497
117.7600000000000 0.0000000001497
119.0400000000000 0.0000000001177
120.3200000000000 0.0000000001000
120.3200000000000 0.0000000001000
121.6000000000000 0.0000000001040
122.8800000000000 0.0000000001315
122.8800000000000 0.0000000001315
124.1600000000000 0.0000000001369
125.4400000000000 0.0000000001085
125.4400000000000 0.0000000001085
126.7200000000000 0.0000000001000
128.0000000000000 0.0000000001040
128.0000000000000 0.0000000001040
129.2800000000000 0.0000000001111
130.5600000000000 0.0000000001181
130.5600000000000 0.0000000001181
131.8400000000000 0.0000000001121
133.1200000000000 0.0000000001061
133.1200000000000 0.0000000001061
134.4000000000000 0.0000000001023
135.6800000000000 0.0000000001000
135.6800000000000 0.0000000001000
136.9600000000000 0.0000000001074
138.2400000000000 0.0000000001149
138.2400000000000 0.0000000001149
139.5200000000000 0.0000000001118
140.8000000000000 0.0000000001082
143.3600000000000 0.0000000001000
145.9200000000000 0.0000000001113
148.4800000000000 0.0000000001089
151.0400000000000 0.0000000001000
153.6000000000000 0.0000000001041
156.1600000000000 0.0000000001147
158.7200000000000 0.0000000001000
161.2800000000000 0.0000000001000
163.8400000000000 0.0000000001062
166.4000000000000 0.0000000001109
168.9600000000000 0.0000000001000
171.5200000000000 0.0000000001005
174.0800000000000 0.0000000001135
176.6400000000000 0.0000000001017
179.2000000000000 0.0000000001000
181.7600000000000 0.0000000001119
184.3200000000000 0.0000000001027
186.8800000000000 0.0000000001000
189.4400000000000 0.0000000001097
192.0000000000000 0.0000000001038
194.5600000000000 0.0000000001000
197.1200000000000 0.0000000001059
199.6800000000000 0.0000000001061
202.2400000000000 0.0000000001000
204.8000000000000 0.0000000001013
207.3600000000000 0.0000000001090
209.9200000000000 0.0000000001001
212.4800000000000 0.0000000001000
215.0400000000000 0.0000000001062
217.6000000000000 0.0000000001029
220.1600000000000 0.0000000001000
222.7200000000000 0.0000000001060
225.2800000000000 0.0000000001007
227.8400000000000 0.0000000001000
230.4000000000000 0.0000000001046
232.9600000000000 0.0000000001000
235.5200000000000 0.0000000001045
238.0800000000000 0.0000000001007
240.6400000000000 0.0000000001000
243.2000000000000 0.0000000001027
245.7600000000000 0.0000000001000
248.3200000000000 0.0000000001033
250.8800000000000 0.0000000001000
253.4400000000000 0.0000000001039
256.0000000000000 0.0000000001000
258.5600000000000 0.0000000001001
261.1200000000000 0.0000000001015
263.6800000000000 0.0000000001000
266.2400000000000 0.0000000001017
268.8000000000000 0.0000000001000
271.3600000000000 0.0000000001020
273.9200000000000 0.0000000001000
276.4800000000000 0.0000000001026
279.0400000000000 0.0000000001000
281.6000000000000 0.0000000001029
284.1600000000000 0.0000000001002
286.7200000000000 0.0000000001000
289.2800000000000 0.0000000001014
291.8400000000000 0.0000000001000
294.4000000000000 0.0000000001018
296.9600000000000 0.0000000001000
299.5200000000000 0.0000000001018
302.0800000000000 0.0000000001000
304.6400000000000 0.0000000001014
307.2000000000000 0.0000000001000
309.7600000000000 0.0000000001012
312.3200000000000 0.0000000001000
314.8800000000000 0.0000000001005
317.4400000000000 0.0000000001000
