# x rho
-318.0000000000000 0.0000000001000
-316.0000000000000 0.0000000001000
-314.0000000000000 0.0000000001000
-312.0000000000000 0.0000000001000
-310.0000000000000 0.0000000001000
-308.0000000000000 0.0000000001001
-306.0000000000000 0.0000000001000
-304.0000000000000 0.0000000001000
-302.0000000000000 0.0000000001000
-300.0000000000000 0.0000000001000
-298.0000000000000 0.0000000001000
-296.0000000000000 0.0000000001000
-294.0000000000000 0.0000000001000
-292.0000000000000 0.0000000001000
-290.0000000000000 0.0000000001000
-288.0000000000000 0.0000000001000
-286.0000000000000 0.0000000001001
-284.0000000000000 0.0000000001000
-282.0000000000000 0.0000000001001
-280.0000000000000 0.0000000001000
-278.0000000000000 0.0000000001001
-276.0000000000000 0.0000000001000
-274.0000000000000 0.0000000001000
-272.0000000000000 0.0000000001001
-270.0000000000000 0.0000000001000
-268.0000000000000 0.0000000001001
-266.0000000000000 0.0000000001000
-264.0000000000000 0.0000000001001
-262.0000000000000 0.0000000001001
-260.0000000000000 0.0000000001000
-258.0000000000000 0.0000000001001
-256.0000000000000 0.0000000001000
-254.0000000000000 0.0000000001000
-252.0000000000000 0.0000000001001
-250.0000000000000 0.0000000001000
-248.0000000000000 0.0000000001001
-246.0000000000000 0.0000000001001
-244.0000000000000 0.0000000001000
-242.0000000000000 0.0000000001001
-240.0000000000000 0.0000000001000
-238.0000000000000 0.0000000001000
-236.0000000000000 0.0000000001002
-234.0000000000000 0.0000000001000
-232.0000000000000 0.0000000001000
-230.0000000000000 0.0000000001002
-228.0000000000000 0.0000000001000
-226.0000000000000 0.0000000001001
-224.0000000000000 0.0000000001002
-222.0000000000000 0.0000000001000
-220.0000000000000 0.0000000001001
-218.0000000000000 0.0000000001000
-216.0000000000000 0.0000000001000
-214.0000000000000 0.0000000001003
-212.0000000000000 0.0000000001000
-210.0000000000000 0.0000000001000
-208.0000000000000 0.0000000001002
-206.0000000000000 0.0000000001000
-204.0000000000000 0.0000000001001
-202.0000000000000 0.0000000001003
-200.0000000000000 0.0000000001000
-198.0000000000000 0.0000000001000
-196.0000000000000 0.0000000001002
-194.0000000000000 0.0000000001001
-192.0000000000000 0.0000000001001
-190.0000000000000 0.0000000001001
-188.0000000000000 0.0000000001000
-186.0000000000000 0.0000000001000
-184.0000000000000 0.0000000001001
-182.0000000000000 0.0000000001002
-180.0000000000000 0.0000000001002
-178.0000000000000 0.0000000001000
-176.0000000000000 0.0000000001000
-174.0000000000000 0.0000000001002
-172.0000000000000 0.0000000001003
-170.0000000000000 0.0000000001000
-168.0000000000000 0.0000000001000
-166.0000000000000 0.0000000001004
-164.0000000000000 0.0000000001001
-162.0000000000000 0.0000000001000
-160.0000000000000 0.0000000001005
-158.0000000000000 0.0000000001002
-156.0000000000000 0.0000000001000
-154.0000000000000 0.0000000001003
-152.0000000000000 0.0000000001002
-150.0000000000000 0.0000000001000
-148.0000000000000 0.0000000001000
-146.0000000000000 0.0000000001003
-144.0000000000000 0.0000000001003
-142.0000000000000 0.0000000001001
-140.0000000000000 0.0000000001000
-138.0000000000000 0.0000000001002
-137.0000000000000 0.0000000001004
-136.0000000000000 0.0000000001006
-136.0000000000000 0.0000000001006
-135.0000000000000 0.0000000001003
-134.0000000000000 0.0000000001000
-134.0000000000000 0.0000000001000
-133.0000000000000 0.0000000001000
-132.0000000000000 0.0000000001000
-132.0000000000000 0.0000000001000
-131.0000000000000 0.0000000001004
-130.0000000000000 0.0000000001008
-130.0000000000000 0.0000000001008
-129.0000000000000 0.0000000001005
-128.0000000000000 0.0000000001002
-128.0000000000000 0.0000000001002
-127.0000000000000 0.0000000001000
-126.0000000000000 0.0000000001002
-126.0000000000000 0.0000000001002
-125.0000000000000 0.0000000001010
-124.0000000000000 0.0000000001010
-124.0000000000000 0.0000000001010
-123.0000000000000 0.0000000001007
-122.0000000000000 0.0000000001002
-122.0000000000000 0.0000000001002
-121.0000000000000 0.0000000001000
-120.0000000000000 0.0000000001002
-120.0000000000000 0.0000000001002
-119.0000000000000 0.0000000001009
-118.0000000000000 0.0000000001009
-118.0000000000000 0.0000000001009
-117.0000000000000 0.0000000001002
-116.0000000000000 0.0000000001000
-116.0000000000000 0.0000000001000
-115.0000000000000 0.0000000001006
-114.0000000000000 0.0000000001009
-114.0000000000000 0.0000000001009
-113.0000000000000 0.0000000001004
-112.0000000000000 0.0000000001003
-112.0000000000000 0.0000000001003
-111.0000000000000 0.0000000001002
-110.0000000000000 0.0000000001000
-110.0000000000000 0.0000000001000
-109.0000000000000 0.0000000001000
-108.0000000000000 0.0000000001007
-108.0000000000000 0.0000000001007
-107.0000000000000 0.0000000001014
-106.0000000000000 0.0000000001006
-106.0000000000000 0.0000000001006
-105.0000000000000 0.0000000001000
-104.0000000000000 0.0000000001010
-104.0000000000000 0.0000000001010
-103.0000000000000 0.0000000001019
-102.0000000000000 0.0000000001000
-102.0000000000000 0.0000000001000
-101.0000000000000 0.0000000001000
-100.0000000000000 0.0000000001023
-100.0000000000000 0.0000000001023
-99.0000000000000 0.0000000001008
-98.0000000000000 0.0000000001000
-98.0000000000000 0.0000000001000
-97.0000000000000 0.0000000001009
-96.0000000000000 0.0000000001020
-96.0000000000000 0.0000000001020
-95.0000000000000 0.0000000001001
-94.0000000000000 0.0000000001000
-94.0000000000000 0.0000000001000
-93.0000000000000 0.0000000001015
-92.0000000000000 0.0000000001006
-92.0000000000000 0.0000000001006
-91.0000000000000 0.0000000001004
-90.0000000000000 0.0000000001001
-90.0000000000000 0.0000000001001
-89.0000000000000 0.0000000001000
-88.0000000000000 0.0000000001012
-88.0000000000000 0.0000000001012
-87.0000000000000 0.0000000001019
-86.0000000000000 0.0000000001011
-86.0000000000000 0.0000000001011
-85.0000000000000 0.0000000001000
-84.0000000000000 0.0000000001000
-84.0000000000000 0.0000000001000
-83.0000000000000 0.0000000001024
-82.0000000000000 0.0000000001017
-82.0000000000000 0.0000000001017
-81.0000000000000 0.0000000001003
-80.0000000000000 0.0000000001000
-80.0000000000000 0.0000000001000
-79.0000000000000 0.0000000001015
-78.0000000000000 0.0000000001026
-78.0000000000000 0.0000000001026
-77.0000000000000 0.0000000001006
-76.0000000000000 0.0000000001000
-76.0000000000000 0.0000000001000
-75.0000000000000 0.0000000001020
-74.0000000000000 0.0000000001021
-74.0000000000000 0.0000000001021
-73.0000000000000 0.0000000001000
-72.0000000000000 0.0000000001005
-72.0000000000000 0.0000000001005
-71.0000000000000 0.0000000001037
-70.0000000000000 0.0000000001008
-70.0000000000000 0.0000000001008
-69.0000000000000 0.0000000001000
-68.0000000000000 0.0000000001026
-68.0000000000000 0.0000000001026
-67.0000000000000 0.0000000001025
-66.0000000000000 0.0000000001000
-66.0000000000000 0.0000000001000
-65.0000000000000 0.0000000001014
-64.0000000000000 0.0000000001040
-64.0000000000000 0.0000000001040
-63.0000000000000 0.0000000001001
-62.0000000000000 0.0000000001000
-62.0000000000000 0.0000000001000
-61.0000000000000 0.0000000001036
-60.0000000000000 0.0000000001025
-60.0000000000000 0.0000000001025
-59.0000000000000 0.0000000001006
-58.0000000000000 0.0000000001000
-58.0000000000000 0.0000000001000
-57.0000000000000 0.0000000001024
-56.0000000000000 0.0000000001043
-56.0000000000000 0.0000000001043
-55.0000000000000 0.0000000001008
-54.0000000000000 0.0000000001000
-54.0000000000000 0.0000000001000
-53.0000000000000 0.0000000001027
-52.0000000000000 0.0000000001046
-52.0000000000000 0.0000000001046
-51.0000000000000 0.0000000001017
-50.0000000000000 0.0000000001000
-50.0000000000000 0.0000000001000
-49.0000000000000 0.0000000001028
-48.0000000000000 0.0000000001069
-48.0000000000000 0.0000000001069
-47.0000000000000 0.0000000001000
-46.0000000000000 0.0000000001003
-46.0000000000000 0.0000000001003
-45.0000000000000 0.0000000001108
-44.0000000000000 0.0000000001000
-44.0000000000000 0.0000000001000
-43.0000000000000 0.0000000001010
-42.0000000000000 0.0000000001089
-42.0000000000000 0.0000000001089
-41.0000000000000 0.0000000001000
-40.0000000000000 0.0000000001052
-40.0000000000000 0.0000000001052
-39.0000000000000 0.0000000001000
-38.0000000000000 0.0000000001030
-38.0000000000000 0.0000000001030
-37.0000000000000 0.0000000001000
-36.5000000000000 0.0000000001003
-36.0000000000000 0.0000000001013
-36.0000000000000 0.0000000001013
-36.0000000000000 0.0000000001013
-35.5000000000000 0.0000000001034
-35.0000000000000 0.0000000001054
-35.0000000000000 0.0000000001054
-34.5000000000000 0.0000000001027
-34.0000000000000 0.0000000001000
-34.0000000000000 0.0000000001000
-34.0000000000000 0.0000000001000
-33.5000000000000 0.0000000001037
-33.0000000000000 0.0000000001074
-33.0000000000000 0.0000000001074
-32.5000000000000 0.0000000001040
-32.0000000000000 0.0000000001006
-32.0000000000000 0.0000000001006
-32.0000000000000 0.0000000001006
-31.5000000000000 0.0000000001000
-31.0000000000000 0.0000000001355
-31.0000000000000 0.0000000001355
-30.5000000000000 0.0000000001301
-30.0000000000000 0.0000000001000
-30.0000000000000 0.0000000001000
-30.0000000000000 0.0000000001000
-29.5000000000000 0.0000000001043
-29.0000000000000 0.0000000001425
-29.0000000000000 0.0000000001425
-28.5000000000000 0.0000000001076
-28.0000000000000 0.0000000001000
-28.0000000000000 0.0000000001000
-28.0000000000000 0.0000000001000
-27.5000000000000 0.0000000001224
-27.0000000000000 0.0000000001296
-27.0000000000000 0.0000000001296
-26.5000000000000 0.0000000001086
-26.0000000000000 0.0000000001000
-26.0000000000000 0.0000000001000
-26.0000000000000 0.0000000001000
-25.5000000000000 0.0000000001007
-25.0000000000000 0.0000000001422
-25.0000000000000 0.0000000001422
-24.5000000000000 0.0000000001282
-24.0000000000000 0.0000000001000
-24.0000000000000 0.0000000001000
-24.0000000000000 0.0000000001000
-23.5000000000000 0.0000000001171
-23.0000000000000 0.0000000001596
-23.0000000000000 0.0000000001596
-22.5000000000000 0.0000000001000
-22.2500000000000 0.0000000001024
-22.0000000000000 0.0000000001047
-22.0000000000000 0.0000000001047
-22.0000000000000 0.0000000001047
-22.0000000000000 0.0000000001047
-21.7500000000000 0.0000000001347
-21.5000000000000 0.0000000001646
-21.5000000000000 0.0000000001646
-21.2500000000000 0.0000000001404
-21.0000000000000 0.0000000001162
-21.0000000000000 0.0000000001162
-21.0000000000000 0.0000000001162
-20.7500000000000 0.0000000001041
-20.5000000000000 0.0000000001000
-20.5000000000000 0.0000000001000
-20.2500000000000 0.0000000001056
-20.0000000000000 0.0000000001201
-20.0000000000000 0.0000000001201
-20.0000000000000 0.0000000001201
-20.0000000000000 0.0000000001201
-19.7500000000000 0.0000000001778
-19.5000000000000 0.0000000001972
-19.5000000000000 0.0000000001972
-19.2500000000000 0.0000000001376
-19.0000000000000 0.0000000001000
-19.0000000000000 0.0000000001000
-19.0000000000000 0.0000000001000
-18.7500000000000 0.0000000001000
-18.5000000000000 0.0000000002141
-18.5000000000000 0.0000000002141
-18.2500000000000 0.0000000002352
-18.0000000000000 0.0000000001187
-18.0000000000000 0.0000000001187
-18.0000000000000 0.0000000001187
-18.0000000000000 0.0000000001187
-17.7500000000000 0.0000000001000
-17.5000000000000 0.0000000001369
-17.5000000000000 0.0000000001369
-17.2500000000000 0.0000000002628
-17.0000000000000 0.0000000001791
-17.0000000000000 0.0000000001791
-17.0000000000000 0.0000000001791
-16.7500000000000 0.0000000001000
-16.5000000000000 0.0000000001099
-16.5000000000000 0.0000000001099
-16.2500000000000 0.0000000002429
-16.0000000000000 0.0000000001874
-16.0000000000000 0.0000000001874
-16.0000000000000 0.0000000001874
-16.0000000000000 0.0000000001874
-15.7500000000000 0.0000000001000
-15.5000000000000 0.0000000001265
-15.5000000000000 0.0000000001265
-15.2500000000000 0.0000000002537
-15.1250000000000 0.0000000002013
-15.0000000000000 0.0000000001491
-15.0000000000000 0.0000000001491
-15.0000000000000 0.0000000001491
-15.0000000000000 0.0000000001491
-14.8750000000000 0.0000000001176
-14.7500000000000 0.0000000001000
-14.7500000000000 0.0000000001000
-14.6250000000000 0.0000000001321
-14.5000000000000 0.0000000001651
-14.5000000000000 0.0000000001651
-14.5000000000000 0.0000000001651
-14.3750000000000 0.0000000002000
-14.2500000000000 0.0000000002349
-14.2500000000000 0.0000000002349
-14.1250000000000 0.0000000001955
-14.0000000000000 0.0000000001563
-14.0000000000000 0.0000000001563
-14.0000000000000 0.0000000001563
-14.0000000000000 0.0000000001563
-14.0000000000000 0.0000000001563
-13.8750000000000 0.0000000001372
-13.7500000000000 0.0000000001288
-13.7500000000000 0.0000000001288
-13.6250000000000 0.0000000001128
-13.5000000000000 0.0000000001003
-13.5000000000000 0.0000000001003
-13.5000000000000 0.0000000001003
-13.3750000000000 0.0000000001000
-13.2500000000000 0.0000000002712
-13.2500000000000 0.0000000002712
-13.1250000000000 0.0000000004431
-13.0000000000000 0.0000000002674
-13.0000000000000 0.0000000002674
-13.0000000000000 0.0000000002674
-13.0000000000000 0.0000000002674
-12.8750000000000 0.0000000001191
-12.7500000000000 0.0000000001000
-12.7500000000000 0.0000000001000
-12.6250000000000 0.0000000001000
-12.5000000000000 0.0000000003499
-12.5000000000000 0.0000000003499
-12.5000000000000 0.0000000003499
-12.3750000000000 0.0000000005155
-12.2500000000000 0.0000000001949
-12.2500000000000 0.0000000001949
-12.1250000000000 0.0000000001000
-12.0000000000000 0.0000000001359
-12.0000000000000 0.0000000001359
-12.0000000000000 0.0000000001359
-12.0000000000000 0.0000000001359
-12.0000000000000 0.0000000001359
-11.8750000000000 0.0000000004498
-11.7500000000000 0.0000000004230
-11.7500000000000 0.0000000004230
-11.6250000000000 0.0000000001080
-11.5000000000000 0.0000000001000
-11.5000000000000 0.0000000001000
-11.5000000000000 0.0000000001000
-11.3750000000000 0.0000000003076
-11.2500000000000 0.0000000004760
-11.2500000000000 0.0000000004760
-11.1250000000000 0.0000000001715
-11.0000000000000 0.0000000001000
-11.0000000000000 0.0000000001000
-11.0000000000000 0.0000000001000
-11.0000000000000 0.0000000001000
-10.8750000000000 0.0000000002302
-10.7500000000000 0.0000000005089
-10.7500000000000 0.0000000005089
-10.6250000000000 0.0000000002661
-10.5000000000000 0.0000000001000
-10.5000000000000 0.0000000001000
-10.5000000000000 0.0000000001000
-10.3750000000000 0.0000000001362
-10.2500000000000 0.0000000004386
-10.2500000000000 0.0000000004386
-10.1250000000000 0.0000000003973
-10.0000000000000 0.0000000001023
-10.0000000000000 0.0000000001023
-10.0000000000000 0.0000000001023
-10.0000000000000 0.0000000001023
-10.0000000000000 0.0000000001023
-9.8750000000000 0.0000000001082
-9.7500000000000 0.0000000003726
-9.7500000000000 0.0000000003726
-9.6250000000000 0.0000000004536
-9.5000000000000 0.0000000001338
-9.5000000000000 0.0000000001338
-9.5000000000000 0.0000000001338
-9.3750000000000 0.0000000001000
-9.2500000000000 0.0000000002708
-9.2500000000000 0.0000000002708
-9.1250000000000 0.0000000005802
-9.0000000000000 0.0000000003064
-9.0000000000000 0.0000000003064
-9.0000000000000 0.0000000003064
-9.0000000000000 0.0000000003064
-8.8750000000000 0.0000000001000
-8.7500000000000 0.0000000001081
-8.7500000000000 0.0000000001081
-8.6250000000000 0.0000000004174
-8.5000000000000 0.0000000005855
-8.5000000000000 0.0000000005855
-8.5000000000000 0.0000000005855
-8.3750000000000 0.0000000002045
-8.2500000000000 0.0000000001000
-8.2500000000000 0.0000000001000
-8.1250000000000 0.0000000001417
-8.0000000000000 0.0000000005127
-8.0000000000000 0.0000000005127
-8.0000000000000 0.0000000005127
-8.0000000000000 0.0000000005127
-8.0000000000000 0.0000000005127
-7.8750000000000 0.0000000005104
-7.7500000000000 0.0000000001216
-7.7500000000000 0.0000000001216
-7.6250000000000 0.0000000001000
-7.5000000000000 0.0000000003103
-7.5000000000000 0.0000000003103
-7.5000000000000 0.0000000003103
-7.3750000000000 0.0000000006572
-7.2500000000000 0.0000000003533
-7.2500000000000 0.0000000003533
-7.1250000000000 0.0000000001000
-7.0000000000000 0.0000000001159
-7.0000000000000 0.0000000001159
-7.0000000000000 0.0000000001159
-7.0000000000000 0.0000000001159
-6.8750000000000 0.0000000004161
-6.7500000000000 0.0000000004705
-6.7500000000000 0.0000000004705
-6.6250000000000 0.0000000044039
-6.5000000000000 0.0000016792440
-6.5000000000000 0.0000016792440
-6.5000000000000 0.0000016792440
-6.3750000000000 0.0000145496460
-6.2500000000000 0.0000325712240
-6.2500000000000 0.0000325712240
-6.1250000000000 0.0000507383206
-6.0000000000000 0.0000715343677
-6.0000000000000 0.0000715343677
-6.0000000000000 0.0000715343677
-6.0000000000000 0.0000715343677
-6.0000000000000 0.0000715343677
-5.8750000000000 0.0000932918120
-5.7500000000000 0.0001165650960
-5.7500000000000 0.0001165650960
-5.6250000000000 0.0001416952211
-5.5000000000000 0.0001681783057
-5.5000000000000 0.0001681783057
-5.5000000000000 0.0001681783057
-5.3750000000000 0.0001973551298
-5.2500000000000 0.0002280454930
-5.2500000000000 0.0002280454930
-5.1250000000000 0.0002613652964
-5.0000000000000 0.0002964132171
-5.0000000000000 0.0002964132171
-5.0000000000000 0.0002964132171
-5.0000000000000 0.0002964132171
-4.8750000000000 0.0003339504193
-4.7500000000000 0.0003735064537
-4.7500000000000 0.0003735064537
-4.6250000000000 0.0004163918859
-4.5000000000000 0.0004619441603
-4.5000000000000 0.0004619441603
-4.5000000000000 0.0004619441603
-4.3750000000000 0.0005101321254
-4.2500000000000 0.0005605315017
-4.2500000000000 0.0005605315017
-4.1250000000000 0.0006146809058
-4.0000000000000 0.0006714147071
-4.0000000000000 0.0006714147071
-4.0000000000000 0.0006714147071
-4.0000000000000 0.0006714147071
-4.0000000000000 0.0006714147071
-3.8750000000000 0.0007323488786
-3.7500000000000 0.0007958619124
-3.7500000000000 0.0007958619124
-3.6250000000000 0.0008643092217
-3.5000000000000 0.0009355043621
-3.5000000000000 0.0009355043621
-3.5000000000000 0.0009355043621
-3.3750000000000 0.0010120044843
-3.2500000000000 0.0010912957043
-3.2500000000000 0.0010912957043
-3.1250000000000 0.0011761890317
-3.0000000000000 0.0012642092456
-3.0000000000000 0.0012642092456
-3.0000000000000 0.0012642092456
-3.0000000000000 0.0012642092456
-2.8750000000000 0.0013581194957
-2.7500000000000 0.0014553356349
-2.7500000000000 0.0014553356349
-2.6250000000000 0.0015586942646
-2.5000000000000 0.0016654297616
-2.5000000000000 0.0016654297616
-2.5000000000000 0.0016654297616
-2.3750000000000 0.0017783065641
-2.2500000000000 0.0018943003236
-2.2500000000000 0.0018943003236
-2.1250000000000 0.0020162189032
-2.0000000000000 0.0021406432878
-2.0000000000000 0.0021406432878
-2.0000000000000 0.0021406432878
-2.0000000000000 0.0021406432878
-2.0000000000000 0.0021406432878
-1.8750000000000 0.0022703295671
-1.7500000000000 0.0024011678954
-1.7500000000000 0.0024011678954
-1.6250000000000 0.0025359697335
-1.5000000000000 0.0026700446916
-1.5000000000000 0.0026700446916
-1.5000000000000 0.0026700446916
-1.3750000000000 0.0028058444356
-1.2500000000000 0.0029381825463
-1.2500000000000 0.0029381825463
-1.1250000000000 0.0030692102171
-1.0000000000000 0.0031930757586
-1.0000000000000 0.0031930757586
-1.0000000000000 0.0031930757586
-1.0000000000000 0.0031930757586
-0.8750000000000 0.0033117635242
-0.7500000000000 0.0034188399811
-0.7500000000000 0.0034188399811
-0.6250000000000 0.0035163456906
-0.5000000000000 0.0035977320274
-0.5000000000000 0.0035977320274
-0.5000000000000 0.0035977320274
-0.3750000000000 0.0036654263722
-0.2500000000000 0.0037130512500
-0.2500000000000 0.0037130512500
-0.1250000000000 0.0037437196039
0.0000000000000 0.0037527292754
0.0000000000000 0.0037527292754
0.0000000000000 0.0037527292754
0.0000000000000 0.0037527292754
0.0000000000000 0.0037527292754
0.1250000000000 0.0037437196039
0.2500000000000 0.0037130512500
0.2500000000000 0.0037130512500
0.3750000000000 0.0036654263722
0.5000000000000 0.0035977320274
0.5000000000000 0.0035977320274
0.5000000000000 0.0035977320274
0.6250000000000 0.0035163456906
0.7500000000000 0.0034188399811
0.7500000000000 0.0034188399811
0.8750000000000 0.0033117635242
1.0000000000000 0.0031930757586
1.0000000000000 0.0031930757586
1.0000000000000 0.0031930757586
1.0000000000000 0.0031930757586
1.1250000000000 0.0030692102171
1.2500000000000 0.0029381825463
1.2500000000000 0.0029381825463
1.3750000000000 0.0028058444356
1.5000000000000 0.0026700446916
1.5000000000000 0.0026700446916
1.5000000000000 0.0026700446916
1.6250000000000 0.0025359697335
1.7500000000000 0.0024011678954
1.7500000000000 0.0024011678954
1.8750000000000 0.0022703295671
2.0000000000000 0.0021406432878
2.0000000000000 0.0021406432878
2.0000000000000 0.0021406432878
2.0000000000000 0.0021406432878
2.0000000000000 0.0021406432878
2.1250000000000 0.0020162189032
2.2500000000000 0.0018943003236
2.2500000000000 0.0018943003236
2.3750000000000 0.0017783065641
2.5000000000000 0.0016654297616
2.5000000000000 0.0016654297616
2.5000000000000 0.0016654297616
2.6250000000000 0.0015586942646
2.7500000000000 0.0014553356349
2.7500000000000 0.0014553356349
2.8750000000000 0.0013581194957
3.0000000000000 0.0012642092456
3.0000000000000 0.0012642092456
3.0000000000000 0.0012642092456
3.0000000000000 0.0012642092456
3.1250000000000 0.0011761890317
3.2500000000000 0.0010912957043
3.2500000000000 0.0010912957043
3.3750000000000 0.0010120044843
3.5000000000000 0.0009355043621
3.5000000000000 0.0009355043621
3.5000000000000 0.0009355043621
3.6250000000000 0.0008643092217
3.7500000000000 0.0007958619124
3.7500000000000 0.0007958619124
3.8750000000000 0.0007323488786
4.0000000000000 0.0006714147071
4.0000000000000 0.0006714147071
4.0000000000000 0.0006714147071
4.0000000000000 0.0006714147071
4.0000000000000 0.0006714147071
4.1250000000000 0.0006146809058
4.2500000000000 0.0005605315017
4.2500000000000 0.0005605315017
4.3750000000000 0.0005101321254
4.5000000000000 0.0004619441603
4.5000000000000 0.0004619441603
4.5000000000000 0.0004619441603
4.6250000000000 0.0004163918859
4.7500000000000 0.0003735064537
4.7500000000000 0.0003735064537
4.8750000000000 0.0003339504193
5.0000000000000 0.0002964132171
5.0000000000000 0.0002964132171
5.0000000000000 0.0002964132171
5.0000000000000 0.0002964132171
5.1250000000000 0.0002613652964
5.2500000000000 0.0002280454930
5.2500000000000 0.0002280454930
5.3750000000000 0.0001973551298
5.5000000000000 0.0001681783057
5.5000000000000 0.0001681783057
5.5000000000000 0.0001681783057
5.6250000000000 0.0001416952211
5.7500000000000 0.0001165650960
5.7500000000000 0.0001165650960
5.8750000000000 0.0000932918120
6.0000000000000 0.0000715343677
6.0000000000000 0.0000715343677
6.0000000000000 0.0000715343677
6.0000000000000 0.0000715343677
6.0000000000000 0.0000715343677
6.1250000000000 0.0000507383206
6.2500000000000 0.0000325712240
6.2500000000000 0.0000325712240
6.3750000000000 0.0000145496460
6.5000000000000 0.0000016792440
6.5000000000000 0.0000016792440
6.5000000000000 0.0000016792440
6.6250000000000 0.0000000044039
6.7500000000000 0.0000000004705
6.7500000000000 0.0000000004705
6.8750000000000 0.0000000004161
7.0000000000000 0.0000000001159
7.0000000000000 0.0000000001159
7.0000000000000 0.0000000001159
7.0000000000000 0.0000000001159
7.1250000000000 0.0000000001000
7.2500000000000 0.0000000003533
7.2500000000000 0.0000000003533
7.3750000000000 0.0000000006572
7.5000000000000 0.0000000003103
7.5000000000000 0.0000000003103
7.5000000000000 0.0000000003103
7.6250000000000 0.0000000001000
7.7500000000000 0.0000000001216
7.7500000000000 0.0000000001216
7.8750000000000 0.0000000005104
8.0000000000000 0.0000000005127
8.0000000000000 0.0000000005127
8.0000000000000 0.0000000005127
8.0000000000000 0.0000000005127
8.0000000000000 0.0000000005127
8.1250000000000 0.0000000001417
8.2500000000000 0.0000000001000
8.2500000000000 0.0000000001000
8.3750000000000 0.0000000002045
8.5000000000000 0.0000000005855
8.5000000000000 0.0000000005855
8.5000000000000 0.0000000005855
8.6250000000000 0.0000000004174
8.7500000000000 0.0000000001081
8.7500000000000 0.0000000001081
8.8750000000000 0.0000000001000
9.0000000000000 0.0000000003064
9.0000000000000 0.0000000003064
9.0000000000000 0.0000000003064
9.0000000000000 0.0000000003064
9.1250000000000 0.0000000005802
9.2500000000000 0.0000000002708
9.2500000000000 0.0000000002708
9.3750000000000 0.0000000001000
9.5000000000000 0.0000000001338
9.5000000000000 0.0000000001338
9.5000000000000 0.0000000001338
9.6250000000000 0.0000000004536
9.7500000000000 0.0000000003726
9.7500000000000 0.0000000003726
9.8750000000000 0.0000000001082
10.0000000000000 0.0000000001023
10.0000000000000 0.0000000001023
10.0000000000000 0.0000000001023
10.0000000000000 0.0000000001023
10.0000000000000 0.0000000001023
10.1250000000000 0.0000000003973
10.2500000000000 0.0000000004386
10.2500000000000 0.0000000004386
10.3750000000000 0.0000000001362
10.5000000000000 0.0000000001000
10.5000000000000 0.0000000001000
10.5000000000000 0.0000000001000
10.6250000000000 0.0000000002661
10.7500000000000 0.0000000005089
10.7500000000000 0.0000000005089
10.8750000000000 0.0000000002302
11.0000000000000 0.0000000001000
11.0000000000000 0.0000000001000
11.0000000000000 0.0000000001000
11.0000000000000 0.0000000001000
11.1250000000000 0.0000000001715
11.2500000000000 0.0000000004760
11.2500000000000 0.0000000004760
11.3750000000000 0.0000000003076
11.5000000000000 0.0000000001000
11.5000000000000 0.0000000001000
11.5000000000000 0.0000000001000
11.6250000000000 0.0000000001080
11.7500000000000 0.0000000004230
11.7500000000000 0.0000000004230
11.8750000000000 0.0000000004498
12.0000000000000 0.0000000001359
12.0000000000000 0.0000000001359
12.0000000000000 0.0000000001359
12.0000000000000 0.0000000001359
12.0000000000000 0.0000000001359
12.1250000000000 0.0000000001000
12.2500000000000 0.0000000001949
12.2500000000000 0.0000000001949
12.3750000000000 0.0000000005155
12.5000000000000 0.0000000003499
12.5000000000000 0.0000000003499
12.5000000000000 0.0000000003499
12.6250000000000 0.0000000001000
12.7500000000000 0.0000000001000
12.7500000000000 0.0000000001000
12.8750000000000 0.0000000001191
13.0000000000000 0.0000000002674
13.0000000000000 0.0000000002674
13.0000000000000 0.0000000002674
13.0000000000000 0.0000000002674
13.1250000000000 0.0000000004431
13.2500000000000 0.0000000002712
13.2500000000000 0.0000000002712
13.3750000000000 0.0000000001000
13.5000000000000 0.0000000001003
13.5000000000000 0.0000000001003
13.5000000000000 0.0000000001003
13.6250000000000 0.0000000001128
13.7500000000000 0.0000000001288
13.7500000000000 0.0000000001288
13.8750000000000 0.0000000001372
14.0000000000000 0.0000000001563
14.0000000000000 0.0000000001563
14.0000000000000 0.0000000001563
14.0000000000000 0.0000000001563
14.0000000000000 0.0000000001563
14.1250000000000 0.0000000001955
14.2500000000000 0.0000000002349
14.2500000000000 0.0000000002349
14.3750000000000 0.0000000002000
14.5000000000000 0.0000000001651
14.5000000000000 0.0000000001651
14.5000000000000 0.0000000001651
14.6250000000000 0.0000000001321
14.7500000000000 0.0000000001000
14.7500000000000 0.0000000001000
14.8750000000000 0.0000000001176
15.0000000000000 0.0000000001491
15.0000000000000 0.0000000001491
15.0000000000000 0.0000000001491
15.0000000000000 0.0000000001491
15.1250000000000 0.0000000002013
15.2500000000000 0.0000000002537
15.5000000000000 0.0000000001265
15.5000000000000 0.0000000001265
15.7500000000000 0.0000000001000
16.0000000000000 0.0000000001874
16.0000000000000 0.0000000001874
16.0000000000000 0.0000000001874
16.0000000000000 0.0000000001874
16.2500000000000 0.0000000002429
16.5000000000000 0.0000000001099
16.5000000000000 0.0000000001099
16.7500000000000 0.0000000001000
17.0000000000000 0.0000000001791
17.0000000000000 0.0000000001791
17.0000000000000 0.0000000001791
17.2500000000000 0.0000000002628
17.5000000000000 0.0000000001369
17.5000000000000 0.0000000001369
17.7500000000000 0.0000000001000
18.0000000000000 0.0000000001187
18.0000000000000 0.0000000001187
18.0000000000000 0.0000000001187
18.0000000000000 0.0000000001187
18.2500000000000 0.0000000002352
18.5000000000000 0.0000000002141
18.5000000000000 0.0000000002141
18.7500000000000 0.0000000001000
19.0000000000000 0.0000000001000
19.0000000000000 0.0000000001000
19.0000000000000 0.0000000001000
19.2500000000000 0.0000000001376
19.5000000000000 0.0000000001972
19.5000000000000 0.0000000001972
19.7500000000000 0.0000000001778
20.0000000000000 0.0000000001201
20.0000000000000 0.0000000001201
20.0000000000000 0.0000000001201
20.0000000000000 0.0000000001201
20.2500000000000 0.0000000001056
20.5000000000000 0.0000000001000
20.5000000000000 0.0000000001000
20.7500000000000 0.0000000001041
21.0000000000000 0.0000000001162
21.0000000000000 0.0000000001162
21.0000000000000 0.0000000001162
21.2500000000000 0.0000000001404
21.5000000000000 0.0000000001646
21.5000000000000 0.0000000001646
21.7500000000000 0.0000000001347
22.0000000000000 0.0000000001047
22.0000000000000 0.0000000001047
22.0000000000000 0.0000000001047
22.0000000000000 0.0000000001047
22.2500000000000 0.0000000001024
22.5000000000000 0.0000000001000
23.0000000000000 0.0000000001596
23.0000000000000 0.0000000001596
23.5000000000000 0.0000000001171
24.0000000000000 0.0000000001000
24.0000000000000 0.0000000001000
24.0000000000000 0.0000000001000
24.5000000000000 0.0000000001282
25.0000000000000 0.0000000001422
25.0000000000000 0.0000000001422
25.5000000000000 0.0000000001007
26.0000000000000 0.0000000001000
26.0000000000000 0.0000000001000
26.0000000000000 0.0000000001000
26.5000000000000 0.0000000001086
27.0000000000000 0.0000000001296
27.0000000000000 0.0000000001296
27.5000000000000 0.0000000001224
28.0000000000000 0.0000000001000
28.0000000000000 0.0000000001000
28.0000000000000 0.0000000001000
28.5000000000000 0.0000000001076
29.0000000000000 0.0000000001425
29.0000000000000 0.0000000001425
29.5000000000000 0.0000000001043
30.0000000000000 0.0000000001000
30.0000000000000 0.0000000001000
30.0000000000000 0.0000000001000
30.5000000000000 0.0000000001301
31.0000000000000 0.0000000001355
31.0000000000000 0.0000000001355
31.5000000000000 0.0000000001000
32.0000000000000 0.0000000001006
32.0000000000000 0.0000000001006
32.0000000000000 0.0000000001006
32.5000000000000 0.0000000001040
33.0000000000000 0.0000000001074
33.0000000000000 0.0000000001074
33.5000000000000 0.0000000001037
34.0000000000000 0.0000000001000
34.0000000000000 0.0000000001000
34.0000000000000 0.0000000001000
34.5000000000000 0.0000000001027
35.0000000000000 0.0000000001054
35.0000000000000 0.0000000001054
35.5000000000000 0.0000000001034
36.0000000000000 0.0000000001013
36.0000000000000 0.0000000001013
36.0000000000000 0.0000000001013
36.5000000000000 0.0000000001003
37.0000000000000 0.0000000001000
38.0000000000000 0.0000000001030
38.0000000000000 0.0000000001030
39.0000000000000 0.0000000001000
40.0000000000000 0.0000000001052
40.0000000000000 0.0000000001052
41.0000000000000 0.0000000001000
42.0000000000000 0.0000000001089
42.0000000000000 0.0000000001089
43.0000000000000 0.0000000001010
44.0000000000000 0.0000000001000
44.0000000000000 0.0000000001000
45.0000000000000 0.0000000001108
46.0000000000000 0.0000000001003
46.0000000000000 0.0000000001003
47.0000000000000 0.0000000001000
48.0000000000000 0.0000000001069
48.0000000000000 0.0000000001069
49.0000000000000 0.0000000001028
50.0000000000000 0.0000000001000
50.0000000000000 0.0000000001000
51.0000000000000 0.0000000001017
52.0000000000000 0.0000000001046
52.0000000000000 0.0000000001046
53.0000000000000 0.0000000001027
54.0000000000000 0.0000000001000
54.0000000000000 0.0000000001000
55.0000000000000 0.0000000001008
56.0000000000000 0.0000000001043
56.0000000000000 0.0000000001043
57.0000000000000 0.0000000001024
58.0000000000000 0.0000000001000
58.0000000000000 0.0000000001000
59.0000000000000 0.0000000001006
60.0000000000000 0.0000000001025
60.0000000000000 0.0000000001025
61.0000000000000 0.0000000001036
62.0000000000000 0.0000000001000
62.0000000000000 0.0000000001000
63.0000000000000 0.0000000001001
64.0000000000000 0.0000000001040
64.0000000000000 0.0000000001040
65.0000000000000 0.0000000001014
66.0000000000000 0.0000000001000
66.0000000000000 0.0000000001000
67.0000000000000 0.0000000001025
68.0000000000000 0.0000000001026
68.0000000000000 0.0000000001026
69.0000000000000 0.0000000001000
70.0000000000000 0.0000000001008
70.0000000000000 0.0000000001008
71.0000000000000 0.0000000001037
72.0000000000000 0.0000000001005
72.0000000000000 0.0000000001005
73.0000000000000 0.0000000001000
74.0000000000000 0.0000000001021
74.0000000000000 0.0000000001021
75.0000000000000 0.0000000001020
76.0000000000000 0.0000000001000
76.0000000000000 0.0000000001000
77.0000000000000 0.0000000001006
78.0000000000000 0.0000000001026
78.0000000000000 0.0000000001026
79.0000000000000 0.0000000001015
80.0000000000000 0.0000000001000
80.0000000000000 0.0000000001000
81.0000000000000 0.0000000001003
82.0000000000000 0.0000000001017
82.0000000000000 0.0000000001017
83.0000000000000 0.0000000001024
84.0000000000000 0.0000000001000
84.0000000000000 0.0000000001000
85.0000000000000 0.0000000001000
86.0000000000000 0.0000000001011
86.0000000000000 0.0000000001011
87.0000000000000 0.0000000001019
88.0000000000000 0.0000000001012
88.0000000000000 0.0000000001012
89.0000000000000 0.0000000001000
90.0000000000000 0.0000000001001
90.0000000000000 0.0000000001001
91.0000000000000 0.0000000001004
92.0000000000000 0.0000000001006
92.0000000000000 0.0000000001006
93.0000000000000 0.0000000001015
94.0000000000000 0.0000000001000
94.0000000000000 0.0000000001000
95.0000000000000 0.0000000001001
96.0000000000000 0.0000000001020
96.0000000000000 0.0000000001020
97.0000000000000 0.0000000001009
98.0000000000000 0.0000000001000
98.0000000000000 0.0000000001000
99.0000000000000 0.0000000001008
100.0000000000000 0.0000000001023
100.0000000000000 0.0000000001023
101.0000000000000 0.0000000001000
102.0000000000000 0.0000000001000
102.0000000000000 0.0000000001000
103.0000000000000 0.0000000001019
104.0000000000000 0.0000000001010
104.0000000000000 0.0000000001010
105.0000000000000 0.0000000001000
106.0000000000000 0.0000000001006
106.0000000000000 0.0000000001006
107.0000000000000 0.0000000001014
108.0000000000000 0.0000000001007
108.0000000000000 0.0000000001007
109.0000000000000 0.0000000001000
110.0000000000000 0.0000000001000
110.0000000000000 0.0000000001000
111.0000000000000 0.0000000001002
112.0000000000000 0.0000000001003
112.0000000000000 0.0000000001003
113.0000000000000 0.0000000001004
114.0000000000000 0.0000000001009
114.0000000000000 0.0000000001009
115.0000000000000 0.0000000001006
116.0000000000000 0.0000000001000
116.0000000000000 0.0000000001000
117.0000000000000 0.0000000001002
118.0000000000000 0.0000000001009
118.0000000000000 0.0000000001009
119.0000000000000 0.0000000001009
120.0000000000000 0.0000000001002
120.0000000000000 0.0000000001002
121.0000000000000 0.0000000001000
122.0000000000000 0.0000000001002
122.0000000000000 0.0000000001002
123.0000000000000 0.0000000001007
124.0000000000000 0.0000000001010
124.0000000000000 0.0000000001010
125.0000000000000 0.0000000001010
126.0000000000000 0.0000000001002
126.0000000000000 0.0000000001002
127.0000000000000 0.0000000001000
128.0000000000000 0.0000000001002
128.0000000000000 0.0000000001002
129.0000000000000 0.0000000001005
130.0000000000000 0.0000000001008
130.0000000000000 0.0000000001008
131.0000000000000 0.0000000001004
132.0000000000000 0.0000000001000
132.0000000000000 0.0000000001000
133.0000000000000 0.0000000001000
134.0000000000000 0.0000000001000
134.0000000000000 0.0000000001000
135.0000000000000 0.0000000001003
136.0000000000000 0.0000000001006
136.0000000000000 0.0000000001006
137.0000000000000 0.0000000001004
138.0000000000000 0.0000000001002
140.0000000000000 0.0000000001000
142.0000000000000 0.0000000001001
144.0000000000000 0.0000000001003
146.0000000000000 0.0000000001003
148.0000000000000 0.0000000001000
150.0000000000000 0.0000000001000
152.0000000000000 0.0000000001002
154.0000000000000 0.0000000001003
156.0000000000000 0.0000000001000
158.0000000000000 0.0000000001002
160.0000000000000 0.0000000001005
162.0000000000000 0.0000000001000
164.0000000000000 0.0000000001001
166.0000000000000 0.0000000001004
168.0000000000000 0.0000000001000
170.0000000000000 0.0000000001000
172.0000000000000 0.0000000001003
174.0000000000000 0.0000000001002
176.0000000000000 0.0000000001000
178.0000000000000 0.0000000001000
180.0000000000000 0.0000000001002
182.0000000000000 0.0000000001002
184.0000000000000 0.0000000001001
186.0000000000000 0.0000000001000
188.0000000000000 0.0000000001000
190.0000000000000 0.0000000001001
192.0000000000000 0.0000000001001
194.0000000000000 0.0000000001001
196.0000000000000 0.0000000001002
198.0000000000000 0.0000000001000
200.0000000000000 0.0000000001000
202.0000000000000 0.0000000001003
204.0000000000000 0.0000000001001
206.0000000000000 0.0000000001000
208.0000000000000 0.0000000001002
210.0000000000000 0.0000000001000
212.0000000000000 0.0000000001000
214.0000000000000 0.0000000001003
216.0000000000000 0.0000000001000
218.0000000000000 0.0000000001000
220.0000000000000 0.0000000001001
222.0000000000000 0.0000000001000
224.0000000000000 0.0000000001002
226.0000000000000 0.0000000001001
228.0000000000000 0.0000000001000
230.0000000000000 0.0000000001002
232.0000000000000 0.0000000001000
234.0000000000000 0.0000000001000
236.0000000000000 0.0000000001002
238.0000000000000 0.0000000001000
240.0000000000000 0.0000000001000
242.0000000000000 0.0000000001001
244.0000000000000 0.0000000001000
246.0000000000000 0.0000000001001
248.0000000000000 0.0000000001001
250.0000000000000 0.0000000001000
252.0000000000000 0.0000000001001
254.0000000000000 0.0000000001000
256.0000000000000 0.0000000001000
258.0000000000000 0.0000000001001
260.0000000000000 0.0000000001000
262.0000000000000 0.0000000001001
264.0000000000000 0.0000000001001
266.0000000000000 0.0000000001000
268.0000000000000 0.0000000001001
270.0000000000000 0.0000000001000
272.0000000000000 0.0000000001001
274.0000000000000 0.0000000001000
276.0000000000000 0.0000000001000
278.0000000000000 0.0000000001001
280.0000000000000 0.0000000001000
282.0000000000000 0.0000000001001
284.0000000000000 0.0000000001000
286.0000000000000 0.0000000001001
288.0000000000000 0.0000000001000
290.0000000000000 0.0000000001000
292.0000000000000 0.0000000001000
294.0000000000000 0.0000000001000
296.0000000000000 0.0000000001000
298.0000000000000 0.0000000001000
300.0000000000000 0.0000000001000
302.0000000000000 0.0000000001000
304.0000000000000 0.0000000001000
306.0000000000000 0.0000000001000
308.0000000000000 0.0000000001001
310.0000000000000 0.0000000001000
312.0000000000000 0.0000000001000
314.0000000000000 0.0000000001000
316.0000000000000 0.0000000001000
318.0000000000000 0.0000000001000
