t ml_ham
0.000000000000000000e+00 -6.635789962362760586e-02
0.000000000000000000e+00 -6.635789962362760586e-02
0.000000000000000000e+00 -6.635789962362760586e-02
4.000000000000000222e-01 -6.648507439020930054e-02
4.000000000000000222e-01 -6.648507439020930054e-02
4.000000000000000222e-01 -6.648507439020930054e-02
8.000000000000000444e-01 -6.629838910303180455e-02
8.000000000000000444e-01 -6.629838910303180455e-02
8.000000000000000444e-01 -6.629838910303180455e-02
1.199999999999999956e+00 -6.607481552809470193e-02
1.199999999999999956e+00 -6.607481552809470193e-02
1.199999999999999956e+00 -6.607481552809470193e-02
1.600000000000000089e+00 -6.650817995833330221e-02
1.600000000000000089e+00 -6.650817995833330221e-02
1.600000000000000089e+00 -6.650817995833330221e-02
2.000000000000000000e+00 -6.600376537211649630e-02
2.000000000000000000e+00 -6.600376537211649630e-02
2.000000000000000000e+00 -6.600376537211649630e-02
2.399999999999999911e+00 -6.572345359006989685e-02
2.399999999999999911e+00 -6.572345359006989685e-02
2.399999999999999911e+00 -6.572345359006989685e-02
2.799999999999999822e+00 -6.643515534887689533e-02
2.799999999999999822e+00 -6.643515534887689533e-02
2.799999999999999822e+00 -6.643515534887689533e-02
3.200000000000000178e+00 -6.584037656997129839e-02
3.200000000000000178e+00 -6.584037656997129839e-02
3.200000000000000178e+00 -6.584037656997129839e-02
3.600000000000000089e+00 -6.532051713345639332e-02
3.600000000000000089e+00 -6.532051713345639332e-02
3.600000000000000089e+00 -6.532051713345639332e-02
4.000000000000000000e+00 -6.545214065340029808e-02
4.000000000000000000e+00 -6.545214065340029808e-02
4.000000000000000000e+00 -6.545214065340029808e-02
4.400000000000000355e+00 -6.646873253299889761e-02
4.400000000000000355e+00 -6.646873253299889761e-02
4.400000000000000355e+00 -6.646873253299889761e-02
4.799999999999999822e+00 -6.526084658986909537e-02
4.799999999999999822e+00 -6.526084658986909537e-02
4.799999999999999822e+00 -6.526084658986909537e-02
5.200000000000000178e+00 -6.538068074955100117e-02
5.200000000000000178e+00 -6.538068074955100117e-02
5.200000000000000178e+00 -6.538068074955100117e-02
5.599999999999999645e+00 -6.648207140469859777e-02
5.599999999999999645e+00 -6.648207140469859777e-02
5.599999999999999645e+00 -6.648207140469859777e-02
6.000000000000000000e+00 -6.527508610568830139e-02
6.000000000000000000e+00 -6.527508610568830139e-02
6.000000000000000000e+00 -6.527508610568830139e-02
6.400000000000000355e+00 -6.446199525882739811e-02
6.400000000000000355e+00 -6.446199525882739811e-02
6.400000000000000355e+00 -6.446199525882739811e-02
6.799999999999999822e+00 -6.527688628492840650e-02
6.799999999999999822e+00 -6.527688628492840650e-02
6.799999999999999822e+00 -6.527688628492840650e-02
7.200000000000000178e+00 -6.591548490333619392e-02
7.200000000000000178e+00 -6.591548490333619392e-02
7.200000000000000178e+00 -6.591548490333619392e-02
7.599999999999999645e+00 -6.446799060093059974e-02
7.599999999999999645e+00 -6.446799060093059974e-02
7.599999999999999645e+00 -6.446799060093059974e-02
8.000000000000000000e+00 -6.510341271939890095e-02
8.000000000000000000e+00 -6.510341271939890095e-02
8.000000000000000000e+00 -6.510341271939890095e-02
8.400000000000000355e+00 -6.580327321547099761e-02
8.400000000000000355e+00 -6.580327321547099761e-02
8.400000000000000355e+00 -6.580327321547099761e-02
8.800000000000000711e+00 -6.507018206785850079e-02
8.800000000000000711e+00 -6.507018206785850079e-02
8.800000000000000711e+00 -6.507018206785850079e-02
9.199999999999999289e+00 -6.434203340698850526e-02
9.199999999999999289e+00 -6.434203340698850526e-02
9.199999999999999289e+00 -6.434203340698850526e-02
9.599999999999999645e+00 -6.536875326084490290e-02
9.599999999999999645e+00 -6.536875326084490290e-02
9.599999999999999645e+00 -6.536875326084490290e-02
1.000000000000000000e+01 -6.509155075285699699e-02
1.000000000000000000e+01 -6.509155075285699699e-02
1.000000000000000000e+01 -6.509155075285699699e-02
1.040000000000000036e+01 -6.399942426183670430e-02
1.040000000000000036e+01 -6.399942426183670430e-02
1.040000000000000036e+01 -6.399942426183670430e-02
1.080000000000000071e+01 -6.472732784983549481e-02
1.080000000000000071e+01 -6.472732784983549481e-02
1.080000000000000071e+01 -6.472732784983549481e-02
1.119999999999999929e+01 -6.519769907335590253e-02
1.119999999999999929e+01 -6.519769907335590253e-02
1.119999999999999929e+01 -6.519769907335590253e-02
1.159999999999999964e+01 -6.448848727935270475e-02
1.159999999999999964e+01 -6.448848727935270475e-02
1.159999999999999964e+01 -6.448848727935270475e-02
1.200000000000000000e+01 -6.347597907768050274e-02
1.200000000000000000e+01 -6.347597907768050274e-02
1.200000000000000000e+01 -6.347597907768050274e-02
1.240000000000000036e+01 -6.526757256086940240e-02
1.240000000000000036e+01 -6.526757256086940240e-02
1.240000000000000036e+01 -6.526757256086940240e-02
1.280000000000000071e+01 -6.535457054048469938e-02
1.280000000000000071e+01 -6.535457054048469938e-02
1.280000000000000071e+01 -6.535457054048469938e-02
1.319999999999999929e+01 -6.290063702896700470e-02
1.319999999999999929e+01 -6.290063702896700470e-02
1.319999999999999929e+01 -6.290063702896700470e-02
1.359999999999999964e+01 -6.488516849045790347e-02
1.359999999999999964e+01 -6.488516849045790347e-02
1.359999999999999964e+01 -6.488516849045790347e-02
1.400000000000000000e+01 -6.497681758441960220e-02
1.400000000000000000e+01 -6.497681758441960220e-02
1.400000000000000000e+01 -6.497681758441960220e-02
1.440000000000000036e+01 -6.359179914533369393e-02
1.440000000000000036e+01 -6.359179914533369393e-02
1.440000000000000036e+01 -6.359179914533369393e-02
1.480000000000000071e+01 -6.435364222360799580e-02
1.480000000000000071e+01 -6.435364222360799580e-02
1.480000000000000071e+01 -6.435364222360799580e-02
1.519999999999999929e+01 -6.373300398362359565e-02
1.519999999999999929e+01 -6.373300398362359565e-02
1.519999999999999929e+01 -6.373300398362359565e-02
1.559999999999999964e+01 -6.456895525098209354e-02
1.559999999999999964e+01 -6.456895525098209354e-02
1.559999999999999964e+01 -6.456895525098209354e-02
1.600000000000000000e+01 -6.356987810738369549e-02
1.600000000000000000e+01 -6.356987810738369549e-02
1.600000000000000000e+01 -6.356987810738369549e-02
1.639999999999999858e+01 -6.365764587455030599e-02
1.639999999999999858e+01 -6.365764587455030599e-02
1.639999999999999858e+01 -6.365764587455030599e-02
1.680000000000000071e+01 -6.469252635254890693e-02
1.680000000000000071e+01 -6.469252635254890693e-02
1.680000000000000071e+01 -6.469252635254890693e-02
1.719999999999999929e+01 -6.285989833108150682e-02
1.719999999999999929e+01 -6.285989833108150682e-02
1.719999999999999929e+01 -6.285989833108150682e-02
1.760000000000000142e+01 -6.401764112921549954e-02
1.760000000000000142e+01 -6.401764112921549954e-02
1.760000000000000142e+01 -6.401764112921549954e-02
1.800000000000000000e+01 -6.450782738926250093e-02
1.800000000000000000e+01 -6.450782738926250093e-02
1.800000000000000000e+01 -6.450782738926250093e-02
1.839999999999999858e+01 -6.240620815115229675e-02
1.839999999999999858e+01 -6.240620815115229675e-02
1.839999999999999858e+01 -6.240620815115229675e-02
1.880000000000000071e+01 -6.422796053308249542e-02
1.880000000000000071e+01 -6.422796053308249542e-02
1.880000000000000071e+01 -6.422796053308249542e-02
1.919999999999999929e+01 -6.390546362882890130e-02
1.919999999999999929e+01 -6.390546362882890130e-02
1.919999999999999929e+01 -6.390546362882890130e-02
1.960000000000000142e+01 -6.240383744957200135e-02
1.960000000000000142e+01 -6.240383744957200135e-02
1.960000000000000142e+01 -6.240383744957200135e-02
2.000000000000000000e+01 -6.427680491203799362e-02
2.000000000000000000e+01 -6.427680491203799362e-02
2.000000000000000000e+01 -6.427680491203799362e-02
2.039999999999999858e+01 -6.325877266092440332e-02
2.039999999999999858e+01 -6.325877266092440332e-02
2.039999999999999858e+01 -6.325877266092440332e-02
2.080000000000000071e+01 -6.264354167991749434e-02
2.080000000000000071e+01 -6.264354167991749434e-02
2.080000000000000071e+01 -6.264354167991749434e-02
2.119999999999999929e+01 -6.383292323977980687e-02
2.119999999999999929e+01 -6.383292323977980687e-02
2.119999999999999929e+01 -6.383292323977980687e-02
2.160000000000000142e+01 -6.309184296223539767e-02
2.160000000000000142e+01 -6.309184296223539767e-02
2.160000000000000142e+01 -6.309184296223539767e-02
2.200000000000000000e+01 -6.278000796447509579e-02
2.200000000000000000e+01 -6.278000796447509579e-02
2.200000000000000000e+01 -6.278000796447509579e-02
2.239999999999999858e+01 -6.318095880356550120e-02
2.239999999999999858e+01 -6.318095880356550120e-02
2.239999999999999858e+01 -6.318095880356550120e-02
2.280000000000000071e+01 -6.331461940351169881e-02
2.280000000000000071e+01 -6.331461940351169881e-02
2.280000000000000071e+01 -6.331461940351169881e-02
2.319999999999999929e+01 -6.263662527155210158e-02
2.319999999999999929e+01 -6.263662527155210158e-02
2.319999999999999929e+01 -6.263662527155210158e-02
2.360000000000000142e+01 -6.260912675204489963e-02
2.360000000000000142e+01 -6.260912675204489963e-02
2.360000000000000142e+01 -6.260912675204489963e-02
2.400000000000000000e+01 -6.339203413084060212e-02
2.400000000000000000e+01 -6.339203413084060212e-02
2.400000000000000000e+01 -6.339203413084060212e-02
2.439999999999999858e+01 -6.263087765171340693e-02
2.439999999999999858e+01 -6.263087765171340693e-02
2.439999999999999858e+01 -6.263087765171340693e-02
2.480000000000000071e+01 -6.208074378156770018e-02
2.480000000000000071e+01 -6.208074378156770018e-02
2.480000000000000071e+01 -6.208074378156770018e-02
2.519999999999999929e+01 -6.314711098123890198e-02
2.519999999999999929e+01 -6.314711098123890198e-02
2.519999999999999929e+01 -6.314711098123890198e-02
2.560000000000000142e+01 -6.284827808310279595e-02
2.560000000000000142e+01 -6.284827808310279595e-02
2.560000000000000142e+01 -6.284827808310279595e-02
2.600000000000000000e+01 -6.166239895693519796e-02
2.600000000000000000e+01 -6.166239895693519796e-02
2.600000000000000000e+01 -6.166239895693519796e-02
2.639999999999999858e+01 -6.280366610601929855e-02
2.639999999999999858e+01 -6.280366610601929855e-02
2.639999999999999858e+01 -6.280366610601929855e-02
2.680000000000000071e+01 -6.294756198859920160e-02
2.680000000000000071e+01 -6.294756198859920160e-02
2.680000000000000071e+01 -6.294756198859920160e-02
2.719999999999999929e+01 -6.150867375640819978e-02
2.719999999999999929e+01 -6.150867375640819978e-02
2.719999999999999929e+01 -6.150867375640819978e-02
2.760000000000000142e+01 -6.242959010438030309e-02
2.760000000000000142e+01 -6.242959010438030309e-02
2.760000000000000142e+01 -6.242959010438030309e-02
2.800000000000000000e+01 -6.283221552182359504e-02
2.800000000000000000e+01 -6.283221552182359504e-02
2.800000000000000000e+01 -6.283221552182359504e-02
2.839999999999999858e+01 -6.160820206325030163e-02
2.839999999999999858e+01 -6.160820206325030163e-02
2.839999999999999858e+01 -6.160820206325030163e-02
2.880000000000000071e+01 -6.185322807315130067e-02
2.880000000000000071e+01 -6.185322807315130067e-02
2.880000000000000071e+01 -6.185322807315130067e-02
2.919999999999999929e+01 -6.270795773925029459e-02
2.919999999999999929e+01 -6.270795773925029459e-02
2.919999999999999929e+01 -6.270795773925029459e-02
2.960000000000000142e+01 -6.172709612952000102e-02
2.960000000000000142e+01 -6.172709612952000102e-02
2.960000000000000142e+01 -6.172709612952000102e-02
3.000000000000000000e+01 -6.133363443172899776e-02
3.000000000000000000e+01 -6.133363443172899776e-02
3.000000000000000000e+01 -6.133363443172899776e-02
3.039999999999999858e+01 -6.258057979131240178e-02
3.039999999999999858e+01 -6.258057979131240178e-02
3.039999999999999858e+01 -6.258057979131240178e-02
3.080000000000000071e+01 -6.166597302872609682e-02
3.080000000000000071e+01 -6.166597302872609682e-02
3.080000000000000071e+01 -6.166597302872609682e-02
3.119999999999999929e+01 -6.122609750513129806e-02
3.119999999999999929e+01 -6.122609750513129806e-02
3.119999999999999929e+01 -6.122609750513129806e-02
3.160000000000000142e+01 -6.209410611556299975e-02
3.160000000000000142e+01 -6.209410611556299975e-02
3.160000000000000142e+01 -6.209410611556299975e-02
3.200000000000000000e+01 -6.168544357595640015e-02
3.200000000000000000e+01 -6.168544357595640015e-02
3.200000000000000000e+01 -6.168544357595640015e-02
3.239999999999999858e+01 -6.105345111704849753e-02
3.239999999999999858e+01 -6.105345111704849753e-02
3.239999999999999858e+01 -6.105345111704849753e-02
3.279999999999999716e+01 -6.172304759528880053e-02
3.279999999999999716e+01 -6.172304759528880053e-02
3.279999999999999716e+01 -6.172304759528880053e-02
3.320000000000000284e+01 -6.157980917255490017e-02
3.320000000000000284e+01 -6.157980917255490017e-02
3.320000000000000284e+01 -6.157980917255490017e-02
3.360000000000000142e+01 -6.098732909029819932e-02
3.360000000000000142e+01 -6.098732909029819932e-02
3.360000000000000142e+01 -6.098732909029819932e-02
3.400000000000000000e+01 -6.148133777978109782e-02
3.400000000000000000e+01 -6.148133777978109782e-02
3.400000000000000000e+01 -6.148133777978109782e-02
3.439999999999999858e+01 -6.113874187307519886e-02
3.439999999999999858e+01 -6.113874187307519886e-02
3.439999999999999858e+01 -6.113874187307519886e-02
3.479999999999999716e+01 -6.110657718517609888e-02
3.479999999999999716e+01 -6.110657718517609888e-02
3.479999999999999716e+01 -6.110657718517609888e-02
3.520000000000000284e+01 -6.112792671124459704e-02
3.520000000000000284e+01 -6.112792671124459704e-02
3.520000000000000284e+01 -6.112792671124459704e-02
3.560000000000000142e+01 -6.090219582581180013e-02
3.560000000000000142e+01 -6.090219582581180013e-02
3.560000000000000142e+01 -6.090219582581180013e-02
3.600000000000000000e+01 -6.102654594976669733e-02
3.600000000000000000e+01 -6.102654594976669733e-02
3.600000000000000000e+01 -6.102654594976669733e-02
3.639999999999999858e+01 -6.067865665051189877e-02
3.639999999999999858e+01 -6.067865665051189877e-02
3.639999999999999858e+01 -6.067865665051189877e-02
3.679999999999999716e+01 -6.088490481428410206e-02
3.679999999999999716e+01 -6.088490481428410206e-02
3.679999999999999716e+01 -6.088490481428410206e-02
3.720000000000000284e+01 -6.066621721100969727e-02
3.720000000000000284e+01 -6.066621721100969727e-02
3.720000000000000284e+01 -6.066621721100969727e-02
3.760000000000000142e+01 -6.045116052729859746e-02
3.760000000000000142e+01 -6.045116052729859746e-02
3.760000000000000142e+01 -6.045116052729859746e-02
3.800000000000000000e+01 -6.069773986866779797e-02
3.800000000000000000e+01 -6.069773986866779797e-02
3.800000000000000000e+01 -6.069773986866779797e-02
3.839999999999999858e+01 -6.022173744100969839e-02
3.839999999999999858e+01 -6.022173744100969839e-02
3.839999999999999858e+01 -6.022173744100969839e-02
3.879999999999999716e+01 -6.035293586716219960e-02
3.879999999999999716e+01 -6.035293586716219960e-02
3.879999999999999716e+01 -6.035293586716219960e-02
3.920000000000000284e+01 -6.026023114027979910e-02
3.920000000000000284e+01 -6.026023114027979910e-02
3.920000000000000284e+01 -6.026023114027979910e-02
3.960000000000000142e+01 -6.004041720708679780e-02
3.960000000000000142e+01 -6.004041720708679780e-02
3.960000000000000142e+01 -6.004041720708679780e-02
4.000000000000000000e+01 -6.017745140146309873e-02
4.000000000000000000e+01 -6.017745140146309873e-02
4.000000000000000000e+01 -6.017745140146309873e-02
4.039999999999999858e+01 -5.984991802238259773e-02
4.039999999999999858e+01 -5.984991802238259773e-02
4.039999999999999858e+01 -5.984991802238259773e-02
4.079999999999999716e+01 -6.007008720077459951e-02
4.079999999999999716e+01 -6.007008720077459951e-02
4.079999999999999716e+01 -6.007008720077459951e-02
4.120000000000000284e+01 -5.977224809234860103e-02
4.120000000000000284e+01 -5.977224809234860103e-02
4.120000000000000284e+01 -5.977224809234860103e-02
4.160000000000000142e+01 -5.976615436066549936e-02
4.160000000000000142e+01 -5.976615436066549936e-02
4.160000000000000142e+01 -5.976615436066549936e-02
4.200000000000000000e+01 -5.992165675402590097e-02
4.200000000000000000e+01 -5.992165675402590097e-02
4.200000000000000000e+01 -5.992165675402590097e-02
4.239999999999999858e+01 -5.954540268773320100e-02
4.239999999999999858e+01 -5.954540268773320100e-02
4.239999999999999858e+01 -5.954540268773320100e-02
4.279999999999999716e+01 -5.968086982875950297e-02
4.279999999999999716e+01 -5.968086982875950297e-02
4.279999999999999716e+01 -5.968086982875950297e-02
4.320000000000000284e+01 -5.977377988415070315e-02
4.320000000000000284e+01 -5.977377988415070315e-02
4.320000000000000284e+01 -5.977377988415070315e-02
4.360000000000000142e+01 -5.945480578583149656e-02
4.360000000000000142e+01 -5.945480578583149656e-02
4.360000000000000142e+01 -5.945480578583149656e-02
4.400000000000000000e+01 -5.943000165319529959e-02
4.400000000000000000e+01 -5.943000165319529959e-02
4.400000000000000000e+01 -5.943000165319529959e-02
4.439999999999999858e+01 -5.966999521188390276e-02
4.439999999999999858e+01 -5.966999521188390276e-02
4.439999999999999858e+01 -5.966999521188390276e-02
4.479999999999999716e+01 -5.948927792603440207e-02
4.479999999999999716e+01 -5.948927792603440207e-02
4.479999999999999716e+01 -5.948927792603440207e-02
4.520000000000000284e+01 -5.914429127866099867e-02
4.520000000000000284e+01 -5.914429127866099867e-02
4.520000000000000284e+01 -5.914429127866099867e-02
4.560000000000000142e+01 -5.957695778688130300e-02
4.560000000000000142e+01 -5.957695778688130300e-02
4.560000000000000142e+01 -5.957695778688130300e-02
4.600000000000000000e+01 -5.945359584682179815e-02
4.600000000000000000e+01 -5.945359584682179815e-02
4.600000000000000000e+01 -5.945359584682179815e-02
4.639999999999999858e+01 -5.913815584891209814e-02
4.639999999999999858e+01 -5.913815584891209814e-02
4.639999999999999858e+01 -5.913815584891209814e-02
4.679999999999999716e+01 -5.938194140061579807e-02
4.679999999999999716e+01 -5.938194140061579807e-02
4.679999999999999716e+01 -5.938194140061579807e-02
4.720000000000000284e+01 -5.941556122699789833e-02
4.720000000000000284e+01 -5.941556122699789833e-02
4.720000000000000284e+01 -5.941556122699789833e-02
4.760000000000000142e+01 -5.925624483148619892e-02
4.760000000000000142e+01 -5.925624483148619892e-02
4.760000000000000142e+01 -5.925624483148619892e-02
4.800000000000000000e+01 -5.915288251084620252e-02
4.800000000000000000e+01 -5.915288251084620252e-02
4.800000000000000000e+01 -5.915288251084620252e-02
4.839999999999999858e+01 -5.937466003910919776e-02
4.839999999999999858e+01 -5.937466003910919776e-02
4.839999999999999858e+01 -5.937466003910919776e-02
4.879999999999999716e+01 -5.900619431516759827e-02
4.879999999999999716e+01 -5.900619431516759827e-02
4.879999999999999716e+01 -5.900619431516759827e-02
4.920000000000000284e+01 -5.929436152090589857e-02
4.920000000000000284e+01 -5.929436152090589857e-02
4.920000000000000284e+01 -5.929436152090589857e-02
4.960000000000000142e+01 -5.916026217819420063e-02
4.960000000000000142e+01 -5.916026217819420063e-02
4.960000000000000142e+01 -5.916026217819420063e-02
5.000000000000000000e+01 -5.883272039335959991e-02
5.000000000000000000e+01 -5.883272039335959991e-02
5.000000000000000000e+01 -5.883272039335959991e-02
5.039999999999999858e+01 -5.919520106518359748e-02
5.039999999999999858e+01 -5.919520106518359748e-02
5.039999999999999858e+01 -5.919520106518359748e-02
5.079999999999999716e+01 -5.914880448034250116e-02
5.079999999999999716e+01 -5.914880448034250116e-02
5.079999999999999716e+01 -5.914880448034250116e-02
5.120000000000000284e+01 -5.883520460892589787e-02
5.120000000000000284e+01 -5.883520460892589787e-02
5.120000000000000284e+01 -5.883520460892589787e-02
5.160000000000000142e+01 -5.865953720620369766e-02
5.160000000000000142e+01 -5.865953720620369766e-02
5.160000000000000142e+01 -5.865953720620369766e-02
5.200000000000000000e+01 -5.907384799804440284e-02
5.200000000000000000e+01 -5.907384799804440284e-02
5.200000000000000000e+01 -5.907384799804440284e-02
5.239999999999999858e+01 -5.885204710612280260e-02
5.239999999999999858e+01 -5.885204710612280260e-02
5.239999999999999858e+01 -5.885204710612280260e-02
5.279999999999999716e+01 -5.860635654640020120e-02
5.279999999999999716e+01 -5.860635654640020120e-02
5.279999999999999716e+01 -5.860635654640020120e-02
5.320000000000000284e+01 -5.854602419583800066e-02
5.320000000000000284e+01 -5.854602419583800066e-02
5.320000000000000284e+01 -5.854602419583800066e-02
5.360000000000000142e+01 -5.885894252063630233e-02
5.360000000000000142e+01 -5.885894252063630233e-02
5.360000000000000142e+01 -5.885894252063630233e-02
5.400000000000000000e+01 -5.866429333982910166e-02
5.400000000000000000e+01 -5.866429333982910166e-02
5.400000000000000000e+01 -5.866429333982910166e-02
5.439999999999999858e+01 -5.802911787813320316e-02
5.439999999999999858e+01 -5.802911787813320316e-02
5.439999999999999858e+01 -5.802911787813320316e-02
5.479999999999999716e+01 -5.879055525763479673e-02
5.479999999999999716e+01 -5.879055525763479673e-02
5.479999999999999716e+01 -5.879055525763479673e-02
5.520000000000000284e+01 -5.873756238499799887e-02
5.520000000000000284e+01 -5.873756238499799887e-02
5.520000000000000284e+01 -5.873756238499799887e-02
5.560000000000000142e+01 -5.771780001585970210e-02
5.560000000000000142e+01 -5.771780001585970210e-02
5.560000000000000142e+01 -5.771780001585970210e-02
5.600000000000000000e+01 -5.837146779369330185e-02
5.600000000000000000e+01 -5.837146779369330185e-02
5.600000000000000000e+01 -5.837146779369330185e-02
5.639999999999999858e+01 -5.882633534012469967e-02
5.639999999999999858e+01 -5.882633534012469967e-02
5.639999999999999858e+01 -5.882633534012469967e-02
5.679999999999999716e+01 -5.761625373887140078e-02
5.679999999999999716e+01 -5.761625373887140078e-02
5.679999999999999716e+01 -5.761625373887140078e-02
5.720000000000000284e+01 -5.792063664638320147e-02
5.720000000000000284e+01 -5.792063664638320147e-02
5.720000000000000284e+01 -5.792063664638320147e-02
5.760000000000000142e+01 -5.851258406742330248e-02
5.760000000000000142e+01 -5.851258406742330248e-02
5.760000000000000142e+01 -5.851258406742330248e-02
5.800000000000000000e+01 -5.777446713643050180e-02
5.800000000000000000e+01 -5.777446713643050180e-02
5.800000000000000000e+01 -5.777446713643050180e-02
5.839999999999999858e+01 -5.778014691893430116e-02
5.839999999999999858e+01 -5.778014691893430116e-02
5.839999999999999858e+01 -5.778014691893430116e-02
5.879999999999999716e+01 -5.789047327404540227e-02
5.879999999999999716e+01 -5.789047327404540227e-02
5.879999999999999716e+01 -5.789047327404540227e-02
5.920000000000000284e+01 -5.789140788597080256e-02
5.920000000000000284e+01 -5.789140788597080256e-02
5.920000000000000284e+01 -5.789140788597080256e-02
5.960000000000000142e+01 -5.779742810797010300e-02
5.960000000000000142e+01 -5.779742810797010300e-02
5.960000000000000142e+01 -5.779742810797010300e-02
6.000000000000000000e+01 -5.745019232901980161e-02
6.000000000000000000e+01 -5.745019232901980161e-02
6.000000000000000000e+01 -5.745019232901980161e-02
6.039999999999999858e+01 -5.760888716323359776e-02
6.039999999999999858e+01 -5.760888716323359776e-02
6.039999999999999858e+01 -5.760888716323359776e-02
6.079999999999999716e+01 -5.770546323389719873e-02
6.079999999999999716e+01 -5.770546323389719873e-02
6.079999999999999716e+01 -5.770546323389719873e-02
6.120000000000000284e+01 -5.744524799753800148e-02
6.120000000000000284e+01 -5.744524799753800148e-02
6.120000000000000284e+01 -5.744524799753800148e-02
6.160000000000000142e+01 -5.734827437471159972e-02
6.160000000000000142e+01 -5.734827437471159972e-02
6.160000000000000142e+01 -5.734827437471159972e-02
6.200000000000000000e+01 -5.737431901390729894e-02
6.200000000000000000e+01 -5.737431901390729894e-02
6.200000000000000000e+01 -5.737431901390729894e-02
6.239999999999999858e+01 -5.739897996318790024e-02
6.239999999999999858e+01 -5.739897996318790024e-02
6.239999999999999858e+01 -5.739897996318790024e-02
6.279999999999999716e+01 -5.721520192582330022e-02
6.279999999999999716e+01 -5.721520192582330022e-02
6.279999999999999716e+01 -5.721520192582330022e-02
6.320000000000000284e+01 -5.695291668971169674e-02
6.320000000000000284e+01 -5.695291668971169674e-02
6.320000000000000284e+01 -5.695291668971169674e-02
6.360000000000000142e+01 -5.752526705551339742e-02
6.360000000000000142e+01 -5.752526705551339742e-02
6.360000000000000142e+01 -5.752526705551339742e-02
6.400000000000000000e+01 -5.698362255003470295e-02
6.400000000000000000e+01 -5.698362255003470295e-02
6.400000000000000000e+01 -5.698362255003470295e-02
6.440000000000000568e+01 -5.647206253691289951e-02
6.440000000000000568e+01 -5.647206253691289951e-02
6.440000000000000568e+01 -5.647206253691289951e-02
6.479999999999999716e+01 -5.762836014795229972e-02
6.479999999999999716e+01 -5.762836014795229972e-02
6.479999999999999716e+01 -5.762836014795229972e-02
6.520000000000000284e+01 -5.688438453478059792e-02
6.520000000000000284e+01 -5.688438453478059792e-02
6.520000000000000284e+01 -5.688438453478059792e-02
6.559999999999999432e+01 -5.610225345611129927e-02
6.559999999999999432e+01 -5.610225345611129927e-02
6.559999999999999432e+01 -5.610225345611129927e-02
6.600000000000000000e+01 -5.747004451956849724e-02
6.600000000000000000e+01 -5.747004451956849724e-02
6.600000000000000000e+01 -5.747004451956849724e-02
6.640000000000000568e+01 -5.677111592948549945e-02
6.640000000000000568e+01 -5.677111592948549945e-02
6.640000000000000568e+01 -5.677111592948549945e-02
6.679999999999999716e+01 -5.613911870322300240e-02
6.679999999999999716e+01 -5.613911870322300240e-02
6.679999999999999716e+01 -5.613911870322300240e-02
6.720000000000000284e+01 -5.697866112529290095e-02
6.720000000000000284e+01 -5.697866112529290095e-02
6.720000000000000284e+01 -5.697866112529290095e-02
6.759999999999999432e+01 -5.639224151459250323e-02
6.759999999999999432e+01 -5.639224151459250323e-02
6.759999999999999432e+01 -5.639224151459250323e-02
6.800000000000000000e+01 -5.653410752114790272e-02
6.800000000000000000e+01 -5.653410752114790272e-02
6.800000000000000000e+01 -5.653410752114790272e-02
6.840000000000000568e+01 -5.663331187404559847e-02
6.840000000000000568e+01 -5.663331187404559847e-02
6.840000000000000568e+01 -5.663331187404559847e-02
6.879999999999999716e+01 -5.600401064945029900e-02
6.879999999999999716e+01 -5.600401064945029900e-02
6.879999999999999716e+01 -5.600401064945029900e-02
6.920000000000000284e+01 -5.642138222037180323e-02
6.920000000000000284e+01 -5.642138222037180323e-02
6.920000000000000284e+01 -5.642138222037180323e-02
6.959999999999999432e+01 -5.643442189949830073e-02
6.959999999999999432e+01 -5.643442189949830073e-02
6.959999999999999432e+01 -5.643442189949830073e-02
7.000000000000000000e+01 -5.629170157714030037e-02
7.000000000000000000e+01 -5.629170157714030037e-02
7.000000000000000000e+01 -5.629170157714030037e-02
7.040000000000000568e+01 -5.601504157293150238e-02
7.040000000000000568e+01 -5.601504157293150238e-02
7.040000000000000568e+01 -5.601504157293150238e-02
7.079999999999999716e+01 -5.596374808032430342e-02
7.079999999999999716e+01 -5.596374808032430342e-02
7.079999999999999716e+01 -5.596374808032430342e-02
7.120000000000000284e+01 -5.628314827970690160e-02
7.120000000000000284e+01 -5.628314827970690160e-02
7.120000000000000284e+01 -5.628314827970690160e-02
7.159999999999999432e+01 -5.623135337536749878e-02
7.159999999999999432e+01 -5.623135337536749878e-02
7.159999999999999432e+01 -5.623135337536749878e-02
7.200000000000000000e+01 -5.556537677499549799e-02
7.200000000000000000e+01 -5.556537677499549799e-02
7.200000000000000000e+01 -5.556537677499549799e-02
7.240000000000000568e+01 -5.574694624799059889e-02
7.240000000000000568e+01 -5.574694624799059889e-02
7.240000000000000568e+01 -5.574694624799059889e-02
7.279999999999999716e+01 -5.642366077808710217e-02
7.279999999999999716e+01 -5.642366077808710217e-02
7.279999999999999716e+01 -5.642366077808710217e-02
7.320000000000000284e+01 -5.538665383720049740e-02
7.320000000000000284e+01 -5.538665383720049740e-02
7.320000000000000284e+01 -5.538665383720049740e-02
7.359999999999999432e+01 -5.550020994304299959e-02
7.359999999999999432e+01 -5.550020994304299959e-02
7.359999999999999432e+01 -5.550020994304299959e-02
7.400000000000000000e+01 -5.633135746026240315e-02
7.400000000000000000e+01 -5.633135746026240315e-02
7.400000000000000000e+01 -5.633135746026240315e-02
7.440000000000000568e+01 -5.527332866970059710e-02
7.440000000000000568e+01 -5.527332866970059710e-02
7.440000000000000568e+01 -5.527332866970059710e-02
7.479999999999999716e+01 -5.523411187260039712e-02
7.479999999999999716e+01 -5.523411187260039712e-02
7.479999999999999716e+01 -5.523411187260039712e-02
7.520000000000000284e+01 -5.595868683734830235e-02
7.520000000000000284e+01 -5.595868683734830235e-02
7.520000000000000284e+01 -5.595868683734830235e-02
7.559999999999999432e+01 -5.564343862748050151e-02
7.559999999999999432e+01 -5.564343862748050151e-02
7.559999999999999432e+01 -5.564343862748050151e-02
7.600000000000000000e+01 -5.503021477877530210e-02
7.600000000000000000e+01 -5.503021477877530210e-02
7.600000000000000000e+01 -5.503021477877530210e-02
7.640000000000000568e+01 -5.508779677681770182e-02
7.640000000000000568e+01 -5.508779677681770182e-02
7.640000000000000568e+01 -5.508779677681770182e-02
7.679999999999999716e+01 -5.601426373935609881e-02
7.679999999999999716e+01 -5.601426373935609881e-02
7.679999999999999716e+01 -5.601426373935609881e-02
7.720000000000000284e+01 -5.514559264218450024e-02
7.720000000000000284e+01 -5.514559264218450024e-02
7.720000000000000284e+01 -5.514559264218450024e-02
7.759999999999999432e+01 -5.456502716454689900e-02
7.759999999999999432e+01 -5.456502716454689900e-02
7.759999999999999432e+01 -5.456502716454689900e-02
7.800000000000000000e+01 -5.559964369924400018e-02
7.800000000000000000e+01 -5.559964369924400018e-02
7.800000000000000000e+01 -5.559964369924400018e-02
7.840000000000000568e+01 -5.540875390362050290e-02
7.840000000000000568e+01 -5.540875390362050290e-02
7.840000000000000568e+01 -5.540875390362050290e-02
7.879999999999999716e+01 -5.463601221304700134e-02
7.879999999999999716e+01 -5.463601221304700134e-02
7.879999999999999716e+01 -5.463601221304700134e-02
7.920000000000000284e+01 -5.491016683648580060e-02
7.920000000000000284e+01 -5.491016683648580060e-02
7.920000000000000284e+01 -5.491016683648580060e-02
7.959999999999999432e+01 -5.503599112479060085e-02
7.959999999999999432e+01 -5.503599112479060085e-02
7.959999999999999432e+01 -5.503599112479060085e-02
8.000000000000000000e+01 -5.506876663261389693e-02
8.000000000000000000e+01 -5.506876663261389693e-02
8.000000000000000000e+01 -5.506876663261389693e-02
8.040000000000000568e+01 -5.489959549218369900e-02
8.040000000000000568e+01 -5.489959549218369900e-02
8.040000000000000568e+01 -5.489959549218369900e-02
8.079999999999999716e+01 -5.422664900395220144e-02
8.079999999999999716e+01 -5.422664900395220144e-02
8.079999999999999716e+01 -5.422664900395220144e-02
8.120000000000000284e+01 -5.513408047387600291e-02
8.120000000000000284e+01 -5.513408047387600291e-02
8.120000000000000284e+01 -5.513408047387600291e-02
8.159999999999999432e+01 -5.492033118688330329e-02
8.159999999999999432e+01 -5.492033118688330329e-02
8.159999999999999432e+01 -5.492033118688330329e-02
8.200000000000000000e+01 -5.418657480513520280e-02
8.200000000000000000e+01 -5.418657480513520280e-02
8.200000000000000000e+01 -5.418657480513520280e-02
8.240000000000000568e+01 -5.471045246566300091e-02
8.240000000000000568e+01 -5.471045246566300091e-02
8.240000000000000568e+01 -5.471045246566300091e-02
8.279999999999999716e+01 -5.444669522368349862e-02
8.279999999999999716e+01 -5.444669522368349862e-02
8.279999999999999716e+01 -5.444669522368349862e-02
8.320000000000000284e+01 -5.473766660838900316e-02
8.320000000000000284e+01 -5.473766660838900316e-02
8.320000000000000284e+01 -5.473766660838900316e-02
8.359999999999999432e+01 -5.444010173157080162e-02
8.359999999999999432e+01 -5.444010173157080162e-02
8.359999999999999432e+01 -5.444010173157080162e-02
8.400000000000000000e+01 -5.375524871837639856e-02
8.400000000000000000e+01 -5.375524871837639856e-02
8.400000000000000000e+01 -5.375524871837639856e-02
8.440000000000000568e+01 -5.484295795430230158e-02
8.440000000000000568e+01 -5.484295795430230158e-02
8.440000000000000568e+01 -5.484295795430230158e-02
8.479999999999999716e+01 -5.454713413712310166e-02
8.479999999999999716e+01 -5.454713413712310166e-02
8.479999999999999716e+01 -5.454713413712310166e-02
8.520000000000000284e+01 -5.355657710722799836e-02
8.520000000000000284e+01 -5.355657710722799836e-02
8.520000000000000284e+01 -5.355657710722799836e-02
8.559999999999999432e+01 -5.429639819222940172e-02
8.559999999999999432e+01 -5.429639819222940172e-02
8.559999999999999432e+01 -5.429639819222940172e-02
8.600000000000000000e+01 -5.456201276736569877e-02
8.600000000000000000e+01 -5.456201276736569877e-02
8.600000000000000000e+01 -5.456201276736569877e-02
8.640000000000000568e+01 -5.378409664649180105e-02
8.640000000000000568e+01 -5.378409664649180105e-02
8.640000000000000568e+01 -5.378409664649180105e-02
8.679999999999999716e+01 -5.370644045787290044e-02
8.679999999999999716e+01 -5.370644045787290044e-02
8.679999999999999716e+01 -5.370644045787290044e-02
8.720000000000000284e+01 -5.441262296446360003e-02
8.720000000000000284e+01 -5.441262296446360003e-02
8.720000000000000284e+01 -5.441262296446360003e-02
8.759999999999999432e+01 -5.394331138205289700e-02
8.759999999999999432e+01 -5.394331138205289700e-02
8.759999999999999432e+01 -5.394331138205289700e-02
8.800000000000000000e+01 -5.338568679708659975e-02
8.800000000000000000e+01 -5.338568679708659975e-02
8.800000000000000000e+01 -5.338568679708659975e-02
8.840000000000000568e+01 -5.412002710626560159e-02
8.840000000000000568e+01 -5.412002710626560159e-02
8.840000000000000568e+01 -5.412002710626560159e-02
8.879999999999999716e+01 -5.397809994627429664e-02
8.879999999999999716e+01 -5.397809994627429664e-02
8.879999999999999716e+01 -5.397809994627429664e-02
8.920000000000000284e+01 -5.333641943398460122e-02
8.920000000000000284e+01 -5.333641943398460122e-02
8.920000000000000284e+01 -5.333641943398460122e-02
8.959999999999999432e+01 -5.358914400668170208e-02
8.959999999999999432e+01 -5.358914400668170208e-02
8.959999999999999432e+01 -5.358914400668170208e-02
9.000000000000000000e+01 -5.401430487885230253e-02
9.000000000000000000e+01 -5.401430487885230253e-02
9.000000000000000000e+01 -5.401430487885230253e-02
9.040000000000000568e+01 -5.341958112057700048e-02
9.040000000000000568e+01 -5.341958112057700048e-02
9.040000000000000568e+01 -5.341958112057700048e-02
9.079999999999999716e+01 -5.316118886535779742e-02
9.079999999999999716e+01 -5.316118886535779742e-02
9.079999999999999716e+01 -5.316118886535779742e-02
9.120000000000000284e+01 -5.382873095389670293e-02
9.120000000000000284e+01 -5.382873095389670293e-02
9.120000000000000284e+01 -5.382873095389670293e-02
9.159999999999999432e+01 -5.339247817423470321e-02
9.159999999999999432e+01 -5.339247817423470321e-02
9.159999999999999432e+01 -5.339247817423470321e-02
9.200000000000000000e+01 -5.316061990942719945e-02
9.200000000000000000e+01 -5.316061990942719945e-02
9.200000000000000000e+01 -5.316061990942719945e-02
9.240000000000000568e+01 -5.341968999227599685e-02
9.240000000000000568e+01 -5.341968999227599685e-02
9.240000000000000568e+01 -5.341968999227599685e-02
9.279999999999999716e+01 -5.317161880991910089e-02
9.279999999999999716e+01 -5.317161880991910089e-02
9.279999999999999716e+01 -5.317161880991910089e-02
9.320000000000000284e+01 -5.330135696504600257e-02
9.320000000000000284e+01 -5.330135696504600257e-02
9.320000000000000284e+01 -5.330135696504600257e-02
9.359999999999999432e+01 -5.312742608002649775e-02
9.359999999999999432e+01 -5.312742608002649775e-02
9.359999999999999432e+01 -5.312742608002649775e-02
9.400000000000000000e+01 -5.295820974508100298e-02
9.400000000000000000e+01 -5.295820974508100298e-02
9.400000000000000000e+01 -5.295820974508100298e-02
9.440000000000000568e+01 -5.322651714798300182e-02
9.440000000000000568e+01 -5.322651714798300182e-02
9.440000000000000568e+01 -5.322651714798300182e-02
9.479999999999999716e+01 -5.292079074222529739e-02
9.479999999999999716e+01 -5.292079074222529739e-02
9.479999999999999716e+01 -5.292079074222529739e-02
9.520000000000000284e+01 -5.295755214287489743e-02
9.520000000000000284e+01 -5.295755214287489743e-02
9.520000000000000284e+01 -5.295755214287489743e-02
9.559999999999999432e+01 -5.290058606923200152e-02
9.559999999999999432e+01 -5.290058606923200152e-02
9.559999999999999432e+01 -5.290058606923200152e-02
9.600000000000000000e+01 -5.275497173836470044e-02
9.600000000000000000e+01 -5.275497173836470044e-02
9.600000000000000000e+01 -5.275497173836470044e-02
9.640000000000000568e+01 -5.292728017952039871e-02
9.640000000000000568e+01 -5.292728017952039871e-02
9.640000000000000568e+01 -5.292728017952039871e-02
9.679999999999999716e+01 -5.274725196582359665e-02
9.679999999999999716e+01 -5.274725196582359665e-02
9.679999999999999716e+01 -5.274725196582359665e-02
9.720000000000000284e+01 -5.242401686445519876e-02
9.720000000000000284e+01 -5.242401686445519876e-02
9.720000000000000284e+01 -5.242401686445519876e-02
9.759999999999999432e+01 -5.289216363662949810e-02
9.759999999999999432e+01 -5.289216363662949810e-02
9.759999999999999432e+01 -5.289216363662949810e-02
9.800000000000000000e+01 -5.267719324411210269e-02
9.800000000000000000e+01 -5.267719324411210269e-02
9.800000000000000000e+01 -5.267719324411210269e-02
9.840000000000000568e+01 -5.212633488954659944e-02
9.840000000000000568e+01 -5.212633488954659944e-02
9.840000000000000568e+01 -5.212633488954659944e-02
9.879999999999999716e+01 -5.279940229070770319e-02
9.879999999999999716e+01 -5.279940229070770319e-02
9.879999999999999716e+01 -5.279940229070770319e-02
9.920000000000000284e+01 -5.251569891909559779e-02
9.920000000000000284e+01 -5.251569891909559779e-02
9.920000000000000284e+01 -5.251569891909559779e-02
9.959999999999999432e+01 -5.201436354929050293e-02
9.959999999999999432e+01 -5.201436354929050293e-02
9.959999999999999432e+01 -5.201436354929050293e-02
1.000000000000000000e+02 -5.254654337361799876e-02
1.000000000000000000e+02 -5.254654337361799876e-02
1.000000000000000000e+02 -5.254654337361799876e-02
1.004000000000000057e+02 -5.239848333847590273e-02
1.004000000000000057e+02 -5.239848333847590273e-02
1.004000000000000057e+02 -5.239848333847590273e-02
1.007999999999999972e+02 -5.196320142174200296e-02
1.007999999999999972e+02 -5.196320142174200296e-02
1.007999999999999972e+02 -5.196320142174200296e-02
1.012000000000000028e+02 -5.224009924505389896e-02
1.012000000000000028e+02 -5.224009924505389896e-02
1.012000000000000028e+02 -5.224009924505389896e-02
1.015999999999999943e+02 -5.218155894657550142e-02
1.015999999999999943e+02 -5.218155894657550142e-02
1.015999999999999943e+02 -5.218155894657550142e-02
1.020000000000000000e+02 -5.210198699826790181e-02
1.020000000000000000e+02 -5.210198699826790181e-02
1.020000000000000000e+02 -5.210198699826790181e-02
1.024000000000000057e+02 -5.183129218716780312e-02
1.024000000000000057e+02 -5.183129218716780312e-02
1.024000000000000057e+02 -5.183129218716780312e-02
1.027999999999999972e+02 -5.188624321290660063e-02
1.027999999999999972e+02 -5.188624321290660063e-02
1.027999999999999972e+02 -5.188624321290660063e-02
1.032000000000000028e+02 -5.229839413330700237e-02
1.032000000000000028e+02 -5.229839413330700237e-02
1.032000000000000028e+02 -5.229839413330700237e-02
1.035999999999999943e+02 -5.156815022373029828e-02
1.035999999999999943e+02 -5.156815022373029828e-02
1.035999999999999943e+02 -5.156815022373029828e-02
1.040000000000000000e+02 -5.163848397935139750e-02
1.040000000000000000e+02 -5.163848397935139750e-02
1.040000000000000000e+02 -5.163848397935139750e-02
1.044000000000000057e+02 -5.199543571281110138e-02
1.044000000000000057e+02 -5.199543571281110138e-02
1.044000000000000057e+02 -5.199543571281110138e-02
1.047999999999999972e+02 -5.180191994648639803e-02
1.047999999999999972e+02 -5.180191994648639803e-02
1.047999999999999972e+02 -5.180191994648639803e-02
1.052000000000000028e+02 -5.137879611786119738e-02
1.052000000000000028e+02 -5.137879611786119738e-02
1.052000000000000028e+02 -5.137879611786119738e-02
1.055999999999999943e+02 -5.136306711034319822e-02
1.055999999999999943e+02 -5.136306711034319822e-02
1.055999999999999943e+02 -5.136306711034319822e-02
1.060000000000000000e+02 -5.213766560171820275e-02
1.060000000000000000e+02 -5.213766560171820275e-02
1.060000000000000000e+02 -5.213766560171820275e-02
1.064000000000000057e+02 -5.113461798415570164e-02
1.064000000000000057e+02 -5.113461798415570164e-02
1.064000000000000057e+02 -5.113461798415570164e-02
1.067999999999999972e+02 -5.108819728855339831e-02
1.067999999999999972e+02 -5.108819728855339831e-02
1.067999999999999972e+02 -5.108819728855339831e-02
1.072000000000000028e+02 -5.183725892652880224e-02
1.072000000000000028e+02 -5.183725892652880224e-02
1.072000000000000028e+02 -5.183725892652880224e-02
1.075999999999999943e+02 -5.117544270851569904e-02
1.075999999999999943e+02 -5.117544270851569904e-02
1.075999999999999943e+02 -5.117544270851569904e-02
1.080000000000000000e+02 -5.104277396450059706e-02
1.080000000000000000e+02 -5.104277396450059706e-02
1.080000000000000000e+02 -5.104277396450059706e-02
1.084000000000000057e+02 -5.127537310748229993e-02
1.084000000000000057e+02 -5.127537310748229993e-02
1.084000000000000057e+02 -5.127537310748229993e-02
1.087999999999999972e+02 -5.131033602033219926e-02
1.087999999999999972e+02 -5.131033602033219926e-02
1.087999999999999972e+02 -5.131033602033219926e-02
1.092000000000000028e+02 -5.084105218235249884e-02
1.092000000000000028e+02 -5.084105218235249884e-02
1.092000000000000028e+02 -5.084105218235249884e-02
1.095999999999999943e+02 -5.106646427360109902e-02
1.095999999999999943e+02 -5.106646427360109902e-02
1.095999999999999943e+02 -5.106646427360109902e-02
1.100000000000000000e+02 -5.098627963329099844e-02
1.100000000000000000e+02 -5.098627963329099844e-02
1.100000000000000000e+02 -5.098627963329099844e-02
1.104000000000000057e+02 -5.081321442049709786e-02
1.104000000000000057e+02 -5.081321442049709786e-02
1.104000000000000057e+02 -5.081321442049709786e-02
1.107999999999999972e+02 -5.103309339897660335e-02
1.107999999999999972e+02 -5.103309339897660335e-02
1.107999999999999972e+02 -5.103309339897660335e-02
1.112000000000000028e+02 -5.043813463739160036e-02
1.112000000000000028e+02 -5.043813463739160036e-02
1.112000000000000028e+02 -5.043813463739160036e-02
1.115999999999999943e+02 -5.084005599913429818e-02
1.115999999999999943e+02 -5.084005599913429818e-02
1.115999999999999943e+02 -5.084005599913429818e-02
1.120000000000000000e+02 -5.104521303655219777e-02
1.120000000000000000e+02 -5.104521303655219777e-02
1.120000000000000000e+02 -5.104521303655219777e-02
1.124000000000000057e+02 -5.006560366402210138e-02
1.124000000000000057e+02 -5.006560366402210138e-02
1.124000000000000057e+02 -5.006560366402210138e-02
1.127999999999999972e+02 -5.051557688287860309e-02
1.127999999999999972e+02 -5.051557688287860309e-02
1.127999999999999972e+02 -5.051557688287860309e-02
1.132000000000000028e+02 -5.098782069758950319e-02
1.132000000000000028e+02 -5.098782069758950319e-02
1.132000000000000028e+02 -5.098782069758950319e-02
1.135999999999999943e+02 -5.006852501247059661e-02
1.135999999999999943e+02 -5.006852501247059661e-02
1.135999999999999943e+02 -5.006852501247059661e-02
1.140000000000000000e+02 -5.008397820633279929e-02
1.140000000000000000e+02 -5.008397820633279929e-02
1.140000000000000000e+02 -5.008397820633279929e-02
1.144000000000000057e+02 -5.072834721509879990e-02
1.144000000000000057e+02 -5.072834721509879990e-02
1.144000000000000057e+02 -5.072834721509879990e-02
1.147999999999999972e+02 -5.023297190187130112e-02
1.147999999999999972e+02 -5.023297190187130112e-02
1.147999999999999972e+02 -5.023297190187130112e-02
1.152000000000000028e+02 -4.975124224180110105e-02
1.152000000000000028e+02 -4.975124224180110105e-02
1.152000000000000028e+02 -4.975124224180110105e-02
1.155999999999999943e+02 -5.029309749252579981e-02
1.155999999999999943e+02 -5.029309749252579981e-02
1.155999999999999943e+02 -5.029309749252579981e-02
1.160000000000000000e+02 -5.023126010202209890e-02
1.160000000000000000e+02 -5.023126010202209890e-02
1.160000000000000000e+02 -5.023126010202209890e-02
1.164000000000000057e+02 -4.973900380182810083e-02
1.164000000000000057e+02 -4.973900380182810083e-02
1.164000000000000057e+02 -4.973900380182810083e-02
1.167999999999999972e+02 -4.985676498229280051e-02
1.167999999999999972e+02 -4.985676498229280051e-02
1.167999999999999972e+02 -4.985676498229280051e-02
1.172000000000000028e+02 -4.990985344113080258e-02
1.172000000000000028e+02 -4.990985344113080258e-02
1.172000000000000028e+02 -4.990985344113080258e-02
1.175999999999999943e+02 -4.990944987980309999e-02
1.175999999999999943e+02 -4.990944987980309999e-02
1.175999999999999943e+02 -4.990944987980309999e-02
1.180000000000000000e+02 -4.967056738141140126e-02
1.180000000000000000e+02 -4.967056738141140126e-02
1.180000000000000000e+02 -4.967056738141140126e-02
1.184000000000000057e+02 -4.933811499108069903e-02
1.184000000000000057e+02 -4.933811499108069903e-02
1.184000000000000057e+02 -4.933811499108069903e-02
1.187999999999999972e+02 -4.989192579890640300e-02
1.187999999999999972e+02 -4.989192579890640300e-02
1.187999999999999972e+02 -4.989192579890640300e-02
1.192000000000000028e+02 -4.969597880513400290e-02
1.192000000000000028e+02 -4.969597880513400290e-02
1.192000000000000028e+02 -4.969597880513400290e-02
1.195999999999999943e+02 -4.902836881363509952e-02
1.195999999999999943e+02 -4.902836881363509952e-02
1.195999999999999943e+02 -4.902836881363509952e-02
1.200000000000000000e+02 -4.945572177219510063e-02
1.200000000000000000e+02 -4.945572177219510063e-02
1.200000000000000000e+02 -4.945572177219510063e-02
1.204000000000000057e+02 -4.969614307792950131e-02
1.204000000000000057e+02 -4.969614307792950131e-02
1.204000000000000057e+02 -4.969614307792950131e-02
1.207999999999999972e+02 -4.904415868563410247e-02
1.207999999999999972e+02 -4.904415868563410247e-02
1.207999999999999972e+02 -4.904415868563410247e-02
1.212000000000000028e+02 -4.899723561318009707e-02
1.212000000000000028e+02 -4.899723561318009707e-02
1.212000000000000028e+02 -4.899723561318009707e-02
1.215999999999999943e+02 -4.949390964830009676e-02
1.215999999999999943e+02 -4.949390964830009676e-02
1.215999999999999943e+02 -4.949390964830009676e-02
1.220000000000000000e+02 -4.897334680715020178e-02
1.220000000000000000e+02 -4.897334680715020178e-02
1.220000000000000000e+02 -4.897334680715020178e-02
1.224000000000000057e+02 -4.888369875339380194e-02
1.224000000000000057e+02 -4.888369875339380194e-02
1.224000000000000057e+02 -4.888369875339380194e-02
1.227999999999999972e+02 -4.914654153718350099e-02
1.227999999999999972e+02 -4.914654153718350099e-02
1.227999999999999972e+02 -4.914654153718350099e-02
1.232000000000000028e+02 -4.899526877280650089e-02
1.232000000000000028e+02 -4.899526877280650089e-02
1.232000000000000028e+02 -4.899526877280650089e-02
1.235999999999999943e+02 -4.860148236185429793e-02
1.235999999999999943e+02 -4.860148236185429793e-02
1.235999999999999943e+02 -4.860148236185429793e-02
1.240000000000000000e+02 -4.873103503963269884e-02
1.240000000000000000e+02 -4.873103503963269884e-02
1.240000000000000000e+02 -4.873103503963269884e-02
