t phi 0,0
9.600000000000363798e-02 2.065456295482275223e-04
3.520000000000038654e-01 2.065453265443061438e-04
6.080000000000040927e-01 2.065450772576000657e-04
8.640000000000043201e-01 2.065448729603966437e-04
1.120000000000004547e+00 2.065447394089401831e-04
1.376000000000004775e+00 2.065446680178104131e-04
1.632000000000005002e+00 2.065446854773425242e-04
1.888000000000005230e+00 2.065447828907551742e-04
2.144000000000005457e+00 2.065449886199859444e-04
2.400000000000005684e+00 2.065452932110559484e-04
2.656000000000005912e+00 2.065457266674636239e-04
2.912000000000006139e+00 2.065462789880465023e-04
3.168000000000006366e+00 2.065469810276457537e-04
3.424000000000006594e+00 2.065478225013136528e-04
3.680000000000006821e+00 2.065488337438101856e-04
3.936000000000007049e+00 2.065500046435477595e-04
4.191999999999993065e+00 2.065513634555273339e-04
4.447999999999993292e+00 2.065529007614150389e-04
4.703999999999993520e+00 2.065546416165058171e-04
4.959999999999993747e+00 2.065565776690335312e-04
5.215999999999993975e+00 2.065587308957312230e-04
5.471999999999994202e+00 2.065610939710230370e-04
5.727999999999994429e+00 2.065636879514522553e-04
5.983999999999994657e+00 2.065665058181775319e-04
6.239999999999994884e+00 2.065695724268181116e-04
6.495999999999995111e+00 2.065728794921736420e-04
6.751999999999995339e+00 2.065764629370083437e-04
7.007999999999995566e+00 2.065803107870793306e-04
7.263999999999995794e+00 2.065844791591594251e-04
7.519999999999996021e+00 2.065889493476590869e-04
7.775999999999996248e+00 2.065938073475851399e-04
8.031999999999996476e+00 2.065990244939310450e-04
8.287999999999996703e+00 2.066047252681604861e-04
8.543999999999996930e+00 2.066108681764519824e-04
8.799999999999997158e+00 2.066176221597694539e-04
9.055999999999997385e+00 2.066249309044650910e-04
9.311999999999997613e+00 2.066330100523929849e-04
9.567999999999997840e+00 2.066417877229373098e-04
9.823999999999998067e+00 2.066515243660269692e-04
1.007999999999999829e+01 2.066621331650277864e-04
1.033599999999999852e+01 2.066739136447953630e-04
1.059199999999999875e+01 2.066867659637092950e-04
1.084799999999999898e+01 2.067010199359293706e-04
1.110399999999999920e+01 2.067165656233953611e-04
1.135999999999999943e+01 2.067337522673952550e-04
1.161599999999999966e+01 2.067524634541643568e-04
1.187199999999999989e+01 2.067730557987704644e-04
1.212800000000000011e+01 2.067954104295233089e-04
1.238400000000000034e+01 2.068198787300289403e-04
1.264000000000000057e+01 2.068463435724106521e-04
1.289600000000000080e+01 2.068751383414442035e-04
1.315200000000000102e+01 2.069061519088711979e-04
1.340800000000000125e+01 2.069396869790196558e-04
1.366400000000000148e+01 2.069756426504564266e-04
1.392000000000000171e+01 2.070142785948625322e-04
1.417600000000000193e+01 2.070555082550054810e-04
1.443200000000000216e+01 2.070995365783001336e-04
1.468800000000000239e+01 2.071462952489403527e-04
1.494400000000000261e+01 2.071959238856052783e-04
1.520000000000000284e+01 2.072483759487330466e-04
1.545600000000000307e+01 2.073037166649312202e-04
1.571200000000000330e+01 2.073619242919973323e-04
1.596800000000000352e+01 2.074229825212137147e-04
1.622400000000000375e+01 2.074868967888127776e-04
1.648000000000000398e+01 2.075535642414633901e-04
1.673600000000000421e+01 2.076230191636065884e-04
1.699200000000000443e+01 2.076950692874386976e-04
1.724800000000000466e+01 2.077697787022204446e-04
1.750400000000000489e+01 2.078468648041491924e-04
1.776000000000000512e+01 2.079264217944941221e-04
1.801600000000000534e+01 2.080080774338289933e-04
1.827200000000000557e+01 2.080919558019679919e-04
1.852800000000000580e+01 2.081775969798793581e-04
1.878400000000000603e+01 2.082651542739021510e-04
1.904000000000000625e+01 2.083540830040694154e-04
1.929600000000000648e+01 2.084445647303625831e-04
1.955200000000000671e+01 2.085359737831917045e-04
1.980800000000000693e+01 2.086285187190916419e-04
2.006399999999999295e+01 2.087214976500411127e-04
2.031999999999999318e+01 2.088151445387108058e-04
2.057599999999999341e+01 2.089086874516409410e-04
2.083199999999999363e+01 2.090023836999854289e-04
2.108799999999999386e+01 2.090953994225575182e-04
2.134399999999999409e+01 2.091880125730880685e-04
2.159999999999999432e+01 2.092793378871291509e-04
2.185599999999999454e+01 2.093696704528356857e-04
2.211199999999999477e+01 2.094580866422729047e-04
2.236799999999999500e+01 2.095448943314205637e-04
2.262399999999999523e+01 2.096291466323649635e-04
2.287999999999999545e+01 2.097111591744065234e-04
2.313599999999999568e+01 2.097899779444077932e-04
2.339199999999999591e+01 2.098659209467412822e-04
2.364799999999999613e+01 2.099380428285046671e-04
2.390399999999999636e+01 2.100066587073311881e-04
2.415999999999999659e+01 2.100708460351935892e-04
2.441599999999999682e+01 2.101309123280969623e-04
2.467199999999999704e+01 2.101859696166352405e-04
2.492799999999999727e+01 2.102363138906111057e-04
2.518399999999999750e+01 2.102811012801377474e-04
2.543999999999999773e+01 2.103206130751723130e-04
2.569599999999999795e+01 2.103540576718311225e-04
2.595199999999999818e+01 2.103816989380683281e-04
2.620799999999999841e+01 2.104028055947517915e-04
2.646399999999999864e+01 2.104176214015897588e-04
2.671999999999999886e+01 2.104254843258357357e-04
2.697599999999999909e+01 2.104266150450715886e-04
2.723199999999999932e+01 2.104204307200138084e-04
2.748799999999999955e+01 2.104071256304199599e-04
2.774399999999999977e+01 2.103862062771752603e-04
2.800000000000000000e+01 2.103578371599849623e-04
2.825600000000000023e+01 2.103216229200260750e-04
2.851200000000000045e+01 2.102776953435667217e-04
2.876800000000000068e+01 2.102257629972771223e-04
2.902400000000000091e+01 2.101659230255986124e-04
2.928000000000000114e+01 2.100979895536316813e-04
2.953600000000000136e+01 2.100220245396743589e-04
2.979200000000000159e+01 2.099379449558640652e-04
3.004800000000000182e+01 2.098457784781602249e-04
3.030400000000000205e+01 2.097455386313219229e-04
3.056000000000000227e+01 2.096372209071001335e-04
3.081600000000000250e+01 2.095209268549044171e-04
3.107200000000000273e+01 2.093966226249343969e-04
3.132800000000000296e+01 2.092644884263065823e-04
3.158400000000000318e+01 2.091244641893167441e-04
3.184000000000000341e+01 2.089767995588057874e-04
3.209600000000000364e+01 2.088214113198262470e-04
3.235200000000000387e+01 2.086586098200872430e-04
3.260800000000000409e+01 2.084882916103563593e-04
3.286400000000000432e+01 2.083108193064044751e-04
3.312000000000000455e+01 2.081260720363036995e-04
3.337600000000000477e+01 2.079344560906918845e-04
3.363200000000000500e+01 2.077358360393561146e-04
3.388800000000000523e+01 2.075306526914466392e-04
3.414400000000000546e+01 2.073187591105807737e-04
3.440000000000000568e+01 2.071006207634542499e-04
3.465600000000000591e+01 2.068760824945032424e-04
3.491200000000000614e+01 2.066456240328601193e-04
3.516800000000000637e+01 2.064090854688182294e-04
3.542400000000000659e+01 2.061669502584712532e-04
3.568000000000000682e+01 2.059190572497935474e-04
3.593600000000000705e+01 2.056658834175861036e-04
3.619200000000000728e+01 2.054072697702506061e-04
3.644800000000000750e+01 2.051436773331768212e-04
3.670400000000000773e+01 2.048749524312342665e-04
3.696000000000000796e+01 2.046015317133198323e-04
3.721600000000000819e+01 2.043232696298063989e-04
3.747200000000000841e+01 2.040405712755155045e-04
3.772800000000000864e+01 2.037533016188470441e-04
3.798400000000000887e+01 2.034618284514777434e-04
3.824000000000000909e+01 2.031660291761839968e-04
3.849600000000000932e+01 2.028662301677362485e-04
3.875200000000000955e+01 2.025623226345455883e-04
3.900800000000000978e+01 2.022545892991521382e-04
3.926400000000001000e+01 2.019429359207071579e-04
3.952000000000001023e+01 2.016276014348651938e-04
3.977600000000001046e+01 2.013085061964176318e-04
4.003200000000001069e+01 2.009858474177549873e-04
4.028800000000001091e+01 2.006595593614162668e-04
4.054400000000001114e+01 2.003298016472430118e-04
4.080000000000001137e+01 1.999965210686245826e-04
4.105600000000001160e+01 1.996598454399915951e-04
4.131200000000001182e+01 1.993197321565429875e-04
4.156800000000001205e+01 1.989762840158098537e-04
4.182400000000001228e+01 1.986294667519546305e-04
4.208000000000001251e+01 1.982793651526526795e-04
4.233600000000001273e+01 1.979259509553500554e-04
4.259200000000001296e+01 1.975692974129163485e-04
4.284800000000001319e+01 1.972093801077235374e-04
4.310400000000001342e+01 1.968462661323770193e-04
4.336000000000001364e+01 1.964799331226763503e-04
4.361600000000001387e+01 1.961104459897926409e-04
4.387200000000001410e+01 1.957377830966702727e-04
4.412799999999998590e+01 1.953620097465855686e-04
4.438399999999998613e+01 1.949831041717755892e-04
4.463999999999998636e+01 1.946011334506896019e-04
4.489599999999998658e+01 1.942160752238411656e-04
4.515199999999998681e+01 1.938279988669605928e-04
4.540799999999998704e+01 1.934368812548103458e-04
4.566399999999998727e+01 1.930427940435533343e-04
4.591999999999998749e+01 1.926457133478089872e-04
4.617599999999998772e+01 1.922457127636944337e-04
4.643199999999998795e+01 1.918427677591703234e-04
4.668799999999998818e+01 1.914369532728591567e-04
4.694399999999998840e+01 1.910282443252215819e-04
4.719999999999998863e+01 1.906167162908747100e-04
4.745599999999998886e+01 1.902023440449488270e-04
4.771199999999998909e+01 1.897852021018167407e-04
4.796799999999998931e+01 1.893652656233563321e-04
4.822399999999998954e+01 1.889426065781612564e-04
4.847999999999998977e+01 1.885172009766955428e-04
4.873599999999999000e+01 1.880891163185510176e-04
4.899199999999999022e+01 1.876583301038652746e-04
4.924799999999999045e+01 1.872249034875886938e-04
4.950399999999999068e+01 1.867888160847376708e-04
4.975999999999999091e+01 1.863501211899761076e-04
5.001599999999999113e+01 1.859088010384230482e-04
5.027199999999999136e+01 1.854649001047641455e-04
5.052799999999999159e+01 1.850184035641068382e-04
5.078399999999999181e+01 1.845693466491449232e-04
5.103999999999999204e+01 1.841177176156535587e-04
5.129599999999999227e+01 1.836635423493853791e-04
5.155199999999999250e+01 1.832068122217606814e-04
5.180799999999999272e+01 1.827475436853263913e-04
5.206399999999999295e+01 1.822857312558913640e-04
5.231999999999999318e+01 1.818213816816320529e-04
5.257599999999999341e+01 1.813544927131551323e-04
5.283199999999999363e+01 1.808850609509054152e-04
5.308799999999999386e+01 1.804130875280648017e-04
5.334399999999999409e+01 1.799385585085145397e-04
5.359999999999999432e+01 1.794614785376346029e-04
5.385599999999999454e+01 1.789818231232325916e-04
5.411199999999999477e+01 1.784996004293707599e-04
5.436799999999999500e+01 1.780147759832453999e-04
5.462399999999999523e+01 1.775273612757920748e-04
5.487999999999999545e+01 1.770373130309699933e-04
5.513599999999999568e+01 1.765446456741295823e-04
5.539199999999999591e+01 1.760493086818345771e-04
5.564799999999999613e+01 1.755513188952318089e-04
5.590399999999999636e+01 1.750506201281849946e-04
5.615999999999999659e+01 1.745472311094069153e-04
5.641599999999999682e+01 1.740410912809720620e-04
5.667199999999999704e+01 1.735322208288551525e-04
5.692799999999999727e+01 1.730205556402986036e-04
5.718399999999999750e+01 1.725061170862233714e-04
5.743999999999999773e+01 1.719888378287782592e-04
5.769599999999999795e+01 1.714687403139091937e-04
5.795199999999999818e+01 1.709457539120793148e-04
5.820799999999999841e+01 1.704199021664651727e-04
5.846399999999999864e+01 1.698911107915725073e-04
5.871999999999999886e+01 1.693594045492318985e-04
5.897599999999999909e+01 1.688247048761515963e-04
5.923199999999999932e+01 1.682870379600987518e-04
5.948799999999999955e+01 1.677463200622670301e-04
5.974399999999999977e+01 1.672025790955945594e-04
6.000000000000000000e+01 1.666557249527380409e-04
6.025600000000000023e+01 1.661057876694790349e-04
6.051200000000000045e+01 1.655526693329838575e-04
6.076800000000000068e+01 1.649964025808602400e-04
6.102400000000000091e+01 1.644368801748310592e-04
6.128000000000000114e+01 1.638741378609826903e-04
6.153600000000000136e+01 1.633080577240099819e-04
6.179200000000000159e+01 1.627386790690153468e-04
6.204800000000000182e+01 1.621658723947868935e-04
6.230400000000000205e+01 1.615896808683970503e-04
6.256000000000000227e+01 1.610099631514605944e-04
6.281600000000000250e+01 1.604267663567725819e-04
6.307200000000000273e+01 1.598399378104132010e-04
6.332800000000000296e+01 1.592495284036847460e-04
6.358400000000000318e+01 1.586553753389966502e-04
6.384000000000000341e+01 1.580575328822124447e-04
6.409600000000000364e+01 1.574558298726036899e-04
6.435200000000000387e+01 1.568503233637493963e-04
6.460800000000000409e+01 1.562408359018872134e-04
6.486400000000000432e+01 1.556274266382702911e-04
6.512000000000000455e+01 1.550099139343433859e-04
6.537600000000000477e+01 1.543883583362863025e-04
6.563200000000000500e+01 1.537625759089275037e-04
6.588800000000000523e+01 1.531326279639902118e-04
6.614400000000000546e+01 1.524983297371737794e-04
6.640000000000000568e+01 1.518597428165801753e-04
6.665600000000000591e+01 1.512166825518570178e-04
6.691200000000000614e+01 1.505692104931244781e-04
6.716800000000000637e+01 1.499171425354014586e-04
6.742400000000000659e+01 1.492605400470172687e-04
6.768000000000000682e+01 1.485992194997900529e-04
6.793600000000000705e+01 1.479332420697770868e-04
6.819200000000000728e+01 1.472624245903790237e-04
6.844800000000000750e+01 1.465868281171288888e-04
6.870400000000000773e+01 1.459062695031072582e-04
6.896000000000000796e+01 1.452208097972892519e-04
6.921600000000000819e+01 1.445302654380895317e-04
6.947200000000000841e+01 1.438346976127029210e-04
6.972800000000000864e+01 1.431339217689591619e-04
6.998400000000000887e+01 1.424279994242432445e-04
7.024000000000000909e+01 1.417167442440040272e-04
7.049600000000000932e+01 1.410002183397556842e-04
7.075200000000000955e+01 1.402782325645487559e-04
7.100800000000000978e+01 1.395508499673675431e-04
7.126400000000001000e+01 1.388178773946917408e-04
7.152000000000001023e+01 1.380793792310289485e-04
7.177600000000001046e+01 1.373351571105079383e-04
7.203200000000001069e+01 1.365852771550841690e-04
7.228800000000001091e+01 1.358295347290831595e-04
7.254400000000001114e+01 1.350679980443977770e-04
7.280000000000001137e+01 1.343004553786307303e-04
7.305600000000001160e+01 1.335269773059153352e-04
7.331200000000001182e+01 1.327473444352528155e-04
7.356800000000001205e+01 1.319616298969794035e-04
7.382400000000001228e+01 1.311696062129948863e-04
7.408000000000001251e+01 1.303713492093330024e-04
7.433600000000001273e+01 1.295666229947805865e-04
7.459200000000001296e+01 1.287555061997425058e-04
7.484800000000001319e+01 1.279377542689528839e-04
7.510400000000001342e+01 1.271134487208372757e-04
7.536000000000001364e+01 1.262823361993533451e-04
7.561600000000001387e+01 1.254445011565159991e-04
7.587200000000001410e+01 1.245996814640770939e-04
7.612799999999998590e+01 1.237479644981175281e-04
7.638399999999998613e+01 1.228890795597148769e-04
7.663999999999998636e+01 1.220231168818433360e-04
7.689599999999998658e+01 1.211497975113479646e-04
7.715199999999998681e+01 1.202692144326169638e-04
7.740799999999998704e+01 1.193810807748574391e-04
7.766399999999998727e+01 1.184854921616667689e-04
7.791999999999998749e+01 1.175821540928162116e-04
7.817599999999998772e+01 1.166711647350504111e-04
7.843199999999998795e+01 1.157522222152355642e-04
7.868799999999998818e+01 1.148254271577526500e-04
7.894399999999998840e+01 1.138904706630565114e-04
7.919999999999998863e+01 1.129474556976603396e-04
7.945599999999998886e+01 1.119960669650146455e-04
7.971199999999998909e+01 1.110364095639678492e-04
7.996799999999998931e+01 1.100681629005642034e-04
8.022399999999998954e+01 1.090914338394580136e-04
8.047999999999998977e+01 1.081058981434602210e-04
8.073599999999999000e+01 1.071116638916308364e-04
8.099199999999999022e+01 1.061084053053629287e-04
8.124799999999999045e+01 1.050962309775258814e-04
8.150399999999999068e+01 1.040748157965638404e-04
8.175999999999999091e+01 1.030442681329922749e-04
8.201599999999999113e+01 1.020042653218032456e-04
8.227199999999999136e+01 1.009549149179994983e-04
8.252799999999999159e+01 9.989589746554140880e-05
8.278399999999999181e+01 9.882731944977848643e-05
8.303999999999999204e+01 9.774886395214634177e-05
8.329599999999999227e+01 9.666063661216376811e-05
8.355199999999999250e+01 9.556232092384368338e-05
8.380799999999999272e+01 9.445402238918161446e-05
8.406399999999999295e+01 9.333542182380979578e-05
8.431999999999999318e+01 9.220662562251792074e-05
8.457599999999999341e+01 9.106730875787667485e-05
8.483199999999999363e+01 8.991757957235773030e-05
8.508799999999999386e+01 8.875710493587146558e-05
8.534399999999999409e+01 8.758599589177947962e-05
8.559999999999999432e+01 8.640391050378351317e-05
8.585599999999999454e+01 8.521096275065019024e-05
8.611199999999999477e+01 8.400680275756168601e-05
8.636799999999999500e+01 8.279154714945885203e-05
8.662399999999999523e+01 8.156483990967502030e-05
8.687999999999999545e+01 8.032679971043130216e-05
8.713599999999999568e+01 7.907706612508112070e-05
8.739199999999999591e+01 7.781575929584016419e-05
8.764799999999999613e+01 7.654251520136056395e-05
8.790399999999999636e+01 7.525745518209298740e-05
8.815999999999999659e+01 7.396021123652889596e-05
8.841599999999999682e+01 7.265090603183879182e-05
8.867199999999999704e+01 7.132916640926354683e-05
8.892799999999999727e+01 6.999511675505462258e-05
8.918399999999999750e+01 6.864837764364055872e-05
8.943999999999999773e+01 6.728907555021263712e-05
8.969599999999999795e+01 6.591682457432391140e-05
8.995199999999999818e+01 6.453175334945722105e-05
9.020799999999999841e+01 6.313347056058869755e-05
9.046399999999999864e+01 6.172210664606004151e-05
9.071999999999999886e+01 6.029726693748987574e-05
9.097599999999999909e+01 5.885908299100528306e-05
9.123199999999999932e+01 5.740715912997123183e-05
9.148799999999999955e+01 5.594162724659952802e-05
9.174399999999999977e+01 5.446209253424712536e-05
9.200000000000000000e+01 5.296868659512904344e-05
9.225600000000000023e+01 5.146101652208986971e-05
9.251200000000000045e+01 4.993921328418172230e-05
9.276800000000000068e+01 4.840288620947157859e-05
9.302400000000000091e+01 4.685216552193855388e-05
9.328000000000000114e+01 4.528666298033732281e-05
9.353600000000000136e+01 4.370650799841635428e-05
9.379200000000000159e+01 4.211131543179195047e-05
9.404800000000000182e+01 4.050121366192587028e-05
9.430400000000000205e+01 3.887582211022387385e-05
9.456000000000000227e+01 3.723526763621775167e-05
9.481600000000000250e+01 3.557917640392780755e-05
9.507200000000000273e+01 3.390767302534819288e-05
9.532800000000000296e+01 3.222039286870923745e-05
9.558400000000000318e+01 3.051745747793387103e-05
9.584000000000000341e+01 2.879851368608477905e-05
9.609600000000000364e+01 2.706367921547435227e-05
9.635200000000000387e+01 2.531261414938044748e-05
9.660800000000000409e+01 2.354543179337772793e-05
9.686400000000000432e+01 2.176180686774370783e-05
9.712000000000000455e+01 1.996184779905283145e-05
9.737600000000000477e+01 1.814524530844632618e-05
9.763200000000000500e+01 1.631210248887774868e-05
9.788800000000000523e+01 1.446212787285365281e-05
9.814400000000000546e+01 1.259541861620539905e-05
9.840000000000000568e+01 1.071170362896956251e-05
9.865600000000000591e+01 8.811073274467444075e-06
9.891200000000000614e+01 6.893280123136268680e-06
9.916800000000000637e+01 4.958406651496869020e-06
9.942400000000000659e+01 3.006232665148024433e-06
9.968000000000000682e+01 1.036831562223595842e-06
9.993600000000000705e+01 -9.499864265329567344e-07
1.001920000000000073e+02 -2.954158044702769131e-06
1.004480000000000075e+02 -4.975840497899484313e-06
1.007040000000000077e+02 -7.014981384251918595e-06
1.009600000000000080e+02 -9.071704619781702808e-06
1.012160000000000082e+02 -1.114596889914816431e-05
1.014720000000000084e+02 -1.323786537852168707e-05
1.017280000000000086e+02 -1.534736367251253895e-05
1.019840000000000089e+02 -1.747452325380536201e-05
1.022400000000000091e+02 -1.961932429817251708e-05
1.024960000000000093e+02 -2.178179513256205390e-05
1.027520000000000095e+02 -2.396192631465774694e-05
1.030080000000000098e+02 -2.615971390256952489e-05
1.032640000000000100e+02 -2.837515921026004915e-05
1.035200000000000102e+02 -3.060822246943645019e-05
1.037760000000000105e+02 -3.285891693619479492e-05
1.040320000000000107e+02 -3.512716088705634699e-05
1.042880000000000109e+02 -3.741298156317932879e-05
1.045440000000000111e+02 -3.971624716233145154e-05
1.048000000000000114e+02 -4.203700161858973374e-05
1.050560000000000116e+02 -4.437505404748193167e-05
1.053120000000000118e+02 -4.673046807716441862e-05
1.055680000000000121e+02 -4.910298514201881547e-05
1.058240000000000123e+02 -5.149269143058411436e-05
1.060800000000000125e+02 -5.389925353055057114e-05
1.063360000000000127e+02 -5.632278257935366942e-05
1.065920000000000130e+02 -5.876286503971895074e-05
1.068480000000000132e+02 -6.121963875740453855e-05
1.071040000000000134e+02 -6.369260646869590026e-05
1.073600000000000136e+02 -6.618193392816362742e-05
1.076160000000000139e+02 -6.868703751623329910e-05
1.078720000000000141e+02 -7.120811177276209340e-05
1.081279999999999859e+02 -7.374448421413577835e-05
1.083839999999999861e+02 -7.629637900155835707e-05
1.086399999999999864e+02 -7.886303177541528677e-05
1.088959999999999866e+02 -8.144469732224412497e-05
1.091519999999999868e+02 -8.404051572636939442e-05
1.094079999999999870e+02 -8.665077362634675956e-05
1.096639999999999873e+02 -8.927451151335582776e-05
1.099199999999999875e+02 -9.191204922367015358e-05
1.101759999999999877e+02 -9.456232386630670475e-05
1.104319999999999879e+02 -9.722568973826046233e-05
1.106879999999999882e+02 -9.990097766043991182e-05
1.109439999999999884e+02 -1.025885773592079427e-04
1.111999999999999886e+02 -1.052872117939962916e-04
1.114559999999999889e+02 -1.079973066449972798e-04
1.117119999999999891e+02 -1.107174769442478666e-04
1.119679999999999893e+02 -1.134481843477383705e-04
1.122239999999999895e+02 -1.161879373342022032e-04
1.124799999999999898e+02 -1.189372330773982460e-04
1.127359999999999900e+02 -1.216944760975959759e-04
1.129919999999999902e+02 -1.244601982213733001e-04
1.132479999999999905e+02 -1.272327035410639390e-04
1.135039999999999907e+02 -1.300125573592254651e-04
1.137599999999999909e+02 -1.327979675132455819e-04
1.140159999999999911e+02 -1.355895313906611344e-04
1.142719999999999914e+02 -1.383853651345417807e-04
1.145279999999999916e+02 -1.411860966971998212e-04
1.147839999999999918e+02 -1.439897553134067290e-04
1.150399999999999920e+02 -1.467969979049058796e-04
1.152959999999999923e+02 -1.496057717944132657e-04
1.155519999999999925e+02 -1.524167612076939634e-04
1.158079999999999927e+02 -1.552278369091998427e-04
1.160639999999999930e+02 -1.580397086441133155e-04
1.163199999999999932e+02 -1.608501765869156154e-04
1.165759999999999934e+02 -1.636599740127806402e-04
1.168319999999999936e+02 -1.664668373387628766e-04
1.170879999999999939e+02 -1.692715210925161415e-04
1.173439999999999941e+02 -1.720717057461386532e-04
1.175999999999999943e+02 -1.748681644756001116e-04
1.178559999999999945e+02 -1.776585305135960241e-04
1.181119999999999948e+02 -1.804435927825587911e-04
1.183679999999999950e+02 -1.832209466142965489e-04
1.186239999999999952e+02 -1.859913935648765319e-04
1.188799999999999955e+02 -1.887525007140407167e-04
1.191359999999999957e+02 -1.915050790352122029e-04
1.193919999999999959e+02 -1.942466770565642929e-04
1.196479999999999961e+02 -1.969781119353773593e-04
1.199039999999999964e+02 -1.996969232825493662e-04
1.201599999999999966e+02 -2.024039312277895212e-04
1.204159999999999968e+02 -2.050966760468445256e-04
1.206719999999999970e+02 -2.077759776477958035e-04
1.209279999999999973e+02 -2.104393865736174727e-04
1.211839999999999975e+02 -2.130877193099818187e-04
1.214399999999999977e+02 -2.157185463300806188e-04
1.216959999999999980e+02 -2.183326774761832354e-04
1.219519999999999982e+02 -2.209277128267769829e-04
1.222079999999999984e+02 -2.235044523556981130e-04
1.224639999999999986e+02 -2.260605352931569282e-04
1.227199999999999989e+02 -2.285967485624185039e-04
1.229759999999999991e+02 -2.311107797720179805e-04
1.232319999999999993e+02 -2.336033997191178102e-04
1.234879999999999995e+02 -2.360723531129916859e-04
1.237439999999999998e+02 -2.385183917172178350e-04
1.240000000000000000e+02 -2.409393254308156960e-04
1.242560000000000002e+02 -2.433358842874400532e-04
1.245120000000000005e+02 -2.457059507815410426e-04
1.247680000000000007e+02 -2.480502307482993591e-04
1.250240000000000009e+02 -2.503666860262081391e-04
1.252800000000000011e+02 -2.526559960024307174e-04
1.255360000000000014e+02 -2.549162080255559250e-04
1.257920000000000016e+02 -2.571479729793869429e-04
1.260480000000000018e+02 -2.593494293856769438e-04
1.263040000000000020e+02 -2.615211977371775624e-04
1.265600000000000023e+02 -2.636615129320944175e-04
1.268160000000000025e+02 -2.657709633377000548e-04
1.270720000000000027e+02 -2.678478849578145335e-04
1.273280000000000030e+02 -2.698928324578296492e-04
1.275840000000000032e+02 -2.719042471410056897e-04
1.278400000000000034e+02 -2.738826485729251611e-04
1.280960000000000036e+02 -2.758265869414161628e-04
1.283520000000000039e+02 -2.777365455172107209e-04
1.286080000000000041e+02 -2.796111863074195007e-04
1.288640000000000043e+02 -2.814509553096724431e-04
1.291200000000000045e+02 -2.832546286515194404e-04
1.293760000000000048e+02 -2.850226142904468073e-04
1.296320000000000050e+02 -2.867538042175008591e-04
1.298880000000000052e+02 -2.884485677690034841e-04
1.301440000000000055e+02 -2.901059140915619120e-04
1.304000000000000057e+02 -2.917261734696355931e-04
1.306560000000000059e+02 -2.933084731486684566e-04
1.309120000000000061e+02 -2.948531040468386133e-04
1.311680000000000064e+02 -2.963593121665988850e-04
1.314240000000000066e+02 -2.978273488404596854e-04
1.316800000000000068e+02 -2.992565792089763228e-04
1.319360000000000070e+02 -3.006472148919559786e-04
1.321920000000000073e+02 -3.019987402270560197e-04
1.324480000000000075e+02 -3.033113271017226715e-04
1.327040000000000077e+02 -3.045845787101159031e-04
1.329600000000000080e+02 -3.058186273208526721e-04
1.332160000000000082e+02 -3.070131941648861240e-04
1.334720000000000084e+02 -3.081683721652270702e-04
1.337280000000000086e+02 -3.092839992385304471e-04
1.339840000000000089e+02 -3.103601294125819181e-04
1.342400000000000091e+02 -3.113967153983783118e-04
1.344960000000000093e+02 -3.123937729589199084e-04
1.347520000000000095e+02 -3.133513671988907758e-04
1.350080000000000098e+02 -3.142694764167326118e-04
1.352640000000000100e+02 -3.151482752540957330e-04
1.355200000000000102e+02 -3.159877054970888582e-04
1.357760000000000105e+02 -3.167880480640753739e-04
1.360320000000000107e+02 -3.175492093156115337e-04
1.362880000000000109e+02 -3.182715728205439982e-04
1.365440000000000111e+02 -3.189550107225934926e-04
1.368000000000000114e+02 -3.196000052708644363e-04
1.370560000000000116e+02 -3.202063957156547056e-04
1.373120000000000118e+02 -3.207747586897972004e-04
1.375680000000000121e+02 -3.213049019823387121e-04
1.378240000000000123e+02 -3.217974920132241306e-04
1.380800000000000125e+02 -3.222523066424680133e-04
1.383360000000000127e+02 -3.226700972247064205e-04
1.385920000000000130e+02 -3.230506133083929686e-04
1.388480000000000132e+02 -3.233946861360600380e-04
1.391040000000000134e+02 -3.237020386268635200e-04
1.393600000000000136e+02 -3.239735767431101078e-04
1.396160000000000139e+02 -3.242089984973643094e-04
1.398720000000000141e+02 -3.244092793578885509e-04
1.401279999999999859e+02 -3.245740941685989708e-04
1.403839999999999861e+02 -3.247044827144596451e-04
1.406399999999999864e+02 -3.248000984004780129e-04
1.408959999999999866e+02 -3.248620402191018468e-04
1.411519999999999868e+02 -3.248899418395211677e-04
1.414079999999999870e+02 -3.248849564678109878e-04
1.416639999999999873e+02 -3.248466997019513807e-04
1.419199999999999875e+02 -3.247763740974889709e-04
1.421759999999999877e+02 -3.246735788025771423e-04
1.424319999999999879e+02 -3.245395609854092667e-04
1.426879999999999882e+02 -3.243739049232487810e-04
1.429439999999999884e+02 -3.241778977779267447e-04
1.431999999999999886e+02 -3.239511104954956766e-04
1.434559999999999889e+02 -3.236948657226664818e-04
1.437119999999999891e+02 -3.234087225771983972e-04
1.439679999999999893e+02 -3.230940347900341418e-04
1.442239999999999895e+02 -3.227503511175341478e-04
1.444799999999999898e+02 -3.223790520819625740e-04
1.447359999999999900e+02 -3.219796775092273380e-04
1.449919999999999902e+02 -3.215536305243045100e-04
1.452479999999999905e+02 -3.211004434188706848e-04
1.455039999999999907e+02 -3.206215378307445047e-04
1.457599999999999909e+02 -3.201164398806611482e-04
1.460159999999999911e+02 -3.195865857280799291e-04
1.462719999999999914e+02 -3.190314966531776790e-04
1.465279999999999916e+02 -3.184526194564874543e-04
1.467839999999999918e+02 -3.178494718711546573e-04
1.470399999999999920e+02 -3.172235075935683551e-04
1.472959999999999923e+02 -3.165742420582554062e-04
1.475519999999999925e+02 -3.159031322736869860e-04
1.478079999999999927e+02 -3.152096925703768045e-04
1.480639999999999930e+02 -3.144953798578966329e-04
1.483199999999999932e+02 -3.137597084997208489e-04
1.485759999999999934e+02 -3.130041320568223190e-04
1.488319999999999936e+02 -3.122281660088731584e-04
1.490879999999999939e+02 -3.114332574533145380e-04
1.493439999999999941e+02 -3.106189240243399262e-04
1.495999999999999943e+02 -3.097866033554408502e-04
1.498559999999999945e+02 -3.089358162354597379e-04
1.501119999999999948e+02 -3.080679879522216897e-04
1.503679999999999950e+02 -3.071826434097857644e-04
1.506239999999999952e+02 -3.062811928185242669e-04
1.508799999999999955e+02 -3.053631661083062109e-04
1.511359999999999957e+02 -3.044299558723421572e-04
1.513919999999999959e+02 -3.034810979129070880e-04
1.516479999999999961e+02 -3.025179648872540028e-04
1.519039999999999964e+02 -3.015400992429721739e-04
1.521599999999999966e+02 -3.005488516053481259e-04
1.524159999999999968e+02 -2.995437717659513188e-04
1.526719999999999970e+02 -2.985261864247873583e-04
1.529279999999999973e+02 -2.974956533485236627e-04
1.531839999999999975e+02 -2.964534735974233928e-04
1.534399999999999977e+02 -2.953992134847266502e-04
1.536959999999999980e+02 -2.943341468864049400e-04
1.539519999999999982e+02 -2.932578491771334513e-04
1.542079999999999984e+02 -2.921715656858627137e-04
1.544639999999999986e+02 -2.910748813029378525e-04
1.547199999999999989e+02 -2.899690116521595447e-04
1.549759999999999991e+02 -2.888535515255959661e-04
1.552319999999999993e+02 -2.877296859045271548e-04
1.554879999999999995e+02 -2.865970197951917247e-04
1.557439999999999998e+02 -2.854567068173454966e-04
1.560000000000000000e+02 -2.843083624310701165e-04
1.562559999999999718e+02 -2.831531083724588113e-04
1.565120000000000005e+02 -2.819905707294817162e-04
1.567679999999999723e+02 -2.808218389970730425e-04
1.570240000000000009e+02 -2.796465500102552075e-04
1.572799999999999727e+02 -2.784657607966469655e-04
1.575360000000000014e+02 -2.772791190137068886e-04
1.577919999999999732e+02 -2.760876490983199083e-04
1.580480000000000018e+02 -2.748910095715275791e-04
1.583039999999999736e+02 -2.736901922331932751e-04
1.585600000000000023e+02 -2.724848664833610023e-04
1.588159999999999741e+02 -2.712759914894794606e-04
1.590720000000000027e+02 -2.700632475290674125e-04
1.593279999999999745e+02 -2.688475611646447098e-04
1.595840000000000032e+02 -2.676286235420437427e-04
1.598399999999999750e+02 -2.664073286430434693e-04
1.600960000000000036e+02 -2.651833784737135224e-04
1.603519999999999754e+02 -2.639576344373122498e-04
1.606080000000000041e+02 -2.627298093994167509e-04
1.608639999999999759e+02 -2.615007321579260430e-04
1.611200000000000045e+02 -2.602701264468683297e-04
1.613759999999999764e+02 -2.590387884058617095e-04
1.616320000000000050e+02 -2.578064526550380908e-04
1.618879999999999768e+02 -2.565738826034848837e-04
1.621440000000000055e+02 -2.553408237815037369e-04
1.623999999999999773e+02 -2.541080067837235535e-04
1.626560000000000059e+02 -2.528751880786052147e-04
1.629119999999999777e+02 -2.516430653619502436e-04
1.631680000000000064e+02 -2.504114060684927128e-04
1.634239999999999782e+02 -2.491808749321453931e-04
1.636800000000000068e+02 -2.479512503749408845e-04
1.639359999999999786e+02 -2.467231641645790821e-04
1.641920000000000073e+02 -2.454964057118252420e-04
1.644479999999999791e+02 -2.442715739201450301e-04
1.647040000000000077e+02 -2.430484691550412538e-04
1.649599999999999795e+02 -2.418276577033952053e-04
1.652160000000000082e+02 -2.406089508029080428e-04
1.654719999999999800e+02 -2.393928825282536023e-04
1.657280000000000086e+02 -2.381792748545405599e-04
1.659839999999999804e+02 -2.369686301818927786e-04
1.662400000000000091e+02 -2.357607810436082130e-04
1.664959999999999809e+02 -2.345561987943580319e-04
1.667520000000000095e+02 -2.333547263159275293e-04
1.670079999999999814e+02 -2.321568046080199860e-04
1.672640000000000100e+02 -2.309622866707334047e-04
1.675199999999999818e+02 -2.297715839042234541e-04
1.677760000000000105e+02 -2.285845591751046763e-04
1.680319999999999823e+02 -2.274015951369189265e-04
1.682880000000000109e+02 -2.262225642384945671e-04
1.685439999999999827e+02 -2.250478213657743066e-04
1.688000000000000114e+02 -2.238772482234451737e-04
1.690559999999999832e+02 -2.227111730241787275e-04
1.693120000000000118e+02 -2.215494863637505730e-04
1.695679999999999836e+02 -2.203924909309195061e-04
1.698240000000000123e+02 -2.192400858294334262e-04
1.700799999999999841e+02 -2.180925493448452191e-04
1.703360000000000127e+02 -2.169497887153046549e-04
1.705919999999999845e+02 -2.158120588514840022e-04
1.708480000000000132e+02 -2.146792747831590721e-04
1.711039999999999850e+02 -2.135516689673461470e-04
1.713600000000000136e+02 -2.124291639183730515e-04
1.716159999999999854e+02 -2.113119704811086935e-04
1.718720000000000141e+02 -2.102000183739300494e-04
1.721279999999999859e+02 -2.090934976272862324e-04
1.723840000000000146e+02 -2.079923448976916478e-04
1.726399999999999864e+02 -2.068967301695074366e-04
1.728960000000000150e+02 -2.058065967812801019e-04
1.731519999999999868e+02 -2.047220953987640931e-04
1.734080000000000155e+02 -2.036431758000363816e-04
1.736639999999999873e+02 -2.025699700028321714e-04
1.739200000000000159e+02 -2.015024340012454198e-04
1.741759999999999877e+02 -2.004406817835921190e-04
1.744320000000000164e+02 -1.993846753537676069e-04
1.746879999999999882e+02 -1.983345112690080756e-04
1.749440000000000168e+02 -1.972901573435619567e-04
1.751999999999999886e+02 -1.962516933216364461e-04
1.754560000000000173e+02 -1.952190926218272296e-04
1.757119999999999891e+02 -1.941924188348162625e-04
1.759680000000000177e+02 -1.931716507637048705e-04
1.762239999999999895e+02 -1.921568365390224551e-04
1.764800000000000182e+02 -1.911479601172616732e-04
1.767359999999999900e+02 -1.901450548681704893e-04
1.769920000000000186e+02 -1.891481096685024277e-04
1.772479999999999905e+02 -1.881571438073046819e-04
1.775040000000000191e+02 -1.871721508548949444e-04
1.777599999999999909e+02 -1.861931366754391930e-04
1.780160000000000196e+02 -1.852200993142190312e-04
1.782719999999999914e+02 -1.842530318572136437e-04
1.785280000000000200e+02 -1.832919366090943495e-04
1.787839999999999918e+02 -1.823367945385236349e-04
1.790400000000000205e+02 -1.813876119892782678e-04
1.792959999999999923e+02 -1.804443585021053712e-04
1.795520000000000209e+02 -1.795070442300888036e-04
1.798079999999999927e+02 -1.785756279993498869e-04
1.800640000000000214e+02 -1.776501235345169614e-04
1.803199999999999932e+02 -1.767304796635551557e-04
1.805760000000000218e+02 -1.758167134438053884e-04
1.808319999999999936e+02 -1.749087643984921080e-04
1.810880000000000223e+02 -1.740066526865341739e-04
1.813439999999999941e+02 -1.731103091773495491e-04
1.816000000000000227e+02 -1.722197569144605649e-04
1.818559999999999945e+02 -1.713349187162562653e-04
1.821120000000000232e+02 -1.704558203099413053e-04
1.823679999999999950e+02 -1.695823770243122053e-04
1.826240000000000236e+02 -1.687146170831038921e-04
1.828799999999999955e+02 -1.678524488580622281e-04
1.831360000000000241e+02 -1.669959028919422515e-04
1.833919999999999959e+02 -1.661448811124325144e-04
1.836480000000000246e+02 -1.652994162102999938e-04
1.839039999999999964e+02 -1.644594041668087636e-04
1.841600000000000250e+02 -1.636248796548742958e-04
1.844159999999999968e+02 -1.627957331948318360e-04
1.846720000000000255e+02 -1.619720012799052728e-04
1.849279999999999973e+02 -1.611535694495913563e-04
1.851840000000000259e+02 -1.603404758573852068e-04
1.854399999999999977e+02 -1.595326015470916153e-04
1.856960000000000264e+02 -1.587299861707696432e-04
1.859519999999999982e+02 -1.579325067737314368e-04
1.862080000000000268e+02 -1.571402043408716193e-04
1.864639999999999986e+02 -1.563529524239774230e-04
1.867200000000000273e+02 -1.555707931724549379e-04
1.869759999999999991e+02 -1.547935971400534892e-04
1.872320000000000277e+02 -1.540214074755260395e-04
1.874879999999999995e+02 -1.532540921992819752e-04
1.877440000000000282e+02 -1.524916953045159901e-04
1.880000000000000000e+02 -1.517340826991137460e-04
1.882559999999999718e+02 -1.509812990804513600e-04
1.885120000000000005e+02 -1.502332086226966967e-04
1.887679999999999723e+02 -1.494898566011302699e-04
1.890240000000000009e+02 -1.487511058065022309e-04
1.892799999999999727e+02 -1.480170019752288346e-04
1.895360000000000014e+02 -1.472874068492158715e-04
1.897919999999999732e+02 -1.465623665144960368e-04
1.900480000000000018e+02 -1.458417419834107359e-04
1.903039999999999736e+02 -1.451255795851802411e-04
1.905600000000000023e+02 -1.444137398934413024e-04
1.908159999999999741e+02 -1.437062693836508123e-04
1.910720000000000027e+02 -1.430030284332891157e-04
1.913279999999999745e+02 -1.423040635831956187e-04
1.915840000000000032e+02 -1.416092351947317786e-04
1.918399999999999750e+02 -1.409185898141106870e-04
1.920960000000000036e+02 -1.402319879034550514e-04
1.923519999999999754e+02 -1.395494759753877268e-04
1.926080000000000041e+02 -1.388709146612252356e-04
1.928639999999999759e+02 -1.381963504171959006e-04
1.931200000000000045e+02 -1.375256440862787188e-04
1.933759999999999764e+02 -1.368588420541481802e-04
1.936320000000000050e+02 -1.361958054136064745e-04
1.938879999999999768e+02 -1.355365804670564586e-04
1.941440000000000055e+02 -1.348810286035196163e-04
1.943999999999999773e+02 -1.342291960266578561e-04
1.946560000000000059e+02 -1.335809444788937808e-04
1.949119999999999777e+02 -1.329363200460860169e-04
1.951680000000000064e+02 -1.322951848889148806e-04
1.954239999999999782e+02 -1.316575849538217664e-04
1.956800000000000068e+02 -1.310233828922441107e-04
1.959359999999999786e+02 -1.303926244870326229e-04
1.961920000000000073e+02 -1.297651729700325589e-04
1.964479999999999791e+02 -1.291410739306277761e-04
1.967040000000000077e+02 -1.285201913064459140e-04
1.969599999999999795e+02 -1.279025704516137851e-04
1.972160000000000082e+02 -1.272880761904178308e-04
1.974719999999999800e+02 -1.266767535814309720e-04
1.977280000000000086e+02 -1.260684685833489481e-04
1.979839999999999804e+02 -1.254632658766062958e-04
1.982400000000000091e+02 -1.248610128641169264e-04
1.984959999999999809e+02 -1.242617537449062473e-04
1.987520000000000095e+02 -1.236653577173558885e-04
1.990079999999999814e+02 -1.230718683820061288e-04
1.992640000000000100e+02 -1.224811570952363371e-04
1.995199999999999818e+02 -1.218932667382552424e-04
1.997760000000000105e+02 -1.213080711688790427e-04
2.000319999999999823e+02 -1.207256124345041048e-04
2.002880000000000109e+02 -1.201457671961898193e-04
2.005439999999999827e+02 -1.195685765669220044e-04
2.008000000000000114e+02 -1.189939202582653607e-04
2.010559999999999832e+02 -1.184218383663631854e-04
2.013120000000000118e+02 -1.178522138420977795e-04
2.015679999999999836e+02 -1.172850857018401010e-04
2.018240000000000123e+02 -1.167203402665167389e-04
2.020799999999999841e+02 -1.161580154291490420e-04
2.023360000000000127e+02 -1.155980009550604530e-04
2.025919999999999845e+02 -1.150403335891438399e-04
2.028480000000000132e+02 -1.144849065617662049e-04
2.031039999999999850e+02 -1.139317554628074955e-04
2.033600000000000136e+02 -1.133807769587927018e-04
2.036159999999999854e+02 -1.128320054942092337e-04
2.038720000000000141e+02 -1.122853410995091792e-04
2.041279999999999859e+02 -1.117408170978777460e-04
2.043840000000000146e+02 -1.111983367757215965e-04
2.046399999999999864e+02 -1.106579323709064820e-04
2.048960000000000150e+02 -1.101195102902145914e-04
2.051519999999999868e+02 -1.095831017313867399e-04
2.054080000000000155e+02 -1.090486160675119498e-04
2.056639999999999873e+02 -1.085160835075651368e-04
2.059200000000000159e+02 -1.079854162293469454e-04
2.061759999999999877e+02 -1.074566435069243786e-04
2.064320000000000164e+02 -1.069296801657192711e-04
2.066879999999999882e+02 -1.064045545972591960e-04
2.069440000000000168e+02 -1.058811841351591177e-04
2.071999999999999886e+02 -1.053595963348842563e-04
2.074560000000000173e+02 -1.048397109280633843e-04
2.077119999999999891e+02 -1.043215546708229773e-04
2.079680000000000177e+02 -1.038050496195349752e-04
2.082239999999999895e+02 -1.032902217554096576e-04
2.084800000000000182e+02 -1.027769954254283033e-04
2.087359999999999900e+02 -1.022653958472624370e-04
2.089920000000000186e+02 -1.017553496602121384e-04
2.092479999999999905e+02 -1.012468813178433021e-04
2.095040000000000191e+02 -1.007399197821758779e-04
2.097599999999999909e+02 -1.002344887325403485e-04
2.100160000000000196e+02 -9.973051950311455371e-05
2.102719999999999914e+02 -9.922803498250790403e-05
2.105280000000000200e+02 -9.872696893527190421e-05
2.107839999999999918e+02 -9.822734343989163121e-05
2.110400000000000205e+02 -9.772909474836668988e-05
2.112959999999999923e+02 -9.723224411003302990e-05
2.115520000000000209e+02 -9.673673031197681737e-05
2.118079999999999927e+02 -9.624257375850200403e-05
2.120640000000000214e+02 -9.574971580352125452e-05
2.123199999999999932e+02 -9.525817599572977809e-05
2.125760000000000218e+02 -9.476789826729014948e-05
2.128319999999999936e+02 -9.427890130748165952e-05
2.130880000000000223e+02 -9.379113161508606847e-05
2.133439999999999941e+02 -9.330460702384210745e-05
2.136000000000000227e+02 -9.281927656297506992e-05
2.138559999999999945e+02 -9.233515722274030922e-05
2.141120000000000232e+02 -9.185220050233038340e-05
2.143679999999999950e+02 -9.137042256868325226e-05
2.146240000000000236e+02 -9.088977730924679814e-05
2.148799999999999955e+02 -9.041028009487277499e-05
2.151360000000000241e+02 -8.993188710304885923e-05
2.153919999999999959e+02 -8.945461294127594225e-05
2.156480000000000246e+02 -8.897841596913575130e-05
2.159039999999999964e+02 -8.850331006676711882e-05
2.161600000000000250e+02 -8.802925566603186371e-05
2.164159999999999968e+02 -8.755626595630886921e-05
2.166720000000000255e+02 -8.708430333743665268e-05
2.169279999999999973e+02 -8.661338034280337338e-05
2.171840000000000259e+02 -8.614346124812311575e-05
2.174399999999999977e+02 -8.567455796148961290e-05
2.176960000000000264e+02 -8.520663656032454966e-05
2.179519999999999982e+02 -8.473970835215784386e-05
2.182080000000000268e+02 -8.427374116272223032e-05
2.184639999999999986e+02 -8.380874571677524401e-05
2.187200000000000273e+02 -8.334469155432481233e-05
2.189759999999999991e+02 -8.288158882870329312e-05
2.192320000000000277e+02 -8.241940877352994300e-05
2.194879999999999995e+02 -8.195816097759989259e-05
2.197440000000000282e+02 -8.149781835231406429e-05
2.200000000000000000e+02 -8.103838992720637392e-05
2.202559999999999718e+02 -8.057985027136673102e-05
2.205120000000000005e+02 -8.012220786176361173e-05
2.207679999999999723e+02 -7.966543889454504653e-05
2.210240000000000009e+02 -7.920955130433025143e-05
2.212799999999999727e+02 -7.875452287223641914e-05
2.215360000000000014e+02 -7.830036100456041180e-05
2.217919999999999732e+02 -7.784704501626540257e-05
2.220480000000000018e+02 -7.739458180236466543e-05
2.223039999999999736e+02 -7.694295215502235769e-05
2.225600000000000023e+02 -7.649216247685106389e-05
2.228159999999999741e+02 -7.604219497700517795e-05
2.230720000000000027e+02 -7.559305558576581415e-05
2.233279999999999745e+02 -7.514472786571165636e-05
2.235840000000000032e+02 -7.469721729598125047e-05
2.238399999999999750e+02 -7.425050872511987994e-05
2.240960000000000036e+02 -7.380460720361194885e-05
2.243519999999999754e+02 -7.335949879647439336e-05
2.246080000000000041e+02 -7.291518814870293237e-05
2.248639999999999759e+02 -7.247166247512215457e-05
2.251200000000000045e+02 -7.202892603745621224e-05
2.253759999999999764e+02 -7.158696714309362673e-05
2.256320000000000050e+02 -7.114578968957148983e-05
2.258879999999999768e+02 -7.070538303428218388e-05
2.261440000000000055e+02 -7.026575072476019454e-05
2.263999999999999773e+02 -6.982688314080418490e-05
2.266560000000000059e+02 -6.938878348914890519e-05
2.269119999999999777e+02 -6.895144315406254306e-05
2.271680000000000064e+02 -6.851486500745806530e-05
2.274239999999999782e+02 -6.807904142089944884e-05
2.276800000000000068e+02 -6.764397493720010631e-05
2.279359999999999786e+02 -6.720965889059403540e-05
2.281920000000000073e+02 -6.677609550300315556e-05
2.284479999999999791e+02 -6.634327903387368251e-05
2.287040000000000077e+02 -6.591121139672392383e-05
2.289599999999999795e+02 -6.547988772525607153e-05
2.292160000000000082e+02 -6.504930964157112515e-05
2.294719999999999800e+02 -6.461947309227101882e-05
2.297280000000000086e+02 -6.419037942848924527e-05
2.299839999999999804e+02 -6.376202534109694112e-05
2.302400000000000091e+02 -6.333441193313785590e-05
2.304959999999999809e+02 -6.290753656536203281e-05
2.307520000000000095e+02 -6.248140011752053712e-05
2.310079999999999814e+02 -6.205600054013425215e-05
2.312640000000000100e+02 -6.163133851636236847e-05
2.315199999999999818e+02 -6.120741250148414099e-05
2.317760000000000105e+02 -6.078422301040421695e-05
2.320319999999999823e+02 -6.036176891685514817e-05
2.322880000000000109e+02 -5.994005059625912826e-05
2.325439999999999827e+02 -5.951906725906403806e-05
2.328000000000000114e+02 -5.909881916845350394e-05
2.330559999999999832e+02 -5.867930580222844775e-05
2.333120000000000118e+02 -5.826052733445384878e-05
2.335679999999999836e+02 -5.784248345979236796e-05
2.338240000000000123e+02 -5.742517428002403987e-05
2.340799999999999841e+02 -5.700859967855253640e-05
2.343360000000000127e+02 -5.659275969424350353e-05
2.345919999999999845e+02 -5.617765439403780601e-05
2.348480000000000132e+02 -5.576328375562304425e-05
2.351039999999999850e+02 -5.534964804474579013e-05
2.353600000000000136e+02 -5.493674717282425281e-05
2.356159999999999854e+02 -5.452458163719783884e-05
2.358720000000000141e+02 -5.411315127208728588e-05
2.361279999999999859e+02 -5.370245685246952577e-05
2.363840000000000146e+02 -5.329249812001831375e-05
2.366399999999999864e+02 -5.288327618033431400e-05
2.368960000000000150e+02 -5.247479066488240873e-05
2.371519999999999868e+02 -5.206704306249132513e-05
2.374080000000000155e+02 -5.166003287688439164e-05
2.376639999999999873e+02 -5.125376202437260378e-05
2.379200000000000159e+02 -5.084822986618658291e-05
2.381759999999999877e+02 -5.044343877466527404e-05
2.384320000000000164e+02 -5.003938795902795368e-05
2.386879999999999882e+02 -4.963608025760747562e-05
2.389440000000000168e+02 -4.923351472429144299e-05
2.391999999999999886e+02 -4.883169465585002737e-05
2.394560000000000173e+02 -4.843061895335967786e-05
2.397119999999999891e+02 -4.803029135080197001e-05
2.399680000000000177e+02 -4.763071060351564229e-05
2.402239999999999895e+02 -4.723188085332870887e-05
2.404800000000000182e+02 -4.683380071963139124e-05
2.407359999999999900e+02 -4.643647471966114425e-05
2.409920000000000186e+02 -4.603990134767087570e-05
2.412479999999999905e+02 -4.564408546372811384e-05
2.415040000000000191e+02 -4.524902544781091846e-05
2.417599999999999909e+02 -4.485472647056594915e-05
2.420160000000000196e+02 -4.446118680844502184e-05
2.422719999999999914e+02 -4.406841190772764521e-05
2.425280000000000200e+02 -4.367639995298819500e-05
2.427839999999999918e+02 -4.328515662310006518e-05
2.430400000000000205e+02 -4.289468002510557520e-05
2.432959999999999923e+02 -4.250497601248327492e-05
2.435520000000000209e+02 -4.211604263407393232e-05
2.438079999999999927e+02 -4.172788584057401918e-05
2.440640000000000214e+02 -4.134050364842015005e-05
2.443199999999999932e+02 -4.095390200881057226e-05
2.445760000000000218e+02 -4.056807893801159254e-05
2.448319999999999936e+02 -4.018304027809240311e-05
2.450880000000000223e+02 -3.979878408169552011e-05
2.453439999999999941e+02 -3.941531597206763741e-05
2.456000000000000227e+02 -3.903263407479261212e-05
2.458559999999999945e+02 -3.865074369909550907e-05
2.461120000000000232e+02 -3.826964307523545312e-05
2.463679999999999950e+02 -3.788933713071164885e-05
2.466240000000000236e+02 -3.750982422302312811e-05
2.468799999999999955e+02 -3.713110886593864421e-05
2.471360000000000241e+02 -3.675318955486771825e-05
2.473919999999999959e+02 -3.637607039491213390e-05
2.476480000000000246e+02 -3.599975001770429339e-05
2.479039999999999964e+02 -3.562423215963136616e-05
2.481600000000000250e+02 -3.524951557523105499e-05
2.484159999999999968e+02 -3.487560370037404102e-05
2.486720000000000255e+02 -3.450249538976981711e-05
2.489279999999999973e+02 -3.413019386519045522e-05
2.491840000000000259e+02 -3.375869805271151800e-05
2.494399999999999977e+02 -3.338801105315073088e-05
2.496960000000000264e+02 -3.301813183290251967e-05
2.499519999999999982e+02 -3.264906345828009251e-05
2.502080000000000268e+02 -3.228080490717856330e-05
2.504639999999999986e+02 -3.191335927749497267e-05
2.507200000000000273e+02 -3.154672553659662815e-05
2.509759999999999991e+02 -3.118090685111160197e-05
2.512320000000000277e+02 -3.081590216549754221e-05
2.514879999999999995e+02 -3.045171472206761526e-05
2.517440000000000282e+02 -3.008834344005105365e-05
2.520000000000000000e+02 -2.972579162055824273e-05
2.522559999999999718e+02 -2.936405816321951596e-05
2.525120000000000005e+02 -2.900314639839023331e-05
2.527679999999999723e+02 -2.864305521595176190e-05
2.530240000000000009e+02 -2.828378794540761083e-05
2.532799999999999727e+02 -2.792534347692309635e-05
2.535360000000000014e+02 -2.756772511530877578e-05
2.537919999999999732e+02 -2.721093175896143832e-05
2.540480000000000018e+02 -2.685496667086181364e-05
2.543039999999999736e+02 -2.649982876334865337e-05
2.545600000000000023e+02 -2.614552124095160995e-05
2.548159999999999741e+02 -2.579204303549444539e-05
2.550720000000000027e+02 -2.543939727008077259e-05
2.553279999999999745e+02 -2.508758290367589468e-05
2.555840000000000032e+02 -2.473660294517880572e-05
2.558399999999999750e+02 -2.438645639162427778e-05
2.560960000000000036e+02 -2.403714609724801510e-05
2.563519999999999754e+02 -2.368867111063939924e-05
2.566080000000000041e+02 -2.334103408957811026e-05
2.568639999999999759e+02 -2.299423414813826013e-05
2.571200000000000045e+02 -2.264827371340808978e-05
2.573759999999999764e+02 -2.230315197635811668e-05
2.576320000000000050e+02 -2.195887111394407293e-05
2.578879999999999768e+02 -2.161543040051485534e-05
2.581440000000000055e+02 -2.127283176133826025e-05
2.583999999999999773e+02 -2.093107455465916870e-05
2.586560000000000059e+02 -2.059016046810824402e-05
2.589119999999999777e+02 -2.025008893914204583e-05
2.591680000000000064e+02 -1.991086144237889723e-05
2.594239999999999782e+02 -1.957247748627977845e-05
2.596800000000000068e+02 -1.923493836006106989e-05
2.599359999999999786e+02 -1.889824363398429543e-05
2.601920000000000073e+02 -1.856239443563317213e-05
2.604479999999999791e+02 -1.822739038914700081e-05
2.607040000000000077e+02 -1.789323247514618202e-05
2.609599999999999795e+02 -1.755992036675682201e-05
2.612160000000000082e+02 -1.722745490147845461e-05
2.614719999999999800e+02 -1.689583580014487348e-05
2.617280000000000086e+02 -1.656506375165163719e-05
2.619839999999999804e+02 -1.623513852636706002e-05
2.622400000000000091e+02 -1.590606065367192450e-05
2.624959999999999809e+02 -1.557782995710571680e-05
2.627520000000000095e+02 -1.525044679504030622e-05
2.630079999999999814e+02 -1.492391104801822795e-05
2.632640000000000100e+02 -1.459822289531684791e-05
2.635199999999999818e+02 -1.427338227717700234e-05
2.637760000000000105e+02 -1.394938919106155312e-05
2.640319999999999823e+02 -1.362624363781657098e-05
2.642880000000000109e+02 -1.330394543583893740e-05
2.645439999999999827e+02 -1.298249464566301055e-05
2.648000000000000114e+02 -1.266189091413822024e-05
2.650559999999999832e+02 -1.234213435898162593e-05
2.653120000000000118e+02 -1.202322446652169093e-05
2.655679999999999836e+02 -1.170516140798234778e-05
2.658240000000000123e+02 -1.138794452143421777e-05
2.660799999999999841e+02 -1.107157402752047795e-05
2.663360000000000127e+02 -1.075604912737760139e-05
2.665919999999999845e+02 -1.044137008729357496e-05
2.668480000000000132e+02 -1.012753598056312750e-05
2.671039999999999850e+02 -9.814547116087887326e-06
2.673600000000000136e+02 -9.502402445553436230e-06
2.676159999999999854e+02 -9.191102318397907403e-06
2.678720000000000141e+02 -8.880645569043138293e-06
2.681279999999999859e+02 -8.571032586015355878e-06
2.683840000000000146e+02 -8.262262091075847027e-06
2.686399999999999864e+02 -7.954334510304262969e-06
2.688960000000000150e+02 -7.647248459782832877e-06
2.691519999999999868e+02 -7.341004400817289779e-06
2.694080000000000155e+02 -7.035600854426595388e-06
2.696639999999999873e+02 -6.731038313604422357e-06
2.699200000000000159e+02 -6.427315218459458836e-06
2.701759999999999877e+02 -6.124432088955556192e-06
2.704320000000000164e+02 -5.822387299668702153e-06
2.706879999999999882e+02 -5.521181392406806226e-06
2.709440000000000168e+02 -5.220812690466150321e-06
2.711999999999999886e+02 -4.921281752748167773e-06
2.714560000000000173e+02 -4.622586862323049467e-06
2.717119999999999891e+02 -4.324728591500891582e-06
2.719680000000000177e+02 -4.027705190300402750e-06
2.722239999999999895e+02 -3.731517242048871947e-06
2.724800000000000182e+02 -3.436162967981265060e-06
2.727359999999999900e+02 -3.141642961019346663e-06
2.729920000000000186e+02 -2.847955416966078916e-06
2.732479999999999905e+02 -2.555100937220659932e-06
2.735040000000000191e+02 -2.263077695897647893e-06
2.737599999999999909e+02 -1.971886301625606557e-06
2.740160000000000196e+02 -1.681524912557984293e-06
2.742719999999999914e+02 -1.391994142643766113e-06
2.745280000000000200e+02 -1.103292141627504095e-06
2.747839999999999918e+02 -8.154195262611067533e-07
2.750400000000000205e+02 -5.283744465682685217e-07
2.752959999999999923e+02 -2.421575192078639424e-07
2.755520000000000209e+02 4.323309724185558909e-08
2.758079999999999927e+02 3.277967889735589758e-07
2.760640000000000214e+02 6.115353828399845866e-07
2.763199999999999932e+02 8.944482698901233526e-07
2.765760000000000218e+02 1.176537259488327446e-06
2.768319999999999936e+02 1.457801748513063347e-06
2.770880000000000223e+02 1.738243528187047605e-06
2.773439999999999941e+02 2.017862001435978337e-06
2.776000000000000227e+02 2.296658941315670117e-06
2.778559999999999945e+02 2.574633756807409526e-06
2.781120000000000232e+02 2.851788202776695474e-06
2.783679999999999950e+02 3.128121694268238274e-06
2.786240000000000236e+02 3.403635969024838651e-06
2.788799999999999955e+02 3.678330447798810108e-06
2.791360000000000241e+02 3.952206854582963353e-06
2.793919999999999959e+02 4.225264614712918600e-06
2.796480000000000246e+02 4.497505445668124221e-06
2.799039999999999964e+02 4.768928774955400405e-06
2.801600000000000250e+02 5.039536324573109944e-06
2.804159999999999968e+02 5.309327520521739281e-06
2.806720000000000255e+02 5.578304101725814032e-06
2.809279999999999973e+02 5.846465488543791776e-06
2.811840000000000259e+02 6.113813447169827553e-06
2.814399999999999977e+02 6.380347388872487223e-06
2.816960000000000264e+02 6.646069111884875056e-06
2.819519999999999982e+02 6.910978016795780960e-06
2.822080000000000268e+02 7.175075931458460991e-06
2.824639999999999986e+02 7.438362246588237553e-06
2.827200000000000273e+02 7.700838811483470627e-06
2.829759999999999991e+02 7.962505009711414776e-06
2.832320000000000277e+02 8.223362700968689449e-06
2.834879999999999995e+02 8.483411265356448038e-06
2.837440000000000282e+02 8.742652562714317953e-06
2.840000000000000000e+02 9.001085973095498662e-06
2.842559999999999718e+02 9.258713348863221974e-06
2.845120000000000005e+02 9.515534072562680310e-06
2.847679999999999723e+02 9.771549986856384418e-06
2.850240000000000009e+02 1.002676047752334096e-05
2.852799999999999727e+02 1.028116738108876659e-05
2.855360000000000014e+02 1.053477008537771500e-05
2.857919999999999732e+02 1.078757042993335412e-05
2.860480000000000018e+02 1.103956780157432023e-05
2.863039999999999736e+02 1.129076405532948831e-05
2.865600000000000023e+02 1.154115857285575040e-05
2.868159999999999741e+02 1.179075323782242021e-05
2.870720000000000027e+02 1.203954742233994223e-05
2.873279999999999745e+02 1.228754304989133984e-05
2.875840000000000032e+02 1.253473947931589266e-05
2.878399999999999750e+02 1.278113868123494951e-05
2.880960000000000036e+02 1.302673999877437507e-05
2.883519999999999754e+02 1.327154545229826998e-05
2.886080000000000041e+02 1.351555436835231350e-05
2.888639999999999759e+02 1.375876881506039974e-05
2.891200000000000045e+02 1.400118810304782224e-05
2.893759999999999764e+02 1.424281434264515955e-05
2.896320000000000050e+02 1.448364683040905377e-05
2.898879999999999768e+02 1.472368771197617514e-05
2.901440000000000055e+02 1.496293627213443577e-05
2.903999999999999773e+02 1.520139468595277309e-05
2.906560000000000059e+02 1.543906222840853151e-05
2.909119999999999777e+02 1.567594110134449596e-05
2.911680000000000064e+02 1.591203057081297715e-05
2.914239999999999782e+02 1.614733286821144544e-05
2.916800000000000068e+02 1.638184724974101511e-05
2.919359999999999786e+02 1.661557598546883636e-05
2.921920000000000073e+02 1.684851831870578457e-05
2.924479999999999791e+02 1.708067657297080726e-05
2.927040000000000077e+02 1.731204997375759762e-05
2.929599999999999795e+02 1.754264091770613713e-05
2.932160000000000082e+02 1.777244860593642405e-05
2.934719999999999800e+02 1.800147553078298318e-05
2.937280000000000086e+02 1.822972086146737531e-05
2.939839999999999804e+02 1.845718720884432270e-05
2.942400000000000091e+02 1.868387370262923077e-05
2.944959999999999809e+02 1.890978309237124338e-05
2.947520000000000095e+02 1.913491446155383356e-05
2.950079999999999814e+02 1.935927071280010302e-05
2.952640000000000100e+02 1.958285087856869713e-05
2.955199999999999818e+02 1.980565801947757436e-05
2.957760000000000105e+02 2.002769111532108962e-05
2.960319999999999823e+02 2.024895337821048735e-05
2.962880000000000109e+02 2.046944373744211541e-05
2.965439999999999827e+02 2.068916553821126969e-05
2.968000000000000114e+02 2.090811766545266182e-05
2.970559999999999832e+02 2.112630357049023185e-05
2.973120000000000118e+02 2.134372210288293297e-05
2.975679999999999836e+02 2.156037678939545750e-05
2.978240000000000123e+02 2.177626645443860113e-05
2.980799999999999841e+02 2.199139466994498986e-05
2.983360000000000127e+02 2.220576024527078432e-05
2.985919999999999845e+02 2.241936677109828449e-05
2.988480000000000132e+02 2.263221305053381502e-05
2.991039999999999850e+02 2.284430267272601092e-05
2.993600000000000136e+02 2.305563444129179508e-05
2.996159999999999854e+02 2.326621193082685152e-05
2.998720000000000141e+02 2.347603394979940641e-05
3.001279999999999859e+02 2.368510405248455569e-05
3.003840000000000146e+02 2.389342105412383129e-05
3.006399999999999864e+02 2.410098849019068798e-05
3.008960000000000150e+02 2.430780518219346483e-05
3.011519999999999868e+02 2.451387465405728463e-05
3.014080000000000155e+02 2.471919573114092202e-05
3.016639999999999873e+02 2.492377193661479343e-05
3.019200000000000159e+02 2.512760209608814454e-05
3.021759999999999877e+02 2.533068974211947469e-05
3.024320000000000164e+02 2.553303369718890349e-05
3.026879999999999882e+02 2.573463750875752291e-05
3.029440000000000168e+02 2.593549999433937973e-05
3.031999999999999886e+02 2.613562471427268593e-05
3.034560000000000173e+02 2.633501048177795282e-05
3.037119999999999891e+02 2.653366085976775591e-05
3.039680000000000177e+02 2.673157466060536173e-05
3.042239999999999895e+02 2.692875543300052771e-05
3.044800000000000182e+02 2.712520199405000815e-05
3.047359999999999900e+02 2.732091785830886103e-05
3.049920000000000186e+02 2.751590185425919336e-05
3.052479999999999905e+02 2.771015744332607395e-05
3.055040000000000191e+02 2.790368347170090371e-05
3.057599999999999909e+02 2.809648333347832951e-05
3.060160000000000196e+02 2.828855589729266945e-05
3.062719999999999914e+02 2.847990448369168892e-05
3.065280000000000200e+02 2.867052798582611924e-05
3.067839999999999918e+02 2.886042965367198655e-05
3.070400000000000205e+02 2.904960840390447509e-05
3.072959999999999923e+02 2.923806742669283722e-05
3.075520000000000209e+02 2.942580565864775358e-05
3.078079999999999927e+02 2.961282624581391127e-05
3.080640000000000214e+02 2.979912813950975583e-05
3.083199999999999932e+02 2.998471445780369584e-05
3.085760000000000218e+02 3.016958416134072788e-05
3.088319999999999936e+02 3.035374035178113798e-05
3.090880000000000223e+02 3.053718199523782530e-05
3.093439999999999941e+02 3.071991218007567745e-05
3.096000000000000227e+02 3.090192987683953763e-05
3.098559999999999945e+02 3.108323815304876855e-05
3.101120000000000232e+02 3.126383598619691598e-05
3.103679999999999950e+02 3.144372640582425552e-05
3.106240000000000236e+02 3.162290840208391795e-05
3.108799999999999955e+02 3.180138494283484663e-05
3.111360000000000241e+02 3.197915503879140926e-05
3.113919999999999959e+02 3.215622157054146392e-05
3.116480000000000246e+02 3.233258357788870556e-05
3.119039999999999964e+02 3.250824383220256503e-05
3.121600000000000250e+02 3.268320140969216593e-05
3.124159999999999968e+02 3.285745895911866928e-05
3.126720000000000255e+02 3.303101559756196139e-05
3.129279999999999973e+02 3.320387384902551619e-05
3.131840000000000259e+02 3.337603287217552904e-05
3.134399999999999977e+02 3.354749507463796485e-05
3.136960000000000264e+02 3.371825965387097987e-05
3.139519999999999982e+02 3.388832891785715519e-05
3.142080000000000268e+02 3.405770209726939748e-05
3.144639999999999986e+02 3.422638142140148944e-05
3.147200000000000273e+02 3.439436614715616985e-05
3.149759999999999991e+02 3.456165844566535850e-05
3.152320000000000277e+02 3.472825759321902984e-05
3.154879999999999995e+02 3.489416571900648515e-05
3.157440000000000282e+02 3.505938211329767272e-05
3.160000000000000000e+02 3.522390887297336027e-05
3.162559999999999718e+02 3.538774529907352681e-05
3.165120000000000005e+02 3.555089345953238867e-05
3.167679999999999723e+02 3.571335266503830776e-05
3.170240000000000009e+02 3.587512495221946760e-05
3.172799999999999727e+02 3.603620964219999450e-05
3.175360000000000014e+02 3.619660873412653204e-05
3.177919999999999732e+02 3.635632156161698315e-05
3.180480000000000018e+02 3.651535007837257993e-05
3.183039999999999736e+02 3.667369363315999621e-05
3.185600000000000023e+02 3.683135412541695174e-05
3.188159999999999741e+02 3.698833092199776355e-05
3.190720000000000027e+02 3.714462585964758377e-05
3.193279999999999745e+02 3.730023832611953946e-05
3.195840000000000032e+02 3.745517008854519703e-05
3.198399999999999750e+02 3.760942055788080266e-05
3.200960000000000036e+02 3.776299142729223429e-05
3.203519999999999754e+02 3.791588213239113249e-05
3.206080000000000041e+02 3.806809429127329131e-05
3.208639999999999759e+02 3.821962736457314115e-05
3.211200000000000045e+02 3.837048289816663772e-05
3.213759999999999764e+02 3.852066037676191775e-05
3.216320000000000050e+02 3.867016128162102082e-05
3.218879999999999768e+02 3.881898511899025447e-05
3.221440000000000055e+02 3.896713331844940090e-05
3.223999999999999773e+02 3.911460540347179828e-05
3.226560000000000059e+02 3.926140277026984984e-05
3.229119999999999777e+02 3.940752495343967642e-05
3.231680000000000064e+02 3.955297333863046211e-05
3.234239999999999782e+02 3.969774746395915232e-05
3.236800000000000068e+02 3.984184872993019497e-05
3.239359999999999786e+02 3.998527666970826588e-05
3.241920000000000073e+02 4.012803272323155380e-05
3.244479999999999791e+02 4.027011641052030108e-05
3.247040000000000077e+02 4.041152922999828183e-05
3.249599999999999795e+02 4.055227068219136998e-05
3.252160000000000082e+02 4.069234233401184200e-05
3.254719999999999800e+02 4.083174366315559444e-05
3.257280000000000086e+02 4.097047630379104096e-05
3.259839999999999804e+02 4.110853971119418664e-05
3.262400000000000091e+02 4.124593557576613969e-05
3.264959999999999809e+02 4.138266333403805929e-05
3.267520000000000095e+02 4.151872471621551709e-05
3.270079999999999814e+02 4.165411914556338126e-05
3.272640000000000100e+02 4.178884837586034688e-05
3.275199999999999818e+02 4.192291182251412320e-05
3.277760000000000105e+02 4.205631125168004744e-05
3.280319999999999823e+02 4.218904607463884037e-05
3.282880000000000109e+02 4.232111806739355267e-05
3.285439999999999827e+02 4.245252663794371633e-05
3.288000000000000114e+02 4.258327357862669413e-05
3.290559999999999832e+02 4.271335829199707343e-05
3.293120000000000118e+02 4.284278259953319294e-05
3.295679999999999836e+02 4.297154589407478197e-05
3.298240000000000123e+02 4.309965004151905456e-05
3.300799999999999841e+02 4.322709441989898069e-05
3.303360000000000127e+02 4.335388095397424196e-05
3.305919999999999845e+02 4.348000900215883801e-05
3.308480000000000132e+02 4.360548055866064114e-05
3.311039999999999850e+02 4.373029495874436928e-05
3.313600000000000136e+02 4.385445427161699725e-05
3.316159999999999854e+02 4.397795780754254377e-05
3.318720000000000141e+02 4.410080771320683951e-05
3.321279999999999859e+02 4.422300327304805838e-05
3.323840000000000146e+02 4.434454671233215169e-05
3.326399999999999864e+02 4.446543728930357872e-05
3.328960000000000150e+02 4.458567730914377584e-05
3.331519999999999868e+02 4.470526600345760954e-05
3.334080000000000155e+02 4.482420575933572027e-05
3.336639999999999873e+02 4.494249578108123919e-05
3.339200000000000159e+02 4.506013853956480843e-05
3.341759999999999877e+02 4.517713321116213071e-05
3.344320000000000164e+02 4.529348235120740548e-05
3.346879999999999882e+02 4.540918510792194283e-05
3.349440000000000168e+02 4.552424411974500098e-05
3.351999999999999886e+02 4.563865850719680232e-05
3.354560000000000173e+02 4.575243098779478110e-05
3.357119999999999891e+02 4.586556065569969093e-05
3.359680000000000177e+02 4.597805030140112548e-05
3.362239999999999895e+02 4.608989899473742960e-05
3.364800000000000182e+02 4.620110959275351264e-05
3.367359999999999900e+02 4.631168114310082302e-05
3.369920000000000186e+02 4.642161656484487629e-05
3.372479999999999905e+02 4.653091488496629148e-05
3.375040000000000191e+02 4.663957908288839013e-05
3.377599999999999909e+02 4.674760816547051003e-05
3.380160000000000196e+02 4.685500517460982966e-05
3.382719999999999914e+02 4.696176909634007399e-05
3.385280000000000200e+02 4.706790303980701670e-05
3.387839999999999918e+02 4.717340596862722212e-05
3.390400000000000205e+02 4.727828106357098720e-05
3.392959999999999923e+02 4.738252726438203869e-05
3.395520000000000209e+02 4.748614782529276363e-05
3.398079999999999927e+02 4.758914166155879359e-05
3.400640000000000214e+02 4.769151209865684981e-05
3.403199999999999932e+02 4.779325802809257317e-05
3.405760000000000218e+02 4.789438284059415260e-05
3.408319999999999936e+02 4.799488540591734058e-05
3.410880000000000223e+02 4.809476917147394030e-05
3.413439999999999941e+02 4.819403298812470986e-05
3.416000000000000227e+02 4.829268035096540262e-05
3.418559999999999945e+02 4.839071009496342317e-05
3.421120000000000232e+02 4.848812575564575878e-05
3.423679999999999950e+02 4.858492615450391965e-05
3.426240000000000236e+02 4.868111486408253680e-05
3.428799999999999955e+02 4.877669069353309720e-05
3.431360000000000241e+02 4.887165725245036101e-05
3.433919999999999959e+02 4.896601333763440786e-05
3.436480000000000246e+02 4.905976259836080809e-05
3.439039999999999964e+02 4.915290381820379786e-05
3.441600000000000250e+02 4.924544068927256337e-05
3.444159999999999968e+02 4.933737198086405836e-05
3.446720000000000255e+02 4.942870142954825554e-05
3.449279999999999973e+02 4.951942778980174937e-05
3.451840000000000259e+02 4.960955484087247087e-05
3.454399999999999977e+02 4.969908132301024912e-05
3.456960000000000264e+02 4.978801105228718301e-05
3.459519999999999982e+02 4.987634275667926894e-05
3.462080000000000268e+02 4.996408027995921913e-05
3.464639999999999986e+02 5.005122234087032343e-05
3.467200000000000273e+02 5.013777279977323494e-05
3.469759999999999991e+02 5.022373036988217156e-05
3.472320000000000277e+02 5.030909891549489719e-05
3.474879999999999995e+02 5.039387714851179353e-05
3.477440000000000282e+02 5.047806892450798082e-05
3.480000000000000000e+02 5.056167295829251126e-05
3.482559999999999718e+02 5.064469308457395007e-05
3.485120000000000005e+02 5.072712802511684520e-05
3.487679999999999723e+02 5.080898158348703703e-05
3.490240000000000009e+02 5.089025249182877787e-05
3.492799999999999727e+02 5.097094451606402242e-05
3.495360000000000014e+02 5.105105640088388488e-05
3.497919999999999732e+02 5.113059187217511796e-05
3.500480000000000018e+02 5.120954968797505289e-05
3.503039999999999736e+02 5.128793353565838859e-05
3.505600000000000023e+02 5.136574218610053487e-05
3.508159999999999741e+02 5.144297929334210349e-05
3.510720000000000027e+02 5.151964363936961140e-05
3.513279999999999745e+02 5.159573885293624034e-05
3.515840000000000032e+02 5.167126372445783356e-05
3.518399999999999750e+02 5.174622186573692563e-05
3.520960000000000036e+02 5.182061207283961168e-05
3.523519999999999754e+02 5.189443794721655201e-05
3.526080000000000041e+02 5.196769828838508767e-05
3.528639999999999759e+02 5.204039669057222613e-05
3.531200000000000045e+02 5.211253195570399909e-05
3.533759999999999764e+02 5.218410766874705353e-05
3.536320000000000050e+02 5.225512263471308763e-05
3.538879999999999768e+02 5.232558042229431812e-05
3.541440000000000055e+02 5.239547984192713354e-05
3.543999999999999773e+02 5.246482443464104372e-05
3.546560000000000059e+02 5.253361302009129305e-05
3.549119999999999777e+02 5.260184909788338738e-05
3.551680000000000064e+02 5.266953150148305030e-05
3.554239999999999782e+02 5.273666367487503035e-05
3.556800000000000068e+02 5.280324447006261789e-05
3.559359999999999786e+02 5.286927726348226569e-05
3.561920000000000073e+02 5.293476092965478797e-05
3.564479999999999791e+02 5.299969876988646169e-05
3.567040000000000077e+02 5.306408968374248011e-05
3.569599999999999795e+02 5.312793689503093842e-05
3.572160000000000082e+02 5.319123932914912920e-05
3.574719999999999800e+02 5.325400013495364159e-05
3.577280000000000086e+02 5.331621826282650927e-05
3.579839999999999804e+02 5.337789679228283654e-05
3.582400000000000091e+02 5.343903469681878350e-05
3.584959999999999809e+02 5.349963499288886120e-05
3.587520000000000095e+02 5.355969667501056140e-05
3.590079999999999814e+02 5.361922270202144545e-05
3.592640000000000100e+02 5.367821208764244820e-05
3.595199999999999818e+02 5.373666773629183914e-05
3.597760000000000105e+02 5.379458867982961459e-05
3.600319999999999823e+02 5.385197776934192912e-05
3.602880000000000109e+02 5.390883405446556117e-05
3.605439999999999827e+02 5.396516033290629658e-05
3.608000000000000114e+02 5.402095567209545650e-05
3.610559999999999832e+02 5.407622281563932709e-05
3.613120000000000118e+02 5.413096084900437699e-05
3.615679999999999836e+02 5.418517246070735349e-05
3.618240000000000123e+02 5.423885675457552636e-05
3.620799999999999841e+02 5.429201636315375996e-05
3.623360000000000127e+02 5.434465040892767096e-05
3.625919999999999845e+02 5.439676146788788866e-05
3.628480000000000132e+02 5.444834868137193385e-05
3.631039999999999850e+02 5.449941456888840187e-05
3.633600000000000136e+02 5.454995829060011397e-05
3.636159999999999854e+02 5.459998231090842024e-05
3.638720000000000141e+02 5.464948580834716170e-05
3.641279999999999859e+02 5.469847119430407145e-05
3.643840000000000146e+02 5.474693766498417132e-05
3.646399999999999864e+02 5.479488758048189456e-05
3.648960000000000150e+02 5.484232015409971114e-05
3.651519999999999868e+02 5.488923769607745686e-05
3.654080000000000155e+02 5.493563943633330491e-05
3.656639999999999873e+02 5.498152763582861159e-05
3.659200000000000159e+02 5.502690154091077729e-05
3.661759999999999877e+02 5.507176336322488081e-05
3.664320000000000164e+02 5.511611236555679939e-05
3.666879999999999882e+02 5.515995071042914218e-05
3.669440000000000168e+02 5.520327767700070293e-05
3.671999999999999886e+02 5.524609537990379663e-05
3.674560000000000173e+02 5.528840311426103012e-05
3.677119999999999891e+02 5.533020294963210308e-05
3.679680000000000177e+02 5.537149419616360836e-05
3.682239999999999895e+02 5.541227888348033910e-05
3.684800000000000182e+02 5.545255633504038364e-05
3.687359999999999900e+02 5.549232854800541465e-05
3.689920000000000186e+02 5.553159485665441379e-05
3.692479999999999905e+02 5.557035723438118050e-05
3.695040000000000191e+02 5.560861502338745638e-05
3.697599999999999909e+02 5.564637018141997742e-05
3.700160000000000196e+02 5.568362205589570771e-05
3.702719999999999914e+02 5.572037259515522469e-05
3.705280000000000200e+02 5.575662114975095770e-05
3.707839999999999918e+02 5.579236966215386431e-05
3.710400000000000205e+02 5.582761748487341302e-05
3.712959999999999923e+02 5.586236655541517294e-05
3.715520000000000209e+02 5.589661622794168207e-05
3.718079999999999927e+02 5.593036843386448693e-05
3.720640000000000214e+02 5.596362252938050892e-05
3.723199999999999932e+02 5.599638043712095782e-05
3.725760000000000218e+02 5.602864151620694314e-05
3.728319999999999936e+02 5.606040767778923406e-05
3.730880000000000223e+02 5.609167828481799657e-05
3.733439999999999941e+02 5.612245523538943317e-05
3.736000000000000227e+02 5.615273789680604299e-05
3.738559999999999945e+02 5.618252815399029450e-05
3.741120000000000232e+02 5.621182537863762330e-05
3.743679999999999950e+02 5.624063144408095942e-05
3.746240000000000236e+02 5.626894572587648073e-05
3.748799999999999955e+02 5.629677008889315070e-05
3.751360000000000241e+02 5.632410391150731292e-05
3.753919999999999959e+02 5.635094905434629478e-05
3.756480000000000246e+02 5.637730489720110008e-05
3.759039999999999964e+02 5.640317330203702947e-05
3.761600000000000250e+02 5.642855364819925604e-05
3.764159999999999968e+02 5.645344780533792577e-05
3.766720000000000255e+02 5.647785515023626910e-05
3.769279999999999973e+02 5.650177756679202764e-05
3.771840000000000259e+02 5.652521442703823041e-05
3.774399999999999977e+02 5.654816763532649279e-05
3.776960000000000264e+02 5.657063655687230602e-05
3.779519999999999982e+02 5.659262312210756543e-05
3.782080000000000268e+02 5.661412668755393129e-05
3.784639999999999986e+02 5.663514921449537629e-05
3.787200000000000273e+02 5.665569004917220025e-05
3.789759999999999991e+02 5.667575118750124913e-05
3.792320000000000277e+02 5.669533196417822447e-05
3.794879999999999995e+02 5.671443441251647008e-05
3.797440000000000282e+02 5.673305785474437894e-05
3.800000000000000000e+02 5.675120436266604409e-05
3.802559999999999718e+02 5.676887324567881369e-05
3.805120000000000005e+02 5.678606661316220586e-05
3.807679999999999723e+02 5.680278376199064064e-05
3.810240000000000009e+02 5.681902683611260929e-05
3.812799999999999727e+02 5.683479512087769313e-05
3.815360000000000014e+02 5.685009079039802626e-05
3.817919999999999732e+02 5.686491311996848204e-05
3.820480000000000018e+02 5.687926430862366858e-05
3.823039999999999736e+02 5.689314362335229152e-05
3.825600000000000023e+02 5.690655328320221300e-05
3.828159999999999741e+02 5.691949254849029731e-05
3.830720000000000027e+02 5.693196365532328423e-05
3.833279999999999745e+02 5.694396585832979166e-05
3.835840000000000032e+02 5.695550141162578089e-05
3.838399999999999750e+02 5.696656956383827549e-05
3.840960000000000036e+02 5.697717259230285604e-05
3.843519999999999754e+02 5.698730973790578307e-05
3.846080000000000041e+02 5.699698330968114437e-05
3.848639999999999759e+02 5.700619253795178481e-05
3.851200000000000045e+02 5.701493977318722095e-05
3.853759999999999764e+02 5.702322423189710120e-05
3.856320000000000050e+02 5.703104831538637661e-05
3.858879999999999768e+02 5.703841122321875795e-05
3.861440000000000055e+02 5.704531541483548555e-05
3.863999999999999773e+02 5.705176007042235184e-05
3.866560000000000059e+02 5.705774771158638484e-05
3.869119999999999777e+02 5.706327749779356871e-05
3.871680000000000064e+02 5.706835201255285142e-05
3.874239999999999782e+02 5.707297039469417030e-05
3.876800000000000068e+02 5.707713528556867275e-05
3.879359999999999786e+02 5.708084580472498018e-05
3.881920000000000073e+02 5.708410464476174588e-05
3.884479999999999791e+02 5.708691090814731417e-05
3.887040000000000077e+02 5.708926733141551040e-05
3.889599999999999795e+02 5.709117300238815786e-05
3.892160000000000082e+02 5.709263069477324377e-05
3.894719999999999800e+02 5.709363948400119737e-05
3.897280000000000086e+02 5.709420217611628143e-05
3.899839999999999804e+02 5.709431783576986174e-05
3.902400000000000091e+02 5.709398929944476374e-05
3.904959999999999809e+02 5.709321562164685005e-05
3.907520000000000095e+02 5.709199967001863193e-05
3.910079999999999814e+02 5.709034048867938976e-05
3.912640000000000100e+02 5.708824097954276402e-05
3.915199999999999818e+02 5.708570017530271935e-05
3.917760000000000105e+02 5.708272101712448434e-05
3.920319999999999823e+02 5.707930252461954556e-05
3.922880000000000109e+02 5.707544768342261881e-05
3.925439999999999827e+02 5.707115549832108409e-05
3.928000000000000114e+02 5.706642900355552480e-05
3.930559999999999832e+02 5.706126718771298235e-05
3.933120000000000118e+02 5.705567313560732133e-05
3.935679999999999836e+02 5.704964581896859071e-05
3.938240000000000123e+02 5.704318837198608938e-05
3.940799999999999841e+02 5.703629974993014592e-05
3.943360000000000127e+02 5.702898313218528425e-05
3.945919999999999845e+02 5.702123745895679635e-05
3.948480000000000132e+02 5.701306594797556673e-05
3.951039999999999850e+02 5.700446752666598010e-05
3.953600000000000136e+02 5.699544544255705897e-05
3.956159999999999854e+02 5.698599861313909077e-05
3.958720000000000141e+02 5.697613030740604452e-05
3.961279999999999859e+02 5.696583943569317126e-05
3.963840000000000146e+02 5.695512928171013315e-05
3.966399999999999864e+02 5.694399875088648489e-05
3.968960000000000150e+02 5.693245113782824921e-05
3.971519999999999868e+02 5.692048534433382512e-05
3.974080000000000155e+02 5.690810467587586845e-05
3.976639999999999873e+02 5.689530803062992342e-05
3.979200000000000159e+02 5.688209872771242897e-05
3.981759999999999877e+02 5.686847566075354724e-05
3.984320000000000164e+02 5.685444216742078225e-05
3.986879999999999882e+02 5.683999713515724901e-05
3.989440000000000168e+02 5.682514392601640814e-05
3.991999999999999886e+02 5.680988141931325323e-05
3.994560000000000173e+02 5.679421300696450278e-05
3.997119999999999891e+02 5.677813755833165945e-05
3.999680000000000177e+02 5.676165849878339522e-05
4.002239999999999895e+02 5.674477468653020697e-05
4.004800000000000182e+02 5.672748958114202586e-05
4.007359999999999900e+02 5.670980202943039271e-05
4.009920000000000186e+02 5.669171552252954876e-05
4.012479999999999905e+02 5.667322889672690120e-05
4.015040000000000191e+02 5.665434566905109832e-05
4.017599999999999909e+02 5.663506466716064649e-05
4.020160000000000196e+02 5.661538942615627890e-05
4.022719999999999914e+02 5.659531876767109578e-05
4.025280000000000200e+02 5.657485623619565811e-05
4.027839999999999918e+02 5.655400065023536647e-05
4.030400000000000205e+02 5.653275555451011769e-05
4.032959999999999923e+02 5.651111976744555574e-05
4.035520000000000209e+02 5.648909682498733255e-05
4.038079999999999927e+02 5.646668554848710981e-05
4.040640000000000214e+02 5.644388945778975773e-05
4.043199999999999932e+02 5.642070737961234282e-05
4.045760000000000218e+02 5.639714281302139368e-05
4.048319999999999936e+02 5.637319459166242175e-05
4.050880000000000223e+02 5.634886619203477529e-05
4.053439999999999941e+02 5.632415645530446633e-05
4.056000000000000227e+02 5.629906883689167609e-05
4.058559999999999945e+02 5.627360218499014732e-05
4.061120000000000232e+02 5.624775993790793571e-05
4.063679999999999950e+02 5.622154094954164000e-05
4.066240000000000236e+02 5.619494864694051330e-05
4.068799999999999955e+02 5.616798188775630214e-05
4.071360000000000241e+02 5.614064409469090704e-05
4.073919999999999959e+02 5.611293412684380293e-05
4.076480000000000246e+02 5.608485540928226035e-05
4.079039999999999964e+02 5.605640680031566219e-05
4.081600000000000250e+02 5.602759173302776822e-05
4.084159999999999968e+02 5.599840906305706995e-05
4.086720000000000255e+02 5.596886223477936053e-05
4.089279999999999973e+02 5.593895010007010290e-05
4.091840000000000259e+02 5.590867611473653167e-05
4.094399999999999977e+02 5.587803912684415557e-05
4.096960000000000264e+02 5.584704260061308277e-05
4.099519999999999982e+02 5.581568538130339465e-05
4.102080000000000268e+02 5.578397093571162965e-05
4.104639999999999986e+02 5.575189810824040756e-05
4.107200000000000273e+02 5.571947036062630204e-05
4.109759999999999991e+02 5.568668653895793503e-05
4.112320000000000277e+02 5.565355009109643019e-05
4.114879999999999995e+02 5.562005986775409803e-05
4.117440000000000282e+02 5.558621929432826735e-05
4.120000000000000000e+02 5.555202722901930452e-05
4.122559999999999718e+02 5.551748706796846757e-05
4.125119999999999436e+02 5.548259767912774892e-05
4.127680000000000291e+02 5.544736242560403355e-05
4.130240000000000009e+02 5.541178018636183997e-05
4.132799999999999727e+02 5.537585429153551352e-05
4.135359999999999445e+02 5.533958363108093650e-05
4.137920000000000300e+02 5.530297150596864234e-05
4.140480000000000018e+02 5.526601681587425705e-05
4.143039999999999736e+02 5.522872283870719831e-05
4.145599999999999454e+02 5.519108848183104101e-05
4.148160000000000309e+02 5.515311700726657914e-05
4.150720000000000027e+02 5.511480732767473840e-05
4.153279999999999745e+02 5.507616269578763428e-05
4.155839999999999463e+02 5.503718202735932642e-05
4.158400000000000318e+02 5.499786856979857897e-05
4.160960000000000036e+02 5.495822124063494781e-05
4.163519999999999754e+02 5.491824328357574443e-05
4.166079999999999472e+02 5.487793361738456361e-05
4.168640000000000327e+02 5.483729548029224904e-05
4.171200000000000045e+02 5.479632779289048236e-05
4.173759999999999764e+02 5.475503378362814387e-05
4.176319999999999482e+02 5.471341237635487495e-05
4.178880000000000337e+02 5.467146678379926139e-05
4.181440000000000055e+02 5.462919593505248609e-05
4.183999999999999773e+02 5.458660302029126209e-05
4.186559999999999491e+02 5.454368697612371536e-05
4.189120000000000346e+02 5.450045096364584431e-05
4.191680000000000064e+02 5.445689392915935550e-05
4.194239999999999782e+02 5.441301899960946455e-05
4.196799999999999500e+02 5.436882513268129609e-05
4.199360000000000355e+02 5.432431541767819940e-05
4.201920000000000073e+02 5.427948882483313000e-05
4.204479999999999791e+02 5.423434840410904612e-05
4.207039999999999509e+02 5.418889313885210497e-05
4.209600000000000364e+02 5.414312603969946303e-05
4.212160000000000082e+02 5.409704610310337087e-05
4.214719999999999800e+02 5.405065630257458901e-05
4.217279999999999518e+02 5.400395564694340604e-05
4.219840000000000373e+02 5.395694707651546118e-05
4.222400000000000091e+02 5.390962961118865332e-05
4.224959999999999809e+02 5.386200616325453839e-05
4.227519999999999527e+02 5.381407576195032603e-05
4.230080000000000382e+02 5.376584129706844583e-05
4.232640000000000100e+02 5.371730180534440224e-05
4.235199999999999818e+02 5.366846015954112231e-05
4.237759999999999536e+02 5.361931540207233476e-05
4.240320000000000391e+02 5.356987039311971523e-05
4.242880000000000109e+02 5.352012417928853836e-05
4.245439999999999827e+02 5.347007961105934370e-05
4.247999999999999545e+02 5.341973573827312594e-05
4.250560000000000400e+02 5.336909540229813227e-05
4.253120000000000118e+02 5.331815765601144198e-05
4.255679999999999836e+02 5.326692532959048589e-05
4.258239999999999554e+02 5.321539747964235112e-05
4.260800000000000409e+02 5.316357692083873760e-05
4.263360000000000127e+02 5.311146271495635748e-05
4.265919999999999845e+02 5.305905765567240625e-05
4.268479999999999563e+02 5.300636081176169419e-05
4.271040000000000418e+02 5.295337495061682570e-05
4.273600000000000136e+02 5.290009914977465867e-05
4.276159999999999854e+02 5.284653614701270675e-05
4.278719999999999573e+02 5.279268502973865512e-05
4.281280000000000427e+02 5.273854850480399071e-05
4.283840000000000146e+02 5.268412566992290588e-05
4.286399999999999864e+02 5.262941920240170752e-05
4.288959999999999582e+02 5.257442820980431399e-05
4.291520000000000437e+02 5.251915534376050908e-05
4.294080000000000155e+02 5.246359972039303188e-05
4.296639999999999873e+02 5.240776397123278729e-05
4.299199999999999591e+02 5.235164721910076961e-05
4.301760000000000446e+02 5.229525208070860188e-05
4.304320000000000164e+02 5.223857768382115900e-05
4.306879999999999882e+02 5.218162663437152232e-05
4.309439999999999600e+02 5.212439806371532914e-05
4.312000000000000455e+02 5.206689456928115185e-05
4.314560000000000173e+02 5.200911528526023657e-05
4.317119999999999891e+02 5.195106280065580029e-05
4.319679999999999609e+02 5.189273625246597333e-05
4.322240000000000464e+02 5.183413821880714632e-05
4.324800000000000182e+02 5.177526784030651820e-05
4.327359999999999900e+02 5.171612767995890182e-05
4.329919999999999618e+02 5.165671688343202657e-05
4.332480000000000473e+02 5.159703799434021878e-05
4.335040000000000191e+02 5.153709016481127062e-05
4.337599999999999909e+02 5.147687591581801280e-05
4.340159999999999627e+02 5.141639440703558566e-05
4.342720000000000482e+02 5.135564813516424378e-05
4.345280000000000200e+02 5.129463626796976937e-05
4.347839999999999918e+02 5.123336127846446979e-05
4.350399999999999636e+02 5.117182234231184212e-05
4.352960000000000491e+02 5.111002191070897536e-05
4.355520000000000209e+02 5.104795916658966043e-05
4.358079999999999927e+02 5.098563654277763553e-05
4.360639999999999645e+02 5.092305322833060429e-05
4.363200000000000500e+02 5.086021164228996075e-05
4.365760000000000218e+02 5.079711097830884011e-05
4.368319999999999936e+02 5.073375364599445121e-05
4.370879999999999654e+02 5.067013884214399358e-05
4.373440000000000509e+02 5.060626897088941442e-05
4.376000000000000227e+02 5.054214323085217829e-05
4.378559999999999945e+02 5.047776402386461926e-05
4.381119999999999663e+02 5.041313054931536301e-05
4.383680000000000518e+02 5.034824520858490236e-05
4.386240000000000236e+02 5.028310720121359029e-05
4.388799999999999955e+02 5.021771892946315916e-05
4.391359999999999673e+02 5.015207959257880147e-05
4.393920000000000528e+02 5.008619159442745833e-05
4.396480000000000246e+02 5.002005413371928878e-05
4.399039999999999964e+02 4.995366961607179354e-05
4.401599999999999682e+02 4.988703723961217647e-05
4.404160000000000537e+02 4.982015941201218970e-05
4.406720000000000255e+02 4.975303533071472257e-05
4.409279999999999973e+02 4.968566740581622338e-05
4.411839999999999691e+02 4.961805483395067179e-05
4.414400000000000546e+02 4.955020002838966993e-05
4.416960000000000264e+02 4.948210218470965309e-05
4.419519999999999982e+02 4.941376372009546143e-05
4.422079999999999700e+02 4.934518382882034632e-05
4.424640000000000555e+02 4.927636493282348286e-05
4.427200000000000273e+02 4.920730622479283590e-05
4.429759999999999991e+02 4.913801013229125589e-05
4.432319999999999709e+02 4.906847584613193238e-05
4.434880000000000564e+02 4.899870580070810142e-05
4.437440000000000282e+02 4.892869918455676497e-05
4.440000000000000000e+02 4.885845844025393103e-05
4.442559999999999718e+02 4.878798275360715647e-05
4.445119999999999436e+02 4.871727457699505316e-05
4.447680000000000291e+02 4.864633309295658627e-05
4.450240000000000009e+02 4.857516076534567864e-05
4.452799999999999727e+02 4.850375677287864929e-05
4.455359999999999445e+02 4.843212359198650511e-05
4.457920000000000300e+02 4.836026039719353806e-05
4.460480000000000018e+02 4.828816967811260701e-05
4.463039999999999736e+02 4.821585060487283128e-05
4.465599999999999454e+02 4.814330568021787612e-05
4.468160000000000309e+02 4.807053406990034327e-05
4.470720000000000027e+02 4.799753828889815048e-05
4.473279999999999745e+02 4.792431749888656072e-05
4.475839999999999463e+02 4.785087422503907825e-05
4.478400000000000318e+02 4.777720762563254108e-05
4.480960000000000036e+02 4.770332023333171453e-05
4.483519999999999754e+02 4.762921120391565164e-05
4.486079999999999472e+02 4.755488307540083450e-05
4.488640000000000327e+02 4.748033500178202432e-05
4.491200000000000045e+02 4.740556952464435465e-05
4.493759999999999764e+02 4.733058579679386065e-05
4.496319999999999482e+02 4.725538636203484798e-05
4.498880000000000337e+02 4.717997037243395981e-05
4.501440000000000055e+02 4.710434037248891685e-05
4.503999999999999773e+02 4.702849551403213394e-05
4.506559999999999491e+02 4.695243834078340316e-05
4.509120000000000346e+02 4.687616800483616105e-05
4.511680000000000064e+02 4.679968704726992346e-05
4.514239999999999782e+02 4.672299462105880400e-05
4.516799999999999500e+02 4.664609326225651969e-05
4.519360000000000355e+02 4.656898212551317774e-05
4.521920000000000073e+02 4.649166373784513473e-05
4.524479999999999791e+02 4.641413725691211436e-05
4.527039999999999509e+02 4.633640519499188310e-05
4.529600000000000364e+02 4.625846671465694895e-05
4.532160000000000082e+02 4.618032430688499834e-05
4.534719999999999800e+02 4.610197714135076148e-05
4.537279999999999518e+02 4.602342768054605771e-05
4.539840000000000373e+02 4.594467510364030091e-05
4.542400000000000091e+02 4.586572183768017319e-05
4.544959999999999809e+02 4.578656707364807421e-05
4.547519999999999527e+02 4.570721319702768736e-05
4.550080000000000382e+02 4.562765941265774645e-05
4.552640000000000100e+02 4.554790805980536429e-05
4.555199999999999818e+02 4.546795835871453393e-05
4.557759999999999536e+02 4.538781259957016991e-05
4.560320000000000391e+02 4.530747001897802805e-05
4.562880000000000109e+02 4.522693285689472127e-05
4.565439999999999827e+02 4.514620036666700171e-05
4.567999999999999545e+02 4.506527473843334117e-05
4.570560000000000400e+02 4.498415524214746040e-05
4.573120000000000118e+02 4.490284401962653957e-05
4.575679999999999836e+02 4.482134035693155250e-05
4.578239999999999554e+02 4.473964634934130398e-05
4.580800000000000409e+02 4.465776129842953930e-05
4.583360000000000127e+02 4.457568725442554141e-05
4.585919999999999845e+02 4.449342353392094976e-05
4.588479999999999563e+02 4.441097214373944700e-05
4.591040000000000418e+02 4.432833241494118793e-05
4.593600000000000136e+02 4.424550631260337562e-05
4.596159999999999854e+02 4.416249318170012439e-05
4.598719999999999573e+02 4.407929494779808073e-05
4.601280000000000427e+02 4.399591096904199622e-05
4.603840000000000146e+02 4.391234313606151861e-05
4.606399999999999864e+02 4.382859081864710638e-05
4.608959999999999582e+02 4.374465588003089621e-05
4.611520000000000437e+02 4.366053769913482932e-05
4.614080000000000155e+02 4.357623812245618532e-05
4.616639999999999873e+02 4.349175653449729404e-05
4.619199999999999591e+02 4.340709477859529746e-05
4.621760000000000446e+02 4.332225224030272428e-05
4.624320000000000164e+02 4.323723077623737996e-05
4.626879999999999882e+02 4.315202976752675077e-05
4.629439999999999600e+02 4.306665110262453133e-05
4.632000000000000455e+02 4.298109415204516293e-05
4.634560000000000173e+02 4.289536085517892399e-05
4.637119999999999891e+02 4.280945056556325571e-05
4.639679999999999609e+02 4.272336529182403549e-05
4.642240000000000464e+02 4.263710436441964528e-05
4.644800000000000182e+02 4.255066987686016310e-05
4.647359999999999900e+02 4.246406113130935027e-05
4.649919999999999618e+02 4.237728031847707346e-05
4.652480000000000473e+02 4.229032670812559689e-05
4.655040000000000191e+02 4.220320259698811128e-05
4.657599999999999909e+02 4.211590721948604388e-05
4.660159999999999627e+02 4.202844298363785433e-05
4.662720000000000482e+02 4.194080908677128293e-05
4.665280000000000200e+02 4.185300804991272676e-05
4.667839999999999918e+02 4.176503903272106989e-05
4.670399999999999636e+02 4.167690466883930406e-05
4.672960000000000491e+02 4.158860408038533878e-05
4.675520000000000209e+02 4.150014001248230651e-05
4.678079999999999927e+02 4.141151155008861872e-05
4.680639999999999645e+02 4.132272154845790662e-05
4.683200000000000500e+02 4.123376905583870229e-05
4.685760000000000218e+02 4.114465703665607754e-05
4.688319999999999936e+02 4.105538450276709493e-05
4.690879999999999654e+02 4.096595452655396721e-05
4.693440000000000509e+02 4.087636608388923591e-05
4.696000000000000227e+02 4.078662235304924161e-05
4.698559999999999945e+02 4.069672227460755263e-05
4.701119999999999663e+02 4.060666912934768466e-05
4.703680000000000518e+02 4.051646182367448645e-05
4.706240000000000236e+02 4.042610373485026112e-05
4.708799999999999955e+02 4.033559373711997475e-05
4.711359999999999673e+02 4.024493529467985595e-05
4.713920000000000528e+02 4.015412725279748066e-05
4.716480000000000246e+02 4.006317314876552718e-05
4.719039999999999964e+02 3.997207180348635701e-05
4.721599999999999682e+02 3.988082680922674011e-05
4.724160000000000537e+02 3.978943696856390033e-05
4.726720000000000255e+02 3.969790590776495735e-05
4.729279999999999973e+02 3.960623241807352925e-05
4.731839999999999691e+02 3.951442013740875134e-05
4.734400000000000546e+02 3.942246785312991799e-05
4.736960000000000264e+02 3.933037919267558870e-05
4.739519999999999982e+02 3.923815294689961085e-05
4.742079999999999700e+02 3.914579271225085422e-05
4.744640000000000555e+02 3.905329728991214345e-05
4.747200000000000273e+02 3.896067022881422688e-05
4.749759999999999991e+02 3.886791034597992638e-05
4.752319999999999709e+02 3.877502113052773452e-05
4.754880000000000564e+02 3.868200141941741967e-05
4.757440000000000282e+02 3.858885463344505825e-05
4.760000000000000000e+02 3.849557963234590132e-05
4.762559999999999718e+02 3.840217976225016586e-05
4.765119999999999436e+02 3.830865390778218354e-05
4.767680000000000291e+02 3.821500533537800583e-05
4.770240000000000009e+02 3.812123295622564946e-05
4.772799999999999727e+02 3.802733995213925411e-05
4.775359999999999445e+02 3.793332526251477516e-05
4.777920000000000300e+02 3.783919198006382593e-05
4.780480000000000018e+02 3.774493907388365340e-05
4.783039999999999736e+02 3.765056954343194798e-05
4.785599999999999454e+02 3.755608238888931465e-05
4.788160000000000309e+02 3.746148051229777697e-05
4.790720000000000027e+02 3.736676294630982210e-05
4.793279999999999745e+02 3.727193249258210924e-05
4.795839999999999463e+02 3.717698821722978554e-05
4.798400000000000318e+02 3.708193282103490642e-05
4.800960000000000036e+02 3.698676540373698775e-05
4.803519999999999754e+02 3.689148856855662680e-05
4.806079999999999472e+02 3.679610144775309594e-05
4.808640000000000327e+02 3.670060655406549643e-05
4.811200000000000045e+02 3.660500304991415495e-05
4.813759999999999764e+02 3.650929336739514741e-05
4.816319999999999482e+02 3.641347669580911325e-05
4.818880000000000337e+02 3.631755539925928938e-05
4.821440000000000055e+02 3.622152868971101954e-05
4.823999999999999773e+02 3.612539887695478518e-05
4.826559999999999491e+02 3.602916519106120509e-05
4.829120000000000346e+02 3.593282990145808223e-05
4.831680000000000064e+02 3.583639225166966298e-05
4.834239999999999782e+02 3.573985448368133293e-05
4.836799999999999500e+02 3.564321585016496903e-05
4.839360000000000355e+02 3.554647857657429287e-05
4.841920000000000073e+02 3.544964192109144920e-05
4.844479999999999791e+02 3.535270810124877526e-05
4.847039999999999509e+02 3.525567637786998628e-05
4.849600000000000364e+02 3.515854896811872979e-05
4.852160000000000082e+02 3.506132513294002293e-05
4.854719999999999800e+02 3.496400709548100815e-05
4.857279999999999518e+02 3.486659411469187226e-05
4.859840000000000373e+02 3.476908842586771449e-05
4.862400000000000091e+02 3.467148928390963311e-05
4.864959999999999809e+02 3.457379894241701448e-05
4.867519999999999527e+02 3.447601665018954137e-05
4.870080000000000382e+02 3.437814468512935778e-05
4.872640000000000100e+02 3.428018228793652605e-05
4.875199999999999818e+02 3.418213176605437221e-05
4.877759999999999536e+02 3.408399235033499443e-05
4.880320000000000391e+02 3.398576638230264504e-05
4.882880000000000109e+02 3.388745308144886723e-05
4.885439999999999827e+02 3.378905482586442731e-05
4.887999999999999545e+02 3.369057082285244382e-05
4.890560000000000400e+02 3.359200348707880969e-05
4.893120000000000118e+02 3.349335201365444444e-05
4.895679999999999836e+02 3.339461885139240524e-05
4.898239999999999554e+02 3.329580318402158948e-05
4.900800000000000409e+02 3.319690749028365569e-05
4.903360000000000127e+02 3.309793094393175027e-05
4.905919999999999845e+02 3.299887604680387052e-05
4.908479999999999563e+02 3.289974196495353172e-05
4.911040000000000418e+02 3.280053121562248608e-05
4.913600000000000136e+02 3.270124295973139862e-05
4.916159999999999854e+02 3.260187972193039535e-05
4.918719999999999573e+02 3.250244066066931907e-05
4.921280000000000427e+02 3.240292830158985287e-05
4.923840000000000146e+02 3.230334180281152381e-05
4.926399999999999864e+02 3.220368368680037328e-05
4.928959999999999582e+02 3.210395311273441459e-05
4.931520000000000437e+02 3.200415259796684240e-05
4.934080000000000155e+02 3.190428130337993418e-05
4.936639999999999873e+02 3.180434174063081842e-05
4.939199999999999591e+02 3.170433307249949910e-05
4.941760000000000446e+02 3.160425780571318998e-05
4.944320000000000164e+02 3.150411510469627738e-05
4.946879999999999882e+02 3.140390747211887020e-05
4.949439999999999600e+02 3.130363407375815447e-05
4.952000000000000455e+02 3.120329740911237853e-05
4.954560000000000173e+02 3.110289664501554092e-05
4.957119999999999891e+02 3.100243427814306120e-05
4.959679999999999609e+02 3.090190947626999152e-05
4.962240000000000464e+02 3.080132473229673566e-05
4.964800000000000182e+02 3.070067921525594575e-05
4.967359999999999900e+02 3.059997541207683632e-05
4.969919999999999618e+02 3.049921249378340345e-05
4.972480000000000473e+02 3.039839293812491851e-05
4.975040000000000191e+02 3.029751591918504352e-05
4.977599999999999909e+02 3.019658390151105544e-05
4.980159999999999627e+02 3.009559606358668478e-05
4.982720000000000482e+02 2.999455485192017144e-05
4.985280000000000200e+02 2.989345945100907144e-05
4.987839999999999918e+02 2.979231228485745343e-05
4.990399999999999636e+02 2.969111254546345183e-05
4.992960000000000491e+02 2.958986263132335471e-05
4.995520000000000209e+02 2.948856174293866365e-05
4.998079999999999927e+02 2.938721225274088067e-05
5.000639999999999645e+02 2.928581336991919226e-05
5.003200000000000500e+02 2.918436744352414505e-05
5.005760000000000218e+02 2.908287369053887887e-05
5.008319999999999936e+02 2.898133444108938456e-05
5.010879999999999654e+02 2.887974891846720518e-05
5.013440000000000509e+02 2.877811943956917789e-05
5.016000000000000227e+02 2.867644523209531679e-05
5.018559999999999945e+02 2.857472860561742316e-05
5.021119999999999663e+02 2.847296879027802209e-05
5.023680000000000518e+02 2.837116809345452352e-05
5.026240000000000236e+02 2.826932574602101798e-05
5.028799999999999955e+02 2.816744405730617099e-05
5.031359999999999673e+02 2.806552225753453772e-05
5.033920000000000528e+02 2.796356266146632827e-05
5.036480000000000246e+02 2.786156449751459586e-05
5.039039999999999964e+02 2.775953008819087784e-05
5.041599999999999682e+02 2.765745865932459061e-05
5.044160000000000537e+02 2.755535254209862562e-05
5.046720000000000255e+02 2.745321095945328846e-05
5.049279999999999973e+02 2.735103625115261909e-05
5.051839999999999691e+02 2.724882763727500543e-05
5.054400000000000546e+02 2.714658746489998913e-05
