t phi
9.599999999999999645e-01 -6.464684398799690479e-01
9.599999999999999645e-01 -6.464684398799690479e-01
9.599999999999999645e-01 -6.464684398799690479e-01
9.599999999999999645e-01 -6.464684398799690479e-01
9.599999999999999645e-01 -6.464684398799690479e-01
1.919999999999999929e+00 -6.464695938177610346e-01
1.919999999999999929e+00 -6.464695938177610346e-01
1.919999999999999929e+00 -6.464695938177610346e-01
1.919999999999999929e+00 -6.464695938177610346e-01
1.919999999999999929e+00 -6.464695938177610346e-01
2.879999999999999893e+00 -6.464783265401190526e-01
2.879999999999999893e+00 -6.464783265401190526e-01
2.879999999999999893e+00 -6.464783265401190526e-01
2.879999999999999893e+00 -6.464783265401190526e-01
2.879999999999999893e+00 -6.464783265401190526e-01
3.839999999999999858e+00 -6.464754627566180467e-01
3.839999999999999858e+00 -6.464754627566180467e-01
3.839999999999999858e+00 -6.464754627566180467e-01
3.839999999999999858e+00 -6.464754627566180467e-01
3.839999999999999858e+00 -6.464754627566180467e-01
4.799999999999999822e+00 -6.464651215667820416e-01
4.799999999999999822e+00 -6.464651215667820416e-01
4.799999999999999822e+00 -6.464651215667820416e-01
4.799999999999999822e+00 -6.464651215667820416e-01
4.799999999999999822e+00 -6.464651215667820416e-01
5.759999999999999787e+00 -6.464731067053830493e-01
5.759999999999999787e+00 -6.464731067053830493e-01
5.759999999999999787e+00 -6.464731067053830493e-01
5.759999999999999787e+00 -6.464731067053830493e-01
5.759999999999999787e+00 -6.464731067053830493e-01
6.719999999999999751e+00 -6.464711613125350143e-01
6.719999999999999751e+00 -6.464711613125350143e-01
6.719999999999999751e+00 -6.464711613125350143e-01
6.719999999999999751e+00 -6.464711613125350143e-01
6.719999999999999751e+00 -6.464711613125350143e-01
7.679999999999999716e+00 -6.464682536078489861e-01
7.679999999999999716e+00 -6.464682536078489861e-01
7.679999999999999716e+00 -6.464682536078489861e-01
7.679999999999999716e+00 -6.464682536078489861e-01
7.679999999999999716e+00 -6.464682536078489861e-01
8.640000000000000568e+00 -6.464567490333570365e-01
8.640000000000000568e+00 -6.464567490333570365e-01
8.640000000000000568e+00 -6.464567490333570365e-01
8.640000000000000568e+00 -6.464567490333570365e-01
8.640000000000000568e+00 -6.464567490333570365e-01
9.599999999999999645e+00 -6.464644106880910179e-01
9.599999999999999645e+00 -6.464644106880910179e-01
9.599999999999999645e+00 -6.464644106880910179e-01
9.599999999999999645e+00 -6.464644106880910179e-01
9.599999999999999645e+00 -6.464644106880910179e-01
1.056000000000000050e+01 -6.464566721503920421e-01
1.056000000000000050e+01 -6.464566721503920421e-01
1.056000000000000050e+01 -6.464566721503920421e-01
1.056000000000000050e+01 -6.464566721503920421e-01
1.056000000000000050e+01 -6.464566721503920421e-01
1.151999999999999957e+01 -6.464524019896209506e-01
1.151999999999999957e+01 -6.464524019896209506e-01
1.151999999999999957e+01 -6.464524019896209506e-01
1.151999999999999957e+01 -6.464524019896209506e-01
1.151999999999999957e+01 -6.464524019896209506e-01
1.248000000000000043e+01 -6.464478334928329684e-01
1.248000000000000043e+01 -6.464478334928329684e-01
1.248000000000000043e+01 -6.464478334928329684e-01
1.248000000000000043e+01 -6.464478334928329684e-01
1.248000000000000043e+01 -6.464478334928329684e-01
1.343999999999999950e+01 -6.464506720261139483e-01
1.343999999999999950e+01 -6.464506720261139483e-01
1.343999999999999950e+01 -6.464506720261139483e-01
1.343999999999999950e+01 -6.464506720261139483e-01
1.343999999999999950e+01 -6.464506720261139483e-01
1.440000000000000036e+01 -6.464505212649549470e-01
1.440000000000000036e+01 -6.464505212649549470e-01
1.440000000000000036e+01 -6.464505212649549470e-01
1.440000000000000036e+01 -6.464505212649549470e-01
1.440000000000000036e+01 -6.464505212649549470e-01
1.535999999999999943e+01 -6.464409512472030217e-01
1.535999999999999943e+01 -6.464409512472030217e-01
1.535999999999999943e+01 -6.464409512472030217e-01
1.535999999999999943e+01 -6.464409512472030217e-01
1.535999999999999943e+01 -6.464409512472030217e-01
1.632000000000000028e+01 -6.464386377246149618e-01
1.632000000000000028e+01 -6.464386377246149618e-01
1.632000000000000028e+01 -6.464386377246149618e-01
1.632000000000000028e+01 -6.464386377246149618e-01
1.632000000000000028e+01 -6.464386377246149618e-01
1.728000000000000114e+01 -6.464339971244470462e-01
1.728000000000000114e+01 -6.464339971244470462e-01
1.728000000000000114e+01 -6.464339971244470462e-01
1.728000000000000114e+01 -6.464339971244470462e-01
1.728000000000000114e+01 -6.464339971244470462e-01
1.823999999999999844e+01 -6.464297313742379814e-01
1.823999999999999844e+01 -6.464297313742379814e-01
1.823999999999999844e+01 -6.464297313742379814e-01
1.823999999999999844e+01 -6.464297313742379814e-01
1.823999999999999844e+01 -6.464297313742379814e-01
1.919999999999999929e+01 -6.464218389202860404e-01
1.919999999999999929e+01 -6.464218389202860404e-01
1.919999999999999929e+01 -6.464218389202860404e-01
1.919999999999999929e+01 -6.464218389202860404e-01
1.919999999999999929e+01 -6.464218389202860404e-01
2.016000000000000014e+01 -6.464115431590869987e-01
2.016000000000000014e+01 -6.464115431590869987e-01
2.016000000000000014e+01 -6.464115431590869987e-01
2.016000000000000014e+01 -6.464115431590869987e-01
2.016000000000000014e+01 -6.464115431590869987e-01
2.112000000000000099e+01 -6.464027781653980398e-01
2.112000000000000099e+01 -6.464027781653980398e-01
2.112000000000000099e+01 -6.464027781653980398e-01
2.112000000000000099e+01 -6.464027781653980398e-01
2.112000000000000099e+01 -6.464027781653980398e-01
2.207999999999999829e+01 -6.463930608999830518e-01
2.207999999999999829e+01 -6.463930608999830518e-01
2.207999999999999829e+01 -6.463930608999830518e-01
2.207999999999999829e+01 -6.463930608999830518e-01
2.207999999999999829e+01 -6.463930608999830518e-01
2.303999999999999915e+01 -6.463831461517860477e-01
2.303999999999999915e+01 -6.463831461517860477e-01
2.303999999999999915e+01 -6.463831461517860477e-01
2.303999999999999915e+01 -6.463831461517860477e-01
2.303999999999999915e+01 -6.463831461517860477e-01
2.400000000000000000e+01 -6.463695047497189927e-01
2.400000000000000000e+01 -6.463695047497189927e-01
2.400000000000000000e+01 -6.463695047497189927e-01
2.400000000000000000e+01 -6.463695047497189927e-01
2.400000000000000000e+01 -6.463695047497189927e-01
2.496000000000000085e+01 -6.463545721205340433e-01
2.496000000000000085e+01 -6.463545721205340433e-01
2.496000000000000085e+01 -6.463545721205340433e-01
2.496000000000000085e+01 -6.463545721205340433e-01
2.496000000000000085e+01 -6.463545721205340433e-01
2.592000000000000171e+01 -6.463392649609149831e-01
2.592000000000000171e+01 -6.463392649609149831e-01
2.592000000000000171e+01 -6.463392649609149831e-01
2.592000000000000171e+01 -6.463392649609149831e-01
2.592000000000000171e+01 -6.463392649609149831e-01
2.687999999999999901e+01 -6.463226151789960294e-01
2.687999999999999901e+01 -6.463226151789960294e-01
2.687999999999999901e+01 -6.463226151789960294e-01
2.687999999999999901e+01 -6.463226151789960294e-01
2.687999999999999901e+01 -6.463226151789960294e-01
2.783999999999999986e+01 -6.463048622261300391e-01
2.783999999999999986e+01 -6.463048622261300391e-01
2.783999999999999986e+01 -6.463048622261300391e-01
2.783999999999999986e+01 -6.463048622261300391e-01
2.783999999999999986e+01 -6.463048622261300391e-01
2.880000000000000071e+01 -6.462859882202010020e-01
2.880000000000000071e+01 -6.462859882202010020e-01
2.880000000000000071e+01 -6.462859882202010020e-01
2.880000000000000071e+01 -6.462859882202010020e-01
2.880000000000000071e+01 -6.462859882202010020e-01
2.976000000000000156e+01 -6.462653117418579729e-01
2.976000000000000156e+01 -6.462653117418579729e-01
2.976000000000000156e+01 -6.462653117418579729e-01
2.976000000000000156e+01 -6.462653117418579729e-01
2.976000000000000156e+01 -6.462653117418579729e-01
3.071999999999999886e+01 -6.462426747352879586e-01
3.071999999999999886e+01 -6.462426747352879586e-01
3.071999999999999886e+01 -6.462426747352879586e-01
3.071999999999999886e+01 -6.462426747352879586e-01
3.071999999999999886e+01 -6.462426747352879586e-01
3.167999999999999972e+01 -6.462189353637569633e-01
3.167999999999999972e+01 -6.462189353637569633e-01
3.167999999999999972e+01 -6.462189353637569633e-01
3.167999999999999972e+01 -6.462189353637569633e-01
3.167999999999999972e+01 -6.462189353637569633e-01
3.264000000000000057e+01 -6.461937040953940059e-01
3.264000000000000057e+01 -6.461937040953940059e-01
3.264000000000000057e+01 -6.461937040953940059e-01
3.264000000000000057e+01 -6.461937040953940059e-01
3.264000000000000057e+01 -6.461937040953940059e-01
3.360000000000000142e+01 -6.461679706343359531e-01
3.360000000000000142e+01 -6.461679706343359531e-01
3.360000000000000142e+01 -6.461679706343359531e-01
3.360000000000000142e+01 -6.461679706343359531e-01
3.360000000000000142e+01 -6.461679706343359531e-01
3.456000000000000227e+01 -6.461421736397959803e-01
3.456000000000000227e+01 -6.461421736397959803e-01
3.456000000000000227e+01 -6.461421736397959803e-01
3.456000000000000227e+01 -6.461421736397959803e-01
3.456000000000000227e+01 -6.461421736397959803e-01
3.552000000000000313e+01 -6.461177687333869990e-01
3.552000000000000313e+01 -6.461177687333869990e-01
3.552000000000000313e+01 -6.461177687333869990e-01
3.552000000000000313e+01 -6.461177687333869990e-01
3.552000000000000313e+01 -6.461177687333869990e-01
3.647999999999999687e+01 -6.460924832951779884e-01
3.647999999999999687e+01 -6.460924832951779884e-01
3.647999999999999687e+01 -6.460924832951779884e-01
3.647999999999999687e+01 -6.460924832951779884e-01
3.647999999999999687e+01 -6.460924832951779884e-01
3.743999999999999773e+01 -6.460669092680979553e-01
3.743999999999999773e+01 -6.460669092680979553e-01
3.743999999999999773e+01 -6.460669092680979553e-01
3.743999999999999773e+01 -6.460669092680979553e-01
3.743999999999999773e+01 -6.460669092680979553e-01
3.839999999999999858e+01 -6.460472645154720084e-01
3.839999999999999858e+01 -6.460472645154720084e-01
3.839999999999999858e+01 -6.460472645154720084e-01
3.839999999999999858e+01 -6.460472645154720084e-01
3.839999999999999858e+01 -6.460472645154720084e-01
3.935999999999999943e+01 -6.460278887222590249e-01
3.935999999999999943e+01 -6.460278887222590249e-01
3.935999999999999943e+01 -6.460278887222590249e-01
3.935999999999999943e+01 -6.460278887222590249e-01
3.935999999999999943e+01 -6.460278887222590249e-01
4.032000000000000028e+01 -6.460131036066110166e-01
4.032000000000000028e+01 -6.460131036066110166e-01
4.032000000000000028e+01 -6.460131036066110166e-01
4.032000000000000028e+01 -6.460131036066110166e-01
4.032000000000000028e+01 -6.460131036066110166e-01
4.128000000000000114e+01 -6.460042956763969446e-01
4.128000000000000114e+01 -6.460042956763969446e-01
4.128000000000000114e+01 -6.460042956763969446e-01
4.128000000000000114e+01 -6.460042956763969446e-01
4.128000000000000114e+01 -6.460042956763969446e-01
4.224000000000000199e+01 -6.459959023183069471e-01
4.224000000000000199e+01 -6.459959023183069471e-01
4.224000000000000199e+01 -6.459959023183069471e-01
4.224000000000000199e+01 -6.459959023183069471e-01
4.224000000000000199e+01 -6.459959023183069471e-01
4.320000000000000284e+01 -6.459973410964390261e-01
4.320000000000000284e+01 -6.459973410964390261e-01
4.320000000000000284e+01 -6.459973410964390261e-01
4.320000000000000284e+01 -6.459973410964390261e-01
4.320000000000000284e+01 -6.459973410964390261e-01
4.415999999999999659e+01 -6.459943910259400290e-01
4.415999999999999659e+01 -6.459943910259400290e-01
4.415999999999999659e+01 -6.459943910259400290e-01
4.415999999999999659e+01 -6.459943910259400290e-01
4.415999999999999659e+01 -6.459943910259400290e-01
4.511999999999999744e+01 -6.459947940035649649e-01
4.511999999999999744e+01 -6.459947940035649649e-01
4.511999999999999744e+01 -6.459947940035649649e-01
4.511999999999999744e+01 -6.459947940035649649e-01
4.511999999999999744e+01 -6.459947940035649649e-01
4.607999999999999829e+01 -6.459934824014259558e-01
4.607999999999999829e+01 -6.459934824014259558e-01
4.607999999999999829e+01 -6.459934824014259558e-01
4.607999999999999829e+01 -6.459934824014259558e-01
4.607999999999999829e+01 -6.459934824014259558e-01
4.703999999999999915e+01 -6.459977357218289473e-01
4.703999999999999915e+01 -6.459977357218289473e-01
4.703999999999999915e+01 -6.459977357218289473e-01
4.703999999999999915e+01 -6.459977357218289473e-01
4.703999999999999915e+01 -6.459977357218289473e-01
4.800000000000000000e+01 -6.459980874788120442e-01
4.800000000000000000e+01 -6.459980874788120442e-01
4.800000000000000000e+01 -6.459980874788120442e-01
4.800000000000000000e+01 -6.459980874788120442e-01
4.800000000000000000e+01 -6.459980874788120442e-01
4.896000000000000085e+01 -6.459931453237970356e-01
4.896000000000000085e+01 -6.459931453237970356e-01
4.896000000000000085e+01 -6.459931453237970356e-01
4.896000000000000085e+01 -6.459931453237970356e-01
4.896000000000000085e+01 -6.459931453237970356e-01
4.992000000000000171e+01 -6.459885574092399940e-01
4.992000000000000171e+01 -6.459885574092399940e-01
4.992000000000000171e+01 -6.459885574092399940e-01
4.992000000000000171e+01 -6.459885574092399940e-01
4.992000000000000171e+01 -6.459885574092399940e-01
5.088000000000000256e+01 -6.459741373851819457e-01
5.088000000000000256e+01 -6.459741373851819457e-01
5.088000000000000256e+01 -6.459741373851819457e-01
5.088000000000000256e+01 -6.459741373851819457e-01
5.088000000000000256e+01 -6.459741373851819457e-01
5.184000000000000341e+01 -6.459564071237769989e-01
5.184000000000000341e+01 -6.459564071237769989e-01
5.184000000000000341e+01 -6.459564071237769989e-01
5.184000000000000341e+01 -6.459564071237769989e-01
5.184000000000000341e+01 -6.459564071237769989e-01
5.279999999999999716e+01 -6.459361230358190431e-01
5.279999999999999716e+01 -6.459361230358190431e-01
5.279999999999999716e+01 -6.459361230358190431e-01
5.279999999999999716e+01 -6.459361230358190431e-01
5.279999999999999716e+01 -6.459361230358190431e-01
5.375999999999999801e+01 -6.459322459378480374e-01
5.375999999999999801e+01 -6.459322459378480374e-01
5.375999999999999801e+01 -6.459322459378480374e-01
5.375999999999999801e+01 -6.459322459378480374e-01
5.375999999999999801e+01 -6.459322459378480374e-01
5.471999999999999886e+01 -6.459507497669789711e-01
5.471999999999999886e+01 -6.459507497669789711e-01
5.471999999999999886e+01 -6.459507497669789711e-01
5.471999999999999886e+01 -6.459507497669789711e-01
5.471999999999999886e+01 -6.459507497669789711e-01
5.567999999999999972e+01 -6.459649479102690384e-01
5.567999999999999972e+01 -6.459649479102690384e-01
5.567999999999999972e+01 -6.459649479102690384e-01
5.567999999999999972e+01 -6.459649479102690384e-01
5.567999999999999972e+01 -6.459649479102690384e-01
5.664000000000000057e+01 -6.459208987567199856e-01
5.664000000000000057e+01 -6.459208987567199856e-01
5.664000000000000057e+01 -6.459208987567199856e-01
5.664000000000000057e+01 -6.459208987567199856e-01
5.664000000000000057e+01 -6.459208987567199856e-01
5.760000000000000142e+01 -6.458665059026540423e-01
5.760000000000000142e+01 -6.458665059026540423e-01
5.760000000000000142e+01 -6.458665059026540423e-01
5.760000000000000142e+01 -6.458665059026540423e-01
5.760000000000000142e+01 -6.458665059026540423e-01
5.856000000000000227e+01 -6.459003646423729927e-01
5.856000000000000227e+01 -6.459003646423729927e-01
5.856000000000000227e+01 -6.459003646423729927e-01
5.856000000000000227e+01 -6.459003646423729927e-01
5.856000000000000227e+01 -6.459003646423729927e-01
5.952000000000000313e+01 -6.459315100292649658e-01
5.952000000000000313e+01 -6.459315100292649658e-01
5.952000000000000313e+01 -6.459315100292649658e-01
5.952000000000000313e+01 -6.459315100292649658e-01
5.952000000000000313e+01 -6.459315100292649658e-01
6.047999999999999687e+01 -6.458729148311159740e-01
6.047999999999999687e+01 -6.458729148311159740e-01
6.047999999999999687e+01 -6.458729148311159740e-01
6.047999999999999687e+01 -6.458729148311159740e-01
6.047999999999999687e+01 -6.458729148311159740e-01
6.143999999999999773e+01 -6.458851571236510214e-01
6.143999999999999773e+01 -6.458851571236510214e-01
6.143999999999999773e+01 -6.458851571236510214e-01
6.143999999999999773e+01 -6.458851571236510214e-01
6.143999999999999773e+01 -6.458851571236510214e-01
6.239999999999999858e+01 -6.458946442396179544e-01
6.239999999999999858e+01 -6.458946442396179544e-01
6.239999999999999858e+01 -6.458946442396179544e-01
6.239999999999999858e+01 -6.458946442396179544e-01
6.239999999999999858e+01 -6.458946442396179544e-01
6.335999999999999943e+01 -6.458540092299029922e-01
6.335999999999999943e+01 -6.458540092299029922e-01
6.335999999999999943e+01 -6.458540092299029922e-01
6.335999999999999943e+01 -6.458540092299029922e-01
6.335999999999999943e+01 -6.458540092299029922e-01
6.431999999999999318e+01 -6.458865921115179987e-01
6.431999999999999318e+01 -6.458865921115179987e-01
6.431999999999999318e+01 -6.458865921115179987e-01
6.431999999999999318e+01 -6.458865921115179987e-01
6.431999999999999318e+01 -6.458865921115179987e-01
6.528000000000000114e+01 -6.458435446342389863e-01
6.528000000000000114e+01 -6.458435446342389863e-01
6.528000000000000114e+01 -6.458435446342389863e-01
6.528000000000000114e+01 -6.458435446342389863e-01
6.528000000000000114e+01 -6.458435446342389863e-01
6.623999999999999488e+01 -6.458718091824630081e-01
6.623999999999999488e+01 -6.458718091824630081e-01
6.623999999999999488e+01 -6.458718091824630081e-01
6.623999999999999488e+01 -6.458718091824630081e-01
6.623999999999999488e+01 -6.458718091824630081e-01
6.720000000000000284e+01 -6.458376338103309910e-01
6.720000000000000284e+01 -6.458376338103309910e-01
6.720000000000000284e+01 -6.458376338103309910e-01
6.720000000000000284e+01 -6.458376338103309910e-01
6.720000000000000284e+01 -6.458376338103309910e-01
6.815999999999999659e+01 -6.458597718013849853e-01
6.815999999999999659e+01 -6.458597718013849853e-01
6.815999999999999659e+01 -6.458597718013849853e-01
6.815999999999999659e+01 -6.458597718013849853e-01
6.815999999999999659e+01 -6.458597718013849853e-01
6.912000000000000455e+01 -6.458274816581329736e-01
6.912000000000000455e+01 -6.458274816581329736e-01
6.912000000000000455e+01 -6.458274816581329736e-01
6.912000000000000455e+01 -6.458274816581329736e-01
6.912000000000000455e+01 -6.458274816581329736e-01
7.007999999999999829e+01 -6.458488851243630036e-01
7.007999999999999829e+01 -6.458488851243630036e-01
7.007999999999999829e+01 -6.458488851243630036e-01
7.007999999999999829e+01 -6.458488851243630036e-01
7.007999999999999829e+01 -6.458488851243630036e-01
7.104000000000000625e+01 -6.458127627808299964e-01
7.104000000000000625e+01 -6.458127627808299964e-01
7.104000000000000625e+01 -6.458127627808299964e-01
7.104000000000000625e+01 -6.458127627808299964e-01
7.104000000000000625e+01 -6.458127627808299964e-01
7.200000000000000000e+01 -6.458561683999860525e-01
7.200000000000000000e+01 -6.458561683999860525e-01
7.200000000000000000e+01 -6.458561683999860525e-01
7.200000000000000000e+01 -6.458561683999860525e-01
7.200000000000000000e+01 -6.458561683999860525e-01
7.295999999999999375e+01 -6.458180087908039768e-01
7.295999999999999375e+01 -6.458180087908039768e-01
7.295999999999999375e+01 -6.458180087908039768e-01
7.295999999999999375e+01 -6.458180087908039768e-01
7.295999999999999375e+01 -6.458180087908039768e-01
7.392000000000000171e+01 -6.458652055850240270e-01
7.392000000000000171e+01 -6.458652055850240270e-01
7.392000000000000171e+01 -6.458652055850240270e-01
7.392000000000000171e+01 -6.458652055850240270e-01
7.392000000000000171e+01 -6.458652055850240270e-01
7.487999999999999545e+01 -6.458419897889340344e-01
7.487999999999999545e+01 -6.458419897889340344e-01
7.487999999999999545e+01 -6.458419897889340344e-01
7.487999999999999545e+01 -6.458419897889340344e-01
7.487999999999999545e+01 -6.458419897889340344e-01
7.584000000000000341e+01 -6.458809216824219490e-01
7.584000000000000341e+01 -6.458809216824219490e-01
7.584000000000000341e+01 -6.458809216824219490e-01
7.584000000000000341e+01 -6.458809216824219490e-01
7.584000000000000341e+01 -6.458809216824219490e-01
7.679999999999999716e+01 -6.458815973984060044e-01
7.679999999999999716e+01 -6.458815973984060044e-01
7.679999999999999716e+01 -6.458815973984060044e-01
7.679999999999999716e+01 -6.458815973984060044e-01
7.679999999999999716e+01 -6.458815973984060044e-01
7.776000000000000512e+01 -6.458545853771120449e-01
7.776000000000000512e+01 -6.458545853771120449e-01
7.776000000000000512e+01 -6.458545853771120449e-01
7.776000000000000512e+01 -6.458545853771120449e-01
7.776000000000000512e+01 -6.458545853771120449e-01
7.871999999999999886e+01 -6.459116249765020079e-01
7.871999999999999886e+01 -6.459116249765020079e-01
7.871999999999999886e+01 -6.459116249765020079e-01
7.871999999999999886e+01 -6.459116249765020079e-01
7.871999999999999886e+01 -6.459116249765020079e-01
7.968000000000000682e+01 -6.458824416511950162e-01
7.968000000000000682e+01 -6.458824416511950162e-01
7.968000000000000682e+01 -6.458824416511950162e-01
7.968000000000000682e+01 -6.458824416511950162e-01
7.968000000000000682e+01 -6.458824416511950162e-01
8.064000000000000057e+01 -6.459067784701839621e-01
8.064000000000000057e+01 -6.459067784701839621e-01
8.064000000000000057e+01 -6.459067784701839621e-01
8.064000000000000057e+01 -6.459067784701839621e-01
8.064000000000000057e+01 -6.459067784701839621e-01
8.159999999999999432e+01 -6.459404954951749600e-01
8.159999999999999432e+01 -6.459404954951749600e-01
8.159999999999999432e+01 -6.459404954951749600e-01
8.159999999999999432e+01 -6.459404954951749600e-01
8.159999999999999432e+01 -6.459404954951749600e-01
8.256000000000000227e+01 -6.459024547080219891e-01
8.256000000000000227e+01 -6.459024547080219891e-01
8.256000000000000227e+01 -6.459024547080219891e-01
8.256000000000000227e+01 -6.459024547080219891e-01
8.256000000000000227e+01 -6.459024547080219891e-01
8.351999999999999602e+01 -6.459665731574270042e-01
8.351999999999999602e+01 -6.459665731574270042e-01
8.351999999999999602e+01 -6.459665731574270042e-01
8.351999999999999602e+01 -6.459665731574270042e-01
8.351999999999999602e+01 -6.459665731574270042e-01
8.448000000000000398e+01 -6.459765360048459470e-01
8.448000000000000398e+01 -6.459765360048459470e-01
8.448000000000000398e+01 -6.459765360048459470e-01
8.448000000000000398e+01 -6.459765360048459470e-01
8.448000000000000398e+01 -6.459765360048459470e-01
8.543999999999999773e+01 -6.459400162853520255e-01
8.543999999999999773e+01 -6.459400162853520255e-01
8.543999999999999773e+01 -6.459400162853520255e-01
8.543999999999999773e+01 -6.459400162853520255e-01
8.543999999999999773e+01 -6.459400162853520255e-01
8.640000000000000568e+01 -6.459882634977659466e-01
8.640000000000000568e+01 -6.459882634977659466e-01
8.640000000000000568e+01 -6.459882634977659466e-01
8.640000000000000568e+01 -6.459882634977659466e-01
8.640000000000000568e+01 -6.459882634977659466e-01
8.735999999999999943e+01 -6.460063519820200550e-01
8.735999999999999943e+01 -6.460063519820200550e-01
8.735999999999999943e+01 -6.460063519820200550e-01
8.735999999999999943e+01 -6.460063519820200550e-01
8.735999999999999943e+01 -6.460063519820200550e-01
8.831999999999999318e+01 -6.459843100242149694e-01
8.831999999999999318e+01 -6.459843100242149694e-01
8.831999999999999318e+01 -6.459843100242149694e-01
8.831999999999999318e+01 -6.459843100242149694e-01
8.831999999999999318e+01 -6.459843100242149694e-01
8.928000000000000114e+01 -6.460344088939450335e-01
8.928000000000000114e+01 -6.460344088939450335e-01
8.928000000000000114e+01 -6.460344088939450335e-01
8.928000000000000114e+01 -6.460344088939450335e-01
8.928000000000000114e+01 -6.460344088939450335e-01
9.023999999999999488e+01 -6.460815497933839469e-01
9.023999999999999488e+01 -6.460815497933839469e-01
9.023999999999999488e+01 -6.460815497933839469e-01
9.023999999999999488e+01 -6.460815497933839469e-01
9.023999999999999488e+01 -6.460815497933839469e-01
9.120000000000000284e+01 -6.460738904751669454e-01
9.120000000000000284e+01 -6.460738904751669454e-01
9.120000000000000284e+01 -6.460738904751669454e-01
9.120000000000000284e+01 -6.460738904751669454e-01
9.120000000000000284e+01 -6.460738904751669454e-01
9.215999999999999659e+01 -6.460917153511339661e-01
9.215999999999999659e+01 -6.460917153511339661e-01
9.215999999999999659e+01 -6.460917153511339661e-01
9.215999999999999659e+01 -6.460917153511339661e-01
9.215999999999999659e+01 -6.460917153511339661e-01
9.312000000000000455e+01 -6.461277154631109854e-01
9.312000000000000455e+01 -6.461277154631109854e-01
9.312000000000000455e+01 -6.461277154631109854e-01
9.312000000000000455e+01 -6.461277154631109854e-01
9.312000000000000455e+01 -6.461277154631109854e-01
9.407999999999999829e+01 -6.461429214928180453e-01
9.407999999999999829e+01 -6.461429214928180453e-01
9.407999999999999829e+01 -6.461429214928180453e-01
9.407999999999999829e+01 -6.461429214928180453e-01
9.407999999999999829e+01 -6.461429214928180453e-01
9.504000000000000625e+01 -6.461485708107339576e-01
9.504000000000000625e+01 -6.461485708107339576e-01
9.504000000000000625e+01 -6.461485708107339576e-01
9.504000000000000625e+01 -6.461485708107339576e-01
9.504000000000000625e+01 -6.461485708107339576e-01
9.600000000000000000e+01 -6.461758480951129702e-01
9.600000000000000000e+01 -6.461758480951129702e-01
9.600000000000000000e+01 -6.461758480951129702e-01
9.600000000000000000e+01 -6.461758480951129702e-01
9.600000000000000000e+01 -6.461758480951129702e-01
9.695999999999999375e+01 -6.462066458722219853e-01
9.695999999999999375e+01 -6.462066458722219853e-01
9.695999999999999375e+01 -6.462066458722219853e-01
9.695999999999999375e+01 -6.462066458722219853e-01
9.695999999999999375e+01 -6.462066458722219853e-01
9.792000000000000171e+01 -6.462239480484469611e-01
9.792000000000000171e+01 -6.462239480484469611e-01
9.792000000000000171e+01 -6.462239480484469611e-01
9.792000000000000171e+01 -6.462239480484469611e-01
9.792000000000000171e+01 -6.462239480484469611e-01
9.887999999999999545e+01 -6.462320284726380537e-01
9.887999999999999545e+01 -6.462320284726380537e-01
9.887999999999999545e+01 -6.462320284726380537e-01
9.887999999999999545e+01 -6.462320284726380537e-01
9.887999999999999545e+01 -6.462320284726380537e-01
9.984000000000000341e+01 -6.462541020252530188e-01
9.984000000000000341e+01 -6.462541020252530188e-01
9.984000000000000341e+01 -6.462541020252530188e-01
9.984000000000000341e+01 -6.462541020252530188e-01
9.984000000000000341e+01 -6.462541020252530188e-01
1.007999999999999972e+02 -6.462861269965110012e-01
1.007999999999999972e+02 -6.462861269965110012e-01
1.007999999999999972e+02 -6.462861269965110012e-01
1.007999999999999972e+02 -6.462861269965110012e-01
1.007999999999999972e+02 -6.462861269965110012e-01
1.017600000000000051e+02 -6.463030818105459652e-01
1.017600000000000051e+02 -6.463030818105459652e-01
1.017600000000000051e+02 -6.463030818105459652e-01
1.017600000000000051e+02 -6.463030818105459652e-01
1.017600000000000051e+02 -6.463030818105459652e-01
1.027199999999999989e+02 -6.463092723856970201e-01
1.027199999999999989e+02 -6.463092723856970201e-01
1.027199999999999989e+02 -6.463092723856970201e-01
1.027199999999999989e+02 -6.463092723856970201e-01
1.027199999999999989e+02 -6.463092723856970201e-01
1.036800000000000068e+02 -6.463274636955920194e-01
1.036800000000000068e+02 -6.463274636955920194e-01
1.036800000000000068e+02 -6.463274636955920194e-01
1.036800000000000068e+02 -6.463274636955920194e-01
1.036800000000000068e+02 -6.463274636955920194e-01
1.046400000000000006e+02 -6.463610470795829732e-01
1.046400000000000006e+02 -6.463610470795829732e-01
1.046400000000000006e+02 -6.463610470795829732e-01
1.046400000000000006e+02 -6.463610470795829732e-01
1.046400000000000006e+02 -6.463610470795829732e-01
1.055999999999999943e+02 -6.463921949403129696e-01
1.055999999999999943e+02 -6.463921949403129696e-01
1.055999999999999943e+02 -6.463921949403129696e-01
1.055999999999999943e+02 -6.463921949403129696e-01
1.055999999999999943e+02 -6.463921949403129696e-01
1.065600000000000023e+02 -6.464057744908759950e-01
1.065600000000000023e+02 -6.464057744908759950e-01
1.065600000000000023e+02 -6.464057744908759950e-01
1.065600000000000023e+02 -6.464057744908759950e-01
1.065600000000000023e+02 -6.464057744908759950e-01
1.075199999999999960e+02 -6.464129418893479473e-01
1.075199999999999960e+02 -6.464129418893479473e-01
1.075199999999999960e+02 -6.464129418893479473e-01
1.075199999999999960e+02 -6.464129418893479473e-01
1.075199999999999960e+02 -6.464129418893479473e-01
1.084800000000000040e+02 -6.464295355304809920e-01
1.084800000000000040e+02 -6.464295355304809920e-01
1.084800000000000040e+02 -6.464295355304809920e-01
1.084800000000000040e+02 -6.464295355304809920e-01
1.084800000000000040e+02 -6.464295355304809920e-01
1.094399999999999977e+02 -6.464492830525120359e-01
1.094399999999999977e+02 -6.464492830525120359e-01
1.094399999999999977e+02 -6.464492830525120359e-01
1.094399999999999977e+02 -6.464492830525120359e-01
1.094399999999999977e+02 -6.464492830525120359e-01
1.104000000000000057e+02 -6.464682419550079606e-01
1.104000000000000057e+02 -6.464682419550079606e-01
1.104000000000000057e+02 -6.464682419550079606e-01
1.104000000000000057e+02 -6.464682419550079606e-01
1.104000000000000057e+02 -6.464682419550079606e-01
1.113599999999999994e+02 -6.464796909008170278e-01
1.113599999999999994e+02 -6.464796909008170278e-01
1.113599999999999994e+02 -6.464796909008170278e-01
1.113599999999999994e+02 -6.464796909008170278e-01
1.113599999999999994e+02 -6.464796909008170278e-01
1.123199999999999932e+02 -6.464831193656299657e-01
1.123199999999999932e+02 -6.464831193656299657e-01
1.123199999999999932e+02 -6.464831193656299657e-01
1.123199999999999932e+02 -6.464831193656299657e-01
1.123199999999999932e+02 -6.464831193656299657e-01
1.132800000000000011e+02 -6.464793879209700389e-01
1.132800000000000011e+02 -6.464793879209700389e-01
1.132800000000000011e+02 -6.464793879209700389e-01
1.132800000000000011e+02 -6.464793879209700389e-01
1.132800000000000011e+02 -6.464793879209700389e-01
1.142399999999999949e+02 -6.464766689843269853e-01
1.142399999999999949e+02 -6.464766689843269853e-01
1.142399999999999949e+02 -6.464766689843269853e-01
1.142399999999999949e+02 -6.464766689843269853e-01
1.142399999999999949e+02 -6.464766689843269853e-01
1.152000000000000028e+02 -6.464753671980340011e-01
1.152000000000000028e+02 -6.464753671980340011e-01
1.152000000000000028e+02 -6.464753671980340011e-01
1.152000000000000028e+02 -6.464753671980340011e-01
1.152000000000000028e+02 -6.464753671980340011e-01
1.161599999999999966e+02 -6.464644813957529657e-01
1.161599999999999966e+02 -6.464644813957529657e-01
1.161599999999999966e+02 -6.464644813957529657e-01
1.161599999999999966e+02 -6.464644813957529657e-01
1.161599999999999966e+02 -6.464644813957529657e-01
1.171200000000000045e+02 -6.464459125457400201e-01
1.171200000000000045e+02 -6.464459125457400201e-01
1.171200000000000045e+02 -6.464459125457400201e-01
1.171200000000000045e+02 -6.464459125457400201e-01
1.171200000000000045e+02 -6.464459125457400201e-01
1.180799999999999983e+02 -6.464340732260299704e-01
1.180799999999999983e+02 -6.464340732260299704e-01
1.180799999999999983e+02 -6.464340732260299704e-01
1.180799999999999983e+02 -6.464340732260299704e-01
1.180799999999999983e+02 -6.464340732260299704e-01
1.190400000000000063e+02 -6.464291886889770300e-01
1.190400000000000063e+02 -6.464291886889770300e-01
1.190400000000000063e+02 -6.464291886889770300e-01
1.190400000000000063e+02 -6.464291886889770300e-01
1.190400000000000063e+02 -6.464291886889770300e-01
1.200000000000000000e+02 -6.464256738391139789e-01
1.200000000000000000e+02 -6.464256738391139789e-01
1.200000000000000000e+02 -6.464256738391139789e-01
1.200000000000000000e+02 -6.464256738391139789e-01
1.200000000000000000e+02 -6.464256738391139789e-01
1.209599999999999937e+02 -6.464324083874489757e-01
1.209599999999999937e+02 -6.464324083874489757e-01
1.209599999999999937e+02 -6.464324083874489757e-01
1.209599999999999937e+02 -6.464324083874489757e-01
1.209599999999999937e+02 -6.464324083874489757e-01
1.219200000000000017e+02 -6.464466153316550390e-01
1.219200000000000017e+02 -6.464466153316550390e-01
1.219200000000000017e+02 -6.464466153316550390e-01
1.219200000000000017e+02 -6.464466153316550390e-01
1.219200000000000017e+02 -6.464466153316550390e-01
1.228799999999999955e+02 -6.464665740153490159e-01
1.228799999999999955e+02 -6.464665740153490159e-01
1.228799999999999955e+02 -6.464665740153490159e-01
1.228799999999999955e+02 -6.464665740153490159e-01
1.228799999999999955e+02 -6.464665740153490159e-01
1.238400000000000034e+02 -6.464902246624329996e-01
1.238400000000000034e+02 -6.464902246624329996e-01
1.238400000000000034e+02 -6.464902246624329996e-01
1.238400000000000034e+02 -6.464902246624329996e-01
1.238400000000000034e+02 -6.464902246624329996e-01
1.247999999999999972e+02 -6.465124964089260517e-01
1.247999999999999972e+02 -6.465124964089260517e-01
1.247999999999999972e+02 -6.465124964089260517e-01
1.247999999999999972e+02 -6.465124964089260517e-01
1.247999999999999972e+02 -6.465124964089260517e-01
1.257600000000000051e+02 -6.465327017009450117e-01
1.257600000000000051e+02 -6.465327017009450117e-01
1.257600000000000051e+02 -6.465327017009450117e-01
1.257600000000000051e+02 -6.465327017009450117e-01
1.257600000000000051e+02 -6.465327017009450117e-01
1.267199999999999989e+02 -6.465510705531509750e-01
1.267199999999999989e+02 -6.465510705531509750e-01
1.267199999999999989e+02 -6.465510705531509750e-01
1.267199999999999989e+02 -6.465510705531509750e-01
1.267199999999999989e+02 -6.465510705531509750e-01
1.276800000000000068e+02 -6.465534502713720100e-01
1.276800000000000068e+02 -6.465534502713720100e-01
1.276800000000000068e+02 -6.465534502713720100e-01
1.276800000000000068e+02 -6.465534502713720100e-01
1.276800000000000068e+02 -6.465534502713720100e-01
1.286399999999999864e+02 -6.465492964167499634e-01
1.286399999999999864e+02 -6.465492964167499634e-01
1.286399999999999864e+02 -6.465492964167499634e-01
1.286399999999999864e+02 -6.465492964167499634e-01
1.286399999999999864e+02 -6.465492964167499634e-01
1.295999999999999943e+02 -6.465575127312780390e-01
1.295999999999999943e+02 -6.465575127312780390e-01
1.295999999999999943e+02 -6.465575127312780390e-01
1.295999999999999943e+02 -6.465575127312780390e-01
1.295999999999999943e+02 -6.465575127312780390e-01
1.305600000000000023e+02 -6.465709613872889783e-01
1.305600000000000023e+02 -6.465709613872889783e-01
1.305600000000000023e+02 -6.465709613872889783e-01
1.305600000000000023e+02 -6.465709613872889783e-01
1.305600000000000023e+02 -6.465709613872889783e-01
1.315200000000000102e+02 -6.465854212475320439e-01
1.315200000000000102e+02 -6.465854212475320439e-01
1.315200000000000102e+02 -6.465854212475320439e-01
1.315200000000000102e+02 -6.465854212475320439e-01
1.315200000000000102e+02 -6.465854212475320439e-01
1.324799999999999898e+02 -6.465970288259159648e-01
1.324799999999999898e+02 -6.465970288259159648e-01
1.324799999999999898e+02 -6.465970288259159648e-01
1.324799999999999898e+02 -6.465970288259159648e-01
1.324799999999999898e+02 -6.465970288259159648e-01
1.334399999999999977e+02 -6.466075759688000302e-01
1.334399999999999977e+02 -6.466075759688000302e-01
1.334399999999999977e+02 -6.466075759688000302e-01
1.334399999999999977e+02 -6.466075759688000302e-01
1.334399999999999977e+02 -6.466075759688000302e-01
1.344000000000000057e+02 -6.466089789227590368e-01
1.344000000000000057e+02 -6.466089789227590368e-01
1.344000000000000057e+02 -6.466089789227590368e-01
1.344000000000000057e+02 -6.466089789227590368e-01
1.344000000000000057e+02 -6.466089789227590368e-01
1.353600000000000136e+02 -6.465990372984109502e-01
1.353600000000000136e+02 -6.465990372984109502e-01
1.353600000000000136e+02 -6.465990372984109502e-01
1.353600000000000136e+02 -6.465990372984109502e-01
1.353600000000000136e+02 -6.465990372984109502e-01
1.363199999999999932e+02 -6.465776563860330395e-01
1.363199999999999932e+02 -6.465776563860330395e-01
1.363199999999999932e+02 -6.465776563860330395e-01
1.363199999999999932e+02 -6.465776563860330395e-01
1.363199999999999932e+02 -6.465776563860330395e-01
1.372800000000000011e+02 -6.465449465145070018e-01
1.372800000000000011e+02 -6.465449465145070018e-01
1.372800000000000011e+02 -6.465449465145070018e-01
1.372800000000000011e+02 -6.465449465145070018e-01
1.372800000000000011e+02 -6.465449465145070018e-01
1.382400000000000091e+02 -6.465031260092070076e-01
1.382400000000000091e+02 -6.465031260092070076e-01
1.382400000000000091e+02 -6.465031260092070076e-01
1.382400000000000091e+02 -6.465031260092070076e-01
1.382400000000000091e+02 -6.465031260092070076e-01
1.391999999999999886e+02 -6.464689289019950325e-01
1.391999999999999886e+02 -6.464689289019950325e-01
1.391999999999999886e+02 -6.464689289019950325e-01
1.391999999999999886e+02 -6.464689289019950325e-01
1.391999999999999886e+02 -6.464689289019950325e-01
1.401599999999999966e+02 -6.464911913947080091e-01
1.401599999999999966e+02 -6.464911913947080091e-01
1.401599999999999966e+02 -6.464911913947080091e-01
1.401599999999999966e+02 -6.464911913947080091e-01
1.401599999999999966e+02 -6.464911913947080091e-01
1.411200000000000045e+02 -6.465260384282820461e-01
1.411200000000000045e+02 -6.465260384282820461e-01
1.411200000000000045e+02 -6.465260384282820461e-01
1.411200000000000045e+02 -6.465260384282820461e-01
1.411200000000000045e+02 -6.465260384282820461e-01
1.420800000000000125e+02 -6.464915506087529629e-01
1.420800000000000125e+02 -6.464915506087529629e-01
1.420800000000000125e+02 -6.464915506087529629e-01
1.420800000000000125e+02 -6.464915506087529629e-01
1.420800000000000125e+02 -6.464915506087529629e-01
1.430399999999999920e+02 -6.464112288223290426e-01
1.430399999999999920e+02 -6.464112288223290426e-01
1.430399999999999920e+02 -6.464112288223290426e-01
1.430399999999999920e+02 -6.464112288223290426e-01
1.430399999999999920e+02 -6.464112288223290426e-01
1.440000000000000000e+02 -6.463553061649499609e-01
1.440000000000000000e+02 -6.463553061649499609e-01
1.440000000000000000e+02 -6.463553061649499609e-01
1.440000000000000000e+02 -6.463553061649499609e-01
1.440000000000000000e+02 -6.463553061649499609e-01
1.449600000000000080e+02 -6.463943343960469878e-01
1.449600000000000080e+02 -6.463943343960469878e-01
1.449600000000000080e+02 -6.463943343960469878e-01
1.449600000000000080e+02 -6.463943343960469878e-01
1.449600000000000080e+02 -6.463943343960469878e-01
1.459199999999999875e+02 -6.465002837050850548e-01
1.459199999999999875e+02 -6.465002837050850548e-01
1.459199999999999875e+02 -6.465002837050850548e-01
1.459199999999999875e+02 -6.465002837050850548e-01
1.459199999999999875e+02 -6.465002837050850548e-01
1.468799999999999955e+02 -6.465695188960439710e-01
1.468799999999999955e+02 -6.465695188960439710e-01
1.468799999999999955e+02 -6.465695188960439710e-01
1.468799999999999955e+02 -6.465695188960439710e-01
1.468799999999999955e+02 -6.465695188960439710e-01
1.478400000000000034e+02 -6.465468475205109478e-01
1.478400000000000034e+02 -6.465468475205109478e-01
1.478400000000000034e+02 -6.465468475205109478e-01
1.478400000000000034e+02 -6.465468475205109478e-01
1.478400000000000034e+02 -6.465468475205109478e-01
1.488000000000000114e+02 -6.464598132018849475e-01
1.488000000000000114e+02 -6.464598132018849475e-01
1.488000000000000114e+02 -6.464598132018849475e-01
1.488000000000000114e+02 -6.464598132018849475e-01
1.488000000000000114e+02 -6.464598132018849475e-01
1.497599999999999909e+02 -6.463797501897899922e-01
1.497599999999999909e+02 -6.463797501897899922e-01
1.497599999999999909e+02 -6.463797501897899922e-01
1.497599999999999909e+02 -6.463797501897899922e-01
1.497599999999999909e+02 -6.463797501897899922e-01
1.507199999999999989e+02 -6.463606583868779509e-01
1.507199999999999989e+02 -6.463606583868779509e-01
1.507199999999999989e+02 -6.463606583868779509e-01
1.507199999999999989e+02 -6.463606583868779509e-01
1.507199999999999989e+02 -6.463606583868779509e-01
1.516800000000000068e+02 -6.464125629928959560e-01
1.516800000000000068e+02 -6.464125629928959560e-01
1.516800000000000068e+02 -6.464125629928959560e-01
1.516800000000000068e+02 -6.464125629928959560e-01
1.516800000000000068e+02 -6.464125629928959560e-01
1.526399999999999864e+02 -6.464723624611810049e-01
1.526399999999999864e+02 -6.464723624611810049e-01
1.526399999999999864e+02 -6.464723624611810049e-01
1.526399999999999864e+02 -6.464723624611810049e-01
1.526399999999999864e+02 -6.464723624611810049e-01
1.535999999999999943e+02 -6.464830878402180181e-01
1.535999999999999943e+02 -6.464830878402180181e-01
1.535999999999999943e+02 -6.464830878402180181e-01
1.535999999999999943e+02 -6.464830878402180181e-01
1.535999999999999943e+02 -6.464830878402180181e-01
1.545600000000000023e+02 -6.464414317500409846e-01
1.545600000000000023e+02 -6.464414317500409846e-01
1.545600000000000023e+02 -6.464414317500409846e-01
1.545600000000000023e+02 -6.464414317500409846e-01
1.545600000000000023e+02 -6.464414317500409846e-01
1.555200000000000102e+02 -6.463625132903919601e-01
1.555200000000000102e+02 -6.463625132903919601e-01
1.555200000000000102e+02 -6.463625132903919601e-01
1.555200000000000102e+02 -6.463625132903919601e-01
1.555200000000000102e+02 -6.463625132903919601e-01
1.564799999999999898e+02 -6.462506609828100324e-01
1.564799999999999898e+02 -6.462506609828100324e-01
1.564799999999999898e+02 -6.462506609828100324e-01
1.564799999999999898e+02 -6.462506609828100324e-01
1.564799999999999898e+02 -6.462506609828100324e-01
1.574399999999999977e+02 -6.461376156713829477e-01
1.574399999999999977e+02 -6.461376156713829477e-01
1.574399999999999977e+02 -6.461376156713829477e-01
1.574399999999999977e+02 -6.461376156713829477e-01
1.574399999999999977e+02 -6.461376156713829477e-01
1.584000000000000057e+02 -6.460560248542019934e-01
1.584000000000000057e+02 -6.460560248542019934e-01
1.584000000000000057e+02 -6.460560248542019934e-01
1.584000000000000057e+02 -6.460560248542019934e-01
1.584000000000000057e+02 -6.460560248542019934e-01
1.593600000000000136e+02 -6.459932665714259725e-01
1.593600000000000136e+02 -6.459932665714259725e-01
1.593600000000000136e+02 -6.459932665714259725e-01
1.593600000000000136e+02 -6.459932665714259725e-01
1.593600000000000136e+02 -6.459932665714259725e-01
1.603199999999999932e+02 -6.459580384775319706e-01
1.603199999999999932e+02 -6.459580384775319706e-01
1.603199999999999932e+02 -6.459580384775319706e-01
1.603199999999999932e+02 -6.459580384775319706e-01
1.603199999999999932e+02 -6.459580384775319706e-01
1.612800000000000011e+02 -6.459551000074830185e-01
1.612800000000000011e+02 -6.459551000074830185e-01
1.612800000000000011e+02 -6.459551000074830185e-01
1.612800000000000011e+02 -6.459551000074830185e-01
1.612800000000000011e+02 -6.459551000074830185e-01
1.622400000000000091e+02 -6.459753935128319524e-01
1.622400000000000091e+02 -6.459753935128319524e-01
1.622400000000000091e+02 -6.459753935128319524e-01
1.622400000000000091e+02 -6.459753935128319524e-01
1.622400000000000091e+02 -6.459753935128319524e-01
1.631999999999999886e+02 -6.460001661437200227e-01
1.631999999999999886e+02 -6.460001661437200227e-01
1.631999999999999886e+02 -6.460001661437200227e-01
1.631999999999999886e+02 -6.460001661437200227e-01
1.631999999999999886e+02 -6.460001661437200227e-01
1.641599999999999966e+02 -6.460074486505309466e-01
1.641599999999999966e+02 -6.460074486505309466e-01
1.641599999999999966e+02 -6.460074486505309466e-01
1.641599999999999966e+02 -6.460074486505309466e-01
1.641599999999999966e+02 -6.460074486505309466e-01
1.651200000000000045e+02 -6.459859649141660443e-01
1.651200000000000045e+02 -6.459859649141660443e-01
1.651200000000000045e+02 -6.459859649141660443e-01
1.651200000000000045e+02 -6.459859649141660443e-01
1.651200000000000045e+02 -6.459859649141660443e-01
1.660800000000000125e+02 -6.459328253808099829e-01
1.660800000000000125e+02 -6.459328253808099829e-01
1.660800000000000125e+02 -6.459328253808099829e-01
1.660800000000000125e+02 -6.459328253808099829e-01
1.660800000000000125e+02 -6.459328253808099829e-01
1.670399999999999920e+02 -6.458846917620569839e-01
1.670399999999999920e+02 -6.458846917620569839e-01
1.670399999999999920e+02 -6.458846917620569839e-01
1.670399999999999920e+02 -6.458846917620569839e-01
1.670399999999999920e+02 -6.458846917620569839e-01
1.680000000000000000e+02 -6.458469971235519802e-01
1.680000000000000000e+02 -6.458469971235519802e-01
1.680000000000000000e+02 -6.458469971235519802e-01
1.680000000000000000e+02 -6.458469971235519802e-01
1.680000000000000000e+02 -6.458469971235519802e-01
1.689600000000000080e+02 -6.458273040024610223e-01
1.689600000000000080e+02 -6.458273040024610223e-01
1.689600000000000080e+02 -6.458273040024610223e-01
1.689600000000000080e+02 -6.458273040024610223e-01
1.689600000000000080e+02 -6.458273040024610223e-01
1.699199999999999875e+02 -6.457998049783959527e-01
1.699199999999999875e+02 -6.457998049783959527e-01
1.699199999999999875e+02 -6.457998049783959527e-01
1.699199999999999875e+02 -6.457998049783959527e-01
1.699199999999999875e+02 -6.457998049783959527e-01
1.708799999999999955e+02 -6.458045666632290516e-01
1.708799999999999955e+02 -6.458045666632290516e-01
1.708799999999999955e+02 -6.458045666632290516e-01
1.708799999999999955e+02 -6.458045666632290516e-01
1.708799999999999955e+02 -6.458045666632290516e-01
1.718400000000000034e+02 -6.459067069351019930e-01
1.718400000000000034e+02 -6.459067069351019930e-01
1.718400000000000034e+02 -6.459067069351019930e-01
1.718400000000000034e+02 -6.459067069351019930e-01
1.718400000000000034e+02 -6.459067069351019930e-01
1.728000000000000114e+02 -6.460622188790070552e-01
1.728000000000000114e+02 -6.460622188790070552e-01
1.728000000000000114e+02 -6.460622188790070552e-01
1.728000000000000114e+02 -6.460622188790070552e-01
1.728000000000000114e+02 -6.460622188790070552e-01
1.737599999999999909e+02 -6.461672715225039720e-01
1.737599999999999909e+02 -6.461672715225039720e-01
1.737599999999999909e+02 -6.461672715225039720e-01
1.737599999999999909e+02 -6.461672715225039720e-01
1.737599999999999909e+02 -6.461672715225039720e-01
1.747199999999999989e+02 -6.461393664418879634e-01
1.747199999999999989e+02 -6.461393664418879634e-01
1.747199999999999989e+02 -6.461393664418879634e-01
1.747199999999999989e+02 -6.461393664418879634e-01
1.747199999999999989e+02 -6.461393664418879634e-01
1.756800000000000068e+02 -6.460191860212569637e-01
1.756800000000000068e+02 -6.460191860212569637e-01
1.756800000000000068e+02 -6.460191860212569637e-01
1.756800000000000068e+02 -6.460191860212569637e-01
1.756800000000000068e+02 -6.460191860212569637e-01
1.766399999999999864e+02 -6.459220902987909962e-01
1.766399999999999864e+02 -6.459220902987909962e-01
1.766399999999999864e+02 -6.459220902987909962e-01
1.766399999999999864e+02 -6.459220902987909962e-01
1.766399999999999864e+02 -6.459220902987909962e-01
1.775999999999999943e+02 -6.459104663603689733e-01
1.775999999999999943e+02 -6.459104663603689733e-01
1.775999999999999943e+02 -6.459104663603689733e-01
1.775999999999999943e+02 -6.459104663603689733e-01
1.775999999999999943e+02 -6.459104663603689733e-01
1.785600000000000023e+02 -6.460197414787219872e-01
1.785600000000000023e+02 -6.460197414787219872e-01
1.785600000000000023e+02 -6.460197414787219872e-01
1.785600000000000023e+02 -6.460197414787219872e-01
1.785600000000000023e+02 -6.460197414787219872e-01
1.795200000000000102e+02 -6.462044940495319523e-01
1.795200000000000102e+02 -6.462044940495319523e-01
1.795200000000000102e+02 -6.462044940495319523e-01
1.795200000000000102e+02 -6.462044940495319523e-01
1.795200000000000102e+02 -6.462044940495319523e-01
1.804799999999999898e+02 -6.463734061701370548e-01
1.804799999999999898e+02 -6.463734061701370548e-01
1.804799999999999898e+02 -6.463734061701370548e-01
1.804799999999999898e+02 -6.463734061701370548e-01
1.804799999999999898e+02 -6.463734061701370548e-01
1.814399999999999977e+02 -6.464470442664389527e-01
1.814399999999999977e+02 -6.464470442664389527e-01
1.814399999999999977e+02 -6.464470442664389527e-01
1.814399999999999977e+02 -6.464470442664389527e-01
1.814399999999999977e+02 -6.464470442664389527e-01
1.824000000000000057e+02 -6.464243239539160246e-01
1.824000000000000057e+02 -6.464243239539160246e-01
1.824000000000000057e+02 -6.464243239539160246e-01
1.824000000000000057e+02 -6.464243239539160246e-01
1.824000000000000057e+02 -6.464243239539160246e-01
1.833600000000000136e+02 -6.463964486407319798e-01
1.833600000000000136e+02 -6.463964486407319798e-01
1.833600000000000136e+02 -6.463964486407319798e-01
1.833600000000000136e+02 -6.463964486407319798e-01
1.833600000000000136e+02 -6.463964486407319798e-01
1.843199999999999932e+02 -6.464002167305500368e-01
1.843199999999999932e+02 -6.464002167305500368e-01
1.843199999999999932e+02 -6.464002167305500368e-01
1.843199999999999932e+02 -6.464002167305500368e-01
1.843199999999999932e+02 -6.464002167305500368e-01
1.852800000000000011e+02 -6.463943130025210371e-01
1.852800000000000011e+02 -6.463943130025210371e-01
1.852800000000000011e+02 -6.463943130025210371e-01
1.852800000000000011e+02 -6.463943130025210371e-01
1.852800000000000011e+02 -6.463943130025210371e-01
1.862400000000000091e+02 -6.463554387593839490e-01
1.862400000000000091e+02 -6.463554387593839490e-01
1.862400000000000091e+02 -6.463554387593839490e-01
1.862400000000000091e+02 -6.463554387593839490e-01
1.862400000000000091e+02 -6.463554387593839490e-01
1.871999999999999886e+02 -6.462871332812739622e-01
1.871999999999999886e+02 -6.462871332812739622e-01
1.871999999999999886e+02 -6.462871332812739622e-01
1.871999999999999886e+02 -6.462871332812739622e-01
1.871999999999999886e+02 -6.462871332812739622e-01
1.881599999999999966e+02 -6.462191604326540384e-01
1.881599999999999966e+02 -6.462191604326540384e-01
1.881599999999999966e+02 -6.462191604326540384e-01
1.881599999999999966e+02 -6.462191604326540384e-01
1.881599999999999966e+02 -6.462191604326540384e-01
1.891200000000000045e+02 -6.461794326236039998e-01
1.891200000000000045e+02 -6.461794326236039998e-01
1.891200000000000045e+02 -6.461794326236039998e-01
1.891200000000000045e+02 -6.461794326236039998e-01
1.891200000000000045e+02 -6.461794326236039998e-01
1.900800000000000125e+02 -6.461566038401840295e-01
1.900800000000000125e+02 -6.461566038401840295e-01
1.900800000000000125e+02 -6.461566038401840295e-01
1.900800000000000125e+02 -6.461566038401840295e-01
1.900800000000000125e+02 -6.461566038401840295e-01
1.910399999999999920e+02 -6.461488384293470055e-01
1.910399999999999920e+02 -6.461488384293470055e-01
1.910399999999999920e+02 -6.461488384293470055e-01
1.910399999999999920e+02 -6.461488384293470055e-01
1.910399999999999920e+02 -6.461488384293470055e-01
1.920000000000000000e+02 -6.461903353883670098e-01
1.920000000000000000e+02 -6.461903353883670098e-01
1.920000000000000000e+02 -6.461903353883670098e-01
1.920000000000000000e+02 -6.461903353883670098e-01
1.920000000000000000e+02 -6.461903353883670098e-01
1.929600000000000080e+02 -6.462824296193709905e-01
1.929600000000000080e+02 -6.462824296193709905e-01
1.929600000000000080e+02 -6.462824296193709905e-01
1.929600000000000080e+02 -6.462824296193709905e-01
1.929600000000000080e+02 -6.462824296193709905e-01
1.939199999999999875e+02 -6.463431204023980525e-01
1.939199999999999875e+02 -6.463431204023980525e-01
1.939199999999999875e+02 -6.463431204023980525e-01
1.939199999999999875e+02 -6.463431204023980525e-01
1.939199999999999875e+02 -6.463431204023980525e-01
1.948799999999999955e+02 -6.463181830344669754e-01
1.948799999999999955e+02 -6.463181830344669754e-01
1.948799999999999955e+02 -6.463181830344669754e-01
1.948799999999999955e+02 -6.463181830344669754e-01
1.948799999999999955e+02 -6.463181830344669754e-01
1.958400000000000034e+02 -6.462490287675139999e-01
1.958400000000000034e+02 -6.462490287675139999e-01
1.958400000000000034e+02 -6.462490287675139999e-01
1.958400000000000034e+02 -6.462490287675139999e-01
1.958400000000000034e+02 -6.462490287675139999e-01
1.968000000000000114e+02 -6.462078440941909641e-01
1.968000000000000114e+02 -6.462078440941909641e-01
1.968000000000000114e+02 -6.462078440941909641e-01
1.968000000000000114e+02 -6.462078440941909641e-01
1.968000000000000114e+02 -6.462078440941909641e-01
1.977599999999999909e+02 -6.462839407944860337e-01
1.977599999999999909e+02 -6.462839407944860337e-01
1.977599999999999909e+02 -6.462839407944860337e-01
1.977599999999999909e+02 -6.462839407944860337e-01
1.977599999999999909e+02 -6.462839407944860337e-01
1.987199999999999989e+02 -6.464845305191090352e-01
1.987199999999999989e+02 -6.464845305191090352e-01
1.987199999999999989e+02 -6.464845305191090352e-01
1.987199999999999989e+02 -6.464845305191090352e-01
1.987199999999999989e+02 -6.464845305191090352e-01
1.996800000000000068e+02 -6.468121142096520115e-01
1.996800000000000068e+02 -6.468121142096520115e-01
1.996800000000000068e+02 -6.468121142096520115e-01
1.996800000000000068e+02 -6.468121142096520115e-01
1.996800000000000068e+02 -6.468121142096520115e-01
2.006399999999999864e+02 -6.472541150933299736e-01
2.006399999999999864e+02 -6.472541150933299736e-01
2.006399999999999864e+02 -6.472541150933299736e-01
2.006399999999999864e+02 -6.472541150933299736e-01
2.006399999999999864e+02 -6.472541150933299736e-01
2.015999999999999943e+02 -6.476049360447909686e-01
2.015999999999999943e+02 -6.476049360447909686e-01
2.015999999999999943e+02 -6.476049360447909686e-01
2.015999999999999943e+02 -6.476049360447909686e-01
2.015999999999999943e+02 -6.476049360447909686e-01
2.025600000000000023e+02 -6.476131833938989502e-01
2.025600000000000023e+02 -6.476131833938989502e-01
2.025600000000000023e+02 -6.476131833938989502e-01
2.025600000000000023e+02 -6.476131833938989502e-01
2.025600000000000023e+02 -6.476131833938989502e-01
2.035200000000000102e+02 -6.473361033240090379e-01
2.035200000000000102e+02 -6.473361033240090379e-01
2.035200000000000102e+02 -6.473361033240090379e-01
2.035200000000000102e+02 -6.473361033240090379e-01
2.035200000000000102e+02 -6.473361033240090379e-01
2.044799999999999898e+02 -6.471495010542670512e-01
2.044799999999999898e+02 -6.471495010542670512e-01
2.044799999999999898e+02 -6.471495010542670512e-01
2.044799999999999898e+02 -6.471495010542670512e-01
2.044799999999999898e+02 -6.471495010542670512e-01
2.054399999999999977e+02 -6.473648547822049570e-01
2.054399999999999977e+02 -6.473648547822049570e-01
2.054399999999999977e+02 -6.473648547822049570e-01
2.054399999999999977e+02 -6.473648547822049570e-01
2.054399999999999977e+02 -6.473648547822049570e-01
2.064000000000000057e+02 -6.477632386546630094e-01
2.064000000000000057e+02 -6.477632386546630094e-01
2.064000000000000057e+02 -6.477632386546630094e-01
2.064000000000000057e+02 -6.477632386546630094e-01
2.064000000000000057e+02 -6.477632386546630094e-01
2.073600000000000136e+02 -6.478962558557710416e-01
2.073600000000000136e+02 -6.478962558557710416e-01
2.073600000000000136e+02 -6.478962558557710416e-01
2.073600000000000136e+02 -6.478962558557710416e-01
2.073600000000000136e+02 -6.478962558557710416e-01
2.083199999999999932e+02 -6.476872636400310412e-01
2.083199999999999932e+02 -6.476872636400310412e-01
2.083199999999999932e+02 -6.476872636400310412e-01
2.083199999999999932e+02 -6.476872636400310412e-01
2.083199999999999932e+02 -6.476872636400310412e-01
2.092800000000000011e+02 -6.474136173398929994e-01
2.092800000000000011e+02 -6.474136173398929994e-01
2.092800000000000011e+02 -6.474136173398929994e-01
2.092800000000000011e+02 -6.474136173398929994e-01
2.092800000000000011e+02 -6.474136173398929994e-01
2.102400000000000091e+02 -6.474040188584350153e-01
2.102400000000000091e+02 -6.474040188584350153e-01
2.102400000000000091e+02 -6.474040188584350153e-01
2.102400000000000091e+02 -6.474040188584350153e-01
2.102400000000000091e+02 -6.474040188584350153e-01
2.111999999999999886e+02 -6.477640197091070196e-01
2.111999999999999886e+02 -6.477640197091070196e-01
2.111999999999999886e+02 -6.477640197091070196e-01
2.111999999999999886e+02 -6.477640197091070196e-01
2.111999999999999886e+02 -6.477640197091070196e-01
2.121599999999999966e+02 -6.482725296170449569e-01
2.121599999999999966e+02 -6.482725296170449569e-01
2.121599999999999966e+02 -6.482725296170449569e-01
2.121599999999999966e+02 -6.482725296170449569e-01
2.121599999999999966e+02 -6.482725296170449569e-01
2.131200000000000045e+02 -6.485955275696969613e-01
2.131200000000000045e+02 -6.485955275696969613e-01
2.131200000000000045e+02 -6.485955275696969613e-01
2.131200000000000045e+02 -6.485955275696969613e-01
2.131200000000000045e+02 -6.485955275696969613e-01
2.140800000000000125e+02 -6.485471871679030498e-01
2.140800000000000125e+02 -6.485471871679030498e-01
2.140800000000000125e+02 -6.485471871679030498e-01
2.140800000000000125e+02 -6.485471871679030498e-01
2.140800000000000125e+02 -6.485471871679030498e-01
2.150399999999999920e+02 -6.481889173583400554e-01
2.150399999999999920e+02 -6.481889173583400554e-01
2.150399999999999920e+02 -6.481889173583400554e-01
2.150399999999999920e+02 -6.481889173583400554e-01
2.150399999999999920e+02 -6.481889173583400554e-01
2.160000000000000000e+02 -6.477979799234220293e-01
2.160000000000000000e+02 -6.477979799234220293e-01
2.160000000000000000e+02 -6.477979799234220293e-01
2.160000000000000000e+02 -6.477979799234220293e-01
2.160000000000000000e+02 -6.477979799234220293e-01
2.169600000000000080e+02 -6.476238360993660237e-01
2.169600000000000080e+02 -6.476238360993660237e-01
2.169600000000000080e+02 -6.476238360993660237e-01
2.169600000000000080e+02 -6.476238360993660237e-01
2.169600000000000080e+02 -6.476238360993660237e-01
2.179199999999999875e+02 -6.478000969396440212e-01
2.179199999999999875e+02 -6.478000969396440212e-01
2.179199999999999875e+02 -6.478000969396440212e-01
2.179199999999999875e+02 -6.478000969396440212e-01
2.179199999999999875e+02 -6.478000969396440212e-01
2.188799999999999955e+02 -6.483700146569799649e-01
2.188799999999999955e+02 -6.483700146569799649e-01
2.188799999999999955e+02 -6.483700146569799649e-01
2.188799999999999955e+02 -6.483700146569799649e-01
2.188799999999999955e+02 -6.483700146569799649e-01
2.198400000000000034e+02 -6.492194186236700526e-01
2.198400000000000034e+02 -6.492194186236700526e-01
2.198400000000000034e+02 -6.492194186236700526e-01
2.198400000000000034e+02 -6.492194186236700526e-01
2.198400000000000034e+02 -6.492194186236700526e-01
2.208000000000000114e+02 -6.499784218939469449e-01
2.208000000000000114e+02 -6.499784218939469449e-01
2.208000000000000114e+02 -6.499784218939469449e-01
2.208000000000000114e+02 -6.499784218939469449e-01
2.208000000000000114e+02 -6.499784218939469449e-01
2.217599999999999909e+02 -6.502603345632009813e-01
2.217599999999999909e+02 -6.502603345632009813e-01
2.217599999999999909e+02 -6.502603345632009813e-01
2.217599999999999909e+02 -6.502603345632009813e-01
2.217599999999999909e+02 -6.502603345632009813e-01
2.227199999999999989e+02 -6.500126584132900343e-01
2.227199999999999989e+02 -6.500126584132900343e-01
2.227199999999999989e+02 -6.500126584132900343e-01
2.227199999999999989e+02 -6.500126584132900343e-01
2.227199999999999989e+02 -6.500126584132900343e-01
2.236800000000000068e+02 -6.495031757502589542e-01
2.236800000000000068e+02 -6.495031757502589542e-01
2.236800000000000068e+02 -6.495031757502589542e-01
2.236800000000000068e+02 -6.495031757502589542e-01
2.236800000000000068e+02 -6.495031757502589542e-01
2.246399999999999864e+02 -6.491243886434060473e-01
2.246399999999999864e+02 -6.491243886434060473e-01
2.246399999999999864e+02 -6.491243886434060473e-01
2.246399999999999864e+02 -6.491243886434060473e-01
2.246399999999999864e+02 -6.491243886434060473e-01
2.255999999999999943e+02 -6.490721466573560194e-01
2.255999999999999943e+02 -6.490721466573560194e-01
2.255999999999999943e+02 -6.490721466573560194e-01
2.255999999999999943e+02 -6.490721466573560194e-01
2.255999999999999943e+02 -6.490721466573560194e-01
2.265600000000000023e+02 -6.492332143121579691e-01
2.265600000000000023e+02 -6.492332143121579691e-01
2.265600000000000023e+02 -6.492332143121579691e-01
2.265600000000000023e+02 -6.492332143121579691e-01
2.265600000000000023e+02 -6.492332143121579691e-01
2.275200000000000102e+02 -6.494450766849020340e-01
2.275200000000000102e+02 -6.494450766849020340e-01
2.275200000000000102e+02 -6.494450766849020340e-01
2.275200000000000102e+02 -6.494450766849020340e-01
2.275200000000000102e+02 -6.494450766849020340e-01
2.284799999999999898e+02 -6.496372531617530255e-01
2.284799999999999898e+02 -6.496372531617530255e-01
2.284799999999999898e+02 -6.496372531617530255e-01
2.284799999999999898e+02 -6.496372531617530255e-01
2.284799999999999898e+02 -6.496372531617530255e-01
2.294399999999999977e+02 -6.498522587024969654e-01
2.294399999999999977e+02 -6.498522587024969654e-01
2.294399999999999977e+02 -6.498522587024969654e-01
2.294399999999999977e+02 -6.498522587024969654e-01
2.294399999999999977e+02 -6.498522587024969654e-01
2.304000000000000057e+02 -6.501934377942799603e-01
2.304000000000000057e+02 -6.501934377942799603e-01
2.304000000000000057e+02 -6.501934377942799603e-01
2.304000000000000057e+02 -6.501934377942799603e-01
2.304000000000000057e+02 -6.501934377942799603e-01
2.313600000000000136e+02 -6.506896706891850402e-01
2.313600000000000136e+02 -6.506896706891850402e-01
2.313600000000000136e+02 -6.506896706891850402e-01
2.313600000000000136e+02 -6.506896706891850402e-01
2.313600000000000136e+02 -6.506896706891850402e-01
2.323199999999999932e+02 -6.512521646556700405e-01
2.323199999999999932e+02 -6.512521646556700405e-01
2.323199999999999932e+02 -6.512521646556700405e-01
2.323199999999999932e+02 -6.512521646556700405e-01
2.323199999999999932e+02 -6.512521646556700405e-01
2.332800000000000011e+02 -6.517382138395809710e-01
2.332800000000000011e+02 -6.517382138395809710e-01
2.332800000000000011e+02 -6.517382138395809710e-01
2.332800000000000011e+02 -6.517382138395809710e-01
2.332800000000000011e+02 -6.517382138395809710e-01
2.342400000000000091e+02 -6.519938955610049547e-01
2.342400000000000091e+02 -6.519938955610049547e-01
2.342400000000000091e+02 -6.519938955610049547e-01
2.342400000000000091e+02 -6.519938955610049547e-01
2.342400000000000091e+02 -6.519938955610049547e-01
2.351999999999999886e+02 -6.519129788632990197e-01
2.351999999999999886e+02 -6.519129788632990197e-01
2.351999999999999886e+02 -6.519129788632990197e-01
2.351999999999999886e+02 -6.519129788632990197e-01
2.351999999999999886e+02 -6.519129788632990197e-01
2.361599999999999966e+02 -6.514775864966110275e-01
2.361599999999999966e+02 -6.514775864966110275e-01
2.361599999999999966e+02 -6.514775864966110275e-01
2.361599999999999966e+02 -6.514775864966110275e-01
2.361599999999999966e+02 -6.514775864966110275e-01
2.371200000000000045e+02 -6.508088983523060422e-01
2.371200000000000045e+02 -6.508088983523060422e-01
2.371200000000000045e+02 -6.508088983523060422e-01
2.371200000000000045e+02 -6.508088983523060422e-01
2.371200000000000045e+02 -6.508088983523060422e-01
2.380800000000000125e+02 -6.500864290592509587e-01
2.380800000000000125e+02 -6.500864290592509587e-01
2.380800000000000125e+02 -6.500864290592509587e-01
2.380800000000000125e+02 -6.500864290592509587e-01
2.380800000000000125e+02 -6.500864290592509587e-01
