# x phi
-1984.0000000000000 -0.0000000033507
-1968.0000000000000 -0.0000000060830
-1952.0000000000000 -0.0000000080900
-1936.0000000000000 -0.0000000094694
-1920.0000000000000 -0.0000000103137
-1904.0000000000000 -0.0000000106769
-1888.0000000000000 -0.0000000105686
-1872.0000000000000 -0.0000000100110
-1856.0000000000000 -0.0000000091390
-1840.0000000000000 -0.0000000081806
-1824.0000000000000 -0.0000000072726
-1808.0000000000000 -0.0000000063636
-1792.0000000000000 -0.0000000054175
-1776.0000000000000 -0.0000000045088
-1760.0000000000000 -0.0000000036300
-1744.0000000000000 -0.0000000027210
-1728.0000000000000 -0.0000000019061
-1712.0000000000000 -0.0000000012747
-1696.0000000000000 -0.0000000006406
-1680.0000000000000 -0.0000000000250
-1664.0000000000000 0.0000000002864
-1648.0000000000000 0.0000000003661
-1632.0000000000000 0.0000000004142
-1616.0000000000000 0.0000000003181
-1600.0000000000000 -0.0000000000661
-1584.0000000000000 -0.0000000007349
-1568.0000000000000 -0.0000000013110
-1552.0000000000000 -0.0000000010038
-1536.0000000000000 0.0000000005036
-1520.0000000000000 0.0000000021757
-1504.0000000000000 0.0000000022016
-1488.0000000000000 0.0000000001198
-1472.0000000000000 -0.0000000026363
-1456.0000000000000 -0.0000000051475
-1440.0000000000000 -0.0000000081372
-1424.0000000000000 -0.0000000118700
-1408.0000000000000 -0.0000000156186
-1392.0000000000000 -0.0000000196126
-1376.0000000000000 -0.0000000240561
-1360.0000000000000 -0.0000000285957
-1344.0000000000000 -0.0000000343691
-1328.0000000000000 -0.0000000412322
-1312.0000000000000 -0.0000000460315
-1296.0000000000000 -0.0000000479919
-1280.0000000000000 -0.0000000473817
-1264.0000000000000 -0.0000000430548
-1248.0000000000000 -0.0000000365099
-1232.0000000000000 -0.0000000265192
-1216.0000000000000 -0.0000000071579
-1200.0000000000000 0.0000000218410
-1184.0000000000000 0.0000000528577
-1168.0000000000000 0.0000000729123
-1152.0000000000000 0.0000000725880
-1136.0000000000000 0.0000000524742
-1120.0000000000000 0.0000000109416
-1104.0000000000000 -0.0000000575196
-1088.0000000000000 -0.0000001391533
-1072.0000000000000 -0.0000001949465
-1056.0000000000000 -0.0000001926719
-1040.0000000000000 -0.0000001271118
-1024.0000000000000 -0.0000000218977
-1008.0000000000000 0.0000000638598
-992.0000000000000 0.0000000497024
-976.0000000000000 -0.0000000957059
-960.0000000000000 -0.0000002788139
-944.0000000000000 -0.0000003413834
-928.0000000000000 -0.0000002408178
-912.0000000000000 -0.0000001249037
-896.0000000000000 -0.0000001842553
-880.0000000000000 -0.0000004020284
-864.0000000000000 -0.0000005403515
-848.0000000000000 -0.0000004987458
-832.0000000000000 -0.0000004998660
-816.0000000000000 -0.0000007027391
-800.0000000000000 -0.0000009158290
-784.0000000000000 -0.0000009890360
-768.0000000000000 -0.0000011255952
-752.0000000000000 -0.0000014305760
-736.0000000000000 -0.0000017086109
-720.0000000000000 -0.0000019659885
-704.0000000000000 -0.0000024033329
-688.0000000000000 -0.0000029458391
-672.0000000000000 -0.0000034729543
-656.0000000000000 -0.0000041300352
-640.0000000000000 -0.0000049204278
-624.0000000000000 -0.0000058715118
-608.0000000000000 -0.0000072262730
-592.0000000000000 -0.0000088387604
-576.0000000000000 -0.0000101649034
-560.0000000000000 -0.0000113355665
-544.0000000000000 -0.0000154016891
-528.0000000000000 -0.0000293237580
-512.0000000000000 -0.0000502011549
-496.0000000000000 -0.0000414854551
-480.0000000000000 0.0000456686874
-464.0000000000000 0.0001949269060
-448.0000000000000 0.0003255478646
-432.0000000000000 0.0004232659001
-416.0000000000000 0.0005845752085
-400.0000000000000 0.0009237548248
-384.0000000000000 0.0015165344208
-368.0000000000000 0.0022104127504
-352.0000000000000 0.0024276006494
-336.0000000000000 0.0017371498967
-320.0000000000000 0.0006389961943
-312.0000000000000 0.0002174352832
-304.0000000000000 -0.0001264256160
-304.0000000000000 -0.0001264256160
-296.0000000000000 -0.0003909670907
-288.0000000000000 -0.0006029792230
-288.0000000000000 -0.0006029792230
-280.0000000000000 -0.0007903381491
-272.0000000000000 -0.0009481662953
-272.0000000000000 -0.0009481662953
-264.0000000000000 -0.0010768430435
-256.0000000000000 -0.0011884736637
-256.0000000000000 -0.0011884736637
-248.0000000000000 -0.0012982980033
-240.0000000000000 -0.0013972917119
-240.0000000000000 -0.0013972917119
-232.0000000000000 -0.0014833602187
-224.0000000000000 -0.0015509540326
-224.0000000000000 -0.0015509540326
-216.0000000000000 -0.0016055721492
-208.0000000000000 -0.0016575661989
-208.0000000000000 -0.0016575661989
-200.0000000000000 -0.0017059588736
-192.0000000000000 -0.0017516617714
-192.0000000000000 -0.0017516617714
-184.0000000000000 -0.0017926975658
-176.0000000000000 -0.0018158431173
-176.0000000000000 -0.0018158431173
-168.0000000000000 -0.0018396601014
-164.0000000000000 -0.0018611894918
-160.0000000000000 -0.0018857079643
-160.0000000000000 -0.0018857079643
-160.0000000000000 -0.0018857079643
-156.0000000000000 -0.0019112979970
-152.0000000000000 -0.0019334376049
-152.0000000000000 -0.0019334376049
-148.0000000000000 -0.0019465605288
-144.0000000000000 -0.0019518820681
-144.0000000000000 -0.0019518820681
-144.0000000000000 -0.0019518820681
-140.0000000000000 -0.0019471831730
-136.0000000000000 -0.0019372006317
-136.0000000000000 -0.0019372006317
-132.0000000000000 -0.0019247707083
-128.0000000000000 -0.0019133759245
-128.0000000000000 -0.0019133759245
-128.0000000000000 -0.0019133759245
-124.0000000000000 -0.0019075732928
-120.0000000000000 -0.0019069756047
-120.0000000000000 -0.0019069756047
-116.0000000000000 -0.0019101541563
-112.0000000000000 -0.0019163199018
-112.0000000000000 -0.0019163199018
-112.0000000000000 -0.0019163199018
-108.0000000000000 -0.0019244138263
-104.0000000000000 -0.0019318163093
-104.0000000000000 -0.0019318163093
-100.0000000000000 -0.0019356012516
-98.0000000000000 -0.0019358726245
-96.0000000000000 -0.0019358017430
-96.0000000000000 -0.0019358017430
-96.0000000000000 -0.0019358017430
-96.0000000000000 -0.0019358017430
-94.0000000000000 -0.0019360076164
-92.0000000000000 -0.0019368486497
-92.0000000000000 -0.0019368486497
-90.0000000000000 -0.0019391691389
-88.0000000000000 -0.0019421304195
-88.0000000000000 -0.0019421304195
-88.0000000000000 -0.0019421304195
-86.0000000000000 -0.0019454359331
-84.0000000000000 -0.0019483036576
-84.0000000000000 -0.0019483036576
-82.0000000000000 -0.0019496764884
-80.0000000000000 -0.0019500831146
-80.0000000000000 -0.0019500831146
-80.0000000000000 -0.0019500831146
-80.0000000000000 -0.0019500831146
-78.0000000000000 -0.0019494971287
-76.0000000000000 -0.0019485267168
-76.0000000000000 -0.0019485267168
-74.0000000000000 -0.0019478970347
-72.0000000000000 -0.0019480760899
-72.0000000000000 -0.0019480760899
-72.0000000000000 -0.0019480760899
-70.0000000000000 -0.0019490858935
-68.0000000000000 -0.0019505170843
-68.0000000000000 -0.0019505170843
-66.0000000000000 -0.0019517072256
-64.0000000000000 -0.0019520227232
-64.0000000000000 -0.0019520227232
-64.0000000000000 -0.0019520227232
-64.0000000000000 -0.0019520227232
-62.0000000000000 -0.0019511249130
-60.0000000000000 -0.0019491072531
-60.0000000000000 -0.0019491072531
-58.0000000000000 -0.0019464475392
-56.0000000000000 -0.0019438165233
-56.0000000000000 -0.0019438165233
-56.0000000000000 -0.0019438165233
-54.0000000000000 -0.0019418090835
-52.0000000000000 -0.0019406721890
-52.0000000000000 -0.0019406721890
-50.0000000000000 -0.0019402351246
-49.0000000000000 -0.0019401440154
-48.0000000000000 -0.0019400497120
-48.0000000000000 -0.0019400497120
-48.0000000000000 -0.0019400497120
-48.0000000000000 -0.0019400497120
-48.0000000000000 -0.0019400497120
-47.0000000000000 -0.0019398731398
-46.0000000000000 -0.0019395870940
-46.0000000000000 -0.0019395870940
-45.0000000000000 -0.0019391266260
-44.0000000000000 -0.0019385258920
-44.0000000000000 -0.0019385258920
-44.0000000000000 -0.0019385258920
-43.0000000000000 -0.0019377717054
-42.0000000000000 -0.0019369411458
-42.0000000000000 -0.0019369411458
-41.0000000000000 -0.0019360815111
-40.0000000000000 -0.0019352689596
-40.0000000000000 -0.0019352689596
-40.0000000000000 -0.0019352689596
-40.0000000000000 -0.0019352689596
-39.0000000000000 -0.0019345777954
-38.0000000000000 -0.0019340608791
-38.0000000000000 -0.0019340608791
-37.0000000000000 -0.0019337581742
-36.0000000000000 -0.0019337000298
-36.0000000000000 -0.0019337000298
-36.0000000000000 -0.0019337000298
-35.0000000000000 -0.0019338998785
-34.0000000000000 -0.0019343494732
-34.0000000000000 -0.0019343494732
-33.0000000000000 -0.0019350194127
-32.0000000000000 -0.0019358628607
-32.0000000000000 -0.0019358628607
-32.0000000000000 -0.0019358628607
-32.0000000000000 -0.0019358628607
-32.0000000000000 -0.0019358628607
-31.0000000000000 -0.0019368205637
-30.0000000000000 -0.0019378186306
-30.0000000000000 -0.0019378186306
-29.0000000000000 -0.0019387647043
-28.5000000000000 -0.0019391860973
-28.0000000000000 -0.0019395596525
-28.0000000000000 -0.0019395596525
-28.0000000000000 -0.0019395596525
-28.0000000000000 -0.0019395596525
-27.5000000000000 -0.0019398728701
-27.0000000000000 -0.0019401230234
-27.0000000000000 -0.0019401230234
-26.5000000000000 -0.0019403022373
-26.0000000000000 -0.0019404134568
-26.0000000000000 -0.0019404134568
-26.0000000000000 -0.0019404134568
-25.5000000000000 -0.0019404545266
-25.0000000000000 -0.0019404328734
-25.0000000000000 -0.0019404328734
-24.5000000000000 -0.0019403516876
-24.0000000000000 -0.0019402215236
-24.0000000000000 -0.0019402215236
-24.0000000000000 -0.0019402215236
-24.0000000000000 -0.0019402215236
-24.0000000000000 -0.0019402215236
-23.5000000000000 -0.0019400505423
-23.0000000000000 -0.0019398491145
-23.0000000000000 -0.0019398491145
-22.5000000000000 -0.0019396281998
-22.0000000000000 -0.0019393989959
-22.0000000000000 -0.0019393989959
-22.0000000000000 -0.0019393989959
-21.5000000000000 -0.0019391725760
-21.0000000000000 -0.0019389594253
-21.0000000000000 -0.0019389594253
-20.5000000000000 -0.0019387689153
-20.0000000000000 -0.0019386089790
-20.0000000000000 -0.0019386089790
-20.0000000000000 -0.0019386089790
-20.0000000000000 -0.0019386089790
-19.5000000000000 -0.0019384863360
-19.0000000000000 -0.0019384073823
-19.0000000000000 -0.0019384073823
-18.5000000000000 -0.0019383793850
-18.0000000000000 -0.0019384112862
-18.0000000000000 -0.0019384112862
-18.0000000000000 -0.0019384112862
-17.5000000000000 -0.0019385136519
-17.0000000000000 -0.0019386978946
-17.0000000000000 -0.0019386978946
-16.5000000000000 -0.0019389752468
-16.0000000000000 -0.0019393559011
-16.0000000000000 -0.0019393559011
-16.0000000000000 -0.0019393559011
-16.0000000000000 -0.0019393559011
-16.0000000000000 -0.0019393559011
-16.0000000000000 -0.0019393559011
-15.5000000000000 -0.0019398485811
-15.0000000000000 -0.0019404605920
-15.0000000000000 -0.0019404605920
-14.5000000000000 -0.0019411980853
-14.2500000000000 -0.0019416155561
-14.0000000000000 -0.0019420660317
-14.0000000000000 -0.0019420660317
-14.0000000000000 -0.0019420660317
-14.0000000000000 -0.0019420660317
-13.7500000000000 -0.0019425500850
-13.5000000000000 -0.0019430675647
-13.5000000000000 -0.0019430675647
-13.2500000000000 -0.0019436187230
-13.0000000000000 -0.0019442029217
-13.0000000000000 -0.0019442029217
-13.0000000000000 -0.0019442029217
-12.7500000000000 -0.0019448199264
-12.5000000000000 -0.0019454687769
-12.5000000000000 -0.0019454687769
-12.2500000000000 -0.0019461487293
-12.0000000000000 -0.0019468588997
-12.0000000000000 -0.0019468588997
-12.0000000000000 -0.0019468588997
-12.0000000000000 -0.0019468588997
-12.0000000000000 -0.0019468588997
-11.7500000000000 -0.0019475984076
-11.5000000000000 -0.0019483665000
-11.5000000000000 -0.0019483665000
-11.2500000000000 -0.0019491626837
-11.0000000000000 -0.0019499867627
-11.0000000000000 -0.0019499867627
-11.0000000000000 -0.0019499867627
-10.7500000000000 -0.0019508388604
-10.5000000000000 -0.0019517194112
-10.5000000000000 -0.0019517194112
-10.2500000000000 -0.0019526291234
-10.0000000000000 -0.0019535689247
-10.0000000000000 -0.0019535689247
-10.0000000000000 -0.0019535689247
-10.0000000000000 -0.0019535689247
-9.7500000000000 -0.0019545399014
-9.5000000000000 -0.0019555432415
-9.5000000000000 -0.0019555432415
-9.2500000000000 -0.0019565801871
-9.1250000000000 -0.0019571116561
-9.0000000000000 -0.0019576519988
-9.0000000000000 -0.0019576519988
-9.0000000000000 -0.0019576519988
-9.0000000000000 -0.0019576519988
-8.8750000000000 -0.0019582013734
-8.7500000000000 -0.0019587599343
-8.7500000000000 -0.0019587599343
-8.6250000000000 -0.0019593278380
-8.5000000000000 -0.0019599052359
-8.5000000000000 -0.0019599052359
-8.5000000000000 -0.0019599052359
-8.3750000000000 -0.0019604922820
-8.2500000000000 -0.0019610891255
-8.2500000000000 -0.0019610891255
-8.1250000000000 -0.0019616959177
-8.0000000000000 -0.0019623128076
-8.0000000000000 -0.0019623128076
-8.0000000000000 -0.0019623128076
-8.0000000000000 -0.0019623128076
-8.0000000000000 -0.0019623128076
-8.0000000000000 -0.0019623128076
-8.0000000000000 -0.0019623128076
-7.8750000000000 -0.0019629399464
-7.7500000000000 -0.0019635774781
-7.7500000000000 -0.0019635774781
-7.6250000000000 -0.0019642255476
-7.5000000000000 -0.0019648842987
-7.5000000000000 -0.0019648842987
-7.5000000000000 -0.0019648842987
-7.3750000000000 -0.0019655538726
-7.2500000000000 -0.0019662344070
-7.2500000000000 -0.0019662344070
-7.1250000000000 -0.0019669260346
-7.0000000000000 -0.0019676288818
-7.0000000000000 -0.0019676288818
-7.0000000000000 -0.0019676288818
-7.0000000000000 -0.0019676288818
-6.8750000000000 -0.0019683430668
-6.7500000000000 -0.0019690686985
-6.7500000000000 -0.0019690686985
-6.6250000000000 -0.0019698058750
-6.5625000000000 -0.0019701788202
-6.5000000000000 -0.0019705546823
-6.5000000000000 -0.0019705546823
-6.5000000000000 -0.0019705546823
-6.5000000000000 -0.0019705546823
-6.4375000000000 -0.0019709334710
-6.3750000000000 -0.0019713151930
-6.3750000000000 -0.0019713151930
-6.3125000000000 -0.0019716998565
-6.2500000000000 -0.0019720874663
-6.2500000000000 -0.0019720874663
-6.2500000000000 -0.0019720874663
-6.1875000000000 -0.0019724780289
-6.1250000000000 -0.0019728715474
-6.1250000000000 -0.0019728715474
-6.0625000000000 -0.0019732680264
-6.0000000000000 -0.0019736674676
-6.0000000000000 -0.0019736674676
-6.0000000000000 -0.0019736674676
-6.0000000000000 -0.0019736674676
-6.0000000000000 -0.0019736674676
-6.0000000000000 -0.0019736674676
-5.9375000000000 -0.0019740698744
-5.8750000000000 -0.0019744752467
-5.8750000000000 -0.0019744752467
-5.8125000000000 -0.0019748835847
-5.7500000000000 -0.0019752948878
-5.7500000000000 -0.0019752948878
-5.7500000000000 -0.0019752948878
-5.6875000000000 -0.0019757091547
-5.6250000000000 -0.0019761263836
-5.6250000000000 -0.0019761263836
-5.5625000000000 -0.0019765465717
-5.5000000000000 -0.0019769697160
-5.5000000000000 -0.0019769697160
-5.5000000000000 -0.0019769697160
-5.5000000000000 -0.0019769697160
-5.4375000000000 -0.0019773958128
-5.3750000000000 -0.0019778248578
-5.3750000000000 -0.0019778248578
-5.3125000000000 -0.0019782568465
-5.2500000000000 -0.0019786917742
-5.2500000000000 -0.0019786917742
-5.2500000000000 -0.0019786917742
-5.1875000000000 -0.0019791296356
-5.1250000000000 -0.0019795704257
-5.1250000000000 -0.0019795704257
-5.0625000000000 -0.0019800141392
-5.0000000000000 -0.0019804607709
-5.0000000000000 -0.0019804607709
-5.0000000000000 -0.0019804607709
-5.0000000000000 -0.0019804607709
-5.0000000000000 -0.0019804607709
-4.9375000000000 -0.0019809103159
-4.8750000000000 -0.0019813627693
-4.8750000000000 -0.0019813627693
-4.8125000000000 -0.0019818181269
-4.7500000000000 -0.0019822763847
-4.7500000000000 -0.0019822763847
-4.7500000000000 -0.0019822763847
-4.6875000000000 -0.0019827375394
-4.6250000000000 -0.0019832015883
-4.6250000000000 -0.0019832015883
-4.5625000000000 -0.0019836685294
-4.5000000000000 -0.0019841383616
-4.5000000000000 -0.0019841383616
-4.5000000000000 -0.0019841383616
-4.5000000000000 -0.0019841383616
-4.4375000000000 -0.0019846110843
-4.3750000000000 -0.0019850866981
-4.3750000000000 -0.0019850866981
-4.3125000000000 -0.0019855652044
-4.2500000000000 -0.0019860466052
-4.2500000000000 -0.0019860466052
-4.2500000000000 -0.0019860466052
-4.1875000000000 -0.0019865309035
-4.1250000000000 -0.0019870181031
-4.1250000000000 -0.0019870181031
-4.0625000000000 -0.0019875082084
-4.0000000000000 -0.0019880012244
-4.0000000000000 -0.0019880012244
-4.0000000000000 -0.0019880012244
-4.0000000000000 -0.0019880012244
-4.0000000000000 -0.0019880012244
-4.0000000000000 -0.0019880012244
-4.0000000000000 -0.0019880012244
-3.9375000000000 -0.0019884971566
-3.8750000000000 -0.0019889960109
-3.8750000000000 -0.0019889960109
-3.8125000000000 -0.0019894977934
-3.7500000000000 -0.0019900025103
-3.7500000000000 -0.0019900025103
-3.7500000000000 -0.0019900025103
-3.6875000000000 -0.0019905101677
-3.6250000000000 -0.0019910207717
-3.6250000000000 -0.0019910207717
-3.5625000000000 -0.0019915343279
-3.5000000000000 -0.0019920508416
-3.5000000000000 -0.0019920508416
-3.5000000000000 -0.0019920508416
-3.5000000000000 -0.0019920508416
-3.4375000000000 -0.0019925703178
-3.3750000000000 -0.0019930927606
-3.3750000000000 -0.0019930927606
-3.3125000000000 -0.0019936181738
-3.2812500000000 -0.0019938819953
-3.2500000000000 -0.0019941465603
-3.2500000000000 -0.0019941465603
-3.2500000000000 -0.0019941465603
-3.2500000000000 -0.0019941465603
-3.2187500000000 -0.0019944118693
-3.1875000000000 -0.0019946779224
-3.1875000000000 -0.0019946779224
-3.1562500000000 -0.0019949447196
-3.1250000000000 -0.0019952122611
-3.1250000000000 -0.0019952122611
-3.1250000000000 -0.0019952122611
-3.0937500000000 -0.0019954805468
-3.0625000000000 -0.0019957495766
-3.0625000000000 -0.0019957495766
-3.0312500000000 -0.0019960193504
-3.0000000000000 -0.0019962898678
-3.0000000000000 -0.0019962898678
-3.0000000000000 -0.0019962898678
-3.0000000000000 -0.0019962898678
-3.0000000000000 -0.0019962898678
-3.0000000000000 -0.0019962898678
-2.9687500000000 -0.0019965611288
-2.9375000000000 -0.0019968331324
-2.9375000000000 -0.0019968331324
-2.9062500000000 -0.0019971058780
-2.8750000000000 -0.0019973793648
-2.8750000000000 -0.0019973793648
-2.8750000000000 -0.0019973793648
-2.8437500000000 -0.0019976535918
-2.8125000000000 -0.0019979285581
-2.8125000000000 -0.0019979285581
-2.7812500000000 -0.0019982042622
-2.7500000000000 -0.0019984807027
-2.7500000000000 -0.0019984807027
-2.7500000000000 -0.0019984807027
-2.7500000000000 -0.0019984807027
-2.7187500000000 -0.0019987578778
-2.6875000000000 -0.0019990357856
-2.6875000000000 -0.0019990357856
-2.6562500000000 -0.0019993144236
-2.6250000000000 -0.0019995937893
-2.6250000000000 -0.0019995937893
-2.6250000000000 -0.0019995937893
-2.5937500000000 -0.0019998738796
-2.5625000000000 -0.0020001546909
-2.5625000000000 -0.0020001546909
-2.5312500000000 -0.0020004362194
-2.5000000000000 -0.0020007184607
-2.5000000000000 -0.0020007184607
-2.5000000000000 -0.0020007184607
-2.5000000000000 -0.0020007184607
-2.5000000000000 -0.0020007184607
-2.4687500000000 -0.0020010014097
-2.4375000000000 -0.0020012850610
-2.4375000000000 -0.0020012850610
-2.4062500000000 -0.0020015694082
-2.3750000000000 -0.0020018544445
-2.3750000000000 -0.0020018544445
-2.3750000000000 -0.0020018544445
-2.3437500000000 -0.0020021401625
-2.3125000000000 -0.0020024265538
-2.3125000000000 -0.0020024265538
-2.2812500000000 -0.0020027136094
-2.2500000000000 -0.0020030013196
-2.2500000000000 -0.0020030013196
-2.2500000000000 -0.0020030013196
-2.2500000000000 -0.0020030013196
-2.2187500000000 -0.0020032896740
-2.1875000000000 -0.0020035786616
-2.1875000000000 -0.0020035786616
-2.1562500000000 -0.0020038682707
-2.1250000000000 -0.0020041584896
-2.1250000000000 -0.0020041584896
-2.1250000000000 -0.0020041584896
-2.0937500000000 -0.0020044493061
-2.0625000000000 -0.0020047407084
-2.0625000000000 -0.0020047407084
-2.0312500000000 -0.0020050326852
-2.0000000000000 -0.0020053252259
-2.0000000000000 -0.0020053252259
-2.0000000000000 -0.0020053252259
-2.0000000000000 -0.0020053252259
-2.0000000000000 -0.0020053252259
-2.0000000000000 -0.0020053252259
-2.0000000000000 -0.0020053252259
-1.9687500000000 -0.0020056183213
-1.9375000000000 -0.0020059119642
-1.9375000000000 -0.0020059119642
-1.9062500000000 -0.0020062061500
-1.8750000000000 -0.0020065008771
-1.8750000000000 -0.0020065008771
-1.8750000000000 -0.0020065008771
-1.8437500000000 -0.0020067961480
-1.8125000000000 -0.0020070919699
-1.8125000000000 -0.0020070919699
-1.7812500000000 -0.0020073883554
-1.7500000000000 -0.0020076853236
-1.7500000000000 -0.0020076853236
-1.7500000000000 -0.0020076853236
-1.7500000000000 -0.0020076853236
-1.7187500000000 -0.0020079829004
-1.6875000000000 -0.0020082811197
-1.6875000000000 -0.0020082811197
-1.6562500000000 -0.0020085800233
-1.6250000000000 -0.0020088796617
-1.6250000000000 -0.0020088796617
-1.6250000000000 -0.0020088796617
-1.5937500000000 -0.0020091800944
-1.5625000000000 -0.0020094813894
-1.5625000000000 -0.0020094813894
-1.5312500000000 -0.0020097836236
-1.5000000000000 -0.0020100868819
-1.5000000000000 -0.0020100868819
-1.5000000000000 -0.0020100868819
-1.5000000000000 -0.0020100868819
-1.5000000000000 -0.0020100868819
-1.4687500000000 -0.0020103912565
-1.4375000000000 -0.0020106968459
-1.4375000000000 -0.0020106968459
-1.4062500000000 -0.0020110037536
-1.3750000000000 -0.0020113120866
-1.3750000000000 -0.0020113120866
-1.3750000000000 -0.0020113120866
-1.3437500000000 -0.0020116219545
-1.3125000000000 -0.0020119334688
-1.3125000000000 -0.0020119334688
-1.2812500000000 -0.0020122467446
-1.2500000000000 -0.0020125619043
-1.2500000000000 -0.0020125619043
-1.2500000000000 -0.0020125619043
-1.2500000000000 -0.0020125619043
-1.2187500000000 -0.0020128790849
-1.1875000000000 -0.0020131984499
-1.1875000000000 -0.0020131984499
-1.1562500000000 -0.0020135202032
-1.1250000000000 -0.0020138446052
-1.1250000000000 -0.0020138446052
-1.1250000000000 -0.0020138446052
-1.0937500000000 -0.0020141719823
-1.0625000000000 -0.0020145027260
-1.0625000000000 -0.0020145027260
-1.0312500000000 -0.0020148372733
-1.0000000000000 -0.0020151760652
-1.0000000000000 -0.0020151760652
-1.0000000000000 -0.0020151760652
-1.0000000000000 -0.0020151760652
-1.0000000000000 -0.0020151760652
-1.0000000000000 -0.0020151760652
-0.9687500000000 -0.0020155194885
-0.9375000000000 -0.0020158678136
-0.9375000000000 -0.0020158678136
-0.9062500000000 -0.0020162211465
-0.8750000000000 -0.0020165794052
-0.8750000000000 -0.0020165794052
-0.8750000000000 -0.0020165794052
-0.8437500000000 -0.0020169423229
-0.8125000000000 -0.0020173094681
-0.8125000000000 -0.0020173094681
-0.7812500000000 -0.0020176802808
-0.7500000000000 -0.0020180541302
-0.7500000000000 -0.0020180541302
-0.7500000000000 -0.0020180541302
-0.7500000000000 -0.0020180541302
-0.7187500000000 -0.0020184303823
-0.6875000000000 -0.0020188084103
-0.6875000000000 -0.0020188084103
-0.6562500000000 -0.0020191874701
-0.6250000000000 -0.0020195664985
-0.6250000000000 -0.0020195664985
-0.6250000000000 -0.0020195664985
-0.5937500000000 -0.0020199441146
-0.5625000000000 -0.0020203190629
-0.5625000000000 -0.0020203190629
-0.5312500000000 -0.0020206907736
-0.5000000000000 -0.0020210591694
-0.5000000000000 -0.0020210591694
-0.5000000000000 -0.0020210591694
-0.5000000000000 -0.0020210591694
-0.5000000000000 -0.0020210591694
-0.4687500000000 -0.0020214235232
-0.4375000000000 -0.0020217818482
-0.4375000000000 -0.0020217818482
-0.4062500000000 -0.0020221326282
-0.3750000000000 -0.0020224786927
-0.3750000000000 -0.0020224786927
-0.3750000000000 -0.0020224786927
-0.3437500000000 -0.0020228308241
-0.3125000000000 -0.0020232073212
-0.3125000000000 -0.0020232073212
-0.2812500000000 -0.0020236286143
-0.2500000000000 -0.0020241156667
-0.2500000000000 -0.0020241156667
-0.2500000000000 -0.0020241156667
-0.2500000000000 -0.0020241156667
-0.2187500000000 -0.0020246946766
-0.1875000000000 -0.0020253791279
-0.1875000000000 -0.0020253791279
-0.1562500000000 -0.0020261039412
-0.1250000000000 -0.0020267670462
-0.1250000000000 -0.0020267670462
-0.1250000000000 -0.0020267670462
-0.0937500000000 -0.0020278912992
-0.0625000000000 -0.0020312749839
-0.0625000000000 -0.0020312749839
-0.0312500000000 -0.0020372541455
0.0000000000000 -0.0020407793760
0.0000000000000 -0.0020407793760
0.0000000000000 -0.0020407793760
0.0000000000000 -0.0020407793760
0.0000000000000 -0.0020407793760
0.0000000000000 -0.0020407793760
0.0000000000000 -0.0020407793760
0.0000000000000 -0.0020407793760
0.0000000000000 -0.0020407793760
0.0000000000000 -0.0020407793760
0.0312500000000 -0.0020372427351
0.0625000000000 -0.0020312618236
0.0625000000000 -0.0020312618236
0.0937500000000 -0.0020278842089
0.1250000000000 -0.0020267648289
0.1250000000000 -0.0020267648289
0.1250000000000 -0.0020267648289
0.1562500000000 -0.0020261015590
0.1875000000000 -0.0020253756644
0.1875000000000 -0.0020253756644
0.2187500000000 -0.0020246915780
0.2500000000000 -0.0020241135618
0.2500000000000 -0.0020241135618
0.2500000000000 -0.0020241135618
0.2500000000000 -0.0020241135618
0.2812500000000 -0.0020236276088
0.3125000000000 -0.0020232074291
0.3125000000000 -0.0020232074291
0.3437500000000 -0.0020228317565
0.3750000000000 -0.0020224799250
0.3750000000000 -0.0020224799250
0.3750000000000 -0.0020224799250
0.4062500000000 -0.0020221336648
0.4375000000000 -0.0020217824327
0.4375000000000 -0.0020217824327
0.4687500000000 -0.0020214237645
0.5000000000000 -0.0020210594816
0.5000000000000 -0.0020210594816
0.5000000000000 -0.0020210594816
0.5000000000000 -0.0020210594816
0.5000000000000 -0.0020210594816
0.5312500000000 -0.0020206916180
0.5625000000000 -0.0020203207074
0.5625000000000 -0.0020203207074
0.5937500000000 -0.0020199465829
0.6250000000000 -0.0020195696715
0.6250000000000 -0.0020195696715
0.6250000000000 -0.0020195696715
0.6562500000000 -0.0020191911997
0.6875000000000 -0.0020188125756
0.6875000000000 -0.0020188125756
0.7187500000000 -0.0020184348969
0.7500000000000 -0.0020180589341
0.7500000000000 -0.0020180589341
0.7500000000000 -0.0020180589341
0.7500000000000 -0.0020180589341
0.7812500000000 -0.0020176853340
0.8125000000000 -0.0020173147461
0.8125000000000 -0.0020173147461
0.8437500000000 -0.0020169478123
0.8750000000000 -0.0020165850989
0.8750000000000 -0.0020165850989
0.8750000000000 -0.0020165850989
0.9062500000000 -0.0020162270379
0.9375000000000 -0.0020158738925
0.9375000000000 -0.0020158738925
0.9687500000000 -0.0020155257379
1.0000000000000 -0.0020151824598
1.0000000000000 -0.0020151824598
1.0000000000000 -0.0020151824598
1.0000000000000 -0.0020151824598
1.0000000000000 -0.0020151824598
1.0000000000000 -0.0020151824598
1.0312500000000 -0.0020148437798
1.0625000000000 -0.0020145093044
1.0625000000000 -0.0020145093044
1.0937500000000 -0.0020141785891
1.1250000000000 -0.0020138511963
1.1250000000000 -0.0020138511963
1.1250000000000 -0.0020138511963
1.1562500000000 -0.0020135267372
1.1875000000000 -0.0020132048915
1.1875000000000 -0.0020132048915
1.2187500000000 -0.0020128854073
1.2500000000000 -0.0020125680900
1.2500000000000 -0.0020125680900
1.2500000000000 -0.0020125680900
1.2500000000000 -0.0020125680900
1.2812500000000 -0.0020122527853
1.3125000000000 -0.0020119393644
1.3125000000000 -0.0020119393644
1.3437500000000 -0.0020116277116
1.3750000000000 -0.0020113177168
1.3750000000000 -0.0020113177168
1.3750000000000 -0.0020113177168
1.4062500000000 -0.0020110092716
1.4375000000000 -0.0020107022680
1.4375000000000 -0.0020107022680
1.4687500000000 -0.0020103965987
1.5000000000000 -0.0020100921592
1.5000000000000 -0.0020100921592
1.5000000000000 -0.0020100921592
1.5000000000000 -0.0020100921592
1.5000000000000 -0.0020100921592
1.5312500000000 -0.0020097888490
1.5625000000000 -0.0020094865734
1.5625000000000 -0.0020094865734
1.5937500000000 -0.0020091852450
1.6250000000000 -0.0020088847846
1.6250000000000 -0.0020088847846
1.6250000000000 -0.0020088847846
1.6562500000000 -0.0020085851215
1.6875000000000 -0.0020082861946
1.6875000000000 -0.0020082861946
1.7187500000000 -0.0020079879515
1.7500000000000 -0.0020076903492
1.7500000000000 -0.0020076903492
1.7500000000000 -0.0020076903492
1.7500000000000 -0.0020076903492
1.7812500000000 -0.0020073933533
1.8125000000000 -0.0020070969370
1.8125000000000 -0.0020070969370
1.8437500000000 -0.0020068010812
1.8750000000000 -0.0020065057731
1.8750000000000 -0.0020065057731
1.8750000000000 -0.0020065057731
1.9062500000000 -0.0020062110055
1.9375000000000 -0.0020059167764
1.9375000000000 -0.0020059167764
1.9687500000000 -0.0020056230876
2.0000000000000 -0.0020053299442
2.0000000000000 -0.0020053299442
2.0000000000000 -0.0020053299442
2.0000000000000 -0.0020053299442
2.0000000000000 -0.0020053299442
2.0000000000000 -0.0020053299442
2.0000000000000 -0.0020053299442
2.0312500000000 -0.0020050373542
2.0625000000000 -0.0020047453273
2.0625000000000 -0.0020047453273
2.0937500000000 -0.0020044538746
2.1250000000000 -0.0020041630082
2.1250000000000 -0.0020041630082
2.1250000000000 -0.0020041630082
2.1562500000000 -0.0020038727406
2.1875000000000 -0.0020035830841
2.1875000000000 -0.0020035830841
2.2187500000000 -0.0020032940513
2.2500000000000 -0.0020030056540
2.2500000000000 -0.0020030056540
2.2500000000000 -0.0020030056540
2.2500000000000 -0.0020030056540
2.2812500000000 -0.0020027179037
2.3125000000000 -0.0020024308109
2.3125000000000 -0.0020024308109
2.3437500000000 -0.0020021443857
2.3750000000000 -0.0020018586373
2.3750000000000 -0.0020018586373
2.3750000000000 -0.0020018586373
2.4062500000000 -0.0020015735741
2.4375000000000 -0.0020012892036
2.4375000000000 -0.0020012892036
2.4687500000000 -0.0020010055328
2.5000000000000 -0.0020007225677
2.5000000000000 -0.0020007225677
2.5000000000000 -0.0020007225677
2.5000000000000 -0.0020007225677
2.5000000000000 -0.0020007225677
2.5312500000000 -0.0020004403139
2.5625000000000 -0.0020001587762
2.5625000000000 -0.0020001587762
2.5937500000000 -0.0019998779587
2.6250000000000 -0.0019995978651
2.6250000000000 -0.0019995978651
2.6250000000000 -0.0019995978651
2.6562500000000 -0.0019993184987
2.6875000000000 -0.0019990398623
2.6875000000000 -0.0019990398623
2.7187500000000 -0.0019987619581
2.7500000000000 -0.0019984847883
2.7500000000000 -0.0019984847883
2.7500000000000 -0.0019984847883
2.7500000000000 -0.0019984847883
2.7812500000000 -0.0019982083546
2.8125000000000 -0.0019979326584
2.8125000000000 -0.0019979326584
2.8437500000000 -0.0019976577009
2.8750000000000 -0.0019973834832
2.8750000000000 -0.0019973834832
2.8750000000000 -0.0019973834832
2.9062500000000 -0.0019971100061
2.9375000000000 -0.0019968372704
2.9375000000000 -0.0019968372704
2.9687500000000 -0.0019965652764
3.0000000000000 -0.0019962940247
3.0000000000000 -0.0019962940247
3.0000000000000 -0.0019962940247
3.0000000000000 -0.0019962940247
3.0000000000000 -0.0019962940247
3.0000000000000 -0.0019962940247
3.0312500000000 -0.0019960235161
3.0625000000000 -0.0019957537502
3.0625000000000 -0.0019957537502
3.0937500000000 -0.0019954847274
3.1250000000000 -0.0019952164476
3.1250000000000 -0.0019952164476
3.1250000000000 -0.0019952164476
3.1562500000000 -0.0019949489107
3.1875000000000 -0.0019946821167
3.1875000000000 -0.0019946821167
3.2187500000000 -0.0019944160654
3.2500000000000 -0.0019941507566
3.2500000000000 -0.0019941507566
3.2500000000000 -0.0019941507566
3.2500000000000 -0.0019941507566
3.2812500000000 -0.0019938861900
3.3125000000000 -0.0019936223654
3.3750000000000 -0.0019930969404
3.3750000000000 -0.0019930969404
3.4375000000000 -0.0019925744786
3.5000000000000 -0.0019920549762
3.5000000000000 -0.0019920549762
3.5000000000000 -0.0019920549762
3.5000000000000 -0.0019920549762
3.5625000000000 -0.0019915384289
3.6250000000000 -0.0019910248321
3.6250000000000 -0.0019910248321
3.6875000000000 -0.0019905141808
3.7500000000000 -0.0019900064696
3.7500000000000 -0.0019900064696
3.7500000000000 -0.0019900064696
3.8125000000000 -0.0019895016931
3.8750000000000 -0.0019889998456
3.8750000000000 -0.0019889998456
3.9375000000000 -0.0019885009212
4.0000000000000 -0.0019880049145
4.0000000000000 -0.0019880049145
4.0000000000000 -0.0019880049145
4.0000000000000 -0.0019880049145
4.0000000000000 -0.0019880049145
4.0000000000000 -0.0019880049145
4.0000000000000 -0.0019880049145
4.0625000000000 -0.0019875118199
4.1250000000000 -0.0019870216324
4.1250000000000 -0.0019870216324
4.1875000000000 -0.0019865343474
4.2500000000000 -0.0019860499609
4.2500000000000 -0.0019860499609
4.2500000000000 -0.0019860499609
4.3125000000000 -0.0019855684696
4.3750000000000 -0.0019850898709
4.3750000000000 -0.0019850898709
4.4375000000000 -0.0019846141629
4.5000000000000 -0.0019841413448
4.5000000000000 -0.0019841413448
4.5000000000000 -0.0019841413448
4.5000000000000 -0.0019841413448
4.5625000000000 -0.0019836714165
4.6250000000000 -0.0019832043787
4.6250000000000 -0.0019832043787
4.6875000000000 -0.0019827402330
4.7500000000000 -0.0019822789818
4.7500000000000 -0.0019822789818
4.7500000000000 -0.0019822789818
4.8125000000000 -0.0019818206282
4.8750000000000 -0.0019813651759
4.8750000000000 -0.0019813651759
4.9375000000000 -0.0019809126291
5.0000000000000 -0.0019804629925
5.0000000000000 -0.0019804629925
5.0000000000000 -0.0019804629925
5.0000000000000 -0.0019804629925
5.0000000000000 -0.0019804629925
5.0625000000000 -0.0019800162714
5.1250000000000 -0.0019795724708
5.1250000000000 -0.0019795724708
5.1875000000000 -0.0019791315965
5.2500000000000 -0.0019786936538
5.2500000000000 -0.0019786936538
5.2500000000000 -0.0019786936538
5.3125000000000 -0.0019782586483
5.3750000000000 -0.0019778265853
5.3750000000000 -0.0019778265853
5.4375000000000 -0.0019773974698
5.5000000000000 -0.0019769713065
5.5000000000000 -0.0019769713065
5.5000000000000 -0.0019769713065
5.5000000000000 -0.0019769713065
5.5625000000000 -0.0019765480998
5.6250000000000 -0.0019761278535
5.6250000000000 -0.0019761278535
5.6875000000000 -0.0019757105707
5.7500000000000 -0.0019752962541
5.7500000000000 -0.0019752962541
5.7500000000000 -0.0019752962541
5.8125000000000 -0.0019748849056
5.8750000000000 -0.0019744765264
5.8750000000000 -0.0019744765264
5.9375000000000 -0.0019740711169
6.0000000000000 -0.0019736686771
6.0000000000000 -0.0019736686771
6.0000000000000 -0.0019736686771
6.0000000000000 -0.0019736686771
6.0000000000000 -0.0019736686771
6.0000000000000 -0.0019736686771
6.0625000000000 -0.0019732692065
6.1250000000000 -0.0019728727018
6.1250000000000 -0.0019728727018
6.1875000000000 -0.0019724791610
6.2500000000000 -0.0019720885793
6.2500000000000 -0.0019720885793
6.2500000000000 -0.0019720885793
6.3125000000000 -0.0019717009534
6.3750000000000 -0.0019713162763
6.3750000000000 -0.0019713162763
6.4375000000000 -0.0019709345431
6.5000000000000 -0.0019705557452
6.5000000000000 -0.0019705557452
6.5000000000000 -0.0019705557452
6.5000000000000 -0.0019705557452
6.5625000000000 -0.0019701798757
6.6250000000000 -0.0019698069242
6.7500000000000 -0.0019690697378
6.7500000000000 -0.0019690697378
6.8750000000000 -0.0019683440971
7.0000000000000 -0.0019676299012
7.0000000000000 -0.0019676299012
7.0000000000000 -0.0019676299012
7.0000000000000 -0.0019676299012
7.1250000000000 -0.0019669270383
7.2500000000000 -0.0019662353870
7.2500000000000 -0.0019662353870
7.3750000000000 -0.0019655548183
7.5000000000000 -0.0019648851970
7.5000000000000 -0.0019648851970
7.5000000000000 -0.0019648851970
7.6250000000000 -0.0019642263831
7.7500000000000 -0.0019635782337
7.7500000000000 -0.0019635782337
7.8750000000000 -0.0019629406035
8.0000000000000 -0.0019623133466
8.0000000000000 -0.0019623133466
8.0000000000000 -0.0019623133466
8.0000000000000 -0.0019623133466
8.0000000000000 -0.0019623133466
8.0000000000000 -0.0019623133466
8.0000000000000 -0.0019623133466
8.1250000000000 -0.0019616963190
8.2500000000000 -0.0019610893699
8.2500000000000 -0.0019610893699
8.3750000000000 -0.0019604923501
8.5000000000000 -0.0019599051108
8.5000000000000 -0.0019599051108
8.5000000000000 -0.0019599051108
8.6250000000000 -0.0019593275035
8.7500000000000 -0.0019587593774
8.7500000000000 -0.0019587593774
8.8750000000000 -0.0019582005829
9.0000000000000 -0.0019576509669
9.0000000000000 -0.0019576509669
9.0000000000000 -0.0019576509669
9.0000000000000 -0.0019576509669
9.1250000000000 -0.0019571103777
9.2500000000000 -0.0019565786602
9.5000000000000 -0.0019555412235
9.5000000000000 -0.0019555412235
9.7500000000000 -0.0019545374176
10.0000000000000 -0.0019535660194
10.0000000000000 -0.0019535660194
10.0000000000000 -0.0019535660194
10.0000000000000 -0.0019535660194
10.2500000000000 -0.0019526258569
10.5000000000000 -0.0019517158561
10.5000000000000 -0.0019517158561
10.7500000000000 -0.0019508350986
11.0000000000000 -0.0019499828834
11.0000000000000 -0.0019499828834
11.0000000000000 -0.0019499828834
11.2500000000000 -0.0019491587825
11.5000000000000 -0.0019483626766
11.5000000000000 -0.0019483626766
11.7500000000000 -0.0019475947635
12.0000000000000 -0.0019468555349
12.0000000000000 -0.0019468555349
12.0000000000000 -0.0019468555349
12.0000000000000 -0.0019468555349
12.0000000000000 -0.0019468555349
12.2500000000000 -0.0019461457380
12.5000000000000 -0.0019454662409
12.5000000000000 -0.0019454662409
12.7500000000000 -0.0019448179196
13.0000000000000 -0.0019442014970
13.0000000000000 -0.0019442014970
13.0000000000000 -0.0019442014970
13.2500000000000 -0.0019436179163
13.5000000000000 -0.0019430673914
13.5000000000000 -0.0019430673914
13.7500000000000 -0.0019425505396
14.0000000000000 -0.0019420670935
14.0000000000000 -0.0019420670935
14.0000000000000 -0.0019420670935
14.0000000000000 -0.0019420670935
14.2500000000000 -0.0019416171847
14.5000000000000 -0.0019412002327
15.0000000000000 -0.0019404635892
15.0000000000000 -0.0019404635892
15.5000000000000 -0.0019398521660
16.0000000000000 -0.0019393598374
16.0000000000000 -0.0019393598374
16.0000000000000 -0.0019393598374
16.0000000000000 -0.0019393598374
16.0000000000000 -0.0019393598374
16.0000000000000 -0.0019393598374
16.5000000000000 -0.0019389793428
17.0000000000000 -0.0019387019805
17.0000000000000 -0.0019387019805
17.5000000000000 -0.0019385175518
18.0000000000000 -0.0019384148211
18.0000000000000 -0.0019384148211
18.0000000000000 -0.0019384148211
18.5000000000000 -0.0019383824147
19.0000000000000 -0.0019384098674
19.0000000000000 -0.0019384098674
19.5000000000000 -0.0019384883766
20.0000000000000 -0.0019386107954
20.0000000000000 -0.0019386107954
20.0000000000000 -0.0019386107954
20.0000000000000 -0.0019386107954
20.5000000000000 -0.0019387707659
21.0000000000000 -0.0019389614966
21.0000000000000 -0.0019389614966
21.5000000000000 -0.0019391748932
22.0000000000000 -0.0019394013950
22.0000000000000 -0.0019394013950
22.0000000000000 -0.0019394013950
22.5000000000000 -0.0019396303643
23.0000000000000 -0.0019398506557
23.0000000000000 -0.0019398506557
23.5000000000000 -0.0019400510918
24.0000000000000 -0.0019402208115
24.0000000000000 -0.0019402208115
24.0000000000000 -0.0019402208115
24.0000000000000 -0.0019402208115
24.0000000000000 -0.0019402208115
24.5000000000000 -0.0019403495909
25.0000000000000 -0.0019404294150
25.0000000000000 -0.0019404294150
25.5000000000000 -0.0019404499078
26.0000000000000 -0.0019404079296
26.0000000000000 -0.0019404079296
26.0000000000000 -0.0019404079296
26.5000000000000 -0.0019402961711
27.0000000000000 -0.0019401167650
27.0000000000000 -0.0019401167650
27.5000000000000 -0.0019398668019
28.0000000000000 -0.0019395540979
28.0000000000000 -0.0019395540979
28.0000000000000 -0.0019395540979
28.0000000000000 -0.0019395540979
28.5000000000000 -0.0019391813578
29.0000000000000 -0.0019387610057
30.0000000000000 -0.0019378174428
30.0000000000000 -0.0019378174428
31.0000000000000 -0.0019368217847
32.0000000000000 -0.0019358656484
32.0000000000000 -0.0019358656484
32.0000000000000 -0.0019358656484
32.0000000000000 -0.0019358656484
32.0000000000000 -0.0019358656484
33.0000000000000 -0.0019350226961
34.0000000000000 -0.0019343525231
34.0000000000000 -0.0019343525231
35.0000000000000 -0.0019339024729
36.0000000000000 -0.0019337022050
36.0000000000000 -0.0019337022050
36.0000000000000 -0.0019337022050
37.0000000000000 -0.0019337599763
38.0000000000000 -0.0019340623216
38.0000000000000 -0.0019340623216
39.0000000000000 -0.0019345787232
40.0000000000000 -0.0019352688873
40.0000000000000 -0.0019352688873
40.0000000000000 -0.0019352688873
40.0000000000000 -0.0019352688873
41.0000000000000 -0.0019360799608
42.0000000000000 -0.0019369383388
42.0000000000000 -0.0019369383388
43.0000000000000 -0.0019377686449
44.0000000000000 -0.0019385233409
44.0000000000000 -0.0019385233409
44.0000000000000 -0.0019385233409
45.0000000000000 -0.0019391255505
46.0000000000000 -0.0019395879126
46.0000000000000 -0.0019395879126
47.0000000000000 -0.0019398758834
48.0000000000000 -0.0019400541357
48.0000000000000 -0.0019400541357
48.0000000000000 -0.0019400541357
48.0000000000000 -0.0019400541357
48.0000000000000 -0.0019400541357
49.0000000000000 -0.0019401494987
50.0000000000000 -0.0019402409592
52.0000000000000 -0.0019406759622
52.0000000000000 -0.0019406759622
54.0000000000000 -0.0019418084711
56.0000000000000 -0.0019438120346
56.0000000000000 -0.0019438120346
56.0000000000000 -0.0019438120346
58.0000000000000 -0.0019464420665
60.0000000000000 -0.0019491044586
60.0000000000000 -0.0019491044586
62.0000000000000 -0.0019511267912
64.0000000000000 -0.0019520283803
64.0000000000000 -0.0019520283803
64.0000000000000 -0.0019520283803
64.0000000000000 -0.0019520283803
66.0000000000000 -0.0019517132516
68.0000000000000 -0.0019505197190
68.0000000000000 -0.0019505197190
70.0000000000000 -0.0019490838264
72.0000000000000 -0.0019480711877
72.0000000000000 -0.0019480711877
72.0000000000000 -0.0019480711877
74.0000000000000 -0.0019478928002
76.0000000000000 -0.0019485259309
76.0000000000000 -0.0019485259309
78.0000000000000 -0.0019495002757
80.0000000000000 -0.0019500886112
80.0000000000000 -0.0019500886112
80.0000000000000 -0.0019500886112
80.0000000000000 -0.0019500886112
82.0000000000000 -0.0019496819899
84.0000000000000 -0.0019483076220
84.0000000000000 -0.0019483076220
86.0000000000000 -0.0019454369049
88.0000000000000 -0.0019421283304
88.0000000000000 -0.0019421283304
88.0000000000000 -0.0019421283304
90.0000000000000 -0.0019391656489
92.0000000000000 -0.0019368444827
92.0000000000000 -0.0019368444827
94.0000000000000 -0.0019360029284
96.0000000000000 -0.0019357973140
96.0000000000000 -0.0019357973140
96.0000000000000 -0.0019357973140
96.0000000000000 -0.0019357973140
98.0000000000000 -0.0019358698075
100.0000000000000 -0.0019356009860
104.0000000000000 -0.0019318232979
104.0000000000000 -0.0019318232979
108.0000000000000 -0.0019244193166
112.0000000000000 -0.0019163170426
112.0000000000000 -0.0019163170426
112.0000000000000 -0.0019163170426
116.0000000000000 -0.0019101491922
120.0000000000000 -0.0019069746914
120.0000000000000 -0.0019069746914
124.0000000000000 -0.0019075742629
128.0000000000000 -0.0019133760125
128.0000000000000 -0.0019133760125
128.0000000000000 -0.0019133760125
132.0000000000000 -0.0019247699582
136.0000000000000 -0.0019371992064
136.0000000000000 -0.0019371992064
140.0000000000000 -0.0019471828800
144.0000000000000 -0.0019518829475
144.0000000000000 -0.0019518829475
144.0000000000000 -0.0019518829475
148.0000000000000 -0.0019465608894
152.0000000000000 -0.0019334372935
152.0000000000000 -0.0019334372935
156.0000000000000 -0.0019112981503
160.0000000000000 -0.0018857087308
160.0000000000000 -0.0018857087308
160.0000000000000 -0.0018857087308
164.0000000000000 -0.0018611904364
168.0000000000000 -0.0018396608659
176.0000000000000 -0.0018158420952
176.0000000000000 -0.0018158420952
184.0000000000000 -0.0017926962103
192.0000000000000 -0.0017516626926
192.0000000000000 -0.0017516626926
200.0000000000000 -0.0017059597576
208.0000000000000 -0.0016575654237
208.0000000000000 -0.0016575654237
216.0000000000000 -0.0016055719011
224.0000000000000 -0.0015509549316
224.0000000000000 -0.0015509549316
232.0000000000000 -0.0014833604356
240.0000000000000 -0.0013972909489
240.0000000000000 -0.0013972909489
248.0000000000000 -0.0012982975107
256.0000000000000 -0.0011884736880
256.0000000000000 -0.0011884736880
264.0000000000000 -0.0010768433213
272.0000000000000 -0.0009481666305
272.0000000000000 -0.0009481666305
280.0000000000000 -0.0007903380418
288.0000000000000 -0.0006029787777
288.0000000000000 -0.0006029787777
296.0000000000000 -0.0003909672060
304.0000000000000 -0.0001264263173
304.0000000000000 -0.0001264263173
312.0000000000000 0.0002174347570
320.0000000000000 0.0006389960708
336.0000000000000 0.0017371504475
352.0000000000000 0.0024275996809
368.0000000000000 0.0022104127927
384.0000000000000 0.0015165360154
400.0000000000000 0.0009237554738
416.0000000000000 0.0005845746889
432.0000000000000 0.0004232654478
448.0000000000000 0.0003255477957
464.0000000000000 0.0001949269441
480.0000000000000 0.0000456686968
496.0000000000000 -0.0000414854622
512.0000000000000 -0.0000502011592
528.0000000000000 -0.0000293237586
544.0000000000000 -0.0000154016888
560.0000000000000 -0.0000113355664
576.0000000000000 -0.0000101649034
592.0000000000000 -0.0000088387604
608.0000000000000 -0.0000072262730
624.0000000000000 -0.0000058715118
640.0000000000000 -0.0000049204278
656.0000000000000 -0.0000041300352
672.0000000000000 -0.0000034729543
688.0000000000000 -0.0000029458391
704.0000000000000 -0.0000024033329
720.0000000000000 -0.0000019659885
736.0000000000000 -0.0000017086109
752.0000000000000 -0.0000014305760
768.0000000000000 -0.0000011255952
784.0000000000000 -0.0000009890360
800.0000000000000 -0.0000009158290
816.0000000000000 -0.0000007027391
832.0000000000000 -0.0000004998660
848.0000000000000 -0.0000004987458
864.0000000000000 -0.0000005403515
880.0000000000000 -0.0000004020284
896.0000000000000 -0.0000001842553
912.0000000000000 -0.0000001249037
928.0000000000000 -0.0000002408178
944.0000000000000 -0.0000003413834
960.0000000000000 -0.0000002788139
976.0000000000000 -0.0000000957059
992.0000000000000 0.0000000497024
1008.0000000000000 0.0000000638598
1024.0000000000000 -0.0000000218977
1040.0000000000000 -0.0000001271118
1056.0000000000000 -0.0000001926719
1072.0000000000000 -0.0000001949465
1088.0000000000000 -0.0000001391533
1104.0000000000000 -0.0000000575196
1120.0000000000000 0.0000000109416
1136.0000000000000 0.0000000524742
1152.0000000000000 0.0000000725880
1168.0000000000000 0.0000000729123
1184.0000000000000 0.0000000528577
1200.0000000000000 0.0000000218410
1216.0000000000000 -0.0000000071579
1232.0000000000000 -0.0000000265192
1248.0000000000000 -0.0000000365099
1264.0000000000000 -0.0000000430548
1280.0000000000000 -0.0000000473817
1296.0000000000000 -0.0000000479919
1312.0000000000000 -0.0000000460315
1328.0000000000000 -0.0000000412322
1344.0000000000000 -0.0000000343691
1360.0000000000000 -0.0000000285957
1376.0000000000000 -0.0000000240561
1392.0000000000000 -0.0000000196126
1408.0000000000000 -0.0000000156186
1424.0000000000000 -0.0000000118700
1440.0000000000000 -0.0000000081372
1456.0000000000000 -0.0000000051475
1472.0000000000000 -0.0000000026363
1488.0000000000000 0.0000000001198
1504.0000000000000 0.0000000022016
1520.0000000000000 0.0000000021757
1536.0000000000000 0.0000000005036
1552.0000000000000 -0.0000000010038
1568.0000000000000 -0.0000000013110
1584.0000000000000 -0.0000000007349
1600.0000000000000 -0.0000000000661
1616.0000000000000 0.0000000003181
1632.0000000000000 0.0000000004142
1648.0000000000000 0.0000000003661
1664.0000000000000 0.0000000002864
1680.0000000000000 -0.0000000000250
1696.0000000000000 -0.0000000006406
1712.0000000000000 -0.0000000012747
1728.0000000000000 -0.0000000019061
1744.0000000000000 -0.0000000027210
1760.0000000000000 -0.0000000036300
1776.0000000000000 -0.0000000045088
1792.0000000000000 -0.0000000054175
1808.0000000000000 -0.0000000063636
1824.0000000000000 -0.0000000072726
1840.0000000000000 -0.0000000081806
1856.0000000000000 -0.0000000091390
1872.0000000000000 -0.0000000100110
1888.0000000000000 -0.0000000105686
1904.0000000000000 -0.0000000106769
1920.0000000000000 -0.0000000103137
1936.0000000000000 -0.0000000094694
1952.0000000000000 -0.0000000080900
1968.0000000000000 -0.0000000060830
1984.0000000000000 -0.0000000033507
