# x lapse
-1984.0000000000000 0.9989995618266
-1968.0000000000000 0.9989915042213
-1952.0000000000000 0.9989833283090
-1936.0000000000000 0.9989750294844
-1920.0000000000000 0.9989666029749
-1904.0000000000000 0.9989580439175
-1888.0000000000000 0.9989493472869
-1872.0000000000000 0.9989405079026
-1856.0000000000000 0.9989315205706
-1840.0000000000000 0.9989223797802
-1824.0000000000000 0.9989130799163
-1808.0000000000000 0.9989036158422
-1792.0000000000000 0.9988939828654
-1776.0000000000000 0.9988841763946
-1760.0000000000000 0.9988741917166
-1744.0000000000000 0.9988640239370
-1728.0000000000000 0.9988536679712
-1712.0000000000000 0.9988431185412
-1696.0000000000000 0.9988323701779
-1680.0000000000000 0.9988214172019
-1664.0000000000000 0.9988102537146
-1648.0000000000000 0.9987988735883
-1632.0000000000000 0.9987872704577
-1616.0000000000000 0.9987754377036
-1600.0000000000000 0.9987633684420
-1584.0000000000000 0.9987510555078
-1568.0000000000000 0.9987384914499
-1552.0000000000000 0.9987256685064
-1536.0000000000000 0.9987125785892
-1520.0000000000000 0.9986992132844
-1504.0000000000000 0.9986855638491
-1488.0000000000000 0.9986716211789
-1472.0000000000000 0.9986573756857
-1456.0000000000000 0.9986428172662
-1440.0000000000000 0.9986279355301
-1424.0000000000000 0.9986127196727
-1408.0000000000000 0.9985971581953
-1392.0000000000000 0.9985812392606
-1376.0000000000000 0.9985649503949
-1360.0000000000000 0.9985482785172
-1344.0000000000000 0.9985312100179
-1328.0000000000000 0.9985137304973
-1312.0000000000000 0.9984958250060
-1296.0000000000000 0.9984774777088
-1280.0000000000000 0.9984586720905
-1264.0000000000000 0.9984393907694
-1248.0000000000000 0.9984196153836
-1232.0000000000000 0.9983993268247
-1216.0000000000000 0.9983785047513
-1200.0000000000000 0.9983571278061
-1184.0000000000000 0.9983351736442
-1168.0000000000000 0.9983126185287
-1152.0000000000000 0.9982894372904
-1136.0000000000000 0.9982656035091
-1120.0000000000000 0.9982410894016
-1104.0000000000000 0.9982158654042
-1088.0000000000000 0.9981899001157
-1072.0000000000000 0.9981631604635
-1056.0000000000000 0.9981356112735
-1040.0000000000000 0.9981072151848
-1024.0000000000000 0.9980779326092
-1008.0000000000000 0.9980477213023
-992.0000000000000 0.9980165364767
-976.0000000000000 0.9979843302854
-960.0000000000000 0.9979510519515
-944.0000000000000 0.9979166469243
-928.0000000000000 0.9978810567955
-912.0000000000000 0.9978442192293
-896.0000000000000 0.9978060674735
-880.0000000000000 0.9977665299519
-864.0000000000000 0.9977255296915
-848.0000000000000 0.9976829836939
-832.0000000000000 0.9976388026987
-816.0000000000000 0.9975928906256
-800.0000000000000 0.9975451439585
-784.0000000000000 0.9974954509793
-768.0000000000000 0.9974436901031
-752.0000000000000 0.9973897292450
-736.0000000000000 0.9973334259006
-720.0000000000000 0.9972746240243
-704.0000000000000 0.9972131533096
-688.0000000000000 0.9971488276286
-672.0000000000000 0.9970814427548
-656.0000000000000 0.9970107759070
-640.0000000000000 0.9969365804766
-624.0000000000000 0.9968585864465
-608.0000000000000 0.9967764941792
-592.0000000000000 0.9966899722580
-576.0000000000000 0.9965986525793
-560.0000000000000 0.9965021222454
-544.0000000000000 0.9963999237019
-528.0000000000000 0.9962915427587
-512.0000000000000 0.9961764003508
-496.0000000000000 0.9960538430714
-480.0000000000000 0.9959231298093
-464.0000000000000 0.9957834219313
-448.0000000000000 0.9956337571286
-432.0000000000000 0.9954730272214
-416.0000000000000 0.9952999682192
-400.0000000000000 0.9951131222009
-384.0000000000000 0.9949107805895
-368.0000000000000 0.9946908880803
-352.0000000000000 0.9944510098137
-336.0000000000000 0.9941883375397
-320.0000000000000 0.9938994914452
-312.0000000000000 0.9937440067693
-304.0000000000000 0.9935803196822
-304.0000000000000 0.9935803196822
-296.0000000000000 0.9934078867621
-288.0000000000000 0.9932258542974
-288.0000000000000 0.9932258542974
-280.0000000000000 0.9930335534014
-272.0000000000000 0.9928298861779
-272.0000000000000 0.9928298861779
-264.0000000000000 0.9926139723671
-256.0000000000000 0.9923844901736
-256.0000000000000 0.9923844901736
-248.0000000000000 0.9921404299819
-240.0000000000000 0.9918799749932
-240.0000000000000 0.9918799749932
-232.0000000000000 0.9916015857905
-224.0000000000000 0.9913034206119
-224.0000000000000 0.9913034206119
-216.0000000000000 0.9909832484840
-208.0000000000000 0.9906385288329
-208.0000000000000 0.9906385288329
-200.0000000000000 0.9902664076936
-192.0000000000000 0.9898634031768
-192.0000000000000 0.9898634031768
-184.0000000000000 0.9894254640668
-176.0000000000000 0.9889479394056
-176.0000000000000 0.9889479394056
-168.0000000000000 0.9884253268158
-164.0000000000000 0.9881453861603
-160.0000000000000 0.9878508311956
-160.0000000000000 0.9878508311956
-160.0000000000000 0.9878508311956
-156.0000000000000 0.9875400115441
-152.0000000000000 0.9872113041322
-152.0000000000000 0.9872113041322
-148.0000000000000 0.9868604989095
-144.0000000000000 0.9864937064287
-144.0000000000000 0.9864937064287
-144.0000000000000 0.9864937064287
-140.0000000000000 0.9861174773759
-136.0000000000000 0.9857262813006
-136.0000000000000 0.9857262813006
-132.0000000000000 0.9853185808373
-128.0000000000000 0.9848889474170
-128.0000000000000 0.9848889474170
-128.0000000000000 0.9848889474170
-124.0000000000000 0.9844354516574
-120.0000000000000 0.9839460586322
-120.0000000000000 0.9839460586322
-116.0000000000000 0.9834168090685
-112.0000000000000 0.9828561606203
-112.0000000000000 0.9828561606203
-112.0000000000000 0.9828561606203
-108.0000000000000 0.9822517701293
-104.0000000000000 0.9815932017595
-104.0000000000000 0.9815932017595
-100.0000000000000 0.9808799015403
-98.0000000000000 0.9804988312057
-96.0000000000000 0.9801008751928
-96.0000000000000 0.9801008751928
-96.0000000000000 0.9801008751928
-96.0000000000000 0.9801008751928
-94.0000000000000 0.9796861226135
-92.0000000000000 0.9792524895480
-92.0000000000000 0.9792524895480
-90.0000000000000 0.9787983078639
-88.0000000000000 0.9783224193100
-88.0000000000000 0.9783224193100
-88.0000000000000 0.9783224193100
-86.0000000000000 0.9778238272632
-84.0000000000000 0.9773003787067
-84.0000000000000 0.9773003787067
-82.0000000000000 0.9767502248327
-80.0000000000000 0.9761714563905
-80.0000000000000 0.9761714563905
-80.0000000000000 0.9761714563905
-80.0000000000000 0.9761714563905
-78.0000000000000 0.9755624167363
-76.0000000000000 0.9749204992422
-76.0000000000000 0.9749204992422
-74.0000000000000 0.9742434852989
-72.0000000000000 0.9735280906535
-72.0000000000000 0.9735280906535
-72.0000000000000 0.9735280906535
-70.0000000000000 0.9727710518014
-68.0000000000000 0.9719695850223
-68.0000000000000 0.9719695850223
-66.0000000000000 0.9711198081948
-64.0000000000000 0.9702171229672
-64.0000000000000 0.9702171229672
-64.0000000000000 0.9702171229672
-64.0000000000000 0.9702171229672
-62.0000000000000 0.9692566163053
-60.0000000000000 0.9682325702137
-60.0000000000000 0.9682325702137
-58.0000000000000 0.9671390328821
-56.0000000000000 0.9659694906893
-56.0000000000000 0.9659694906893
-56.0000000000000 0.9659694906893
-54.0000000000000 0.9647156377440
-52.0000000000000 0.9633675215650
-52.0000000000000 0.9633675215650
-50.0000000000000 0.9619135063637
-49.0000000000000 0.9611427840460
-48.0000000000000 0.9603405401198
-48.0000000000000 0.9603405401198
-48.0000000000000 0.9603405401198
-48.0000000000000 0.9603405401198
-48.0000000000000 0.9603405401198
-47.0000000000000 0.9595051747530
-46.0000000000000 0.9586343520503
-46.0000000000000 0.9586343520503
-45.0000000000000 0.9577262172283
-44.0000000000000 0.9567777271193
-44.0000000000000 0.9567777271193
-44.0000000000000 0.9567777271193
-43.0000000000000 0.9557864524867
-42.0000000000000 0.9547486967542
-42.0000000000000 0.9547486967542
-41.0000000000000 0.9536612320463
-40.0000000000000 0.9525202230246
-40.0000000000000 0.9525202230246
-40.0000000000000 0.9525202230246
-40.0000000000000 0.9525202230246
-39.0000000000000 0.9513221807367
-38.0000000000000 0.9500628381497
-38.0000000000000 0.9500628381497
-37.0000000000000 0.9487372771082
-36.0000000000000 0.9473398882638
-36.0000000000000 0.9473398882638
-36.0000000000000 0.9473398882638
-35.0000000000000 0.9458645152060
-34.0000000000000 0.9443044638752
-34.0000000000000 0.9443044638752
-33.0000000000000 0.9426519211508
-32.0000000000000 0.9408978433703
-32.0000000000000 0.9408978433703
-32.0000000000000 0.9408978433703
-32.0000000000000 0.9408978433703
-32.0000000000000 0.9408978433703
-31.0000000000000 0.9390326994254
-30.0000000000000 0.9370461387084
-30.0000000000000 0.9370461387084
-29.0000000000000 0.9349258943832
-28.5000000000000 0.9338113758455
-28.0000000000000 0.9326579071622
-28.0000000000000 0.9326579071622
-28.0000000000000 0.9326579071622
-28.0000000000000 0.9326579071622
-27.5000000000000 0.9314636315224
-27.0000000000000 0.9302260616725
-27.0000000000000 0.9302260616725
-26.5000000000000 0.9289430516161
-26.0000000000000 0.9276117207713
-26.0000000000000 0.9276117207713
-26.0000000000000 0.9276117207713
-25.5000000000000 0.9262296192771
-25.0000000000000 0.9247933089750
-25.0000000000000 0.9247933089750
-24.5000000000000 0.9232998702948
-24.0000000000000 0.9217452976109
-24.0000000000000 0.9217452976109
-24.0000000000000 0.9217452976109
-24.0000000000000 0.9217452976109
-24.0000000000000 0.9217452976109
-23.5000000000000 0.9201259048566
-23.0000000000000 0.9184378137848
-23.0000000000000 0.9184378137848
-22.5000000000000 0.9166764653176
-22.0000000000000 0.9148369359068
-22.0000000000000 0.9148369359068
-22.0000000000000 0.9148369359068
-21.5000000000000 0.9129138724652
-21.0000000000000 0.9109014896049
-21.0000000000000 0.9109014896049
-20.5000000000000 0.9087934876040
-20.0000000000000 0.9065828128173
-20.0000000000000 0.9065828128173
-20.0000000000000 0.9065828128173
-20.0000000000000 0.9065828128173
-19.5000000000000 0.9042618730150
-19.0000000000000 0.9018220809414
-19.0000000000000 0.9018220809414
-18.5000000000000 0.8992539627707
-18.0000000000000 0.8965474027211
-18.0000000000000 0.8965474027211
-18.0000000000000 0.8965474027211
-17.5000000000000 0.8936908962515
-17.0000000000000 0.8906714065272
-17.0000000000000 0.8906714065272
-16.5000000000000 0.8874745389283
-16.0000000000000 0.8840840084096
-16.0000000000000 0.8840840084096
-16.0000000000000 0.8840840084096
-16.0000000000000 0.8840840084096
-16.0000000000000 0.8840840084096
-16.0000000000000 0.8840840084096
-15.5000000000000 0.8804816180236
-15.0000000000000 0.8766469710938
-15.0000000000000 0.8766469710938
-14.5000000000000 0.8725567330195
-14.2500000000000 0.8704077644941
-14.0000000000000 0.8681845269163
-14.0000000000000 0.8681845269163
-14.0000000000000 0.8681845269163
-14.0000000000000 0.8681845269163
-13.7500000000000 0.8658835355952
-13.5000000000000 0.8635001364235
-13.5000000000000 0.8635001364235
-13.2500000000000 0.8610302904509
-13.0000000000000 0.8584686675162
-13.0000000000000 0.8584686675162
-13.0000000000000 0.8584686675162
-12.7500000000000 0.8558106579003
-12.5000000000000 0.8530500613259
-12.5000000000000 0.8530500613259
-12.2500000000000 0.8501815979949
-12.0000000000000 0.8471978967494
-12.0000000000000 0.8471978967494
-12.0000000000000 0.8471978967494
-12.0000000000000 0.8471978967494
-12.0000000000000 0.8471978967494
-11.7500000000000 0.8440923357993
-11.5000000000000 0.8408573872434
-11.5000000000000 0.8408573872434
-11.2500000000000 0.8374847886949
-11.0000000000000 0.8339654991878
-11.0000000000000 0.8339654991878
-11.0000000000000 0.8339654991878
-10.7500000000000 0.8302897229840
-10.5000000000000 0.8264467983631
-10.5000000000000 0.8264467983631
-10.2500000000000 0.8224251342292
-10.0000000000000 0.8182119892737
-10.0000000000000 0.8182119892737
-10.0000000000000 0.8182119892737
-10.0000000000000 0.8182119892737
-9.7500000000000 0.8137932097756
-9.5000000000000 0.8091532290252
-9.5000000000000 0.8091532290252
-9.2500000000000 0.8042750299773
-9.0000000000000 0.7991398168453
-9.0000000000000 0.7991398168453
-9.0000000000000 0.7991398168453
-8.7500000000000 0.7937266522929
-8.5000000000000 0.7880122326406
-8.5000000000000 0.7880122326406
-8.2500000000000 0.7819705495003
-8.0000000000000 0.7755725391777
-8.0000000000000 0.7755725391777
-8.0000000000000 0.7755725391777
-8.0000000000000 0.7755725391777
-8.0000000000000 0.7755725391777
-8.0000000000000 0.7755725391777
-7.7500000000000 0.7687855169318
-7.5000000000000 0.7615725123089
-7.5000000000000 0.7615725123089
-7.2500000000000 0.7538917583537
-7.0000000000000 0.7456956351806
-7.0000000000000 0.7456956351806
-7.0000000000000 0.7456956351806
-6.7500000000000 0.7369296653269
-6.5000000000000 0.7275315092758
-6.5000000000000 0.7275315092758
-6.2500000000000 0.7174300067094
-6.0000000000000 0.7065568498601
-6.0000000000000 0.7065568498601
-6.0000000000000 0.7065568498601
-6.0000000000000 0.7065568498601
-5.7500000000000 0.6948673212483
-5.5000000000000 0.6823230390795
-5.5000000000000 0.6823230390795
-5.2500000000000 0.6688912863869
-5.0000000000000 0.6545462675377
-5.0000000000000 0.6545462675377
-5.0000000000000 0.6545462675377
-4.7500000000000 0.6392659741223
-4.5000000000000 0.6230420316036
-4.5000000000000 0.6230420316036
-4.2500000000000 0.6058776811204
-4.0000000000000 0.5877924103864
-4.0000000000000 0.5877924103864
-4.0000000000000 0.5877924103864
-4.0000000000000 0.5877924103864
-4.0000000000000 0.5877924103864
-3.7500000000000 0.5688287724477
-3.5000000000000 0.5490538595276
-3.5000000000000 0.5490538595276
-3.2500000000000 0.5285657991150
-3.0000000000000 0.5075001939010
-3.0000000000000 0.5075001939010
-3.0000000000000 0.5075001939010
-2.7500000000000 0.4860337499248
-2.5000000000000 0.4643924338658
-2.5000000000000 0.4643924338658
-2.2500000000000 0.4428488722139
-2.0000000000000 0.4217283348044
-2.0000000000000 0.4217283348044
-2.0000000000000 0.4217283348044
-2.0000000000000 0.4217283348044
-1.7500000000000 0.4014038598313
-1.5000000000000 0.3822971823542
-1.5000000000000 0.3822971823542
-1.2500000000000 0.3648727860834
-1.0000000000000 0.3496255128040
-1.0000000000000 0.3496255128040
-1.0000000000000 0.3496255128040
-0.7500000000000 0.3370613459844
-0.5000000000000 0.3276599951312
-0.5000000000000 0.3276599951312
-0.2500000000000 0.3218322211344
0.0000000000000 0.3198563396474
0.0000000000000 0.3198563396474
0.0000000000000 0.3198563396474
0.0000000000000 0.3198563396474
0.0000000000000 0.3198563396474
0.0000000000000 0.3198563396474
0.0000000000000 0.3198563396474
0.2500000000000 0.3218324256243
0.5000000000000 0.3276602722620
0.5000000000000 0.3276602722620
0.7500000000000 0.3370615305816
1.0000000000000 0.3496256545326
1.0000000000000 0.3496256545326
1.0000000000000 0.3496256545326
1.2500000000000 0.3648728540124
1.5000000000000 0.3822972141523
1.5000000000000 0.3822972141523
1.7500000000000 0.4014039090633
2.0000000000000 0.4217284004525
2.0000000000000 0.4217284004525
2.0000000000000 0.4217284004525
2.0000000000000 0.4217284004525
2.2500000000000 0.4428490324179
2.5000000000000 0.4643925939339
2.5000000000000 0.4643925939339
2.7500000000000 0.4860339555406
3.0000000000000 0.5075003016137
3.0000000000000 0.5075003016137
3.0000000000000 0.5075003016137
3.2500000000000 0.5285658130779
3.5000000000000 0.5490538514788
3.5000000000000 0.5490538514788
3.7500000000000 0.5688286541613
4.0000000000000 0.5877921361317
4.0000000000000 0.5877921361317
4.0000000000000 0.5877921361317
4.0000000000000 0.5877921361317
4.0000000000000 0.5877921361317
4.2500000000000 0.6058771668747
4.5000000000000 0.6230413435862
4.5000000000000 0.6230413435862
4.7500000000000 0.6392652930800
5.0000000000000 0.6545455735169
5.0000000000000 0.6545455735169
5.0000000000000 0.6545455735169
5.2500000000000 0.6688906515108
5.5000000000000 0.6823224789216
5.5000000000000 0.6823224789216
5.7500000000000 0.6948669061662
6.0000000000000 0.7065565613361
6.0000000000000 0.7065565613361
6.0000000000000 0.7065565613361
6.0000000000000 0.7065565613361
6.2500000000000 0.7174297289874
6.5000000000000 0.7275313160767
6.5000000000000 0.7275313160767
6.7500000000000 0.7369294998449
7.0000000000000 0.7456954866082
7.0000000000000 0.7456954866082
7.0000000000000 0.7456954866082
7.2500000000000 0.7538916294345
7.5000000000000 0.7615723921638
7.5000000000000 0.7615723921638
7.7500000000000 0.7687854037176
8.0000000000000 0.7755724325349
8.0000000000000 0.7755724325349
8.0000000000000 0.7755724325349
8.0000000000000 0.7755724325349
8.0000000000000 0.7755724325349
8.0000000000000 0.7755724325349
8.2500000000000 0.7819704428054
8.5000000000000 0.7880121281268
8.5000000000000 0.7880121281268
8.7500000000000 0.7937265502936
9.0000000000000 0.7991397117370
9.0000000000000 0.7991397117370
9.0000000000000 0.7991397117370
9.2500000000000 0.8042749273692
9.5000000000000 0.8091531377190
9.5000000000000 0.8091531377190
9.7500000000000 0.8137931299968
10.0000000000000 0.8182119186570
10.0000000000000 0.8182119186570
10.0000000000000 0.8182119186570
10.0000000000000 0.8182119186570
10.2500000000000 0.8224250717577
10.5000000000000 0.8264467407396
10.5000000000000 0.8264467407396
10.7500000000000 0.8302896698662
11.0000000000000 0.8339654535281
11.0000000000000 0.8339654535281
11.0000000000000 0.8339654535281
11.2500000000000 0.8374847498732
11.5000000000000 0.8408573513395
11.5000000000000 0.8408573513395
11.7500000000000 0.8440922998911
12.0000000000000 0.8471978615939
12.0000000000000 0.8471978615939
12.0000000000000 0.8471978615939
12.0000000000000 0.8471978615939
12.0000000000000 0.8471978615939
12.2500000000000 0.8501815650656
12.5000000000000 0.8530500301054
12.5000000000000 0.8530500301054
12.7500000000000 0.8558106244742
13.0000000000000 0.8584686329051
13.0000000000000 0.8584686329051
13.0000000000000 0.8584686329051
13.2500000000000 0.8610302616511
13.5000000000000 0.8635001139142
13.5000000000000 0.8635001139142
13.7500000000000 0.8658835141426
14.0000000000000 0.8681845048522
14.0000000000000 0.8681845048522
14.0000000000000 0.8681845048522
14.0000000000000 0.8681845048522
14.2500000000000 0.8704077414227
14.5000000000000 0.8725567097112
15.0000000000000 0.8766469543945
15.0000000000000 0.8766469543945
15.5000000000000 0.8804816048620
16.0000000000000 0.8840839933414
16.0000000000000 0.8840839933414
16.0000000000000 0.8840839933414
16.0000000000000 0.8840839933414
16.0000000000000 0.8840839933414
16.0000000000000 0.8840839933414
16.5000000000000 0.8874745198115
17.0000000000000 0.8906713950505
17.0000000000000 0.8906713950505
17.5000000000000 0.8936908907541
18.0000000000000 0.8965473947837
18.0000000000000 0.8965473947837
18.0000000000000 0.8965473947837
18.5000000000000 0.8992539542810
19.0000000000000 0.9018220709231
19.0000000000000 0.9018220709231
19.5000000000000 0.9042618612113
20.0000000000000 0.9065828025110
20.0000000000000 0.9065828025110
20.0000000000000 0.9065828025110
20.0000000000000 0.9065828025110
20.5000000000000 0.9087934771310
21.0000000000000 0.9109014762522
21.0000000000000 0.9109014762522
21.5000000000000 0.9129138589500
22.0000000000000 0.9148369238704
22.0000000000000 0.9148369238704
22.0000000000000 0.9148369238704
22.5000000000000 0.9166764535694
23.0000000000000 0.9184378041590
23.0000000000000 0.9184378041590
23.5000000000000 0.9201258978121
24.0000000000000 0.9217452892195
24.0000000000000 0.9217452892195
24.0000000000000 0.9217452892195
24.0000000000000 0.9217452892195
24.0000000000000 0.9217452892195
24.5000000000000 0.9232998600390
25.0000000000000 0.9247932960889
25.0000000000000 0.9247932960889
25.5000000000000 0.9262296037055
26.0000000000000 0.9276117029927
26.0000000000000 0.9276117029927
26.0000000000000 0.9276117029927
26.5000000000000 0.9289430328614
27.0000000000000 0.9302260432284
27.0000000000000 0.9302260432284
27.5000000000000 0.9314636156278
28.0000000000000 0.9326578941193
28.0000000000000 0.9326578941193
28.0000000000000 0.9326578941193
28.0000000000000 0.9326578941193
28.5000000000000 0.9338113637576
29.0000000000000 0.9349258830919
30.0000000000000 0.9370461315508
30.0000000000000 0.9370461315508
31.0000000000000 0.9390326937340
32.0000000000000 0.9408978355351
32.0000000000000 0.9408978355351
32.0000000000000 0.9408978355351
32.0000000000000 0.9408978355351
32.0000000000000 0.9408978355351
33.0000000000000 0.9426519146121
34.0000000000000 0.9443044573854
34.0000000000000 0.9443044573854
35.0000000000000 0.9458645076892
36.0000000000000 0.9473398858058
36.0000000000000 0.9473398858058
36.0000000000000 0.9473398858058
37.0000000000000 0.9487372784084
38.0000000000000 0.9500628390197
38.0000000000000 0.9500628390197
39.0000000000000 0.9513221815287
40.0000000000000 0.9525202217560
40.0000000000000 0.9525202217560
40.0000000000000 0.9525202217560
40.0000000000000 0.9525202217560
41.0000000000000 0.9536612295199
42.0000000000000 0.9547486930185
42.0000000000000 0.9547486930185
43.0000000000000 0.9557864475607
44.0000000000000 0.9567777216322
44.0000000000000 0.9567777216322
44.0000000000000 0.9567777216322
45.0000000000000 0.9577262127355
46.0000000000000 0.9586343491292
46.0000000000000 0.9586343491292
47.0000000000000 0.9595051733355
48.0000000000000 0.9603405400665
48.0000000000000 0.9603405400665
48.0000000000000 0.9603405400665
48.0000000000000 0.9603405400665
48.0000000000000 0.9603405400665
49.0000000000000 0.9611427847510
50.0000000000000 0.9619135077608
52.0000000000000 0.9633675253008
52.0000000000000 0.9633675253008
54.0000000000000 0.9647156425716
56.0000000000000 0.9659694940500
56.0000000000000 0.9659694940500
56.0000000000000 0.9659694940500
58.0000000000000 0.9671390354646
60.0000000000000 0.9682325727578
60.0000000000000 0.9682325727578
62.0000000000000 0.9692566177660
64.0000000000000 0.9702171222943
64.0000000000000 0.9702171222943
64.0000000000000 0.9702171222943
64.0000000000000 0.9702171222943
66.0000000000000 0.9711198063636
68.0000000000000 0.9719695831895
68.0000000000000 0.9719695831895
70.0000000000000 0.9727710499809
72.0000000000000 0.9735280902150
72.0000000000000 0.9735280902150
72.0000000000000 0.9735280902150
74.0000000000000 0.9742434861430
76.0000000000000 0.9749204989035
76.0000000000000 0.9749204989035
78.0000000000000 0.9755624164609
80.0000000000000 0.9761714583068
80.0000000000000 0.9761714583068
80.0000000000000 0.9761714583068
80.0000000000000 0.9761714583068
82.0000000000000 0.9767502260045
84.0000000000000 0.9773003789091
84.0000000000000 0.9773003789091
86.0000000000000 0.9778238275996
88.0000000000000 0.9783224199684
88.0000000000000 0.9783224199684
88.0000000000000 0.9783224199684
90.0000000000000 0.9787983084692
92.0000000000000 0.9792524899980
92.0000000000000 0.9792524899980
94.0000000000000 0.9796861229014
96.0000000000000 0.9801008752823
96.0000000000000 0.9801008752823
96.0000000000000 0.9801008752823
96.0000000000000 0.9801008752823
98.0000000000000 0.9804988310165
100.0000000000000 0.9808799011329
104.0000000000000 0.9815932014747
104.0000000000000 0.9815932014747
108.0000000000000 0.9822517703213
112.0000000000000 0.9828561608076
112.0000000000000 0.9828561608076
112.0000000000000 0.9828561608076
116.0000000000000 0.9834168089764
120.0000000000000 0.9839460584570
120.0000000000000 0.9839460584570
124.0000000000000 0.9844354515724
128.0000000000000 0.9848889474018
128.0000000000000 0.9848889474018
128.0000000000000 0.9848889474018
132.0000000000000 0.9853185808352
136.0000000000000 0.9857262812924
136.0000000000000 0.9857262812924
140.0000000000000 0.9861174773718
144.0000000000000 0.9864937064279
144.0000000000000 0.9864937064279
144.0000000000000 0.9864937064279
148.0000000000000 0.9868604989098
152.0000000000000 0.9872113041325
152.0000000000000 0.9872113041325
156.0000000000000 0.9875400115444
160.0000000000000 0.9878508311956
160.0000000000000 0.9878508311956
160.0000000000000 0.9878508311956
164.0000000000000 0.9881453861603
168.0000000000000 0.9884253268158
176.0000000000000 0.9889479394056
176.0000000000000 0.9889479394056
184.0000000000000 0.9894254640668
192.0000000000000 0.9898634031768
192.0000000000000 0.9898634031768
200.0000000000000 0.9902664076936
208.0000000000000 0.9906385288329
208.0000000000000 0.9906385288329
216.0000000000000 0.9909832484840
224.0000000000000 0.9913034206119
224.0000000000000 0.9913034206119
232.0000000000000 0.9916015857905
240.0000000000000 0.9918799749932
240.0000000000000 0.9918799749932
248.0000000000000 0.9921404299819
256.0000000000000 0.9923844901736
256.0000000000000 0.9923844901736
264.0000000000000 0.9926139723671
272.0000000000000 0.9928298861780
272.0000000000000 0.9928298861780
280.0000000000000 0.9930335534014
288.0000000000000 0.9932258542974
288.0000000000000 0.9932258542974
296.0000000000000 0.9934078867621
304.0000000000000 0.9935803196822
304.0000000000000 0.9935803196822
312.0000000000000 0.9937440067693
320.0000000000000 0.9938994914452
336.0000000000000 0.9941883375397
352.0000000000000 0.9944510098137
368.0000000000000 0.9946908880803
384.0000000000000 0.9949107805895
400.0000000000000 0.9951131222009
416.0000000000000 0.9952999682192
432.0000000000000 0.9954730272214
448.0000000000000 0.9956337571286
464.0000000000000 0.9957834219313
480.0000000000000 0.9959231298093
496.0000000000000 0.9960538430714
512.0000000000000 0.9961764003508
528.0000000000000 0.9962915427587
544.0000000000000 0.9963999237019
560.0000000000000 0.9965021222454
576.0000000000000 0.9965986525793
592.0000000000000 0.9966899722580
608.0000000000000 0.9967764941792
624.0000000000000 0.9968585864465
640.0000000000000 0.9969365804766
656.0000000000000 0.9970107759070
672.0000000000000 0.9970814427548
688.0000000000000 0.9971488276286
704.0000000000000 0.9972131533096
720.0000000000000 0.9972746240243
736.0000000000000 0.9973334259006
752.0000000000000 0.9973897292450
768.0000000000000 0.9974436901031
784.0000000000000 0.9974954509793
800.0000000000000 0.9975451439585
816.0000000000000 0.9975928906256
832.0000000000000 0.9976388026987
848.0000000000000 0.9976829836939
864.0000000000000 0.9977255296915
880.0000000000000 0.9977665299519
896.0000000000000 0.9978060674735
912.0000000000000 0.9978442192293
928.0000000000000 0.9978810567955
944.0000000000000 0.9979166469243
960.0000000000000 0.9979510519515
976.0000000000000 0.9979843302854
992.0000000000000 0.9980165364767
1008.0000000000000 0.9980477213023
1024.0000000000000 0.9980779326092
1040.0000000000000 0.9981072151848
1056.0000000000000 0.9981356112735
1072.0000000000000 0.9981631604635
1088.0000000000000 0.9981899001157
1104.0000000000000 0.9982158654042
1120.0000000000000 0.9982410894016
1136.0000000000000 0.9982656035091
1152.0000000000000 0.9982894372904
1168.0000000000000 0.9983126185287
1184.0000000000000 0.9983351736442
1200.0000000000000 0.9983571278061
1216.0000000000000 0.9983785047513
1232.0000000000000 0.9983993268247
1248.0000000000000 0.9984196153836
1264.0000000000000 0.9984393907694
1280.0000000000000 0.9984586720905
1296.0000000000000 0.9984774777088
1312.0000000000000 0.9984958250060
1328.0000000000000 0.9985137304973
1344.0000000000000 0.9985312100179
1360.0000000000000 0.9985482785172
1376.0000000000000 0.9985649503949
1392.0000000000000 0.9985812392606
1408.0000000000000 0.9985971581953
1424.0000000000000 0.9986127196727
1440.0000000000000 0.9986279355301
1456.0000000000000 0.9986428172662
1472.0000000000000 0.9986573756857
1488.0000000000000 0.9986716211789
1504.0000000000000 0.9986855638491
1520.0000000000000 0.9986992132844
1536.0000000000000 0.9987125785892
1552.0000000000000 0.9987256685064
1568.0000000000000 0.9987384914499
1584.0000000000000 0.9987510555078
1600.0000000000000 0.9987633684420
1616.0000000000000 0.9987754377036
1632.0000000000000 0.9987872704577
1648.0000000000000 0.9987988735883
1664.0000000000000 0.9988102537146
1680.0000000000000 0.9988214172019
1696.0000000000000 0.9988323701779
1712.0000000000000 0.9988431185412
1728.0000000000000 0.9988536679712
1744.0000000000000 0.9988640239370
1760.0000000000000 0.9988741917166
1776.0000000000000 0.9988841763946
1792.0000000000000 0.9988939828654
1808.0000000000000 0.9989036158422
1824.0000000000000 0.9989130799164
1840.0000000000000 0.9989223797802
1856.0000000000000 0.9989315205706
1872.0000000000000 0.9989405079026
1888.0000000000000 0.9989493472869
1904.0000000000000 0.9989580439175
1920.0000000000000 0.9989666029749
1936.0000000000000 0.9989750294844
1952.0000000000000 0.9989833283090
1968.0000000000000 0.9989915042213
1984.0000000000000 0.9989995618266
