# x lapse
-1984.0000000000000 0.9990122957580
-1968.0000000000000 0.9990042892362
-1952.0000000000000 0.9989961568904
-1936.0000000000000 0.9989878940751
-1920.0000000000000 0.9989794959450
-1904.0000000000000 0.9989709575999
-1888.0000000000000 0.9989622747446
-1872.0000000000000 0.9989534435292
-1856.0000000000000 0.9989444601227
-1840.0000000000000 0.9989353205616
-1824.0000000000000 0.9989260207393
-1808.0000000000000 0.9989165564038
-1792.0000000000000 0.9989069231503
-1776.0000000000000 0.9988971164171
-1760.0000000000000 0.9988871314758
-1744.0000000000000 0.9988769634236
-1728.0000000000000 0.9988666071772
-1712.0000000000000 0.9988560574643
-1696.0000000000000 0.9988453088128
-1680.0000000000000 0.9988343555414
-1664.0000000000000 0.9988231917524
-1648.0000000000000 0.9988118113180
-1632.0000000000000 0.9988002078698
-1616.0000000000000 0.9987883747889
-1600.0000000000000 0.9987763051911
-1584.0000000000000 0.9987639919133
-1568.0000000000000 0.9987514275020
-1552.0000000000000 0.9987386041956
-1536.0000000000000 0.9987255139090
-1520.0000000000000 0.9987121482179
-1504.0000000000000 0.9986984983394
-1488.0000000000000 0.9986845551127
-1472.0000000000000 0.9986703089799
-1456.0000000000000 0.9986557499617
-1440.0000000000000 0.9986408676369
-1424.0000000000000 0.9986256511424
-1408.0000000000000 0.9986100891765
-1392.0000000000000 0.9985941698348
-1376.0000000000000 0.9985778804791
-1360.0000000000000 0.9985612081391
-1344.0000000000000 0.9985441391694
-1328.0000000000000 0.9985266591745
-1312.0000000000000 0.9985087532004
-1296.0000000000000 0.9984904054529
-1280.0000000000000 0.9984715993045
-1264.0000000000000 0.9984523175567
-1248.0000000000000 0.9984325419188
-1232.0000000000000 0.9984122530704
-1216.0000000000000 0.9983914307408
-1200.0000000000000 0.9983700536059
-1184.0000000000000 0.9983480991903
-1168.0000000000000 0.9983255437866
-1152.0000000000000 0.9983023623712
-1136.0000000000000 0.9982785285116
-1120.0000000000000 0.9982540142668
-1104.0000000000000 0.9982287900671
-1088.0000000000000 0.9982028245532
-1072.0000000000000 0.9981760844531
-1056.0000000000000 0.9981485346403
-1040.0000000000000 0.9981201379749
-1024.0000000000000 0.9980908547125
-1008.0000000000000 0.9980606426686
-992.0000000000000 0.9980294570162
-976.0000000000000 0.9979972498367
-960.0000000000000 0.9979639701693
-944.0000000000000 0.9979295635539
-928.0000000000000 0.9978939715215
-912.0000000000000 0.9978571318074
-896.0000000000000 0.9978189778366
-880.0000000000000 0.9977794382228
-864.0000000000000 0.9977384361338
-848.0000000000000 0.9976958885924
-832.0000000000000 0.9976517065265
-816.0000000000000 0.9976057939486
-800.0000000000000 0.9975580470791
-784.0000000000000 0.9975083537447
-768.0000000000000 0.9974565924937
-752.0000000000000 0.9974026311679
-736.0000000000000 0.9973463265136
-720.0000000000000 0.9972875228098
-704.0000000000000 0.9972260501348
-688.0000000000000 0.9971617223295
-672.0000000000000 0.9970943357513
-656.0000000000000 0.9970236672540
-640.0000000000000 0.9969494712003
-624.0000000000000 0.9968714767678
-608.0000000000000 0.9967893837850
-592.0000000000000 0.9967028597133
-576.0000000000000 0.9966115358056
-560.0000000000000 0.9965150011357
-544.0000000000000 0.9964127976846
-528.0000000000000 0.9963044114979
-512.0000000000000 0.9961892648885
-496.0000000000000 0.9960667058176
-480.0000000000000 0.9959359928670
-464.0000000000000 0.9957962827340
-448.0000000000000 0.9956466136081
-432.0000000000000 0.9954858819128
-416.0000000000000 0.9953128149622
-400.0000000000000 0.9951259345326
-384.0000000000000 0.9949235178372
-368.0000000000000 0.9947035461316
-352.0000000000000 0.9944636322416
-336.0000000000000 0.9942009322141
-320.0000000000000 0.9939120540339
-312.0000000000000 0.9937565840354
-304.0000000000000 0.9935929169031
-304.0000000000000 0.9935929169031
-296.0000000000000 0.9934204971666
-288.0000000000000 0.9932384616521
-288.0000000000000 0.9932384616521
-280.0000000000000 0.9930461134225
-272.0000000000000 0.9928423982979
-272.0000000000000 0.9928423982979
-264.0000000000000 0.9926264846937
-256.0000000000000 0.9923970078872
-256.0000000000000 0.9923970078872
-248.0000000000000 0.9921529235702
-240.0000000000000 0.9918924389139
-240.0000000000000 0.9918924389139
-232.0000000000000 0.9916140436919
-224.0000000000000 0.9913158457883
-224.0000000000000 0.9913158457883
-216.0000000000000 0.9909956492697
-208.0000000000000 0.9906509546605
-208.0000000000000 0.9906509546605
-200.0000000000000 0.9902788476577
-192.0000000000000 0.9898759329211
-192.0000000000000 0.9898759329211
-184.0000000000000 0.9894380851588
-176.0000000000000 0.9889605380081
-176.0000000000000 0.9889605380081
-168.0000000000000 0.9884377449935
-164.0000000000000 0.9881573607850
-160.0000000000000 0.9878629649163
-160.0000000000000 0.9878629649163
-160.0000000000000 0.9878629649163
-156.0000000000000 0.9875536631024
-152.0000000000000 0.9872280786201
-152.0000000000000 0.9872280786201
-148.0000000000000 0.9868851056056
-144.0000000000000 0.9865230371954
-144.0000000000000 0.9865230371954
-144.0000000000000 0.9865230371954
-140.0000000000000 0.9861404939801
-136.0000000000000 0.9857353877335
-136.0000000000000 0.9857353877335
-132.0000000000000 0.9853060921086
-128.0000000000000 0.9848498420577
-128.0000000000000 0.9848498420577
-128.0000000000000 0.9848498420577
-124.0000000000000 0.9843643120067
-120.0000000000000 0.9838465571891
-120.0000000000000 0.9838465571891
-116.0000000000000 0.9832933639610
-112.0000000000000 0.9827009867478
-112.0000000000000 0.9827009867478
-112.0000000000000 0.9827009867478
-108.0000000000000 0.9820649035310
-104.0000000000000 0.9813800787060
-104.0000000000000 0.9813800787060
-100.0000000000000 0.9806408859306
-98.0000000000000 0.9802488582097
-96.0000000000000 0.9798405301777
-96.0000000000000 0.9798405301777
-96.0000000000000 0.9798405301777
-96.0000000000000 0.9798405301777
-94.0000000000000 0.9794149667115
-92.0000000000000 0.9789709349129
-92.0000000000000 0.9789709349129
-90.0000000000000 0.9785073947814
-88.0000000000000 0.9780228325011
-88.0000000000000 0.9780228325011
-88.0000000000000 0.9780228325011
-86.0000000000000 0.9775159952679
-84.0000000000000 0.9769850600459
-84.0000000000000 0.9769850600459
-82.0000000000000 0.9764285108649
-80.0000000000000 0.9758441737248
-80.0000000000000 0.9758441737248
-80.0000000000000 0.9758441737248
-80.0000000000000 0.9758441737248
-78.0000000000000 0.9752300530930
-76.0000000000000 0.9745840975971
-76.0000000000000 0.9745840975971
-74.0000000000000 0.9739040850436
-72.0000000000000 0.9731867858129
-72.0000000000000 0.9731867858129
-72.0000000000000 0.9731867858129
-70.0000000000000 0.9724265265532
-68.0000000000000 0.9716154081736
-68.0000000000000 0.9716154081736
-66.0000000000000 0.9707475950310
-64.0000000000000 0.9698247801513
-64.0000000000000 0.9698247801513
-64.0000000000000 0.9698247801513
-64.0000000000000 0.9698247801513
-62.0000000000000 0.9688528226747
-60.0000000000000 0.9678321980675
-60.0000000000000 0.9678321980675
-58.0000000000000 0.9667532103494
-56.0000000000000 0.9656010879382
-56.0000000000000 0.9656010879382
-56.0000000000000 0.9656010879382
-54.0000000000000 0.9643630794349
-52.0000000000000 0.9630306911676
-52.0000000000000 0.9630306911676
-50.0000000000000 0.9615959389642
-49.0000000000000 0.9608360651268
-48.0000000000000 0.9600452584458
-48.0000000000000 0.9600452584458
-48.0000000000000 0.9600452584458
-48.0000000000000 0.9600452584458
-48.0000000000000 0.9600452584458
-47.0000000000000 0.9592216742000
-46.0000000000000 0.9583630434933
-46.0000000000000 0.9583630434933
-45.0000000000000 0.9574674967172
-44.0000000000000 0.9565319912880
-44.0000000000000 0.9565319912880
-44.0000000000000 0.9565319912880
-43.0000000000000 0.9555540166934
-42.0000000000000 0.9545301071099
-42.0000000000000 0.9545301071099
-41.0000000000000 0.9534574762740
-40.0000000000000 0.9523315749926
-40.0000000000000 0.9523315749926
-40.0000000000000 0.9523315749926
-40.0000000000000 0.9523315749926
-39.0000000000000 0.9511484732278
-38.0000000000000 0.9499035272502
-38.0000000000000 0.9499035272502
-37.0000000000000 0.9485917280155
-36.0000000000000 0.9472072768739
-36.0000000000000 0.9472072768739
-36.0000000000000 0.9472072768739
-35.0000000000000 0.9457436748114
-34.0000000000000 0.9441939044966
-34.0000000000000 0.9441939044966
-33.0000000000000 0.9425498514728
-32.0000000000000 0.9408023567927
-32.0000000000000 0.9408023567927
-32.0000000000000 0.9408023567927
-32.0000000000000 0.9408023567927
-32.0000000000000 0.9408023567927
-31.0000000000000 0.9389416088354
-30.0000000000000 0.9369562334026
-30.0000000000000 0.9369562334026
-29.0000000000000 0.9348330034569
-28.5000000000000 0.9337153153104
-28.0000000000000 0.9325574906970
-28.0000000000000 0.9325574906970
-28.0000000000000 0.9325574906970
-28.0000000000000 0.9325574906970
-27.5000000000000 0.9313576300971
-27.0000000000000 0.9301131690168
-27.0000000000000 0.9301131690168
-26.5000000000000 0.9288218921697
-26.0000000000000 0.9274808524138
-26.0000000000000 0.9274808524138
-26.0000000000000 0.9274808524138
-25.5000000000000 0.9260874748450
-25.0000000000000 0.9246384274636
-25.0000000000000 0.9246384274636
-24.5000000000000 0.9231309499824
-24.0000000000000 0.9215607523596
-24.0000000000000 0.9215607523596
-24.0000000000000 0.9215607523596
-24.0000000000000 0.9215607523596
-24.0000000000000 0.9215607523596
-23.5000000000000 0.9199241678901
-23.0000000000000 0.9182165662774
-23.0000000000000 0.9182165662774
-22.5000000000000 0.9164339075496
-22.0000000000000 0.9145711836659
-22.0000000000000 0.9145711836659
-22.0000000000000 0.9145711836659
-21.5000000000000 0.9126224543008
-21.0000000000000 0.9105817292184
-21.0000000000000 0.9105817292184
-20.5000000000000 0.9084430173129
-20.0000000000000 0.9061986593899
-20.0000000000000 0.9061986593899
-20.0000000000000 0.9061986593899
-20.0000000000000 0.9061986593899
-19.5000000000000 0.9038407517311
-19.0000000000000 0.9013604652856
-19.0000000000000 0.9013604652856
-18.5000000000000 0.8987477994056
-18.0000000000000 0.8959921701683
-18.0000000000000 0.8959921701683
-18.0000000000000 0.8959921701683
-17.5000000000000 0.8930814783604
-17.0000000000000 0.8900024779591
-17.0000000000000 0.8900024779591
-16.5000000000000 0.8867400441726
-16.0000000000000 0.8832772346353
-16.0000000000000 0.8832772346353
-16.0000000000000 0.8832772346353
-16.0000000000000 0.8832772346353
-16.0000000000000 0.8832772346353
-16.0000000000000 0.8832772346353
-15.5000000000000 0.8795953456974
-15.0000000000000 0.8756726896162
-15.0000000000000 0.8756726896162
-14.5000000000000 0.8714851165320
-14.2500000000000 0.8692836528068
-14.0000000000000 0.8670050396845
-14.0000000000000 0.8670050396845
-14.0000000000000 0.8670050396845
-14.0000000000000 0.8670050396845
-13.7500000000000 0.8646455196317
-13.5000000000000 0.8622002714239
-13.5000000000000 0.8622002714239
-13.2500000000000 0.8596651033536
-13.0000000000000 0.8570343693357
-13.0000000000000 0.8570343693357
-13.0000000000000 0.8570343693357
-12.7500000000000 0.8543032379558
-12.5000000000000 0.8514650734938
-12.5000000000000 0.8514650734938
-12.2500000000000 0.8485141618871
-12.0000000000000 0.8454429067479
-12.0000000000000 0.8454429067479
-12.0000000000000 0.8454429067479
-12.0000000000000 0.8454429067479
-12.0000000000000 0.8454429067479
-11.7500000000000 0.8422444291453
-11.5000000000000 0.8389108626456
-11.5000000000000 0.8389108626456
-11.2500000000000 0.8354333888867
-11.0000000000000 0.8318023166838
-11.0000000000000 0.8318023166838
-11.0000000000000 0.8318023166838
-10.7500000000000 0.8280073442480
-10.5000000000000 0.8240372762321
-10.5000000000000 0.8240372762321
-10.2500000000000 0.8198796406975
-10.0000000000000 0.8155205408782
-10.0000000000000 0.8155205408782
-10.0000000000000 0.8155205408782
-10.0000000000000 0.8155205408782
-9.7500000000000 0.8109448001913
-9.5000000000000 0.8061356988714
-9.5000000000000 0.8061356988714
-9.2500000000000 0.8010749166510
-9.0000000000000 0.7957421998348
-9.0000000000000 0.7957421998348
-9.0000000000000 0.7957421998348
-8.7500000000000 0.7901147212887
-8.5000000000000 0.7841674277393
-8.5000000000000 0.7841674277393
-8.2500000000000 0.7778725104711
-8.0000000000000 0.7711979107637
-8.0000000000000 0.7711979107637
-8.0000000000000 0.7711979107637
-8.0000000000000 0.7711979107637
-8.0000000000000 0.7711979107637
-8.0000000000000 0.7711979107637
-7.7500000000000 0.7641081441661
-7.5000000000000 0.7565630716064
-7.5000000000000 0.7565630716064
-7.2500000000000 0.7485164350303
-7.0000000000000 0.7399153536291
-7.0000000000000 0.7399153536291
-7.0000000000000 0.7399153536291
-6.7500000000000 0.7307006068287
-6.5000000000000 0.7208070973315
-6.5000000000000 0.7208070973315
-6.2500000000000 0.7101886382562
-6.0000000000000 0.6988248122097
-6.0000000000000 0.6988248122097
-6.0000000000000 0.6988248122097
-6.0000000000000 0.6988248122097
-5.7500000000000 0.6866953768542
-5.5000000000000 0.6737894262617
-5.5000000000000 0.6737894262617
-5.2500000000000 0.6601044052259
-5.0000000000000 0.6456459067017
-5.0000000000000 0.6456459067017
-5.0000000000000 0.6456459067017
-4.7500000000000 0.6304348446883
-4.5000000000000 0.6145055007444
-4.5000000000000 0.6145055007444
-4.2500000000000 0.5979083289904
-4.0000000000000 0.5807178765026
-4.0000000000000 0.5807178765026
-4.0000000000000 0.5807178765026
-4.0000000000000 0.5807178765026
-4.0000000000000 0.5807178765026
-3.7500000000000 0.5630262518990
-3.5000000000000 0.5449549318309
-3.5000000000000 0.5449549318309
-3.2500000000000 0.5266496206889
-3.0000000000000 0.5082824287928
-3.0000000000000 0.5082824287928
-3.0000000000000 0.5082824287928
-2.7500000000000 0.4900515032974
-2.5000000000000 0.4721762748749
-2.5000000000000 0.4721762748749
-2.2500000000000 0.4548954604403
-2.0000000000000 0.4384616020422
-2.0000000000000 0.4384616020422
-2.0000000000000 0.4384616020422
-2.0000000000000 0.4384616020422
-1.7500000000000 0.4231332103451
-1.5000000000000 0.4091710255818
-1.5000000000000 0.4091710255818
-1.2500000000000 0.3968276752061
-1.0000000000000 0.3863429659486
-1.0000000000000 0.3863429659486
-1.0000000000000 0.3863429659486
-0.7500000000000 0.3779326656538
-0.5000000000000 0.3717803784639
-0.5000000000000 0.3717803784639
-0.2500000000000 0.3680289921180
0.0000000000000 0.3667682734119
0.0000000000000 0.3667682734119
0.0000000000000 0.3667682734119
0.0000000000000 0.3667682734119
0.0000000000000 0.3667682734119
0.0000000000000 0.3667682734119
0.0000000000000 0.3667682734119
0.2500000000000 0.3680289774114
0.5000000000000 0.3717803774236
0.5000000000000 0.3717803774236
0.7500000000000 0.3779326399836
1.0000000000000 0.3863429532206
1.0000000000000 0.3863429532206
1.0000000000000 0.3863429532206
1.2500000000000 0.3968276795403
1.5000000000000 0.4091710261299
1.5000000000000 0.4091710261299
1.7500000000000 0.4231331958806
2.0000000000000 0.4384615812608
2.0000000000000 0.4384615812608
2.0000000000000 0.4384615812608
2.0000000000000 0.4384615812608
2.2500000000000 0.4548954852264
2.5000000000000 0.4721762999417
2.5000000000000 0.4721762999417
2.7500000000000 0.4900515162504
3.0000000000000 0.5082824859321
3.0000000000000 0.5082824859321
3.0000000000000 0.5082824859321
3.2500000000000 0.5266497124041
3.5000000000000 0.5449550260556
3.5000000000000 0.5449550260556
3.7500000000000 0.5630263362277
4.0000000000000 0.5807178683390
4.0000000000000 0.5807178683390
4.0000000000000 0.5807178683390
4.0000000000000 0.5807178683390
4.0000000000000 0.5807178683390
4.2500000000000 0.5979082461989
4.5000000000000 0.6145053351732
4.5000000000000 0.6145053351732
4.7500000000000 0.6304346188360
5.0000000000000 0.6456456839257
5.0000000000000 0.6456456839257
5.0000000000000 0.6456456839257
5.2500000000000 0.6601042752671
5.5000000000000 0.6737893669531
5.5000000000000 0.6737893669531
5.7500000000000 0.6866953813849
6.0000000000000 0.6988249372636
6.0000000000000 0.6988249372636
6.0000000000000 0.6988249372636
6.0000000000000 0.6988249372636
6.2500000000000 0.7101887830403
6.5000000000000 0.7208072353846
6.5000000000000 0.7208072353846
6.7500000000000 0.7307006844519
7.0000000000000 0.7399153935878
7.0000000000000 0.7399153935878
7.0000000000000 0.7399153935878
7.2500000000000 0.7485164576916
7.5000000000000 0.7565630914063
7.5000000000000 0.7565630914063
7.7500000000000 0.7641081583393
8.0000000000000 0.7711979188274
8.0000000000000 0.7711979188274
8.0000000000000 0.7711979188274
8.0000000000000 0.7711979188274
8.0000000000000 0.7711979188274
8.0000000000000 0.7711979188274
8.2500000000000 0.7778725140892
8.5000000000000 0.7841674271650
8.5000000000000 0.7841674271650
8.7500000000000 0.7901147196425
9.0000000000000 0.7957421987972
9.0000000000000 0.7957421987972
9.0000000000000 0.7957421987972
9.2500000000000 0.8010749176599
9.5000000000000 0.8061357011450
9.5000000000000 0.8061357011450
9.7500000000000 0.8109448011923
10.0000000000000 0.8155205425718
10.0000000000000 0.8155205425718
10.0000000000000 0.8155205425718
10.0000000000000 0.8155205425718
10.2500000000000 0.8198796453045
10.5000000000000 0.8240372820267
10.5000000000000 0.8240372820267
10.7500000000000 0.8280073476663
11.0000000000000 0.8318023176243
11.0000000000000 0.8318023176243
11.0000000000000 0.8318023176243
11.2500000000000 0.8354333892688
11.5000000000000 0.8389108629110
11.5000000000000 0.8389108629110
11.7500000000000 0.8422444279692
12.0000000000000 0.8454429050324
12.0000000000000 0.8454429050324
12.0000000000000 0.8454429050324
12.0000000000000 0.8454429050324
12.0000000000000 0.8454429050324
12.2500000000000 0.8485141631076
12.5000000000000 0.8514650776244
12.5000000000000 0.8514650776244
12.7500000000000 0.8543032415898
13.0000000000000 0.8570343712780
13.0000000000000 0.8570343712780
13.0000000000000 0.8570343712780
13.2500000000000 0.8596651033944
13.5000000000000 0.8622002696534
13.5000000000000 0.8622002696534
13.7500000000000 0.8646455170420
14.0000000000000 0.8670050364476
14.0000000000000 0.8670050364476
14.0000000000000 0.8670050364476
14.0000000000000 0.8670050364476
14.2500000000000 0.8692836482772
14.5000000000000 0.8714851109590
15.0000000000000 0.8756726845710
15.0000000000000 0.8756726845710
15.5000000000000 0.8795953431354
16.0000000000000 0.8832772345448
16.0000000000000 0.8832772345448
16.0000000000000 0.8832772345448
16.0000000000000 0.8832772345448
16.0000000000000 0.8832772345448
16.0000000000000 0.8832772345448
16.5000000000000 0.8867400442767
17.0000000000000 0.8900024764864
17.0000000000000 0.8900024764864
17.5000000000000 0.8930814757647
18.0000000000000 0.8959921676678
18.0000000000000 0.8959921676678
18.0000000000000 0.8959921676678
18.5000000000000 0.8987477971116
19.0000000000000 0.9013604627646
19.0000000000000 0.9013604627646
19.5000000000000 0.9038407489267
20.0000000000000 0.9061986571199
20.0000000000000 0.9061986571199
20.0000000000000 0.9061986571199
20.0000000000000 0.9061986571199
20.5000000000000 0.9084430160924
21.0000000000000 0.9105817276460
21.0000000000000 0.9105817276460
21.5000000000000 0.9126224517392
22.0000000000000 0.9145711814711
22.0000000000000 0.9145711814711
22.0000000000000 0.9145711814711
22.5000000000000 0.9164339056696
23.0000000000000 0.9182165635458
23.0000000000000 0.9182165635458
23.5000000000000 0.9199241653739
24.0000000000000 0.9215607514598
24.0000000000000 0.9215607514598
24.0000000000000 0.9215607514598
24.0000000000000 0.9215607514598
24.0000000000000 0.9215607514598
24.5000000000000 0.9231309492957
25.0000000000000 0.9246384268469
25.0000000000000 0.9246384268469
25.5000000000000 0.9260874744701
26.0000000000000 0.9274808524825
26.0000000000000 0.9274808524825
26.0000000000000 0.9274808524825
26.5000000000000 0.9288218931919
27.0000000000000 0.9301131709837
27.0000000000000 0.9301131709837
27.5000000000000 0.9313576325472
28.0000000000000 0.9325574932779
28.0000000000000 0.9325574932779
28.0000000000000 0.9325574932779
28.0000000000000 0.9325574932779
28.5000000000000 0.9337153175108
29.0000000000000 0.9348330051163
30.0000000000000 0.9369562343913
30.0000000000000 0.9369562343913
31.0000000000000 0.9389416095160
32.0000000000000 0.9408023571141
32.0000000000000 0.9408023571141
32.0000000000000 0.9408023571141
32.0000000000000 0.9408023571141
32.0000000000000 0.9408023571141
33.0000000000000 0.9425498514599
34.0000000000000 0.9441939040531
34.0000000000000 0.9441939040531
35.0000000000000 0.9457436742037
36.0000000000000 0.9472072761790
36.0000000000000 0.9472072761790
36.0000000000000 0.9472072761790
37.0000000000000 0.9485917270110
38.0000000000000 0.9499035263384
38.0000000000000 0.9499035263384
39.0000000000000 0.9511484726749
40.0000000000000 0.9523315745749
40.0000000000000 0.9523315745749
40.0000000000000 0.9523315745749
40.0000000000000 0.9523315745749
41.0000000000000 0.9534574761305
42.0000000000000 0.9545301071194
42.0000000000000 0.9545301071194
43.0000000000000 0.9555540164622
44.0000000000000 0.9565319908220
44.0000000000000 0.9565319908220
44.0000000000000 0.9565319908220
45.0000000000000 0.9574674964498
46.0000000000000 0.9583630435033
46.0000000000000 0.9583630435033
47.0000000000000 0.9592216743318
48.0000000000000 0.9600452586129
48.0000000000000 0.9600452586129
48.0000000000000 0.9600452586129
48.0000000000000 0.9600452586129
48.0000000000000 0.9600452586129
49.0000000000000 0.9608360651997
50.0000000000000 0.9615959389159
52.0000000000000 0.9630306910613
52.0000000000000 0.9630306910613
54.0000000000000 0.9643630793837
56.0000000000000 0.9656010879272
56.0000000000000 0.9656010879272
56.0000000000000 0.9656010879272
58.0000000000000 0.9667532103496
60.0000000000000 0.9678321980683
60.0000000000000 0.9678321980683
62.0000000000000 0.9688528226749
64.0000000000000 0.9698247801513
64.0000000000000 0.9698247801513
64.0000000000000 0.9698247801513
64.0000000000000 0.9698247801513
66.0000000000000 0.9707475950310
68.0000000000000 0.9716154081736
68.0000000000000 0.9716154081736
70.0000000000000 0.9724265265531
72.0000000000000 0.9731867858129
72.0000000000000 0.9731867858129
72.0000000000000 0.9731867858129
74.0000000000000 0.9739040850436
76.0000000000000 0.9745840975971
76.0000000000000 0.9745840975971
78.0000000000000 0.9752300530930
80.0000000000000 0.9758441737248
80.0000000000000 0.9758441737248
80.0000000000000 0.9758441737248
80.0000000000000 0.9758441737248
82.0000000000000 0.9764285108649
84.0000000000000 0.9769850600459
84.0000000000000 0.9769850600459
86.0000000000000 0.9775159952679
88.0000000000000 0.9780228325011
88.0000000000000 0.9780228325011
88.0000000000000 0.9780228325011
90.0000000000000 0.9785073947814
92.0000000000000 0.9789709349129
92.0000000000000 0.9789709349129
94.0000000000000 0.9794149667115
96.0000000000000 0.9798405301777
96.0000000000000 0.9798405301777
96.0000000000000 0.9798405301777
96.0000000000000 0.9798405301777
98.0000000000000 0.9802488582097
100.0000000000000 0.9806408859306
104.0000000000000 0.9813800787060
104.0000000000000 0.9813800787060
108.0000000000000 0.9820649035310
112.0000000000000 0.9827009867478
112.0000000000000 0.9827009867478
112.0000000000000 0.9827009867478
116.0000000000000 0.9832933639610
120.0000000000000 0.9838465571891
120.0000000000000 0.9838465571891
124.0000000000000 0.9843643120067
128.0000000000000 0.9848498420577
128.0000000000000 0.9848498420577
128.0000000000000 0.9848498420577
132.0000000000000 0.9853060921086
136.0000000000000 0.9857353877335
136.0000000000000 0.9857353877335
140.0000000000000 0.9861404939801
144.0000000000000 0.9865230371954
144.0000000000000 0.9865230371954
144.0000000000000 0.9865230371954
148.0000000000000 0.9868851056056
152.0000000000000 0.9872280786201
152.0000000000000 0.9872280786201
156.0000000000000 0.9875536631024
160.0000000000000 0.9878629649163
160.0000000000000 0.9878629649163
160.0000000000000 0.9878629649163
164.0000000000000 0.9881573607850
168.0000000000000 0.9884377449935
176.0000000000000 0.9889605380081
176.0000000000000 0.9889605380081
184.0000000000000 0.9894380851588
192.0000000000000 0.9898759329211
192.0000000000000 0.9898759329211
200.0000000000000 0.9902788476577
208.0000000000000 0.9906509546605
208.0000000000000 0.9906509546605
216.0000000000000 0.9909956492697
224.0000000000000 0.9913158457883
224.0000000000000 0.9913158457883
232.0000000000000 0.9916140436919
240.0000000000000 0.9918924389139
240.0000000000000 0.9918924389139
248.0000000000000 0.9921529235702
256.0000000000000 0.9923970078872
256.0000000000000 0.9923970078872
264.0000000000000 0.9926264846937
272.0000000000000 0.9928423982979
272.0000000000000 0.9928423982979
280.0000000000000 0.9930461134225
288.0000000000000 0.9932384616521
288.0000000000000 0.9932384616521
296.0000000000000 0.9934204971666
304.0000000000000 0.9935929169031
304.0000000000000 0.9935929169031
312.0000000000000 0.9937565840354
320.0000000000000 0.9939120540339
336.0000000000000 0.9942009322141
352.0000000000000 0.9944636322416
368.0000000000000 0.9947035461316
384.0000000000000 0.9949235178372
400.0000000000000 0.9951259345326
416.0000000000000 0.9953128149622
432.0000000000000 0.9954858819128
448.0000000000000 0.9956466136081
464.0000000000000 0.9957962827340
480.0000000000000 0.9959359928670
496.0000000000000 0.9960667058176
512.0000000000000 0.9961892648885
528.0000000000000 0.9963044114979
544.0000000000000 0.9964127976846
560.0000000000000 0.9965150011357
576.0000000000000 0.9966115358056
592.0000000000000 0.9967028597133
608.0000000000000 0.9967893837850
624.0000000000000 0.9968714767678
640.0000000000000 0.9969494712003
656.0000000000000 0.9970236672540
672.0000000000000 0.9970943357513
688.0000000000000 0.9971617223295
704.0000000000000 0.9972260501348
720.0000000000000 0.9972875228098
736.0000000000000 0.9973463265136
752.0000000000000 0.9974026311679
768.0000000000000 0.9974565924937
784.0000000000000 0.9975083537447
800.0000000000000 0.9975580470791
816.0000000000000 0.9976057939486
832.0000000000000 0.9976517065265
848.0000000000000 0.9976958885924
864.0000000000000 0.9977384361338
880.0000000000000 0.9977794382228
896.0000000000000 0.9978189778366
912.0000000000000 0.9978571318074
928.0000000000000 0.9978939715215
944.0000000000000 0.9979295635539
960.0000000000000 0.9979639701693
976.0000000000000 0.9979972498367
992.0000000000000 0.9980294570162
1008.0000000000000 0.9980606426686
1024.0000000000000 0.9980908547125
1040.0000000000000 0.9981201379749
1056.0000000000000 0.9981485346403
1072.0000000000000 0.9981760844531
1088.0000000000000 0.9982028245532
1104.0000000000000 0.9982287900671
1120.0000000000000 0.9982540142668
1136.0000000000000 0.9982785285116
1152.0000000000000 0.9983023623712
1168.0000000000000 0.9983255437866
1184.0000000000000 0.9983480991903
1200.0000000000000 0.9983700536059
1216.0000000000000 0.9983914307408
1232.0000000000000 0.9984122530704
1248.0000000000000 0.9984325419188
1264.0000000000000 0.9984523175567
1280.0000000000000 0.9984715993045
1296.0000000000000 0.9984904054529
1312.0000000000000 0.9985087532004
1328.0000000000000 0.9985266591745
1344.0000000000000 0.9985441391694
1360.0000000000000 0.9985612081391
1376.0000000000000 0.9985778804791
1392.0000000000000 0.9985941698348
1408.0000000000000 0.9986100891765
1424.0000000000000 0.9986256511425
1440.0000000000000 0.9986408676369
1456.0000000000000 0.9986557499617
1472.0000000000000 0.9986703089799
1488.0000000000000 0.9986845551127
1504.0000000000000 0.9986984983394
1520.0000000000000 0.9987121482179
1536.0000000000000 0.9987255139090
1552.0000000000000 0.9987386041956
1568.0000000000000 0.9987514275020
1584.0000000000000 0.9987639919133
1600.0000000000000 0.9987763051911
1616.0000000000000 0.9987883747889
1632.0000000000000 0.9988002078698
1648.0000000000000 0.9988118113180
1664.0000000000000 0.9988231917524
1680.0000000000000 0.9988343555414
1696.0000000000000 0.9988453088128
1712.0000000000000 0.9988560574643
1728.0000000000000 0.9988666071772
1744.0000000000000 0.9988769634236
1760.0000000000000 0.9988871314758
1776.0000000000000 0.9988971164171
1792.0000000000000 0.9989069231503
1808.0000000000000 0.9989165564038
1824.0000000000000 0.9989260207393
1840.0000000000000 0.9989353205616
1856.0000000000000 0.9989444601227
1872.0000000000000 0.9989534435292
1888.0000000000000 0.9989622747446
1904.0000000000000 0.9989709575999
1920.0000000000000 0.9989794959450
1936.0000000000000 0.9989878940751
1952.0000000000000 0.9989961568904
1968.0000000000000 0.9990042892362
1984.0000000000000 0.9990122957580
