# x rho
-1984.0000000000000 0.0000000001000
-1968.0000000000000 0.0000000001000
-1952.0000000000000 0.0000000001000
-1936.0000000000000 0.0000000001000
-1920.0000000000000 0.0000000001000
-1904.0000000000000 0.0000000001000
-1888.0000000000000 0.0000000001000
-1872.0000000000000 0.0000000001000
-1856.0000000000000 0.0000000001000
-1840.0000000000000 0.0000000001000
-1824.0000000000000 0.0000000001000
-1808.0000000000000 0.0000000001000
-1792.0000000000000 0.0000000001000
-1776.0000000000000 0.0000000001000
-1760.0000000000000 0.0000000001000
-1744.0000000000000 0.0000000001000
-1728.0000000000000 0.0000000001000
-1712.0000000000000 0.0000000001000
-1696.0000000000000 0.0000000001000
-1680.0000000000000 0.0000000001000
-1664.0000000000000 0.0000000001000
-1648.0000000000000 0.0000000001000
-1632.0000000000000 0.0000000001000
-1616.0000000000000 0.0000000001000
-1600.0000000000000 0.0000000001000
-1584.0000000000000 0.0000000001000
-1568.0000000000000 0.0000000001000
-1552.0000000000000 0.0000000001000
-1536.0000000000000 0.0000000001000
-1520.0000000000000 0.0000000001000
-1504.0000000000000 0.0000000001000
-1488.0000000000000 0.0000000001000
-1472.0000000000000 0.0000000001000
-1456.0000000000000 0.0000000001000
-1440.0000000000000 0.0000000001000
-1424.0000000000000 0.0000000001000
-1408.0000000000000 0.0000000001000
-1392.0000000000000 0.0000000001000
-1376.0000000000000 0.0000000001000
-1360.0000000000000 0.0000000001000
-1344.0000000000000 0.0000000001000
-1328.0000000000000 0.0000000001000
-1312.0000000000000 0.0000000001000
-1296.0000000000000 0.0000000001000
-1280.0000000000000 0.0000000001000
-1264.0000000000000 0.0000000001000
-1248.0000000000000 0.0000000001000
-1232.0000000000000 0.0000000001000
-1216.0000000000000 0.0000000001000
-1200.0000000000000 0.0000000001000
-1184.0000000000000 0.0000000001000
-1168.0000000000000 0.0000000001000
-1152.0000000000000 0.0000000001000
-1136.0000000000000 0.0000000001000
-1120.0000000000000 0.0000000001000
-1104.0000000000000 0.0000000001000
-1088.0000000000000 0.0000000001000
-1072.0000000000000 0.0000000001000
-1056.0000000000000 0.0000000001000
-1040.0000000000000 0.0000000001000
-1024.0000000000000 0.0000000001000
-1008.0000000000000 0.0000000001000
-992.0000000000000 0.0000000001000
-976.0000000000000 0.0000000001000
-960.0000000000000 0.0000000001000
-944.0000000000000 0.0000000001000
-928.0000000000000 0.0000000001000
-912.0000000000000 0.0000000001000
-896.0000000000000 0.0000000001000
-880.0000000000000 0.0000000001000
-864.0000000000000 0.0000000001000
-848.0000000000000 0.0000000001000
-832.0000000000000 0.0000000001000
-816.0000000000000 0.0000000001000
-800.0000000000000 0.0000000001000
-784.0000000000000 0.0000000001000
-768.0000000000000 0.0000000001000
-752.0000000000000 0.0000000001000
-736.0000000000000 0.0000000001000
-720.0000000000000 0.0000000001000
-704.0000000000000 0.0000000001000
-688.0000000000000 0.0000000001000
-672.0000000000000 0.0000000001000
-656.0000000000000 0.0000000001000
-640.0000000000000 0.0000000001000
-624.0000000000000 0.0000000001000
-608.0000000000000 0.0000000001000
-592.0000000000000 0.0000000001000
-576.0000000000000 0.0000000001000
-560.0000000000000 0.0000000001001
-544.0000000000000 0.0000000001000
-528.0000000000000 0.0000000001000
-512.0000000000000 0.0000000001001
-496.0000000000000 0.0000000001000
-480.0000000000000 0.0000000001001
-464.0000000000000 0.0000000001000
-448.0000000000000 0.0000000001000
-432.0000000000000 0.0000000001001
-416.0000000000000 0.0000000001000
-400.0000000000000 0.0000000001000
-384.0000000000000 0.0000000001001
-368.0000000000000 0.0000000001000
-352.0000000000000 0.0000000001001
-336.0000000000000 0.0000000001000
-320.0000000000000 0.0000000001000
-312.0000000000000 0.0000000001001
-304.0000000000000 0.0000000001002
-304.0000000000000 0.0000000001002
-296.0000000000000 0.0000000001001
-288.0000000000000 0.0000000001000
-288.0000000000000 0.0000000001000
-280.0000000000000 0.0000000001001
-272.0000000000000 0.0000000001002
-272.0000000000000 0.0000000001002
-264.0000000000000 0.0000000001002
-256.0000000000000 0.0000000001002
-256.0000000000000 0.0000000001002
-248.0000000000000 0.0000000001001
-240.0000000000000 0.0000000001000
-240.0000000000000 0.0000000001000
-232.0000000000000 0.0000000001003
-224.0000000000000 0.0000000001011
-224.0000000000000 0.0000000001011
-216.0000000000000 0.0000000001003
-208.0000000000000 0.0000000001000
-208.0000000000000 0.0000000001000
-200.0000000000000 0.0000000001008
-192.0000000000000 0.0000000001000
-192.0000000000000 0.0000000001000
-184.0000000000000 0.0000000001000
-176.0000000000000 0.0000000001011
-176.0000000000000 0.0000000001011
-168.0000000000000 0.0000000001000
-164.0000000000000 0.0000000001006
-160.0000000000000 0.0000000001012
-160.0000000000000 0.0000000001012
-160.0000000000000 0.0000000001012
-156.0000000000000 0.0000000001006
-152.0000000000000 0.0000000001000
-152.0000000000000 0.0000000001000
-148.0000000000000 0.0000000001003
-144.0000000000000 0.0000000001006
-144.0000000000000 0.0000000001006
-144.0000000000000 0.0000000001006
-140.0000000000000 0.0000000001009
-136.0000000000000 0.0000000001012
-136.0000000000000 0.0000000001012
-132.0000000000000 0.0000000001007
-128.0000000000000 0.0000000001002
-128.0000000000000 0.0000000001002
-128.0000000000000 0.0000000001002
-124.0000000000000 0.0000000001008
-120.0000000000000 0.0000000001000
-120.0000000000000 0.0000000001000
-116.0000000000000 0.0000000001016
-112.0000000000000 0.0000000001061
-112.0000000000000 0.0000000001061
-112.0000000000000 0.0000000001061
-108.0000000000000 0.0000000001010
-104.0000000000000 0.0000000001000
-104.0000000000000 0.0000000001000
-100.0000000000000 0.0000000001016
-98.0000000000000 0.0000000001042
-96.0000000000000 0.0000000001067
-96.0000000000000 0.0000000001067
-96.0000000000000 0.0000000001067
-96.0000000000000 0.0000000001067
-94.0000000000000 0.0000000001040
-92.0000000000000 0.0000000001013
-92.0000000000000 0.0000000001013
-90.0000000000000 0.0000000001006
-88.0000000000000 0.0000000001000
-88.0000000000000 0.0000000001000
-88.0000000000000 0.0000000001000
-86.0000000000000 0.0000000001028
-84.0000000000000 0.0000000001055
-84.0000000000000 0.0000000001055
-82.0000000000000 0.0000000001077
-80.0000000000000 0.0000000001095
-80.0000000000000 0.0000000001095
-80.0000000000000 0.0000000001095
-80.0000000000000 0.0000000001095
-78.0000000000000 0.0000000001009
-76.0000000000000 0.0000000001000
-76.0000000000000 0.0000000001000
-74.0000000000000 0.0000000001261
-72.0000000000000 0.0000000001088
-72.0000000000000 0.0000000001088
-72.0000000000000 0.0000000001088
-70.0000000000000 0.0000000001000
-68.0000000000000 0.0000000001188
-68.0000000000000 0.0000000001188
-66.0000000000000 0.0000000001167
-64.0000000000000 0.0000000001000
-64.0000000000000 0.0000000001000
-64.0000000000000 0.0000000001000
-64.0000000000000 0.0000000001000
-62.0000000000000 0.0000000001177
-60.0000000000000 0.0000000001125
-60.0000000000000 0.0000000001125
-58.0000000000000 0.0000000001000
-56.0000000000000 0.0000000001248
-56.0000000000000 0.0000000001248
-56.0000000000000 0.0000000001248
-54.0000000000000 0.0000000001100
-52.0000000000000 0.0000000001000
-52.0000000000000 0.0000000001000
-50.0000000000000 0.0000000001336
-49.0000000000000 0.0000000001242
-48.0000000000000 0.0000000001148
-48.0000000000000 0.0000000001148
-48.0000000000000 0.0000000001148
-48.0000000000000 0.0000000001148
-48.0000000000000 0.0000000001148
-47.0000000000000 0.0000000001069
-46.0000000000000 0.0000000001000
-46.0000000000000 0.0000000001000
-45.0000000000000 0.0000000001153
-44.0000000000000 0.0000000001304
-44.0000000000000 0.0000000001304
-44.0000000000000 0.0000000001304
-43.0000000000000 0.0000000001303
-42.0000000000000 0.0000000001302
-42.0000000000000 0.0000000001302
-41.0000000000000 0.0000000001191
-40.0000000000000 0.0000000001082
-40.0000000000000 0.0000000001082
-40.0000000000000 0.0000000001082
-40.0000000000000 0.0000000001082
-39.0000000000000 0.0000000001051
-38.0000000000000 0.0000000001140
-38.0000000000000 0.0000000001140
-37.0000000000000 0.0000000001016
-36.0000000000000 0.0000000001000
-36.0000000000000 0.0000000001000
-36.0000000000000 0.0000000001000
-35.0000000000000 0.0000000002185
-34.0000000000000 0.0000000002335
-34.0000000000000 0.0000000002335
-33.0000000000000 0.0000000001011
-32.0000000000000 0.0000000001000
-32.0000000000000 0.0000000001000
-32.0000000000000 0.0000000001000
-32.0000000000000 0.0000000001000
-32.0000000000000 0.0000000001000
-31.0000000000000 0.0000000002333
-30.0000000000000 0.0000000001330
-30.0000000000000 0.0000000001330
-29.0000000000000 0.0000000001000
-28.5000000000000 0.0000000001506
-28.0000000000000 0.0000000002006
-28.0000000000000 0.0000000002006
-28.0000000000000 0.0000000002006
-28.0000000000000 0.0000000002006
-27.5000000000000 0.0000000002208
-27.0000000000000 0.0000000002207
-27.0000000000000 0.0000000002207
-26.5000000000000 0.0000000001637
-26.0000000000000 0.0000000001071
-26.0000000000000 0.0000000001071
-26.0000000000000 0.0000000001071
-25.5000000000000 0.0000000001035
-25.0000000000000 0.0000000001000
-25.0000000000000 0.0000000001000
-24.5000000000000 0.0000000001058
-24.0000000000000 0.0000000001176
-24.0000000000000 0.0000000001176
-24.0000000000000 0.0000000001176
-24.0000000000000 0.0000000001176
-24.0000000000000 0.0000000001176
-23.5000000000000 0.0000000001590
-23.0000000000000 0.0000000002029
-23.0000000000000 0.0000000002029
-22.5000000000000 0.0000000002438
-22.0000000000000 0.0000000002401
-22.0000000000000 0.0000000002401
-22.0000000000000 0.0000000002401
-21.5000000000000 0.0000000002353
-21.0000000000000 0.0000000001988
-21.0000000000000 0.0000000001988
-20.5000000000000 0.0000000001414
-20.0000000000000 0.0000000001074
-20.0000000000000 0.0000000001074
-20.0000000000000 0.0000000001074
-20.0000000000000 0.0000000001074
-19.5000000000000 0.0000000001000
-19.0000000000000 0.0000000001136
-19.0000000000000 0.0000000001136
-18.5000000000000 0.0000000002078
-18.0000000000000 0.0000000002104
-18.0000000000000 0.0000000002104
-18.0000000000000 0.0000000002104
-17.5000000000000 0.0000000001461
-17.0000000000000 0.0000000002461
-17.0000000000000 0.0000000002461
-16.5000000000000 0.0000000006981
-16.0000000000000 0.0000000004741
-16.0000000000000 0.0000000004741
-16.0000000000000 0.0000000004741
-16.0000000000000 0.0000000004741
-16.0000000000000 0.0000000004741
-16.0000000000000 0.0000000004741
-15.5000000000000 0.0000000001389
-15.0000000000000 0.0000000001000
-15.0000000000000 0.0000000001000
-14.5000000000000 0.0000000001111
-14.2500000000000 0.0000000002439
-14.0000000000000 0.0000000003786
-14.0000000000000 0.0000000003786
-14.0000000000000 0.0000000003786
-14.0000000000000 0.0000000003786
-13.7500000000000 0.0000000005189
-13.5000000000000 0.0000000006585
-13.5000000000000 0.0000000006585
-13.2500000000000 0.0000000004916
-13.0000000000000 0.0000000003263
-13.0000000000000 0.0000000003263
-13.0000000000000 0.0000000003263
-12.7500000000000 0.0000000002069
-12.5000000000000 0.0000000001197
-12.5000000000000 0.0000000001197
-12.2500000000000 0.0000000001144
-12.0000000000000 0.0000000001123
-12.0000000000000 0.0000000001123
-12.0000000000000 0.0000000001123
-12.0000000000000 0.0000000001123
-12.0000000000000 0.0000000001123
-11.7500000000000 0.0000000001140
-11.5000000000000 0.0000000001176
-11.5000000000000 0.0000000001176
-11.2500000000000 0.0000000001244
-11.0000000000000 0.0000000001154
-11.0000000000000 0.0000000001154
-11.0000000000000 0.0000000001154
-10.7500000000000 0.0000000001016
-10.5000000000000 0.0000000001000
-10.5000000000000 0.0000000001000
-10.2500000000000 0.0000000001828
-10.0000000000000 0.0000000008016
-10.0000000000000 0.0000000008016
-10.0000000000000 0.0000000008016
-10.0000000000000 0.0000000008016
-9.7500000000000 0.0000000012466
-9.5000000000000 0.0000000009618
-9.5000000000000 0.0000000009618
-9.2500000000000 0.0000000004593
-9.0000000000000 0.0000000002461
-9.0000000000000 0.0000000002461
-9.0000000000000 0.0000000002461
-8.7500000000000 0.0000000002208
-8.5000000000000 0.0000000002026
-8.5000000000000 0.0000000002026
-8.2500000000000 0.0000000001953
-8.0000000000000 0.0000000001787
-8.0000000000000 0.0000000001787
-8.0000000000000 0.0000000001787
-8.0000000000000 0.0000000001787
-8.0000000000000 0.0000000001787
-8.0000000000000 0.0000000001787
-7.7500000000000 0.0000000001665
-7.5000000000000 0.0000000001621
-7.5000000000000 0.0000000001621
-7.2500000000000 0.0000000002031
-7.0000000000000 0.0000000001864
-7.0000000000000 0.0000000001864
-7.0000000000000 0.0000000001864
-6.7500000000000 0.0000000001000
-6.5000000000000 0.0000000004955
-6.5000000000000 0.0000000004955
-6.2500000000000 0.0000000922076
-6.0000000000000 0.0000038969182
-6.0000000000000 0.0000038969182
-6.0000000000000 0.0000038969182
-6.0000000000000 0.0000038969182
-5.7500000000000 0.0000262299670
-5.5000000000000 0.0000667129324
-5.5000000000000 0.0000667129324
-5.2500000000000 0.0001189240181
-5.0000000000000 0.0001845043248
-5.0000000000000 0.0001845043248
-5.0000000000000 0.0001845043248
-4.7500000000000 0.0002595897152
-4.5000000000000 0.0003476933165
-4.5000000000000 0.0003476933165
-4.2500000000000 0.0004527514858
-4.0000000000000 0.0005762962718
-4.0000000000000 0.0005762962718
-4.0000000000000 0.0005762962718
-4.0000000000000 0.0005762962718
-4.0000000000000 0.0005762962718
-3.7500000000000 0.0007211397493
-3.5000000000000 0.0008894714342
-3.5000000000000 0.0008894714342
-3.2500000000000 0.0010856869040
-3.0000000000000 0.0013127671636
-3.0000000000000 0.0013127671636
-3.0000000000000 0.0013127671636
-2.7500000000000 0.0015756878427
-2.5000000000000 0.0018772510014
-2.5000000000000 0.0018772510014
-2.2500000000000 0.0022232019121
-2.0000000000000 0.0026173815297
-2.0000000000000 0.0026173815297
-2.0000000000000 0.0026173815297
-2.0000000000000 0.0026173815297
-1.7500000000000 0.0030604245101
-1.5000000000000 0.0035497959621
-1.5000000000000 0.0035497959621
-1.2500000000000 0.0040764515904
-1.0000000000000 0.0046175760531
-1.0000000000000 0.0046175760531
-1.0000000000000 0.0046175760531
-0.7500000000000 0.0051385257918
-0.5000000000000 0.0055840836584
-0.5000000000000 0.0055840836584
-0.2500000000000 0.0058892689529
0.0000000000000 0.0059986560277
0.0000000000000 0.0059986560277
0.0000000000000 0.0059986560277
0.0000000000000 0.0059986560277
0.0000000000000 0.0059986560277
0.0000000000000 0.0059986560277
0.0000000000000 0.0059986560277
0.2500000000000 0.0058893348932
0.5000000000000 0.0055840660861
0.5000000000000 0.0055840660861
0.7500000000000 0.0051383391305
1.0000000000000 0.0046175396135
1.0000000000000 0.0046175396135
1.0000000000000 0.0046175396135
1.2500000000000 0.0040765153471
1.5000000000000 0.0035500084553
1.5000000000000 0.0035500084553
1.7500000000000 0.0030603814673
2.0000000000000 0.0026173231835
2.0000000000000 0.0026173231835
2.0000000000000 0.0026173231835
2.0000000000000 0.0026173231835
2.2500000000000 0.0022230799956
2.5000000000000 0.0018770665827
2.5000000000000 0.0018770665827
2.7500000000000 0.0015756105694
3.0000000000000 0.0013126237345
3.0000000000000 0.0013126237345
3.0000000000000 0.0013126237345
3.2500000000000 0.0010858091088
3.5000000000000 0.0008892371547
3.5000000000000 0.0008892371547
3.7500000000000 0.0007211347160
4.0000000000000 0.0005763393102
4.0000000000000 0.0005763393102
4.0000000000000 0.0005763393102
4.0000000000000 0.0005763393102
4.0000000000000 0.0005763393102
4.2500000000000 0.0004530642283
4.5000000000000 0.0003478831326
4.5000000000000 0.0003478831326
4.7500000000000 0.0002599185573
5.0000000000000 0.0001844358817
5.0000000000000 0.0001844358817
5.0000000000000 0.0001844358817
5.2500000000000 0.0001187140872
5.5000000000000 0.0000669225845
5.5000000000000 0.0000669225845
5.7500000000000 0.0000267006495
6.0000000000000 0.0000037839339
6.0000000000000 0.0000037839339
6.0000000000000 0.0000037839339
6.0000000000000 0.0000037839339
6.2500000000000 0.0000000787447
6.5000000000000 0.0000000004291
6.5000000000000 0.0000000004291
6.7500000000000 0.0000000001000
7.0000000000000 0.0000000001682
7.0000000000000 0.0000000001682
7.0000000000000 0.0000000001682
7.2500000000000 0.0000000002073
7.5000000000000 0.0000000001615
7.5000000000000 0.0000000001615
7.7500000000000 0.0000000001661
8.0000000000000 0.0000000001794
8.0000000000000 0.0000000001794
8.0000000000000 0.0000000001794
8.0000000000000 0.0000000001794
8.0000000000000 0.0000000001794
8.0000000000000 0.0000000001794
8.2500000000000 0.0000000001969
8.5000000000000 0.0000000002021
8.5000000000000 0.0000000002021
8.7500000000000 0.0000000002149
9.0000000000000 0.0000000002551
9.0000000000000 0.0000000002551
9.0000000000000 0.0000000002551
9.2500000000000 0.0000000004619
9.5000000000000 0.0000000009726
9.5000000000000 0.0000000009726
9.7500000000000 0.0000000012606
10.0000000000000 0.0000000008007
10.0000000000000 0.0000000008007
10.0000000000000 0.0000000008007
10.0000000000000 0.0000000008007
10.2500000000000 0.0000000001776
10.5000000000000 0.0000000001000
10.5000000000000 0.0000000001000
10.7500000000000 0.0000000001017
11.0000000000000 0.0000000001173
11.0000000000000 0.0000000001173
11.0000000000000 0.0000000001173
11.2500000000000 0.0000000001209
11.5000000000000 0.0000000001159
11.5000000000000 0.0000000001159
11.7500000000000 0.0000000001147
12.0000000000000 0.0000000001137
12.0000000000000 0.0000000001137
12.0000000000000 0.0000000001137
12.0000000000000 0.0000000001137
12.0000000000000 0.0000000001137
12.2500000000000 0.0000000001156
12.5000000000000 0.0000000001196
12.5000000000000 0.0000000001196
12.7500000000000 0.0000000002061
13.0000000000000 0.0000000003253
13.0000000000000 0.0000000003253
13.0000000000000 0.0000000003253
13.2500000000000 0.0000000004913
13.5000000000000 0.0000000006589
13.5000000000000 0.0000000006589
13.7500000000000 0.0000000005193
14.0000000000000 0.0000000003788
14.0000000000000 0.0000000003788
14.0000000000000 0.0000000003788
14.0000000000000 0.0000000003788
14.2500000000000 0.0000000002441
14.5000000000000 0.0000000001111
15.0000000000000 0.0000000001000
15.0000000000000 0.0000000001000
15.5000000000000 0.0000000001391
16.0000000000000 0.0000000004743
16.0000000000000 0.0000000004743
16.0000000000000 0.0000000004743
16.0000000000000 0.0000000004743
16.0000000000000 0.0000000004743
16.0000000000000 0.0000000004743
16.5000000000000 0.0000000006980
17.0000000000000 0.0000000002462
17.0000000000000 0.0000000002462
17.5000000000000 0.0000000001461
18.0000000000000 0.0000000002104
18.0000000000000 0.0000000002104
18.0000000000000 0.0000000002104
18.5000000000000 0.0000000002079
19.0000000000000 0.0000000001136
19.0000000000000 0.0000000001136
19.5000000000000 0.0000000001000
20.0000000000000 0.0000000001074
20.0000000000000 0.0000000001074
20.0000000000000 0.0000000001074
20.0000000000000 0.0000000001074
20.5000000000000 0.0000000001414
21.0000000000000 0.0000000001988
21.0000000000000 0.0000000001988
21.5000000000000 0.0000000002353
22.0000000000000 0.0000000002401
22.0000000000000 0.0000000002401
22.0000000000000 0.0000000002401
22.5000000000000 0.0000000002438
23.0000000000000 0.0000000002029
23.0000000000000 0.0000000002029
23.5000000000000 0.0000000001590
24.0000000000000 0.0000000001176
24.0000000000000 0.0000000001176
24.0000000000000 0.0000000001176
24.0000000000000 0.0000000001176
24.0000000000000 0.0000000001176
24.5000000000000 0.0000000001058
25.0000000000000 0.0000000001000
25.0000000000000 0.0000000001000
25.5000000000000 0.0000000001035
26.0000000000000 0.0000000001071
26.0000000000000 0.0000000001071
26.0000000000000 0.0000000001071
26.5000000000000 0.0000000001637
27.0000000000000 0.0000000002207
27.0000000000000 0.0000000002207
27.5000000000000 0.0000000002208
28.0000000000000 0.0000000002006
28.0000000000000 0.0000000002006
28.0000000000000 0.0000000002006
28.0000000000000 0.0000000002006
28.5000000000000 0.0000000001506
29.0000000000000 0.0000000001000
30.0000000000000 0.0000000001330
30.0000000000000 0.0000000001330
31.0000000000000 0.0000000002333
32.0000000000000 0.0000000001000
32.0000000000000 0.0000000001000
32.0000000000000 0.0000000001000
32.0000000000000 0.0000000001000
32.0000000000000 0.0000000001000
33.0000000000000 0.0000000001011
34.0000000000000 0.0000000002335
34.0000000000000 0.0000000002335
35.0000000000000 0.0000000002185
36.0000000000000 0.0000000001000
36.0000000000000 0.0000000001000
36.0000000000000 0.0000000001000
37.0000000000000 0.0000000001016
38.0000000000000 0.0000000001140
38.0000000000000 0.0000000001140
39.0000000000000 0.0000000001051
40.0000000000000 0.0000000001082
40.0000000000000 0.0000000001082
40.0000000000000 0.0000000001082
40.0000000000000 0.0000000001082
41.0000000000000 0.0000000001191
42.0000000000000 0.0000000001302
42.0000000000000 0.0000000001302
43.0000000000000 0.0000000001303
44.0000000000000 0.0000000001304
44.0000000000000 0.0000000001304
44.0000000000000 0.0000000001304
45.0000000000000 0.0000000001153
46.0000000000000 0.0000000001000
46.0000000000000 0.0000000001000
47.0000000000000 0.0000000001069
48.0000000000000 0.0000000001148
48.0000000000000 0.0000000001148
48.0000000000000 0.0000000001148
48.0000000000000 0.0000000001148
48.0000000000000 0.0000000001148
49.0000000000000 0.0000000001242
50.0000000000000 0.0000000001336
52.0000000000000 0.0000000001000
52.0000000000000 0.0000000001000
54.0000000000000 0.0000000001100
56.0000000000000 0.0000000001248
56.0000000000000 0.0000000001248
56.0000000000000 0.0000000001248
58.0000000000000 0.0000000001000
60.0000000000000 0.0000000001125
60.0000000000000 0.0000000001125
62.0000000000000 0.0000000001177
64.0000000000000 0.0000000001000
64.0000000000000 0.0000000001000
64.0000000000000 0.0000000001000
64.0000000000000 0.0000000001000
66.0000000000000 0.0000000001167
68.0000000000000 0.0000000001188
68.0000000000000 0.0000000001188
70.0000000000000 0.0000000001000
72.0000000000000 0.0000000001088
72.0000000000000 0.0000000001088
72.0000000000000 0.0000000001088
74.0000000000000 0.0000000001261
76.0000000000000 0.0000000001000
76.0000000000000 0.0000000001000
78.0000000000000 0.0000000001009
80.0000000000000 0.0000000001095
80.0000000000000 0.0000000001095
80.0000000000000 0.0000000001095
80.0000000000000 0.0000000001095
82.0000000000000 0.0000000001077
84.0000000000000 0.0000000001055
84.0000000000000 0.0000000001055
86.0000000000000 0.0000000001028
88.0000000000000 0.0000000001000
88.0000000000000 0.0000000001000
88.0000000000000 0.0000000001000
90.0000000000000 0.0000000001006
92.0000000000000 0.0000000001013
92.0000000000000 0.0000000001013
94.0000000000000 0.0000000001040
96.0000000000000 0.0000000001067
96.0000000000000 0.0000000001067
96.0000000000000 0.0000000001067
96.0000000000000 0.0000000001067
98.0000000000000 0.0000000001042
100.0000000000000 0.0000000001016
104.0000000000000 0.0000000001000
104.0000000000000 0.0000000001000
108.0000000000000 0.0000000001010
112.0000000000000 0.0000000001061
112.0000000000000 0.0000000001061
112.0000000000000 0.0000000001061
116.0000000000000 0.0000000001016
120.0000000000000 0.0000000001000
120.0000000000000 0.0000000001000
124.0000000000000 0.0000000001008
128.0000000000000 0.0000000001002
128.0000000000000 0.0000000001002
128.0000000000000 0.0000000001002
132.0000000000000 0.0000000001007
136.0000000000000 0.0000000001012
136.0000000000000 0.0000000001012
140.0000000000000 0.0000000001009
144.0000000000000 0.0000000001006
144.0000000000000 0.0000000001006
144.0000000000000 0.0000000001006
148.0000000000000 0.0000000001003
152.0000000000000 0.0000000001000
152.0000000000000 0.0000000001000
156.0000000000000 0.0000000001006
160.0000000000000 0.0000000001012
160.0000000000000 0.0000000001012
160.0000000000000 0.0000000001012
164.0000000000000 0.0000000001006
168.0000000000000 0.0000000001000
176.0000000000000 0.0000000001011
176.0000000000000 0.0000000001011
184.0000000000000 0.0000000001000
192.0000000000000 0.0000000001000
192.0000000000000 0.0000000001000
200.0000000000000 0.0000000001008
208.0000000000000 0.0000000001000
208.0000000000000 0.0000000001000
216.0000000000000 0.0000000001003
224.0000000000000 0.0000000001011
224.0000000000000 0.0000000001011
232.0000000000000 0.0000000001003
240.0000000000000 0.0000000001000
240.0000000000000 0.0000000001000
248.0000000000000 0.0000000001001
256.0000000000000 0.0000000001002
256.0000000000000 0.0000000001002
264.0000000000000 0.0000000001002
272.0000000000000 0.0000000001002
272.0000000000000 0.0000000001002
280.0000000000000 0.0000000001001
288.0000000000000 0.0000000001000
288.0000000000000 0.0000000001000
296.0000000000000 0.0000000001001
304.0000000000000 0.0000000001002
304.0000000000000 0.0000000001002
312.0000000000000 0.0000000001001
320.0000000000000 0.0000000001000
336.0000000000000 0.0000000001000
352.0000000000000 0.0000000001001
368.0000000000000 0.0000000001000
384.0000000000000 0.0000000001001
400.0000000000000 0.0000000001000
416.0000000000000 0.0000000001000
432.0000000000000 0.0000000001001
448.0000000000000 0.0000000001000
464.0000000000000 0.0000000001000
480.0000000000000 0.0000000001001
496.0000000000000 0.0000000001000
512.0000000000000 0.0000000001001
528.0000000000000 0.0000000001000
544.0000000000000 0.0000000001000
560.0000000000000 0.0000000001001
576.0000000000000 0.0000000001000
592.0000000000000 0.0000000001000
608.0000000000000 0.0000000001000
624.0000000000000 0.0000000001000
640.0000000000000 0.0000000001000
656.0000000000000 0.0000000001000
672.0000000000000 0.0000000001000
688.0000000000000 0.0000000001000
704.0000000000000 0.0000000001000
720.0000000000000 0.0000000001000
736.0000000000000 0.0000000001000
752.0000000000000 0.0000000001000
768.0000000000000 0.0000000001000
784.0000000000000 0.0000000001000
800.0000000000000 0.0000000001000
816.0000000000000 0.0000000001000
832.0000000000000 0.0000000001000
848.0000000000000 0.0000000001000
864.0000000000000 0.0000000001000
880.0000000000000 0.0000000001000
896.0000000000000 0.0000000001000
912.0000000000000 0.0000000001000
928.0000000000000 0.0000000001000
944.0000000000000 0.0000000001000
960.0000000000000 0.0000000001000
976.0000000000000 0.0000000001000
992.0000000000000 0.0000000001000
1008.0000000000000 0.0000000001000
1024.0000000000000 0.0000000001000
1040.0000000000000 0.0000000001000
1056.0000000000000 0.0000000001000
1072.0000000000000 0.0000000001000
1088.0000000000000 0.0000000001000
1104.0000000000000 0.0000000001000
1120.0000000000000 0.0000000001000
1136.0000000000000 0.0000000001000
1152.0000000000000 0.0000000001000
1168.0000000000000 0.0000000001000
1184.0000000000000 0.0000000001000
1200.0000000000000 0.0000000001000
1216.0000000000000 0.0000000001000
1232.0000000000000 0.0000000001000
1248.0000000000000 0.0000000001000
1264.0000000000000 0.0000000001000
1280.0000000000000 0.0000000001000
1296.0000000000000 0.0000000001000
1312.0000000000000 0.0000000001000
1328.0000000000000 0.0000000001000
1344.0000000000000 0.0000000001000
1360.0000000000000 0.0000000001000
1376.0000000000000 0.0000000001000
1392.0000000000000 0.0000000001000
1408.0000000000000 0.0000000001000
1424.0000000000000 0.0000000001000
1440.0000000000000 0.0000000001000
1456.0000000000000 0.0000000001000
1472.0000000000000 0.0000000001000
1488.0000000000000 0.0000000001000
1504.0000000000000 0.0000000001000
1520.0000000000000 0.0000000001000
1536.0000000000000 0.0000000001000
1552.0000000000000 0.0000000001000
1568.0000000000000 0.0000000001000
1584.0000000000000 0.0000000001000
1600.0000000000000 0.0000000001000
1616.0000000000000 0.0000000001000
1632.0000000000000 0.0000000001000
1648.0000000000000 0.0000000001000
1664.0000000000000 0.0000000001000
1680.0000000000000 0.0000000001000
1696.0000000000000 0.0000000001000
1712.0000000000000 0.0000000001000
1728.0000000000000 0.0000000001000
1744.0000000000000 0.0000000001000
1760.0000000000000 0.0000000001000
1776.0000000000000 0.0000000001000
1792.0000000000000 0.0000000001000
1808.0000000000000 0.0000000001000
1824.0000000000000 0.0000000001000
1840.0000000000000 0.0000000001000
1856.0000000000000 0.0000000001000
1872.0000000000000 0.0000000001000
1888.0000000000000 0.0000000001000
1904.0000000000000 0.0000000001000
1920.0000000000000 0.0000000001000
1936.0000000000000 0.0000000001000
1952.0000000000000 0.0000000001000
1968.0000000000000 0.0000000001000
1984.0000000000000 0.0000000001000
