# x phi
-1984.0000000000000 -0.0000000080535
-1968.0000000000000 -0.0000000158059
-1952.0000000000000 -0.0000000227959
-1936.0000000000000 -0.0000000290713
-1920.0000000000000 -0.0000000346820
-1904.0000000000000 -0.0000000396644
-1888.0000000000000 -0.0000000440643
-1872.0000000000000 -0.0000000478264
-1856.0000000000000 -0.0000000509831
-1840.0000000000000 -0.0000000535236
-1824.0000000000000 -0.0000000552231
-1808.0000000000000 -0.0000000560494
-1792.0000000000000 -0.0000000563426
-1776.0000000000000 -0.0000000564686
-1760.0000000000000 -0.0000000565854
-1744.0000000000000 -0.0000000567126
-1728.0000000000000 -0.0000000568419
-1712.0000000000000 -0.0000000569704
-1696.0000000000000 -0.0000000570978
-1680.0000000000000 -0.0000000572239
-1664.0000000000000 -0.0000000573484
-1648.0000000000000 -0.0000000574707
-1632.0000000000000 -0.0000000575904
-1616.0000000000000 -0.0000000577065
-1600.0000000000000 -0.0000000578186
-1584.0000000000000 -0.0000000579299
-1568.0000000000000 -0.0000000580461
-1552.0000000000000 -0.0000000581284
-1536.0000000000000 -0.0000000580221
-1520.0000000000000 -0.0000000575764
-1504.0000000000000 -0.0000000569836
-1488.0000000000000 -0.0000000566375
-1472.0000000000000 -0.0000000564634
-1456.0000000000000 -0.0000000562224
-1440.0000000000000 -0.0000000561339
-1424.0000000000000 -0.0000000561663
-1408.0000000000000 -0.0000000562162
-1392.0000000000000 -0.0000000564433
-1376.0000000000000 -0.0000000566987
-1360.0000000000000 -0.0000000571152
-1344.0000000000000 -0.0000000575952
-1328.0000000000000 -0.0000000582352
-1312.0000000000000 -0.0000000589508
-1296.0000000000000 -0.0000000598511
-1280.0000000000000 -0.0000000608103
-1264.0000000000000 -0.0000000619975
-1248.0000000000000 -0.0000000632878
-1232.0000000000000 -0.0000000648088
-1216.0000000000000 -0.0000000660859
-1200.0000000000000 -0.0000000654323
-1184.0000000000000 -0.0000000619834
-1168.0000000000000 -0.0000000577503
-1152.0000000000000 -0.0000000561131
-1136.0000000000000 -0.0000000568527
-1120.0000000000000 -0.0000000577134
-1104.0000000000000 -0.0000000603208
-1088.0000000000000 -0.0000000656431
-1072.0000000000000 -0.0000000724255
-1056.0000000000000 -0.0000000820734
-1040.0000000000000 -0.0000000941821
-1024.0000000000000 -0.0000001096353
-1008.0000000000000 -0.0000001299924
-992.0000000000000 -0.0000001570612
-976.0000000000000 -0.0000001905494
-960.0000000000000 -0.0000002274712
-944.0000000000000 -0.0000002669559
-928.0000000000000 -0.0000003109007
-912.0000000000000 -0.0000003566000
-896.0000000000000 -0.0000004059007
-880.0000000000000 -0.0000004557804
-864.0000000000000 -0.0000004945428
-848.0000000000000 -0.0000005191605
-832.0000000000000 -0.0000005480002
-816.0000000000000 -0.0000006112211
-800.0000000000000 -0.0000007094124
-784.0000000000000 -0.0000008388275
-768.0000000000000 -0.0000010476389
-752.0000000000000 -0.0000013664638
-736.0000000000000 -0.0000017515037
-720.0000000000000 -0.0000021438084
-704.0000000000000 -0.0000025203985
-688.0000000000000 -0.0000029015790
-672.0000000000000 -0.0000032687921
-656.0000000000000 -0.0000037481342
-640.0000000000000 -0.0000045560114
-624.0000000000000 -0.0000057973298
-608.0000000000000 -0.0000073012990
-592.0000000000000 -0.0000086928143
-576.0000000000000 -0.0000101244691
-560.0000000000000 -0.0000121737877
-544.0000000000000 -0.0000150618266
-528.0000000000000 -0.0000184638894
-512.0000000000000 -0.0000220974875
-496.0000000000000 -0.0000267007176
-480.0000000000000 -0.0000327875709
-464.0000000000000 -0.0000396129283
-448.0000000000000 -0.0000478269568
-432.0000000000000 -0.0000584075491
-416.0000000000000 -0.0000711658580
-400.0000000000000 -0.0000864585026
-384.0000000000000 -0.0001055478505
-368.0000000000000 -0.0001295622396
-352.0000000000000 -0.0001601324067
-336.0000000000000 -0.0001973140704
-320.0000000000000 -0.0002427205253
-312.0000000000000 -0.0002700169695
-304.0000000000000 -0.0003005550871
-304.0000000000000 -0.0003005550871
-296.0000000000000 -0.0003342217147
-288.0000000000000 -0.0003718949292
-288.0000000000000 -0.0003718949292
-280.0000000000000 -0.0004141494770
-272.0000000000000 -0.0004617821848
-272.0000000000000 -0.0004617821848
-264.0000000000000 -0.0005154413069
-256.0000000000000 -0.0005761473063
-256.0000000000000 -0.0005761473063
-248.0000000000000 -0.0006446162076
-240.0000000000000 -0.0007224095795
-240.0000000000000 -0.0007224095795
-232.0000000000000 -0.0008108972569
-224.0000000000000 -0.0009113704652
-224.0000000000000 -0.0009113704652
-216.0000000000000 -0.0010240548056
-208.0000000000000 -0.0011527193651
-208.0000000000000 -0.0011527193651
-200.0000000000000 -0.0012998213099
-192.0000000000000 -0.0014642677212
-192.0000000000000 -0.0014642677212
-184.0000000000000 -0.0016577010261
-176.0000000000000 -0.0019177044721
-176.0000000000000 -0.0019177044721
-168.0000000000000 -0.0022686454203
-164.0000000000000 -0.0024567998264
-160.0000000000000 -0.0026349380346
-160.0000000000000 -0.0026349380346
-160.0000000000000 -0.0026349380346
-156.0000000000000 -0.0027793878171
-152.0000000000000 -0.0029057494005
-152.0000000000000 -0.0029057494005
-148.0000000000000 -0.0030204561194
-144.0000000000000 -0.0031273364219
-144.0000000000000 -0.0031273364219
-144.0000000000000 -0.0031273364219
-140.0000000000000 -0.0032333405266
-136.0000000000000 -0.0033355364567
-136.0000000000000 -0.0033355364567
-132.0000000000000 -0.0034307335691
-128.0000000000000 -0.0035266580820
-128.0000000000000 -0.0035266580820
-128.0000000000000 -0.0035266580820
-124.0000000000000 -0.0036263376052
-120.0000000000000 -0.0037406773207
-120.0000000000000 -0.0037406773207
-116.0000000000000 -0.0038739296422
-112.0000000000000 -0.0040214462430
-112.0000000000000 -0.0040214462430
-112.0000000000000 -0.0040214462430
-108.0000000000000 -0.0041811924861
-104.0000000000000 -0.0043603581112
-104.0000000000000 -0.0043603581112
-100.0000000000000 -0.0045648329015
-98.0000000000000 -0.0046746363248
-96.0000000000000 -0.0047873815000
-96.0000000000000 -0.0047873815000
-96.0000000000000 -0.0047873815000
-96.0000000000000 -0.0047873815000
-94.0000000000000 -0.0049011209359
-92.0000000000000 -0.0050153903057
-92.0000000000000 -0.0050153903057
-90.0000000000000 -0.0051290358169
-88.0000000000000 -0.0052421783758
-88.0000000000000 -0.0052421783758
-88.0000000000000 -0.0052421783758
-86.0000000000000 -0.0053548407750
-84.0000000000000 -0.0054661635623
-84.0000000000000 -0.0054661635623
-82.0000000000000 -0.0055759848256
-80.0000000000000 -0.0056822347368
-80.0000000000000 -0.0056822347368
-80.0000000000000 -0.0056822347368
-80.0000000000000 -0.0056822347368
-78.0000000000000 -0.0057834990963
-76.0000000000000 -0.0058776491072
-76.0000000000000 -0.0058776491072
-74.0000000000000 -0.0059623549360
-72.0000000000000 -0.0060349725224
-72.0000000000000 -0.0060349725224
-72.0000000000000 -0.0060349725224
-70.0000000000000 -0.0060923530287
-68.0000000000000 -0.0061308203403
-68.0000000000000 -0.0061308203403
-66.0000000000000 -0.0061461073921
-64.0000000000000 -0.0061334218126
-64.0000000000000 -0.0061334218126
-64.0000000000000 -0.0061334218126
-64.0000000000000 -0.0061334218126
-62.0000000000000 -0.0060874493707
-60.0000000000000 -0.0060019309373
-60.0000000000000 -0.0060019309373
-58.0000000000000 -0.0058695350418
-56.0000000000000 -0.0056824590492
-56.0000000000000 -0.0056824590492
-56.0000000000000 -0.0056824590492
-54.0000000000000 -0.0054323926190
-52.0000000000000 -0.0051096431761
-52.0000000000000 -0.0051096431761
-50.0000000000000 -0.0047032470138
-49.0000000000000 -0.0044649836632
-48.0000000000000 -0.0042009796648
-48.0000000000000 -0.0042009796648
-48.0000000000000 -0.0042009796648
-48.0000000000000 -0.0042009796648
-48.0000000000000 -0.0042009796648
-47.0000000000000 -0.0039094573332
-46.0000000000000 -0.0035886583205
-46.0000000000000 -0.0035886583205
-45.0000000000000 -0.0032367887319
-44.0000000000000 -0.0028521775232
-44.0000000000000 -0.0028521775232
-44.0000000000000 -0.0028521775232
-43.0000000000000 -0.0024331538100
-42.0000000000000 -0.0019779232190
-42.0000000000000 -0.0019779232190
-41.0000000000000 -0.0014845537951
-40.0000000000000 -0.0009517873990
-40.0000000000000 -0.0009517873990
-40.0000000000000 -0.0009517873990
-40.0000000000000 -0.0009517873990
-39.0000000000000 -0.0003779791790
-38.0000000000000 0.0002376426825
-38.0000000000000 0.0002376426825
-37.0000000000000 0.0008954886145
-36.0000000000000 0.0015958356982
-36.0000000000000 0.0015958356982
-36.0000000000000 0.0015958356982
-35.0000000000000 0.0023389294897
-34.0000000000000 0.0031245921205
-34.0000000000000 0.0031245921205
-33.0000000000000 0.0039518028594
-32.0000000000000 0.0048191902090
-32.0000000000000 0.0048191902090
-32.0000000000000 0.0048191902090
-32.0000000000000 0.0048191902090
-32.0000000000000 0.0048191902090
-31.0000000000000 0.0057253993685
-30.0000000000000 0.0066682959030
-30.0000000000000 0.0066682959030
-29.0000000000000 0.0076446577702
-28.5000000000000 0.0081443922545
-28.0000000000000 0.0086513930211
-28.0000000000000 0.0086513930211
-28.0000000000000 0.0086513930211
-28.0000000000000 0.0086513930211
-27.5000000000000 0.0091653645841
-27.0000000000000 0.0096858851462
-27.0000000000000 0.0096858851462
-26.5000000000000 0.0102125892765
-26.0000000000000 0.0107450123901
-26.0000000000000 0.0107450123901
-26.0000000000000 0.0107450123901
-25.5000000000000 0.0112826765552
-25.0000000000000 0.0118252563818
-25.0000000000000 0.0118252563818
-24.5000000000000 0.0123723974674
-24.0000000000000 0.0129237089172
-24.0000000000000 0.0129237089172
-24.0000000000000 0.0129237089172
-24.0000000000000 0.0129237089172
-24.0000000000000 0.0129237089172
-23.5000000000000 0.0134788461778
-23.0000000000000 0.0140373158222
-23.0000000000000 0.0140373158222
-22.5000000000000 0.0145986142652
-22.0000000000000 0.0151623418621
-22.0000000000000 0.0151623418621
-22.0000000000000 0.0151623418621
-21.5000000000000 0.0157282254941
-21.0000000000000 0.0162960378610
-21.0000000000000 0.0162960378610
-20.5000000000000 0.0168654958897
-20.0000000000000 0.0174362261078
-20.0000000000000 0.0174362261078
-20.0000000000000 0.0174362261078
-20.0000000000000 0.0174362261078
-19.5000000000000 0.0180078408378
-19.0000000000000 0.0185800699750
-19.0000000000000 0.0185800699750
-18.5000000000000 0.0191528091785
-18.0000000000000 0.0197260485237
-18.0000000000000 0.0197260485237
-18.0000000000000 0.0197260485237
-17.5000000000000 0.0202998168624
-17.0000000000000 0.0208741354310
-17.0000000000000 0.0208741354310
-16.5000000000000 0.0214489638527
-16.0000000000000 0.0220242617301
-16.0000000000000 0.0220242617301
-16.0000000000000 0.0220242617301
-16.0000000000000 0.0220242617301
-16.0000000000000 0.0220242617301
-16.0000000000000 0.0220242617301
-15.5000000000000 0.0226001643030
-15.0000000000000 0.0231769968313
-15.0000000000000 0.0231769968313
-14.5000000000000 0.0237550560530
-14.2500000000000 0.0240446122163
-14.0000000000000 0.0243345862359
-14.0000000000000 0.0243345862359
-14.0000000000000 0.0243345862359
-14.0000000000000 0.0243345862359
-13.7500000000000 0.0246250143843
-13.5000000000000 0.0249159883079
-13.5000000000000 0.0249159883079
-13.2500000000000 0.0252075806218
-13.0000000000000 0.0254998846921
-13.0000000000000 0.0254998846921
-13.0000000000000 0.0254998846921
-12.7500000000000 0.0257929907407
-12.5000000000000 0.0260869808149
-12.5000000000000 0.0260869808149
-12.2500000000000 0.0263819240617
-12.0000000000000 0.0266779494033
-12.0000000000000 0.0266779494033
-12.0000000000000 0.0266779494033
-12.0000000000000 0.0266779494033
-12.0000000000000 0.0266779494033
-11.7500000000000 0.0269751664637
-11.5000000000000 0.0272737022844
-11.5000000000000 0.0272737022844
-11.2500000000000 0.0275736927591
-11.0000000000000 0.0278752820551
-11.0000000000000 0.0278752820551
-11.0000000000000 0.0278752820551
-10.7500000000000 0.0281786245380
-10.5000000000000 0.0284838910327
-10.5000000000000 0.0284838910327
-10.2500000000000 0.0287912788521
-10.0000000000000 0.0291010160466
-10.0000000000000 0.0291010160466
-10.0000000000000 0.0291010160466
-10.0000000000000 0.0291010160466
-9.7500000000000 0.0294133536421
-9.5000000000000 0.0297285531190
-9.5000000000000 0.0297285531190
-9.2500000000000 0.0300468821436
-9.1250000000000 0.0302073070116
-9.0000000000000 0.0303686266430
-9.0000000000000 0.0303686266430
-9.0000000000000 0.0303686266430
-9.0000000000000 0.0303686266430
-8.8750000000000 0.0305308785321
-8.7500000000000 0.0306941137739
-8.7500000000000 0.0306941137739
-8.6250000000000 0.0308583772144
-8.5000000000000 0.0310237250942
-8.5000000000000 0.0310237250942
-8.5000000000000 0.0310237250942
-8.3750000000000 0.0311902089236
-8.2500000000000 0.0313578877402
-8.2500000000000 0.0313578877402
-8.1250000000000 0.0315268167072
-8.0000000000000 0.0316970589585
-8.0000000000000 0.0316970589585
-8.0000000000000 0.0316970589585
-8.0000000000000 0.0316970589585
-8.0000000000000 0.0316970589585
-8.0000000000000 0.0316970589585
-8.0000000000000 0.0316970589585
-7.8750000000000 0.0318686747489
-7.7500000000000 0.0320417278797
-7.7500000000000 0.0320417278797
-7.6250000000000 0.0322162864519
-7.5000000000000 0.0323924226981
-7.5000000000000 0.0323924226981
-7.5000000000000 0.0323924226981
-7.3750000000000 0.0325702130006
-7.2500000000000 0.0327497378686
-7.2500000000000 0.0327497378686
-7.1250000000000 0.0329310820052
-7.0000000000000 0.0331143347456
-7.0000000000000 0.0331143347456
-7.0000000000000 0.0331143347456
-7.0000000000000 0.0331143347456
-6.8750000000000 0.0332995908702
-6.7500000000000 0.0334869515294
-6.7500000000000 0.0334869515294
-6.6250000000000 0.0336765250186
-6.5625000000000 0.0337721773069
-6.5000000000000 0.0338684271402
-6.5000000000000 0.0338684271402
-6.5000000000000 0.0338684271402
-6.5000000000000 0.0338684271402
-6.4375000000000 0.0339652894923
-6.3750000000000 0.0340627809885
-6.3750000000000 0.0340627809885
-6.3125000000000 0.0341609174764
-6.2500000000000 0.0342597162628
-6.2500000000000 0.0342597162628
-6.2500000000000 0.0342597162628
-6.1875000000000 0.0343591939371
-6.1250000000000 0.0344593684987
-6.1250000000000 0.0344593684987
-6.0625000000000 0.0345602571537
-6.0000000000000 0.0346618788714
-6.0000000000000 0.0346618788714
-6.0000000000000 0.0346618788714
-6.0000000000000 0.0346618788714
-6.0000000000000 0.0346618788714
-6.0000000000000 0.0346618788714
-5.9375000000000 0.0347642520498
-5.8750000000000 0.0348673956094
-5.8750000000000 0.0348673956094
-5.8125000000000 0.0349713291867
-5.7500000000000 0.0350760730442
-5.7500000000000 0.0350760730442
-5.7500000000000 0.0350760730442
-5.6875000000000 0.0351816481115
-5.6250000000000 0.0352880760260
-5.6250000000000 0.0352880760260
-5.5625000000000 0.0353953791607
-5.5000000000000 0.0355035806342
-5.5000000000000 0.0355035806342
-5.5000000000000 0.0355035806342
-5.5000000000000 0.0355035806342
-5.4375000000000 0.0356127043067
-5.3750000000000 0.0357227747673
-5.3750000000000 0.0357227747673
-5.3125000000000 0.0358338173226
-5.2500000000000 0.0359458579965
-5.2500000000000 0.0359458579965
-5.2500000000000 0.0359458579965
-5.1875000000000 0.0360589235500
-5.1250000000000 0.0361730415229
-5.1250000000000 0.0361730415229
-5.0625000000000 0.0362882402913
-5.0000000000000 0.0364045491328
-5.0000000000000 0.0364045491328
-5.0000000000000 0.0364045491328
-5.0000000000000 0.0364045491328
-5.0000000000000 0.0364045491328
-4.9375000000000 0.0365219982858
-4.8750000000000 0.0366406190013
-4.8750000000000 0.0366406190013
-4.8125000000000 0.0367604435881
-4.7500000000000 0.0368815054486
-4.7500000000000 0.0368815054486
-4.7500000000000 0.0368815054486
-4.6875000000000 0.0370038391005
-4.6250000000000 0.0371274801837
-4.6250000000000 0.0371274801837
-4.5625000000000 0.0372524654581
-4.5000000000000 0.0373788328044
-4.5000000000000 0.0373788328044
-4.5000000000000 0.0373788328044
-4.5000000000000 0.0373788328044
-4.4375000000000 0.0375066212432
-4.3750000000000 0.0376358709867
-4.3750000000000 0.0376358709867
-4.3125000000000 0.0377666235336
-4.2500000000000 0.0378989218004
-4.2500000000000 0.0378989218004
-4.2500000000000 0.0378989218004
-4.1875000000000 0.0380328102694
-4.1250000000000 0.0381683351235
-4.1250000000000 0.0381683351235
-4.0625000000000 0.0383055443554
-4.0000000000000 0.0384444878602
-4.0000000000000 0.0384444878602
-4.0000000000000 0.0384444878602
-4.0000000000000 0.0384444878602
-4.0000000000000 0.0384444878602
-4.0000000000000 0.0384444878602
-4.0000000000000 0.0384444878602
-3.9375000000000 0.0385852175269
-3.8750000000000 0.0387277873459
-3.8750000000000 0.0387277873459
-3.8125000000000 0.0388722535260
-3.7500000000000 0.0390186746092
-3.7500000000000 0.0390186746092
-3.7500000000000 0.0390186746092
-3.6875000000000 0.0391671115696
-3.6250000000000 0.0393176278968
-3.6250000000000 0.0393176278968
-3.5625000000000 0.0394702896461
-3.5000000000000 0.0396251654227
-3.5000000000000 0.0396251654227
-3.5000000000000 0.0396251654227
-3.5000000000000 0.0396251654227
-3.4375000000000 0.0397823262865
-3.3750000000000 0.0399418456519
-3.3750000000000 0.0399418456519
-3.3125000000000 0.0401037993092
-3.2812500000000 0.0401857133096
-3.2500000000000 0.0402682656644
-3.2500000000000 0.0402682656644
-3.2500000000000 0.0402682656644
-3.2500000000000 0.0402682656644
-3.2187500000000 0.0403514663372
-3.1875000000000 0.0404353261577
-3.1875000000000 0.0404353261577
-3.1562500000000 0.0405198555028
-3.1250000000000 0.0406050656956
-3.1250000000000 0.0406050656956
-3.1250000000000 0.0406050656956
-3.0937500000000 0.0406909675701
-3.0625000000000 0.0407775729706
-3.0625000000000 0.0407775729706
-3.0312500000000 0.0408648931873
-3.0000000000000 0.0409529407169
-3.0000000000000 0.0409529407169
-3.0000000000000 0.0409529407169
-3.0000000000000 0.0409529407169
-3.0000000000000 0.0409529407169
-3.0000000000000 0.0409529407169
-2.9687500000000 0.0410417277408
-2.9375000000000 0.0411312664949
-2.9375000000000 0.0411312664949
-2.9062500000000 0.0412215697077
-2.8750000000000 0.0413126503629
-2.8750000000000 0.0413126503629
-2.8750000000000 0.0413126503629
-2.8437500000000 0.0414045216403
-2.8125000000000 0.0414971969617
-2.8125000000000 0.0414971969617
-2.7812500000000 0.0415906899846
-2.7500000000000 0.0416850146004
-2.7500000000000 0.0416850146004
-2.7500000000000 0.0416850146004
-2.7500000000000 0.0416850146004
-2.7187500000000 0.0417801849577
-2.6875000000000 0.0418762154927
-2.6875000000000 0.0418762154927
-2.6562500000000 0.0419731209646
-2.6250000000000 0.0420709164937
-2.6250000000000 0.0420709164937
-2.6250000000000 0.0420709164937
-2.5937500000000 0.0421696176011
-2.5625000000000 0.0422692402408
-2.5625000000000 0.0422692402408
-2.5312500000000 0.0423698008261
-2.5000000000000 0.0424713162461
-2.5000000000000 0.0424713162461
-2.5000000000000 0.0424713162461
-2.5000000000000 0.0424713162461
-2.5000000000000 0.0424713162461
-2.4687500000000 0.0425738038732
-2.4375000000000 0.0426772815613
-2.4375000000000 0.0426772815613
-2.4062500000000 0.0427817676311
-2.3750000000000 0.0428872808450
-2.3750000000000 0.0428872808450
-2.3750000000000 0.0428872808450
-2.3437500000000 0.0429938403696
-2.3125000000000 0.0431014657312
-2.3125000000000 0.0431014657312
-2.2812500000000 0.0432101767703
-2.2500000000000 0.0433199936019
-2.2500000000000 0.0433199936019
-2.2500000000000 0.0433199936019
-2.2500000000000 0.0433199936019
-2.2187500000000 0.0434309365895
-2.1875000000000 0.0435430263401
-2.1875000000000 0.0435430263401
-2.1562500000000 0.0436562837216
-2.1250000000000 0.0437707299056
-2.1250000000000 0.0437707299056
-2.1250000000000 0.0437707299056
-2.0937500000000 0.0438863864258
-2.0625000000000 0.0440032752407
-2.0625000000000 0.0440032752407
-2.0312500000000 0.0441214187787
-2.0000000000000 0.0442408399405
-2.0000000000000 0.0442408399405
-2.0000000000000 0.0442408399405
-2.0000000000000 0.0442408399405
-2.0000000000000 0.0442408399405
-2.0000000000000 0.0442408399405
-2.0000000000000 0.0442408399405
-1.9687500000000 0.0443615620373
-1.9375000000000 0.0444836086688
-1.9375000000000 0.0444836086688
-1.9062500000000 0.0446070035767
-1.8750000000000 0.0447317705407
-1.8750000000000 0.0447317705407
-1.8750000000000 0.0447317705407
-1.8437500000000 0.0448579333660
-1.8125000000000 0.0449855159543
-1.8125000000000 0.0449855159543
-1.7812500000000 0.0451145423831
-1.7500000000000 0.0452450369217
-1.7500000000000 0.0452450369217
-1.7500000000000 0.0452450369217
-1.7500000000000 0.0452450369217
-1.7187500000000 0.0453770239927
-1.6875000000000 0.0455105281991
-1.6875000000000 0.0455105281991
-1.6562500000000 0.0456455745472
-1.6250000000000 0.0457821888158
-1.6250000000000 0.0457821888158
-1.6250000000000 0.0457821888158
-1.5937500000000 0.0459203977822
-1.5625000000000 0.0460602289358
-1.5625000000000 0.0460602289358
-1.5312500000000 0.0462017095605
-1.5000000000000 0.0463448654837
-1.5000000000000 0.0463448654837
-1.5000000000000 0.0463448654837
-1.5000000000000 0.0463448654837
-1.5000000000000 0.0463448654837
-1.4687500000000 0.0464897199362
-1.4375000000000 0.0466362927391
-1.4375000000000 0.0466362927391
-1.4062500000000 0.0467845998313
-1.3750000000000 0.0469346533750
-1.3750000000000 0.0469346533750
-1.3750000000000 0.0469346533750
-1.3437500000000 0.0470864628702
-1.3125000000000 0.0472400371071
-1.3125000000000 0.0472400371071
-1.2812500000000 0.0473953855857
-1.2500000000000 0.0475525175877
-1.2500000000000 0.0475525175877
-1.2500000000000 0.0475525175877
-1.2500000000000 0.0475525175877
-1.2187500000000 0.0477114383463
-1.1875000000000 0.0478721438993
-1.1875000000000 0.0478721438993
-1.1562500000000 0.0480346173847
-1.1250000000000 0.0481988286811
-1.1250000000000 0.0481988286811
-1.1250000000000 0.0481988286811
-1.0937500000000 0.0483647368515
-1.0625000000000 0.0485322922982
-1.0625000000000 0.0485322922982
-1.0312500000000 0.0487014347254
-1.0000000000000 0.0488720850971
-1.0000000000000 0.0488720850971
-1.0000000000000 0.0488720850971
-1.0000000000000 0.0488720850971
-1.0000000000000 0.0488720850971
-1.0000000000000 0.0488720850971
-0.9687500000000 0.0490441339105
-0.9375000000000 0.0492174314072
-0.9375000000000 0.0492174314072
-0.9062500000000 0.0493917847703
-0.8750000000000 0.0495669614642
-0.8750000000000 0.0495669614642
-0.8750000000000 0.0495669614642
-0.8437500000000 0.0497426891820
-0.8125000000000 0.0499186400426
-0.8125000000000 0.0499186400426
-0.7812500000000 0.0500943982906
-0.7500000000000 0.0502694286419
-0.7500000000000 0.0502694286419
-0.7500000000000 0.0502694286419
-0.7500000000000 0.0502694286419
-0.7187500000000 0.0504430618007
-0.6875000000000 0.0506144874124
-0.6875000000000 0.0506144874124
-0.6562500000000 0.0507827241689
-0.6250000000000 0.0509465532492
-0.6250000000000 0.0509465532492
-0.6250000000000 0.0509465532492
-0.5937500000000 0.0511044367253
-0.5625000000000 0.0512544491284
-0.5625000000000 0.0512544491284
-0.5312500000000 0.0513942128518
-0.5000000000000 0.0515207758614
-0.5000000000000 0.0515207758614
-0.5000000000000 0.0515207758614
-0.5000000000000 0.0515207758614
-0.5000000000000 0.0515207758614
-0.4687500000000 0.0516303595923
-0.4375000000000 0.0517179907453
-0.4375000000000 0.0517179907453
-0.4062500000000 0.0517770972915
-0.3750000000000 0.0517990283169
-0.3750000000000 0.0517990283169
-0.3750000000000 0.0517990283169
-0.3437500000000 0.0517722464262
-0.3125000000000 0.0516806504442
-0.3125000000000 0.0516806504442
-0.2812500000000 0.0515009395316
-0.2500000000000 0.0512009351503
-0.2500000000000 0.0512009351503
-0.2500000000000 0.0512009351503
-0.2500000000000 0.0512009351503
-0.2187500000000 0.0507290059654
-0.1875000000000 0.0499740702863
-0.1875000000000 0.0499740702863
-0.1562500000000 0.0488055398591
-0.1250000000000 0.0472186643948
-0.1250000000000 0.0472186643948
-0.1250000000000 0.0472186643948
-0.0937500000000 0.0445801391049
-0.0625000000000 0.0383772069188
-0.0625000000000 0.0383772069188
-0.0312500000000 0.0282371627666
0.0000000000000 0.0223748675023
0.0000000000000 0.0223748675023
0.0000000000000 0.0223748675023
0.0000000000000 0.0223748675023
0.0000000000000 0.0223748675023
0.0000000000000 0.0223748675023
0.0000000000000 0.0223748675023
0.0000000000000 0.0223748675023
0.0000000000000 0.0223748675023
0.0000000000000 0.0223748675023
0.0312500000000 0.0282361430531
0.0625000000000 0.0383763984943
0.0625000000000 0.0383763984943
0.0937500000000 0.0445799729705
0.1250000000000 0.0472187951721
0.1250000000000 0.0472187951721
0.1250000000000 0.0472187951721
0.1562500000000 0.0488057236641
0.1875000000000 0.0499743028607
0.1875000000000 0.0499743028607
0.2187500000000 0.0507292720986
0.2500000000000 0.0512011585275
0.2500000000000 0.0512011585275
0.2500000000000 0.0512011585275
0.2500000000000 0.0512011585275
0.2812500000000 0.0515010773369
0.3125000000000 0.0516807228180
0.3125000000000 0.0516807228180
0.3437500000000 0.0517722958434
0.3750000000000 0.0517990883478
0.3750000000000 0.0517990883478
0.3750000000000 0.0517990883478
0.4062500000000 0.0517771836882
0.4375000000000 0.0517181015243
0.4375000000000 0.0517181015243
0.4687500000000 0.0516304845762
0.5000000000000 0.0515209062760
0.5000000000000 0.0515209062760
0.5000000000000 0.0515209062760
0.5000000000000 0.0515209062760
0.5000000000000 0.0515209062760
0.5312500000000 0.0513943449609
0.5625000000000 0.0512545829003
0.5625000000000 0.0512545829003
0.5937500000000 0.0511045717662
0.6250000000000 0.0509466888405
0.6250000000000 0.0509466888405
0.6250000000000 0.0509466888405
0.6562500000000 0.0507828609059
0.6875000000000 0.0506146259241
0.6875000000000 0.0506146259241
0.7187500000000 0.0504432013166
0.7500000000000 0.0502695673737
0.7500000000000 0.0502695673737
0.7500000000000 0.0502695673737
0.7500000000000 0.0502695673737
0.7812500000000 0.0500945345505
0.8125000000000 0.0499187726729
0.8125000000000 0.0499187726729
0.8437500000000 0.0497428171952
0.8750000000000 0.0495670837870
0.8750000000000 0.0495670837870
0.8750000000000 0.0495670837870
0.9062500000000 0.0493919005168
0.9375000000000 0.0492175402742
0.9375000000000 0.0492175402742
0.9687500000000 0.0490442362658
1.0000000000000 0.0488721816651
1.0000000000000 0.0488721816651
1.0000000000000 0.0488721816651
1.0000000000000 0.0488721816651
1.0000000000000 0.0488721816651
1.0000000000000 0.0488721816651
1.0312500000000 0.0487015260628
1.0625000000000 0.0485323784401
1.0625000000000 0.0485323784401
1.0937500000000 0.0483648173878
1.1250000000000 0.0481989031494
1.1250000000000 0.0481989031494
1.1250000000000 0.0481989031494
1.1562500000000 0.0480346856478
1.1875000000000 0.0478722062858
1.1875000000000 0.0478722062858
1.2187500000000 0.0477114955334
1.2500000000000 0.0475525703070
1.2500000000000 0.0475525703070
1.2500000000000 0.0475525703070
1.2500000000000 0.0475525703070
1.2812500000000 0.0473954342968
1.3125000000000 0.0472400818353
1.3125000000000 0.0472400818353
1.3437500000000 0.0470865033322
1.3750000000000 0.0469346893214
1.3750000000000 0.0469346893214
1.3750000000000 0.0469346893214
1.4062500000000 0.0467846313833
1.4375000000000 0.0466363205216
1.4375000000000 0.0466363205216
1.4687500000000 0.0464897449663
1.5000000000000 0.0463448889125
1.5000000000000 0.0463448889125
1.5000000000000 0.0463448889125
1.5000000000000 0.0463448889125
1.5000000000000 0.0463448889125
1.5312500000000 0.0462017324031
1.5625000000000 0.0460602518847
1.5625000000000 0.0460602518847
1.5937500000000 0.0459204211449
1.6250000000000 0.0457822125700
1.6250000000000 0.0457822125700
1.6250000000000 0.0457822125700
1.6562500000000 0.0456455984753
1.6875000000000 0.0455105520390
1.6875000000000 0.0455105520390
1.7187500000000 0.0453770475514
1.7500000000000 0.0452450601230
1.7500000000000 0.0452450601230
1.7500000000000 0.0452450601230
1.7500000000000 0.0452450601230
1.7812500000000 0.0451145652599
1.8125000000000 0.0449855386170
1.8125000000000 0.0449855386170
1.8437500000000 0.0448579559621
1.8750000000000 0.0447317932115
1.8750000000000 0.0447317932115
1.8750000000000 0.0447317932115
1.9062500000000 0.0446070264187
1.9375000000000 0.0444836317075
1.9375000000000 0.0444836317075
1.9687500000000 0.0443615852221
2.0000000000000 0.0442408631610
2.0000000000000 0.0442408631610
2.0000000000000 0.0442408631610
2.0000000000000 0.0442408631610
2.0000000000000 0.0442408631610
2.0000000000000 0.0442408631610
2.0000000000000 0.0442408631610
2.0312500000000 0.0441214418965
2.0625000000000 0.0440032981257
2.0625000000000 0.0440032981257
2.0937500000000 0.0438864089879
2.1250000000000 0.0437707521137
2.1250000000000 0.0437707521137
2.1250000000000 0.0437707521137
2.1562500000000 0.0436563056094
2.1875000000000 0.0435430480004
2.1875000000000 0.0435430480004
2.2187500000000 0.0434309581600
2.2500000000000 0.0433200152481
2.2500000000000 0.0433200152481
2.2500000000000 0.0433200152481
2.2500000000000 0.0433200152481
2.2812500000000 0.0432101986684
2.3125000000000 0.0431014880524
2.3125000000000 0.0431014880524
2.3437500000000 0.0429938632689
2.3750000000000 0.0428873044533
2.3750000000000 0.0428873044533
2.3750000000000 0.0428873044533
2.4062500000000 0.0427817920516
2.4375000000000 0.0426773068695
2.4375000000000 0.0426773068695
2.4687500000000 0.0425738301187
2.5000000000000 0.0424713434549
2.5000000000000 0.0424713434549
2.5000000000000 0.0424713434549
2.5000000000000 0.0424713434549
2.5000000000000 0.0424713434549
2.5312500000000 0.0423698290031
2.5625000000000 0.0422692693709
2.5625000000000 0.0422692693709
2.5937500000000 0.0421696476512
2.6250000000000 0.0420709474140
2.6250000000000 0.0420709474140
2.6250000000000 0.0420709474140
2.6562500000000 0.0419731526904
2.6875000000000 0.0418762479482
2.6875000000000 0.0418762479482
2.7187500000000 0.0417802180594
2.7500000000000 0.0416850482620
2.7500000000000 0.0416850482620
2.7500000000000 0.0416850482620
2.7500000000000 0.0416850482620
2.7812500000000 0.0415907241213
2.8125000000000 0.0414972314945
2.8125000000000 0.0414972314945
2.8437500000000 0.0414045564985
2.8750000000000 0.0413126854861
2.8750000000000 0.0413126854861
2.8750000000000 0.0413126854861
2.9062500000000 0.0412216050459
2.9375000000000 0.0411313020087
2.9375000000000 0.0411313020087
2.9687500000000 0.0410417633991
3.0000000000000 0.0409529764968
3.0000000000000 0.0409529764968
3.0000000000000 0.0409529764968
3.0000000000000 0.0409529764968
3.0000000000000 0.0409529764968
3.0000000000000 0.0409529764968
3.0312500000000 0.0408649290756
3.0625000000000 0.0407776089538
3.0625000000000 0.0407776089538
3.0937500000000 0.0406910036363
3.1250000000000 0.0406051018373
3.1250000000000 0.0406051018373
3.1250000000000 0.0406051018373
3.1562500000000 0.0405198917161
3.1875000000000 0.0404353624426
3.1875000000000 0.0404353624426
3.2187500000000 0.0403515026978
3.2500000000000 0.0402683021083
3.2500000000000 0.0402683021083
3.2500000000000 0.0402683021083
3.2500000000000 0.0402683021083
3.2812500000000 0.0401857498478
3.3125000000000 0.0401038359549
3.3750000000000 0.0399418825605
3.3750000000000 0.0399418825605
3.4375000000000 0.0397823635224
3.5000000000000 0.0396252030336
3.5000000000000 0.0396252030336
3.5000000000000 0.0396252030336
3.5000000000000 0.0396252030336
3.5625000000000 0.0394703276497
3.6250000000000 0.0393176662806
3.6250000000000 0.0393176662806
3.6875000000000 0.0391671503051
3.7500000000000 0.0390187136672
3.7500000000000 0.0390187136672
3.7500000000000 0.0390187136672
3.8125000000000 0.0388722928887
3.8750000000000 0.0387278270093
3.8750000000000 0.0387278270093
3.9375000000000 0.0385852574947
4.0000000000000 0.0384445281338
4.0000000000000 0.0384445281338
4.0000000000000 0.0384445281338
4.0000000000000 0.0384445281338
4.0000000000000 0.0384445281338
4.0000000000000 0.0384445281338
4.0000000000000 0.0384445281338
4.0625000000000 0.0383055849268
4.1250000000000 0.0381683759743
4.1250000000000 0.0381683759743
4.1875000000000 0.0380328513765
4.2500000000000 0.0378989631415
4.2500000000000 0.0378989631415
4.2500000000000 0.0378989631415
4.3125000000000 0.0377666650920
4.3750000000000 0.0376359127518
4.3750000000000 0.0376359127518
4.4375000000000 0.0375066632100
4.5000000000000 0.0373788749752
4.5000000000000 0.0373788749752
4.5000000000000 0.0373788749752
4.5000000000000 0.0373788749752
4.5625000000000 0.0372525078449
4.6250000000000 0.0371275228115
4.6250000000000 0.0371275228115
4.6875000000000 0.0370038820068
4.7500000000000 0.0368815486789
4.7500000000000 0.0368815486789
4.7500000000000 0.0368815486789
4.8125000000000 0.0367604871886
4.8750000000000 0.0366406630123
4.8750000000000 0.0366406630123
4.9375000000000 0.0365220427392
5.0000000000000 0.0364045940536
5.0000000000000 0.0364045940536
5.0000000000000 0.0364045940536
5.0000000000000 0.0364045940536
5.0000000000000 0.0364045940536
5.0625000000000 0.0362882857030
5.1250000000000 0.0361730874547
5.1250000000000 0.0361730874547
5.1875000000000 0.0360589700430
5.2500000000000 0.0359459051066
5.2500000000000 0.0359459051066
5.2500000000000 0.0359459051066
5.3125000000000 0.0358338651208
5.3750000000000 0.0357228233371
5.3750000000000 0.0357228233371
5.4375000000000 0.0356127537405
5.5000000000000 0.0355036310294
5.5000000000000 0.0355036310294
5.5000000000000 0.0355036310294
5.5000000000000 0.0355036310294
5.5625000000000 0.0353954306144
5.6250000000000 0.0352881286282
5.6250000000000 0.0352881286282
5.6875000000000 0.0351817019372
5.7500000000000 0.0350761281457
5.7500000000000 0.0350761281457
5.7500000000000 0.0350761281457
5.8125000000000 0.0349713855860
5.8750000000000 0.0348674532940
5.8750000000000 0.0348674532940
5.9375000000000 0.0347643109701
6.0000000000000 0.0346619389419
6.0000000000000 0.0346619389419
6.0000000000000 0.0346619389419
6.0000000000000 0.0346619389419
6.0000000000000 0.0346619389419
6.0000000000000 0.0346619389419
6.0625000000000 0.0345603182550
6.1250000000000 0.0344594304915
6.1250000000000 0.0344594304915
6.1875000000000 0.0343592566473
6.2500000000000 0.0342597795263
6.2500000000000 0.0342597795263
6.2500000000000 0.0342597795263
6.3125000000000 0.0341609811176
6.3750000000000 0.0340628448621
6.3750000000000 0.0340628448621
6.4375000000000 0.0339653534678
6.5000000000000 0.0338684911227
6.5000000000000 0.0338684911227
6.5000000000000 0.0338684911227
6.5000000000000 0.0338684911227
6.5625000000000 0.0337722412356
6.6250000000000 0.0336765888525
6.7500000000000 0.0334870151454
6.7500000000000 0.0334870151454
6.8750000000000 0.0332996542233
7.0000000000000 0.0331143976461
7.0000000000000 0.0331143976461
7.0000000000000 0.0331143976461
7.0000000000000 0.0331143976461
7.1250000000000 0.0329311440712
7.2500000000000 0.0327497986365
7.2500000000000 0.0327497986365
7.3750000000000 0.0325702721042
7.5000000000000 0.0323924799986
7.5000000000000 0.0323924799986
7.5000000000000 0.0323924799986
7.6250000000000 0.0322163420651
7.7500000000000 0.0320417821314
7.7500000000000 0.0320417821314
7.8750000000000 0.0318687281212
8.0000000000000 0.0316971120751
8.0000000000000 0.0316971120751
8.0000000000000 0.0316971120751
8.0000000000000 0.0316971120751
8.0000000000000 0.0316971120751
8.0000000000000 0.0316971120751
8.0000000000000 0.0316971120751
8.1250000000000 0.0315268703194
8.2500000000000 0.0313579427615
8.2500000000000 0.0313579427615
8.3750000000000 0.0311902665667
8.5000000000000 0.0310237862880
8.5000000000000 0.0310237862880
8.5000000000000 0.0310237862880
8.6250000000000 0.0308584429463
8.7500000000000 0.0306941843030
8.7500000000000 0.0306941843030
8.8750000000000 0.0305309535872
9.0000000000000 0.0303687054153
9.0000000000000 0.0303687054153
9.0000000000000 0.0303687054153
9.0000000000000 0.0303687054153
9.1250000000000 0.0302073878150
9.2500000000000 0.0300469637806
9.5000000000000 0.0297286334192
9.5000000000000 0.0297286334192
9.7500000000000 0.0294134340901
10.0000000000000 0.0291011012637
10.0000000000000 0.0291011012637
10.0000000000000 0.0291011012637
10.0000000000000 0.0291011012637
10.2500000000000 0.0287913713050
10.5000000000000 0.0284839895759
10.5000000000000 0.0284839895759
10.7500000000000 0.0281787262746
11.0000000000000 0.0278753841859
11.0000000000000 0.0278753841859
11.0000000000000 0.0278753841859
11.2500000000000 0.0275737935564
11.5000000000000 0.0272738010801
11.5000000000000 0.0272738010801
11.7500000000000 0.0269752623664
12.0000000000000 0.0266780401134
12.0000000000000 0.0266780401134
12.0000000000000 0.0266780401134
12.0000000000000 0.0266780401134
12.0000000000000 0.0266780401134
12.2500000000000 0.0263820067545
12.5000000000000 0.0260870547443
12.5000000000000 0.0260870547443
12.7500000000000 0.0257930572537
13.0000000000000 0.0254999445667
13.0000000000000 0.0254999445667
13.0000000000000 0.0254999445667
13.2500000000000 0.0252076352485
13.5000000000000 0.0249160376260
13.5000000000000 0.0249160376260
13.7500000000000 0.0246250567150
14.0000000000000 0.0243346210134
14.0000000000000 0.0243346210134
14.0000000000000 0.0243346210134
14.0000000000000 0.0243346210134
14.2500000000000 0.0240446399687
14.5000000000000 0.0237550757469
15.0000000000000 0.0231769937181
15.0000000000000 0.0231769937181
15.5000000000000 0.0226001286290
16.0000000000000 0.0220241989575
16.0000000000000 0.0220241989575
16.0000000000000 0.0220241989575
16.0000000000000 0.0220241989575
16.0000000000000 0.0220241989575
16.0000000000000 0.0220241989575
16.5000000000000 0.0214488875410
17.0000000000000 0.0208740525445
17.0000000000000 0.0208740525445
17.5000000000000 0.0202997322796
18.0000000000000 0.0197259725702
18.0000000000000 0.0197259725702
18.0000000000000 0.0197259725702
18.5000000000000 0.0191527493471
19.0000000000000 0.0185800248452
19.0000000000000 0.0185800248452
19.5000000000000 0.0180078070471
20.0000000000000 0.0174362036549
20.0000000000000 0.0174362036549
20.0000000000000 0.0174362036549
20.0000000000000 0.0174362036549
20.5000000000000 0.0168654874874
21.0000000000000 0.0162960464744
21.0000000000000 0.0162960464744
21.5000000000000 0.0157282488753
22.0000000000000 0.0151623699576
22.0000000000000 0.0151623699576
22.0000000000000 0.0151623699576
22.5000000000000 0.0145986361685
23.0000000000000 0.0140373276700
23.0000000000000 0.0140373276700
23.5000000000000 0.0134788502702
24.0000000000000 0.0129237079945
24.0000000000000 0.0129237079945
24.0000000000000 0.0129237079945
24.0000000000000 0.0129237079945
24.0000000000000 0.0129237079945
24.5000000000000 0.0123723916160
25.0000000000000 0.0118252451792
25.0000000000000 0.0118252451792
25.5000000000000 0.0112826573388
26.0000000000000 0.0107449850367
26.0000000000000 0.0107449850367
26.0000000000000 0.0107449850367
26.5000000000000 0.0102125561948
27.0000000000000 0.0096858465283
27.0000000000000 0.0096858465283
27.5000000000000 0.0091653186162
28.0000000000000 0.0086513397888
28.0000000000000 0.0086513397888
28.0000000000000 0.0086513397888
28.0000000000000 0.0086513397888
28.5000000000000 0.0081443323177
29.0000000000000 0.0076445939568
30.0000000000000 0.0066682400992
30.0000000000000 0.0066682400992
31.0000000000000 0.0057253677349
32.0000000000000 0.0048191800145
32.0000000000000 0.0048191800145
32.0000000000000 0.0048191800145
32.0000000000000 0.0048191800145
32.0000000000000 0.0048191800145
33.0000000000000 0.0039518074947
34.0000000000000 0.0031246168103
34.0000000000000 0.0031246168103
35.0000000000000 0.0023389764824
36.0000000000000 0.0015958952056
36.0000000000000 0.0015958952056
36.0000000000000 0.0015958952056
37.0000000000000 0.0008955481520
38.0000000000000 0.0002376935054
38.0000000000000 0.0002376935054
39.0000000000000 -0.0003779433474
40.0000000000000 -0.0009517714309
40.0000000000000 -0.0009517714309
40.0000000000000 -0.0009517714309
40.0000000000000 -0.0009517714309
41.0000000000000 -0.0014845583211
42.0000000000000 -0.0019779437216
42.0000000000000 -0.0019779437216
43.0000000000000 -0.0024331767396
44.0000000000000 -0.0028521967398
44.0000000000000 -0.0028521967398
44.0000000000000 -0.0028521967398
45.0000000000000 -0.0032368021921
46.0000000000000 -0.0035886648881
46.0000000000000 -0.0035886648881
47.0000000000000 -0.0039094579708
48.0000000000000 -0.0042009758557
48.0000000000000 -0.0042009758557
48.0000000000000 -0.0042009758557
48.0000000000000 -0.0042009758557
48.0000000000000 -0.0042009758557
49.0000000000000 -0.0044649790205
50.0000000000000 -0.0047032424228
52.0000000000000 -0.0051096352904
52.0000000000000 -0.0051096352904
54.0000000000000 -0.0054323786027
56.0000000000000 -0.0056824416981
56.0000000000000 -0.0056824416981
56.0000000000000 -0.0056824416981
58.0000000000000 -0.0058695133719
60.0000000000000 -0.0060019055392
60.0000000000000 -0.0060019055392
62.0000000000000 -0.0060874269534
64.0000000000000 -0.0061334133220
64.0000000000000 -0.0061334133220
64.0000000000000 -0.0061334133220
64.0000000000000 -0.0061334133220
66.0000000000000 -0.0061461189753
68.0000000000000 -0.0061308451503
68.0000000000000 -0.0061308451503
70.0000000000000 -0.0060923806726
72.0000000000000 -0.0060349969428
72.0000000000000 -0.0060349969428
72.0000000000000 -0.0060349969428
74.0000000000000 -0.0059623690367
76.0000000000000 -0.0058776477328
76.0000000000000 -0.0058776477328
78.0000000000000 -0.0057834880308
80.0000000000000 -0.0056822276404
80.0000000000000 -0.0056822276404
80.0000000000000 -0.0056822276404
80.0000000000000 -0.0056822276404
82.0000000000000 -0.0055759919079
84.0000000000000 -0.0054661845348
84.0000000000000 -0.0054661845348
86.0000000000000 -0.0053548607298
88.0000000000000 -0.0052421913169
88.0000000000000 -0.0052421913169
88.0000000000000 -0.0052421913169
90.0000000000000 -0.0051290384517
92.0000000000000 -0.0050153833481
92.0000000000000 -0.0050153833481
94.0000000000000 -0.0049011110780
96.0000000000000 -0.0047873722230
96.0000000000000 -0.0047873722230
96.0000000000000 -0.0047873722230
96.0000000000000 -0.0047873722230
98.0000000000000 -0.0046746306119
100.0000000000000 -0.0045648315747
104.0000000000000 -0.0043603610409
104.0000000000000 -0.0043603610409
108.0000000000000 -0.0041811941898
112.0000000000000 -0.0040214465597
112.0000000000000 -0.0040214465597
112.0000000000000 -0.0040214465597
116.0000000000000 -0.0038739300697
120.0000000000000 -0.0037406775142
120.0000000000000 -0.0037406775142
124.0000000000000 -0.0036263369643
128.0000000000000 -0.0035266571475
128.0000000000000 -0.0035266571475
128.0000000000000 -0.0035266571475
132.0000000000000 -0.0034307332151
136.0000000000000 -0.0033355367971
136.0000000000000 -0.0033355367971
140.0000000000000 -0.0032333408476
144.0000000000000 -0.0031273365455
144.0000000000000 -0.0031273365455
144.0000000000000 -0.0031273365455
148.0000000000000 -0.0030204561509
152.0000000000000 -0.0029057493734
152.0000000000000 -0.0029057493734
156.0000000000000 -0.0027793878064
160.0000000000000 -0.0026349380581
160.0000000000000 -0.0026349380581
160.0000000000000 -0.0026349380581
164.0000000000000 -0.0024567998499
168.0000000000000 -0.0022686454357
176.0000000000000 -0.0019177044728
176.0000000000000 -0.0019177044728
184.0000000000000 -0.0016577010253
192.0000000000000 -0.0014642677212
192.0000000000000 -0.0014642677212
200.0000000000000 -0.0012998213099
208.0000000000000 -0.0011527193651
208.0000000000000 -0.0011527193651
216.0000000000000 -0.0010240548056
224.0000000000000 -0.0009113704652
224.0000000000000 -0.0009113704652
232.0000000000000 -0.0008108972569
240.0000000000000 -0.0007224095795
240.0000000000000 -0.0007224095795
248.0000000000000 -0.0006446162076
256.0000000000000 -0.0005761473063
256.0000000000000 -0.0005761473063
264.0000000000000 -0.0005154413069
272.0000000000000 -0.0004617821848
272.0000000000000 -0.0004617821848
280.0000000000000 -0.0004141494770
288.0000000000000 -0.0003718949292
288.0000000000000 -0.0003718949292
296.0000000000000 -0.0003342217147
304.0000000000000 -0.0003005550871
304.0000000000000 -0.0003005550871
312.0000000000000 -0.0002700169695
320.0000000000000 -0.0002427205253
336.0000000000000 -0.0001973140704
352.0000000000000 -0.0001601324067
368.0000000000000 -0.0001295622396
384.0000000000000 -0.0001055478505
400.0000000000000 -0.0000864585026
416.0000000000000 -0.0000711658580
432.0000000000000 -0.0000584075491
448.0000000000000 -0.0000478269568
464.0000000000000 -0.0000396129283
480.0000000000000 -0.0000327875709
496.0000000000000 -0.0000267007176
512.0000000000000 -0.0000220974875
528.0000000000000 -0.0000184638894
544.0000000000000 -0.0000150618266
560.0000000000000 -0.0000121737877
576.0000000000000 -0.0000101244691
592.0000000000000 -0.0000086928143
608.0000000000000 -0.0000073012990
624.0000000000000 -0.0000057973298
640.0000000000000 -0.0000045560114
656.0000000000000 -0.0000037481342
672.0000000000000 -0.0000032687921
688.0000000000000 -0.0000029015790
704.0000000000000 -0.0000025203985
720.0000000000000 -0.0000021438084
736.0000000000000 -0.0000017515037
752.0000000000000 -0.0000013664638
768.0000000000000 -0.0000010476389
784.0000000000000 -0.0000008388275
800.0000000000000 -0.0000007094124
816.0000000000000 -0.0000006112211
832.0000000000000 -0.0000005480002
848.0000000000000 -0.0000005191605
864.0000000000000 -0.0000004945428
880.0000000000000 -0.0000004557804
896.0000000000000 -0.0000004059007
912.0000000000000 -0.0000003566000
928.0000000000000 -0.0000003109007
944.0000000000000 -0.0000002669559
960.0000000000000 -0.0000002274712
976.0000000000000 -0.0000001905494
992.0000000000000 -0.0000001570612
1008.0000000000000 -0.0000001299924
1024.0000000000000 -0.0000001096353
1040.0000000000000 -0.0000000941821
1056.0000000000000 -0.0000000820734
1072.0000000000000 -0.0000000724255
1088.0000000000000 -0.0000000656431
1104.0000000000000 -0.0000000603208
1120.0000000000000 -0.0000000577134
1136.0000000000000 -0.0000000568527
1152.0000000000000 -0.0000000561131
1168.0000000000000 -0.0000000577503
1184.0000000000000 -0.0000000619834
1200.0000000000000 -0.0000000654323
1216.0000000000000 -0.0000000660859
1232.0000000000000 -0.0000000648088
1248.0000000000000 -0.0000000632878
1264.0000000000000 -0.0000000619975
1280.0000000000000 -0.0000000608103
1296.0000000000000 -0.0000000598511
1312.0000000000000 -0.0000000589508
1328.0000000000000 -0.0000000582352
1344.0000000000000 -0.0000000575952
1360.0000000000000 -0.0000000571152
1376.0000000000000 -0.0000000566987
1392.0000000000000 -0.0000000564433
1408.0000000000000 -0.0000000562162
1424.0000000000000 -0.0000000561663
1440.0000000000000 -0.0000000561339
1456.0000000000000 -0.0000000562224
1472.0000000000000 -0.0000000564634
1488.0000000000000 -0.0000000566375
1504.0000000000000 -0.0000000569836
1520.0000000000000 -0.0000000575764
1536.0000000000000 -0.0000000580221
1552.0000000000000 -0.0000000581284
1568.0000000000000 -0.0000000580461
1584.0000000000000 -0.0000000579299
1600.0000000000000 -0.0000000578186
1616.0000000000000 -0.0000000577065
1632.0000000000000 -0.0000000575904
1648.0000000000000 -0.0000000574707
1664.0000000000000 -0.0000000573484
1680.0000000000000 -0.0000000572239
1696.0000000000000 -0.0000000570978
1712.0000000000000 -0.0000000569704
1728.0000000000000 -0.0000000568419
1744.0000000000000 -0.0000000567126
1760.0000000000000 -0.0000000565854
1776.0000000000000 -0.0000000564686
1792.0000000000000 -0.0000000563426
1808.0000000000000 -0.0000000560494
1824.0000000000000 -0.0000000552231
1840.0000000000000 -0.0000000535236
1856.0000000000000 -0.0000000509831
1872.0000000000000 -0.0000000478264
1888.0000000000000 -0.0000000440643
1904.0000000000000 -0.0000000396644
1920.0000000000000 -0.0000000346820
1936.0000000000000 -0.0000000290713
1952.0000000000000 -0.0000000227959
1968.0000000000000 -0.0000000158059
1984.0000000000000 -0.0000000080535
