# x lapse
-1984.0000000000000 0.9984809819457
-1968.0000000000000 0.9984708739314
-1952.0000000000000 0.9984607021183
-1936.0000000000000 0.9984504622765
-1920.0000000000000 0.9984401499328
-1904.0000000000000 0.9984297610275
-1888.0000000000000 0.9984192906124
-1872.0000000000000 0.9984087338219
-1856.0000000000000 0.9983980861524
-1840.0000000000000 0.9983873425745
-1824.0000000000000 0.9983764976889
-1808.0000000000000 0.9983655461500
-1792.0000000000000 0.9983544826883
-1776.0000000000000 0.9983433019057
-1760.0000000000000 0.9983319980313
-1744.0000000000000 0.9983205650420
-1728.0000000000000 0.9983089967939
-1712.0000000000000 0.9982972868002
-1696.0000000000000 0.9982854285451
-1680.0000000000000 0.9982734152911
-1664.0000000000000 0.9982612403847
-1648.0000000000000 0.9982488966967
-1632.0000000000000 0.9982363764941
-1616.0000000000000 0.9982236723166
-1600.0000000000000 0.9982107760674
-1584.0000000000000 0.9981976795936
-1568.0000000000000 0.9981843746284
-1552.0000000000000 0.9981708521100
-1536.0000000000000 0.9981571032325
-1520.0000000000000 0.9981431183030
-1504.0000000000000 0.9981288875802
-1488.0000000000000 0.9981144007945
-1472.0000000000000 0.9980996469588
-1456.0000000000000 0.9980846149586
-1440.0000000000000 0.9980692933299
-1424.0000000000000 0.9980536704046
-1408.0000000000000 0.9980377336538
-1392.0000000000000 0.9980214704793
-1376.0000000000000 0.9980048670099
-1360.0000000000000 0.9979879090627
-1344.0000000000000 0.9979705813860
-1328.0000000000000 0.9979528686989
-1312.0000000000000 0.9979347549325
-1296.0000000000000 0.9979162235840
-1280.0000000000000 0.9978972564527
-1264.0000000000000 0.9978778348417
-1248.0000000000000 0.9978579392160
-1232.0000000000000 0.9978375499034
-1216.0000000000000 0.9978166468936
-1200.0000000000000 0.9977952088182
-1184.0000000000000 0.9977732105750
-1168.0000000000000 0.9977506228600
-1152.0000000000000 0.9977274139062
-1136.0000000000000 0.9977035562005
-1120.0000000000000 0.9976790294652
-1104.0000000000000 0.9976538112360
-1088.0000000000000 0.9976278637106
-1072.0000000000000 0.9976011407716
-1056.0000000000000 0.9975736061499
-1040.0000000000000 0.9975452314989
-1024.0000000000000 0.9975159792549
-1008.0000000000000 0.9974857952239
-992.0000000000000 0.9974545896865
-976.0000000000000 0.9974222172771
-960.0000000000000 0.9973886914438
-944.0000000000000 0.9973548231619
-928.0000000000000 0.9973226675321
-912.0000000000000 0.9972942404079
-896.0000000000000 0.9972681635679
-880.0000000000000 0.9972380469171
-864.0000000000000 0.9971977403664
-848.0000000000000 0.9971496752235
-832.0000000000000 0.9971033524804
-816.0000000000000 0.9970634511669
-800.0000000000000 0.9970272598855
-784.0000000000000 0.9969965162399
-768.0000000000000 0.9969795735271
-752.0000000000000 0.9969769487499
-736.0000000000000 0.9969690598351
-720.0000000000000 0.9969094208902
-704.0000000000000 0.9967474630322
-688.0000000000000 0.9965163782632
-672.0000000000000 0.9963666996902
-656.0000000000000 0.9963863479068
-640.0000000000000 0.9964277436977
-624.0000000000000 0.9963185462002
-608.0000000000000 0.9961679448553
-592.0000000000000 0.9961345180459
-576.0000000000000 0.9960822404676
-560.0000000000000 0.9959253582940
-544.0000000000000 0.9958324748619
-528.0000000000000 0.9957564475205
-512.0000000000000 0.9955878839338
-496.0000000000000 0.9954688531712
-480.0000000000000 0.9953616261181
-464.0000000000000 0.9952104663418
-448.0000000000000 0.9950776240975
-432.0000000000000 0.9948704734505
-416.0000000000000 0.9946909331505
-400.0000000000000 0.9945668732577
-384.0000000000000 0.9943662515126
-368.0000000000000 0.9941107154981
-352.0000000000000 0.9938482835408
-336.0000000000000 0.9936400305894
-320.0000000000000 0.9933453317743
-312.0000000000000 0.9931690370221
-304.0000000000000 0.9929882373222
-304.0000000000000 0.9929882373222
-296.0000000000000 0.9928241000229
-288.0000000000000 0.9926574989245
-288.0000000000000 0.9926574989245
-280.0000000000000 0.9924771352498
-272.0000000000000 0.9922806940792
-272.0000000000000 0.9922806940792
-264.0000000000000 0.9920593987734
-256.0000000000000 0.9918213357148
-256.0000000000000 0.9918213357148
-248.0000000000000 0.9915728735825
-240.0000000000000 0.9913103888472
-240.0000000000000 0.9913103888472
-232.0000000000000 0.9910359433255
-224.0000000000000 0.9907388496588
-224.0000000000000 0.9907388496588
-216.0000000000000 0.9904121504250
-208.0000000000000 0.9900519024370
-208.0000000000000 0.9900519024370
-200.0000000000000 0.9896708729051
-192.0000000000000 0.9892827190970
-192.0000000000000 0.9892827190970
-184.0000000000000 0.9888837622755
-176.0000000000000 0.9884339083594
-176.0000000000000 0.9884339083594
-168.0000000000000 0.9878961477689
-164.0000000000000 0.9875946427011
-160.0000000000000 0.9872798273055
-160.0000000000000 0.9872798273055
-160.0000000000000 0.9872798273055
-156.0000000000000 0.9869612001149
-152.0000000000000 0.9866355840927
-152.0000000000000 0.9866355840927
-148.0000000000000 0.9863076286062
-144.0000000000000 0.9859633529773
-144.0000000000000 0.9859633529773
-144.0000000000000 0.9859633529773
-140.0000000000000 0.9855904848050
-136.0000000000000 0.9851885486260
-136.0000000000000 0.9851885486260
-132.0000000000000 0.9847519724040
-128.0000000000000 0.9842837734563
-128.0000000000000 0.9842837734563
-128.0000000000000 0.9842837734563
-124.0000000000000 0.9837806162649
-120.0000000000000 0.9832559872992
-120.0000000000000 0.9832559872992
-116.0000000000000 0.9827074592228
-112.0000000000000 0.9821220945502
-112.0000000000000 0.9821220945502
-112.0000000000000 0.9821220945502
-108.0000000000000 0.9814919426868
-104.0000000000000 0.9808078562576
-104.0000000000000 0.9808078562576
-100.0000000000000 0.9800630801672
-98.0000000000000 0.9796693579378
-96.0000000000000 0.9792586067026
-96.0000000000000 0.9792586067026
-96.0000000000000 0.9792586067026
-96.0000000000000 0.9792586067026
-94.0000000000000 0.9788282829819
-92.0000000000000 0.9783775985661
-92.0000000000000 0.9783775985661
-90.0000000000000 0.9779047618947
-88.0000000000000 0.9774102395403
-88.0000000000000 0.9774102395403
-88.0000000000000 0.9774102395403
-86.0000000000000 0.9768947801218
-84.0000000000000 0.9763557459391
-84.0000000000000 0.9763557459391
-82.0000000000000 0.9757919087996
-80.0000000000000 0.9751997887998
-80.0000000000000 0.9751997887998
-80.0000000000000 0.9751997887998
-80.0000000000000 0.9751997887998
-78.0000000000000 0.9745765845843
-76.0000000000000 0.9739190323163
-76.0000000000000 0.9739190323163
-74.0000000000000 0.9732251724774
-72.0000000000000 0.9724936464136
-72.0000000000000 0.9724936464136
-72.0000000000000 0.9724936464136
-70.0000000000000 0.9717221872374
-68.0000000000000 0.9709076098676
-68.0000000000000 0.9709076098676
-66.0000000000000 0.9700452336367
-64.0000000000000 0.9691293065968
-64.0000000000000 0.9691293065968
-64.0000000000000 0.9691293065968
-64.0000000000000 0.9691293065968
-62.0000000000000 0.9681536381968
-60.0000000000000 0.9671107543572
-60.0000000000000 0.9671107543572
-58.0000000000000 0.9659920140681
-56.0000000000000 0.9647878536032
-56.0000000000000 0.9647878536032
-56.0000000000000 0.9647878536032
-54.0000000000000 0.9634893280825
-52.0000000000000 0.9620876192709
-52.0000000000000 0.9620876192709
-50.0000000000000 0.9605717547746
-49.0000000000000 0.9597669120747
-48.0000000000000 0.9589280507683
-48.0000000000000 0.9589280507683
-48.0000000000000 0.9589280507683
-48.0000000000000 0.9589280507683
-48.0000000000000 0.9589280507683
-47.0000000000000 0.9580533370610
-46.0000000000000 0.9571400374203
-46.0000000000000 0.9571400374203
-45.0000000000000 0.9561859493605
-44.0000000000000 0.9551876459468
-44.0000000000000 0.9551876459468
-44.0000000000000 0.9551876459468
-43.0000000000000 0.9541423221094
-42.0000000000000 0.9530459097665
-42.0000000000000 0.9530459097665
-41.0000000000000 0.9518949718663
-40.0000000000000 0.9506848102493
-40.0000000000000 0.9506848102493
-40.0000000000000 0.9506848102493
-40.0000000000000 0.9506848102493
-39.0000000000000 0.9494112034343
-38.0000000000000 0.9480692843343
-38.0000000000000 0.9480692843343
-37.0000000000000 0.9466536256273
-36.0000000000000 0.9451582156895
-36.0000000000000 0.9451582156895
-36.0000000000000 0.9451582156895
-35.0000000000000 0.9435763329207
-34.0000000000000 0.9419003880077
-34.0000000000000 0.9419003880077
-33.0000000000000 0.9401218238400
-32.0000000000000 0.9382309618206
-32.0000000000000 0.9382309618206
-32.0000000000000 0.9382309618206
-32.0000000000000 0.9382309618206
-32.0000000000000 0.9382309618206
-31.0000000000000 0.9362167735096
-30.0000000000000 0.9340667135851
-30.0000000000000 0.9340667135851
-29.0000000000000 0.9317664330527
-28.5000000000000 0.9305549564983
-28.0000000000000 0.9292994281701
-28.0000000000000 0.9292994281701
-28.0000000000000 0.9292994281701
-28.0000000000000 0.9292994281701
-27.5000000000000 0.9279976581911
-27.0000000000000 0.9266467334481
-27.0000000000000 0.9266467334481
-26.5000000000000 0.9252441342447
-26.0000000000000 0.9237864904532
-26.0000000000000 0.9237864904532
-26.0000000000000 0.9237864904532
-25.5000000000000 0.9222709043448
-25.0000000000000 0.9206934390262
-25.0000000000000 0.9206934390262
-24.5000000000000 0.9190507496427
-24.0000000000000 0.9173381623496
-24.0000000000000 0.9173381623496
-24.0000000000000 0.9173381623496
-24.0000000000000 0.9173381623496
-24.0000000000000 0.9173381623496
-23.5000000000000 0.9155514834828
-23.0000000000000 0.9136859276451
-23.0000000000000 0.9136859276451
-22.5000000000000 0.9117362494186
-22.0000000000000 0.9096967151778
-22.0000000000000 0.9096967151778
-22.0000000000000 0.9096967151778
-21.5000000000000 0.9075610483164
-21.0000000000000 0.9053223705149
-21.0000000000000 0.9053223705149
-20.5000000000000 0.9029731464297
-20.0000000000000 0.9005051178894
-20.0000000000000 0.9005051178894
-20.0000000000000 0.9005051178894
-20.0000000000000 0.9005051178894
-19.5000000000000 0.8979092081225
-19.0000000000000 0.8951754044165
-19.0000000000000 0.8951754044165
-18.5000000000000 0.8922926338515
-18.0000000000000 0.8892486219081
-18.0000000000000 0.8892486219081
-18.0000000000000 0.8892486219081
-17.5000000000000 0.8860297251018
-17.0000000000000 0.8826207424762
-17.0000000000000 0.8826207424762
-16.5000000000000 0.8790047054234
-16.0000000000000 0.8751626342028
-16.0000000000000 0.8751626342028
-16.0000000000000 0.8751626342028
-16.0000000000000 0.8751626342028
-16.0000000000000 0.8751626342028
-16.0000000000000 0.8751626342028
-15.5000000000000 0.8710732447837
-15.0000000000000 0.8667125882625
-15.0000000000000 0.8667125882625
-14.5000000000000 0.8620536157127
-14.2500000000000 0.8596029432368
-14.0000000000000 0.8570656675644
-14.0000000000000 0.8570656675644
-14.0000000000000 0.8570656675644
-14.0000000000000 0.8570656675644
-13.7500000000000 0.8544377378740
-13.5000000000000 0.8517138694433
-13.5000000000000 0.8517138694433
-13.2500000000000 0.8488894471099
-13.0000000000000 0.8459584113732
-13.0000000000000 0.8459584113732
-13.0000000000000 0.8459584113732
-12.7500000000000 0.8429154936798
-12.5000000000000 0.8397537060252
-12.5000000000000 0.8397537060252
-12.2500000000000 0.8364670348373
-12.0000000000000 0.8330472882654
-12.0000000000000 0.8330472882654
-12.0000000000000 0.8330472882654
-12.0000000000000 0.8330472882654
-12.0000000000000 0.8330472882654
-11.7500000000000 0.8294870518150
-11.5000000000000 0.8257779798448
-11.5000000000000 0.8257779798448
-11.2500000000000 0.8219110068043
-11.0000000000000 0.8178763397275
-11.0000000000000 0.8178763397275
-11.0000000000000 0.8178763397275
-10.7500000000000 0.8136633999824
-10.5000000000000 0.8092607493296
-10.5000000000000 0.8092607493296
-10.2500000000000 0.8046560075033
-10.0000000000000 0.7998357611589
-10.0000000000000 0.7998357611589
-10.0000000000000 0.7998357611589
-10.0000000000000 0.7998357611589
-9.7500000000000 0.7947854628334
-9.5000000000000 0.7894893184590
-9.5000000000000 0.7894893184590
-9.2500000000000 0.7839301620601
-9.1250000000000 0.7810462218010
-9.0000000000000 0.7780893162362
-9.0000000000000 0.7780893162362
-9.0000000000000 0.7780893162362
-9.0000000000000 0.7780893162362
-8.8750000000000 0.7750570173076
-8.7500000000000 0.7719464373918
-8.7500000000000 0.7719464373918
-8.6250000000000 0.7687549303791
-8.5000000000000 0.7654793436711
-8.5000000000000 0.7654793436711
-8.5000000000000 0.7654793436711
-8.3750000000000 0.7621167920589
-8.2500000000000 0.7586638272645
-8.2500000000000 0.7586638272645
-8.1250000000000 0.7551173086939
-8.0000000000000 0.7514734280866
-8.0000000000000 0.7514734280866
-8.0000000000000 0.7514734280866
-8.0000000000000 0.7514734280866
-8.0000000000000 0.7514734280866
-8.0000000000000 0.7514734280866
-8.0000000000000 0.7514734280866
-7.8750000000000 0.7477286068721
-7.7500000000000 0.7438790153867
-7.7500000000000 0.7438790153867
-7.6250000000000 0.7399206179782
-7.5000000000000 0.7358491879877
-7.5000000000000 0.7358491879877
-7.5000000000000 0.7358491879877
-7.3750000000000 0.7316603022803
-7.2500000000000 0.7273493321962
-7.2500000000000 0.7273493321962
-7.1250000000000 0.7229114335387
-7.0000000000000 0.7183415361240
-7.0000000000000 0.7183415361240
-7.0000000000000 0.7183415361240
-7.0000000000000 0.7183415361240
-6.8750000000000 0.7136343329397
-6.7500000000000 0.7087842689060
-6.7500000000000 0.7087842689060
-6.6250000000000 0.7037855292727
-6.5625000000000 0.7012285218603
-6.5000000000000 0.6986320276921
-6.5000000000000 0.6986320276921
-6.5000000000000 0.6986320276921
-6.5000000000000 0.6986320276921
-6.4375000000000 0.6959952690191
-6.3750000000000 0.6933173940125
-6.3750000000000 0.6933173940125
-6.3125000000000 0.6905975886678
-6.2500000000000 0.6878349617641
-6.2500000000000 0.6878349617641
-6.2500000000000 0.6878349617641
-6.1875000000000 0.6850286616369
-6.1250000000000 0.6821777556123
-6.1250000000000 0.6821777556123
-6.0625000000000 0.6792813542935
-6.0000000000000 0.6763384761842
-6.0000000000000 0.6763384761842
-6.0000000000000 0.6763384761842
-6.0000000000000 0.6763384761842
-6.0000000000000 0.6763384761842
-6.0000000000000 0.6763384761842
-5.9375000000000 0.6733481695969
-5.8750000000000 0.6703094557073
-5.8750000000000 0.6703094557073
-5.8125000000000 0.6672213271905
-5.7500000000000 0.6640827534473
-5.7500000000000 0.6640827534473
-5.7500000000000 0.6640827534473
-5.6875000000000 0.6608926808905
-5.6250000000000 0.6576500327049
-5.6250000000000 0.6576500327049
-5.5625000000000 0.6543537084862
-5.5000000000000 0.6510025838795
-5.5000000000000 0.6510025838795
-5.5000000000000 0.6510025838795
-5.5000000000000 0.6510025838795
-5.4375000000000 0.6475955102314
-5.3750000000000 0.6441313142550
-5.3750000000000 0.6441313142550
-5.3125000000000 0.6406087977104
-5.2500000000000 0.6370267371002
-5.2500000000000 0.6370267371002
-5.2500000000000 0.6370267371002
-5.1875000000000 0.6333838833856
-5.1250000000000 0.6296789617227
-5.1250000000000 0.6296789617227
-5.0625000000000 0.6259106712247
-5.0000000000000 0.6220776847481
-5.0000000000000 0.6220776847481
-5.0000000000000 0.6220776847481
-5.0000000000000 0.6220776847481
-5.0000000000000 0.6220776847481
-4.9375000000000 0.6181786487107
-4.8750000000000 0.6142121829418
-4.8750000000000 0.6142121829418
-4.8125000000000 0.6101768805698
-4.7500000000000 0.6060713079485
-4.7500000000000 0.6060713079485
-4.7500000000000 0.6060713079485
-4.6875000000000 0.6018940046273
-4.6250000000000 0.5976434833691
-4.6250000000000 0.5976434833691
-4.5625000000000 0.5933182302203
-4.5000000000000 0.5889167046376
-4.5000000000000 0.5889167046376
-4.5000000000000 0.5889167046376
-4.5000000000000 0.5889167046376
-4.4375000000000 0.5844373396757
-4.3750000000000 0.5798785422428
-4.3750000000000 0.5798785422428
-4.3125000000000 0.5752386934270
-4.2500000000000 0.5705161489039
-4.2500000000000 0.5705161489039
-4.2500000000000 0.5705161489039
-4.1875000000000 0.5657092394275
-4.1250000000000 0.5608162714131
-4.1250000000000 0.5608162714131
-4.0625000000000 0.5558355276175
-4.0000000000000 0.5507652679262
-4.0000000000000 0.5507652679262
-4.0000000000000 0.5507652679262
-4.0000000000000 0.5507652679262
-4.0000000000000 0.5507652679262
-4.0000000000000 0.5507652679262
-4.0000000000000 0.5507652679262
-3.9375000000000 0.5456037302546
-3.8750000000000 0.5403491315679
-3.8750000000000 0.5403491315679
-3.8125000000000 0.5349996690316
-3.7500000000000 0.5295535213005
-3.7500000000000 0.5295535213005
-3.7500000000000 0.5295535213005
-3.6875000000000 0.5240088499572
-3.6250000000000 0.5183638011092
-3.6250000000000 0.5183638011092
-3.5625000000000 0.5126165071560
-3.5000000000000 0.5067650887393
-3.5000000000000 0.5067650887393
-3.5000000000000 0.5067650887393
-3.5000000000000 0.5067650887393
-3.4375000000000 0.5008076568850
-3.3750000000000 0.4947423153530
-3.3750000000000 0.4947423153530
-3.3125000000000 0.4885671632044
-3.2812500000000 0.4854378134392
-3.2500000000000 0.4822802975994
-3.2500000000000 0.4822802975994
-3.2500000000000 0.4822802975994
-3.2500000000000 0.4822802975994
-3.2187500000000 0.4790943776959
-3.1875000000000 0.4758798168533
-3.1875000000000 0.4758798168533
-3.1562500000000 0.4726363774157
-3.1250000000000 0.4693638237358
-3.1250000000000 0.4693638237358
-3.1250000000000 0.4693638237358
-3.0937500000000 0.4660619189971
-3.0625000000000 0.4627304290507
-3.0625000000000 0.4627304290507
-3.0312500000000 0.4593691190287
-3.0000000000000 0.4559777542714
-3.0000000000000 0.4559777542714
-3.0000000000000 0.4559777542714
-3.0000000000000 0.4559777542714
-3.0000000000000 0.4559777542714
-3.0000000000000 0.4559777542714
-2.9687500000000 0.4525560963544
-2.9375000000000 0.4491039217039
-2.9375000000000 0.4491039217039
-2.9062500000000 0.4456210017984
-2.8750000000000 0.4421071089346
-2.8750000000000 0.4421071089346
-2.8750000000000 0.4421071089346
-2.8437500000000 0.4385620172841
-2.8125000000000 0.4349855028872
-2.8125000000000 0.4349855028872
-2.7812500000000 0.4313773439439
-2.7500000000000 0.4277373209985
-2.7500000000000 0.4277373209985
-2.7500000000000 0.4277373209985
-2.7500000000000 0.4277373209985
-2.7187500000000 0.4240652171287
-2.6875000000000 0.4203608181561
-2.6875000000000 0.4203608181561
-2.6562500000000 0.4166239128599
-2.6250000000000 0.4128542932022
-2.6250000000000 0.4128542932022
-2.6250000000000 0.4128542932022
-2.5937500000000 0.4090517545604
-2.5625000000000 0.4052160959730
-2.5625000000000 0.4052160959730
-2.5312500000000 0.4013471203935
-2.5000000000000 0.3974446349574
-2.5000000000000 0.3974446349574
-2.5000000000000 0.3974446349574
-2.5000000000000 0.3974446349574
-2.5000000000000 0.3974446349574
-2.4687500000000 0.3935084512605
-2.4375000000000 0.3895383856519
-2.4375000000000 0.3895383856519
-2.4062500000000 0.3855342595382
-2.3750000000000 0.3814958997061
-2.3750000000000 0.3814958997061
-2.3750000000000 0.3814958997061
-2.3437500000000 0.3774231386560
-2.3125000000000 0.3733158149572
-2.3125000000000 0.3733158149572
-2.2812500000000 0.3691737736151
-2.2500000000000 0.3649968664624
-2.2500000000000 0.3649968664624
-2.2500000000000 0.3649968664624
-2.2500000000000 0.3649968664624
-2.2187500000000 0.3607849525682
-2.1875000000000 0.3565378986697
-2.1875000000000 0.3565378986697
-2.1562500000000 0.3522555796289
-2.1250000000000 0.3479378789090
-2.1250000000000 0.3479378789090
-2.1250000000000 0.3479378789090
-2.0937500000000 0.3435846890850
-2.0625000000000 0.3391959123768
-2.0625000000000 0.3391959123768
-2.0312500000000 0.3347714612140
-2.0000000000000 0.3303112588373
-2.0000000000000 0.3303112588373
-2.0000000000000 0.3303112588373
-2.0000000000000 0.3303112588373
-2.0000000000000 0.3303112588373
-2.0000000000000 0.3303112588373
-2.0000000000000 0.3303112588373
-1.9687500000000 0.3258152399341
-1.9375000000000 0.3212833513093
-1.9375000000000 0.3212833513093
-1.9062500000000 0.3167155526078
-1.8750000000000 0.3121118170683
-1.8750000000000 0.3121118170683
-1.8750000000000 0.3121118170683
-1.8437500000000 0.3074721323414
-1.8125000000000 0.3027965013510
-1.8125000000000 0.3027965013510
-1.7812500000000 0.2980849432220
-1.7500000000000 0.2933374942640
-1.7500000000000 0.2933374942640
-1.7500000000000 0.2933374942640
-1.7500000000000 0.2933374942640
-1.7187500000000 0.2885542090320
-1.6875000000000 0.2837351614506
-1.6875000000000 0.2837351614506
-1.6562500000000 0.2788804460262
-1.6250000000000 0.2739901791439
-1.6250000000000 0.2739901791439
-1.6250000000000 0.2739901791439
-1.5937500000000 0.2690645004775
-1.5625000000000 0.2641035744974
-1.5625000000000 0.2641035744974
-1.5312500000000 0.2591075920945
-1.5000000000000 0.2540767723338
-1.5000000000000 0.2540767723338
-1.5000000000000 0.2540767723338
-1.5000000000000 0.2540767723338
-1.5000000000000 0.2540767723338
-1.4687500000000 0.2490113642947
-1.4375000000000 0.2439116491429
-1.4375000000000 0.2439116491429
-1.4062500000000 0.2387779423223
-1.3750000000000 0.2336105960201
-1.3750000000000 0.2336105960201
-1.3750000000000 0.2336105960201
-1.3437500000000 0.2284100018260
-1.3125000000000 0.2231765936549
-1.3125000000000 0.2231765936549
-1.2812500000000 0.2179108508643
-1.2500000000000 0.2126133016442
-1.2500000000000 0.2126133016442
-1.2500000000000 0.2126133016442
-1.2500000000000 0.2126133016442
-1.2187500000000 0.2072845266363
-1.1875000000000 0.2019251628427
-1.1875000000000 0.2019251628427
-1.1562500000000 0.1965359078979
-1.1250000000000 0.1911175247988
-1.1250000000000 0.1911175247988
-1.1250000000000 0.1911175247988
-1.0937500000000 0.1856708471452
-1.0625000000000 0.1801967850326
-1.0625000000000 0.1801967850326
-1.0312500000000 0.1746963316140
-1.0000000000000 0.1691705705073
-1.0000000000000 0.1691705705073
-1.0000000000000 0.1691705705073
-1.0000000000000 0.1691705705073
-1.0000000000000 0.1691705705073
-1.0000000000000 0.1691705705073
-0.9687500000000 0.1636206840311
-0.9375000000000 0.1580479624367
-0.9375000000000 0.1580479624367
-0.9062500000000 0.1524538140690
-0.8750000000000 0.1468397763813
-0.8750000000000 0.1468397763813
-0.8750000000000 0.1468397763813
-0.8437500000000 0.1412075279105
-0.8125000000000 0.1355589015038
-0.8125000000000 0.1355589015038
-0.7812500000000 0.1298958994782
-0.7500000000000 0.1242207112837
-0.7500000000000 0.1242207112837
-0.7500000000000 0.1242207112837
-0.7500000000000 0.1242207112837
-0.7187500000000 0.1185357342153
-0.6875000000000 0.1128435976599
-0.6875000000000 0.1128435976599
-0.6562500000000 0.1071471914009
-0.6250000000000 0.1014496983996
-0.6250000000000 0.1014496983996
-0.6250000000000 0.1014496983996
-0.5937500000000 0.0957546329721
-0.5625000000000 0.0900658851062
-0.5625000000000 0.0900658851062
-0.5312500000000 0.0843877724334
-0.5000000000000 0.0787251039622
-0.5000000000000 0.0787251039622
-0.5000000000000 0.0787251039622
-0.5000000000000 0.0787251039622
-0.5000000000000 0.0787251039622
-0.4687500000000 0.0730832585217
-0.4375000000000 0.0674682800787
-0.4375000000000 0.0674682800787
-0.4062500000000 0.0618869938897
-0.3750000000000 0.0563471544968
-0.3750000000000 0.0563471544968
-0.3750000000000 0.0563471544968
-0.3437500000000 0.0508576449346
-0.3125000000000 0.0454287478962
-0.3125000000000 0.0454287478962
-0.2812500000000 0.0400725085350
-0.2500000000000 0.0348032286145
-0.2500000000000 0.0348032286145
-0.2500000000000 0.0348032286145
-0.2500000000000 0.0348032286145
-0.2187500000000 0.0296381871516
-0.1875000000000 0.0245987461830
-0.1875000000000 0.0245987461830
-0.1562500000000 0.0197120759888
-0.1250000000000 0.0150144936841
-0.1250000000000 0.0150144936841
-0.1250000000000 0.0150144936841
-0.0937500000000 0.0105578259169
-0.0625000000000 0.0064190627282
-0.0625000000000 0.0064190627282
-0.0312500000000 0.0028339049713
0.0000000000000 0.0000465134808
0.0000000000000 0.0000465134808
0.0000000000000 0.0000465134808
0.0000000000000 0.0000465134808
0.0000000000000 0.0000465134808
0.0000000000000 0.0000465134808
0.0000000000000 0.0000465134808
0.0000000000000 0.0000465134808
0.0000000000000 0.0000465134808
0.0000000000000 0.0000465134808
0.0312500000000 0.0028403222979
0.0625000000000 0.0064250657007
0.0625000000000 0.0064250657007
0.0937500000000 0.0105647555174
0.1250000000000 0.0150217673230
0.1250000000000 0.0150217673230
0.1250000000000 0.0150217673230
0.1562500000000 0.0197196728843
0.1875000000000 0.0246066060927
0.1875000000000 0.0246066060927
0.2187500000000 0.0296462637346
0.2500000000000 0.0348114854777
0.2500000000000 0.0348114854777
0.2500000000000 0.0348114854777
0.2500000000000 0.0348114854777
0.2812500000000 0.0400809155265
0.3125000000000 0.0454372804930
0.3125000000000 0.0454372804930
0.3437500000000 0.0508662827429
0.3750000000000 0.0563558802738
0.3750000000000 0.0563558802738
0.3750000000000 0.0563558802738
0.4062500000000 0.0618957927528
0.4375000000000 0.0674771389056
0.4375000000000 0.0674771389056
0.4687500000000 0.0730921656409
0.5000000000000 0.0787340490841
0.5000000000000 0.0787340490841
0.5000000000000 0.0787340490841
0.5000000000000 0.0787340490841
0.5000000000000 0.0787340490841
0.5312500000000 0.0843967465584
0.5625000000000 0.0900748803688
0.5625000000000 0.0900748803688
0.5937500000000 0.0957636422923
0.6250000000000 0.1014587152952
0.6250000000000 0.1014587152952
0.6250000000000 0.1014587152952
0.6562500000000 0.1071562101172
0.6875000000000 0.1128526130000
0.6875000000000 0.1128526130000
0.7187500000000 0.1185447414094
0.7500000000000 0.1242297059877
0.7500000000000 0.1242297059877
0.7500000000000 0.1242297059877
0.7500000000000 0.1242297059877
0.7812500000000 0.1299048777034
0.8125000000000 0.1355678595424
0.8125000000000 0.1355678595424
0.8437500000000 0.1412164623487
0.8750000000000 0.1468486841012
0.8750000000000 0.1468486841012
0.8750000000000 0.1468486841012
0.9062500000000 0.1524626922184
0.9375000000000 0.1580568084385
0.9375000000000 0.1580568084385
0.9687500000000 0.1636294955299
1.0000000000000 0.1691793453471
1.0000000000000 0.1691793453471
1.0000000000000 0.1691793453471
1.0000000000000 0.1691793453471
1.0000000000000 0.1691793453471
1.0000000000000 0.1691793453471
1.0312500000000 0.1747050678165
1.0625000000000 0.1802054807826
1.0625000000000 0.1802054807826
1.0937500000000 0.1856795007815
1.1250000000000 0.1911261348013
1.1250000000000 0.1911261348013
1.1250000000000 0.1911261348013
1.1562500000000 0.1965444728917
1.1875000000000 0.2019336815688
1.1875000000000 0.2019336815688
1.2187500000000 0.2072929979526
1.2500000000000 0.2126217245027
1.2500000000000 0.2126217245027
1.2500000000000 0.2126217245027
1.2500000000000 0.2126217245027
1.2812500000000 0.2179192243155
1.3125000000000 0.2231849168251
1.3125000000000 0.2231849168251
1.3437500000000 0.2284182739123
1.3750000000000 0.2336188162848
1.3750000000000 0.2336188162848
1.3750000000000 0.2336188162848
1.4062500000000 0.2387861100963
1.4375000000000 0.2439197638221
1.4375000000000 0.2439197638221
1.4687500000000 0.2490194253389
1.5000000000000 0.2540847792497
1.5000000000000 0.2540847792497
1.5000000000000 0.2540847792497
1.5000000000000 0.2540847792497
1.5000000000000 0.2540847792497
1.5312500000000 0.2591155444494
1.5625000000000 0.2641114719047
1.5625000000000 0.2641114719047
1.5937500000000 0.2690723426158
1.6250000000000 0.2739979657262
1.6250000000000 0.2739979657262
1.6250000000000 0.2739979657262
1.6562500000000 0.2788881768079
1.6875000000000 0.2837428362212
1.6875000000000 0.2837428362212
1.7187500000000 0.2885618276126
1.7500000000000 0.2933450565078
1.7500000000000 0.2933450565078
1.7500000000000 0.2933450565078
1.7500000000000 0.2933450565078
1.7812500000000 0.2980924490123
1.8125000000000 0.3028039505993
1.8125000000000 0.3028039505993
1.8437500000000 0.3074795249858
1.8750000000000 0.3121191530731
1.8750000000000 0.3121191530731
1.8750000000000 0.3121191530731
1.9062500000000 0.3167228319626
1.9375000000000 0.3212905740291
1.9375000000000 0.3212905740291
1.9687500000000 0.3258224060586
2.0000000000000 0.3303183684346
2.0000000000000 0.3303183684346
2.0000000000000 0.3303183684346
2.0000000000000 0.3303183684346
2.0000000000000 0.3303183684346
2.0000000000000 0.3303183684346
2.0000000000000 0.3303183684346
2.0312500000000 0.3347785143749
2.0625000000000 0.3392029092138
2.0625000000000 0.3392029092138
2.0937500000000 0.3435916297286
2.1250000000000 0.3479447635061
2.1250000000000 0.3479447635061
2.1250000000000 0.3479447635061
2.1562500000000 0.3522624083437
2.1875000000000 0.3565446716836
2.1875000000000 0.3565446716836
2.2187500000000 0.3607916700760
2.2500000000000 0.3650035286734
2.2500000000000 0.3650035286734
2.2500000000000 0.3650035286734
2.2500000000000 0.3650035286734
2.2812500000000 0.3691803807484
2.3125000000000 0.3733223672420
2.3125000000000 0.3733223672420
2.3437500000000 0.3774296363285
2.3750000000000 0.3815023430117
2.3750000000000 0.3815023430117
2.3750000000000 0.3815023430117
2.4062500000000 0.3855406487324
2.4375000000000 0.3895447209992
2.4375000000000 0.3895447209992
2.4687500000000 0.3935147330324
2.5000000000000 0.3974508634311
2.5000000000000 0.3974508634311
2.5000000000000 0.3974508634311
2.5000000000000 0.3974508634311
2.5000000000000 0.3974508634311
2.5312500000000 0.4013532958529
2.5625000000000 0.4052222187082
2.5625000000000 0.4052222187082
2.5937500000000 0.4090578248683
2.6250000000000 0.4128603113858
2.6250000000000 0.4128603113858
2.6250000000000 0.4128603113858
2.6562500000000 0.4166298792295
2.6875000000000 0.4203667330275
2.6875000000000 0.4203667330275
2.7187500000000 0.4240710808256
2.7500000000000 0.4277431338494
2.7500000000000 0.4277431338494
2.7500000000000 0.4277431338494
2.7500000000000 0.4277431338494
2.7812500000000 0.4313831062836
2.8125000000000 0.4349912150544
2.8125000000000 0.4349912150544
2.8437500000000 0.4385676796226
2.8750000000000 0.4421127217922
2.8750000000000 0.4421127217922
2.8750000000000 0.4421127217922
2.9062500000000 0.4456265655269
2.9375000000000 0.4491094366587
2.9375000000000 0.4491094366587
2.9687500000000 0.4525615628942
3.0000000000000 0.4559831727588
3.0000000000000 0.4559831727588
3.0000000000000 0.4559831727588
3.0000000000000 0.4559831727588
3.0000000000000 0.4559831727588
3.0000000000000 0.4559831727588
3.0312500000000 0.4593744898286
3.0625000000000 0.4627357525300
3.0625000000000 0.4627357525300
3.0937500000000 0.4660671955254
3.1250000000000 0.4693690536831
3.1250000000000 0.4693690536831
3.1250000000000 0.4693690536831
3.1562500000000 0.4726415611527
3.1875000000000 0.4758849547519
3.1875000000000 0.4758849547519
3.2187500000000 0.4790994701294
3.2500000000000 0.4822853449408
3.2500000000000 0.4822853449408
3.2500000000000 0.4822853449408
3.2500000000000 0.4822853449408
3.2812500000000 0.4854428160617
3.3125000000000 0.4885721214811
3.3750000000000 0.4947471860593
3.3750000000000 0.4947471860593
3.4375000000000 0.5008124415129
3.5000000000000 0.5067697887777
3.5000000000000 0.5067697887777
3.5000000000000 0.5067697887777
3.5000000000000 0.5067697887777
3.5625000000000 0.5126211240877
3.6250000000000 0.5183683364096
3.6250000000000 0.5183683364096
3.6875000000000 0.5240133050946
3.7500000000000 0.5295578977345
3.7500000000000 0.5295578977345
3.7500000000000 0.5295578977345
3.8125000000000 0.5350039682127
3.8750000000000 0.5403533549368
3.8750000000000 0.5403533549368
3.9375000000000 0.5456078792411
4.0000000000000 0.5507693439485
4.0000000000000 0.5507693439485
4.0000000000000 0.5507693439485
4.0000000000000 0.5507693439485
4.0000000000000 0.5507693439485
4.0000000000000 0.5507693439485
4.0000000000000 0.5507693439485
4.0625000000000 0.5558395320818
4.1250000000000 0.5608202057128
4.1250000000000 0.5608202057128
4.1875000000000 0.5657131049411
4.2500000000000 0.5705199469945
4.2500000000000 0.5705199469945
4.2500000000000 0.5705199469945
4.3125000000000 0.5752424254422
4.3750000000000 0.5798822095129
4.3750000000000 0.5798822095129
4.4375000000000 0.5844409435103
4.5000000000000 0.5889202463241
4.5000000000000 0.5889202463241
4.5000000000000 0.5889202463241
4.5000000000000 0.5889202463241
4.5625000000000 0.5933217110243
4.6250000000000 0.5976469045331
4.6250000000000 0.5976469045331
4.6875000000000 0.6018973673696
4.7500000000000 0.6060746134618
4.7500000000000 0.6060746134618
4.7500000000000 0.6060746134618
4.8125000000000 0.6101801300216
4.8750000000000 0.6142153774754
4.8750000000000 0.6142153774754
4.9375000000000 0.6181817894459
5.0000000000000 0.6220807727810
5.0000000000000 0.6220807727810
5.0000000000000 0.6220807727810
5.0000000000000 0.6220807727810
5.0000000000000 0.6220807727810
5.0625000000000 0.6259137076275
5.1250000000000 0.6296819475451
5.1250000000000 0.6296819475451
5.1875000000000 0.6333868196554
5.2500000000000 0.6370296248250
5.2500000000000 0.6370296248250
5.2500000000000 0.6370296248250
5.3125000000000 0.6406116378763
5.3750000000000 0.6441341078272
5.3750000000000 0.6441341078272
5.4375000000000 0.6475982581544
5.5000000000000 0.6510052870781
5.5000000000000 0.6510052870781
5.5000000000000 0.6510052870781
5.5000000000000 0.6510052870781
5.5625000000000 0.6543563678648
5.6250000000000 0.6576526491480
5.6250000000000 0.6576526491480
5.6875000000000 0.6608952552634
5.7500000000000 0.6640852865967
5.7500000000000 0.6640852865967
5.7500000000000 0.6640852865967
5.8125000000000 0.6672238199450
5.8750000000000 0.6703119088774
5.8750000000000 0.6703119088774
5.9375000000000 0.6733505839753
6.0000000000000 0.6763408525462
6.0000000000000 0.6763408525462
6.0000000000000 0.6763408525462
6.0000000000000 0.6763408525462
6.0000000000000 0.6763408525462
6.0000000000000 0.6763408525462
6.0625000000000 0.6792836933971
6.1250000000000 0.6821800581974
6.1250000000000 0.6821800581974
6.1875000000000 0.6850309284254
6.2500000000000 0.6878371934614
6.2500000000000 0.6878371934614
6.2500000000000 0.6878371934614
6.3125000000000 0.6905997859617
6.3750000000000 0.6933195575764
6.3750000000000 0.6933195575764
6.4375000000000 0.6959973995106
6.5000000000000 0.6986341257564
6.5000000000000 0.6986341257564
6.5000000000000 0.6986341257564
6.5000000000000 0.6986341257564
6.5625000000000 0.7012305881287
6.6250000000000 0.7037875643644
6.7500000000000 0.7087862434526
6.7500000000000 0.7087862434526
6.8750000000000 0.7136362492688
7.0000000000000 0.7183433964702
7.0000000000000 0.7183433964702
7.0000000000000 0.7183433964702
7.0000000000000 0.7183433964702
7.1250000000000 0.7229132400514
7.2500000000000 0.7273510869395
7.2500000000000 0.7273510869395
7.3750000000000 0.7316620072251
7.5000000000000 0.7358508450226
7.5000000000000 0.7358508450226
7.5000000000000 0.7358508450226
7.6250000000000 0.7399222289160
7.7500000000000 0.7438805819651
7.7500000000000 0.7438805819651
7.8750000000000 0.7477301307562
8.0000000000000 0.7514749108715
8.0000000000000 0.7514749108715
8.0000000000000 0.7514749108715
8.0000000000000 0.7514749108715
8.0000000000000 0.7514749108715
8.0000000000000 0.7514749108715
8.0000000000000 0.7514749108715
8.1250000000000 0.7551187519078
8.2500000000000 0.7586652323723
8.2500000000000 0.7586652323723
8.3750000000000 0.7621181604586
8.5000000000000 0.7654806767035
8.5000000000000 0.7654806767035
8.5000000000000 0.7654806767035
8.6250000000000 0.7687562293250
8.7500000000000 0.7719477034732
8.7500000000000 0.7719477034732
8.8750000000000 0.7750582516855
9.0000000000000 0.7780905200183
9.0000000000000 0.7780905200183
9.0000000000000 0.7780905200183
9.0000000000000 0.7780905200183
9.1250000000000 0.7810473960358
9.2500000000000 0.7839313077525
9.5000000000000 0.7894904098912
9.5000000000000 0.7894904098912
9.7500000000000 0.7947865035001
10.0000000000000 0.7998367542837
10.0000000000000 0.7998367542837
10.0000000000000 0.7998367542837
10.0000000000000 0.7998367542837
10.2500000000000 0.8046569560918
10.5000000000000 0.8092616562099
10.5000000000000 0.8092616562099
10.7500000000000 0.8136642678365
11.0000000000000 0.8178771710990
11.0000000000000 0.8178771710990
11.0000000000000 0.8178771710990
11.2500000000000 0.8219118040683
11.5000000000000 0.8257787451706
11.5000000000000 0.8257787451706
11.7500000000000 0.8294877871538
12.0000000000000 0.8330479953419
12.0000000000000 0.8330479953419
12.0000000000000 0.8330479953419
12.0000000000000 0.8330479953419
12.0000000000000 0.8330479953419
12.2500000000000 0.8364677151608
12.5000000000000 0.8397543609533
12.5000000000000 0.8397543609533
12.7500000000000 0.8429161243508
13.0000000000000 0.8459590189141
13.0000000000000 0.8459590189141
13.0000000000000 0.8459590189141
13.2500000000000 0.8488900325660
13.5000000000000 0.8517144338520
13.5000000000000 0.8517144338520
13.7500000000000 0.8544382822549
14.0000000000000 0.8570661928853
14.0000000000000 0.8570661928853
14.0000000000000 0.8570661928853
14.0000000000000 0.8570661928853
14.2500000000000 0.8596034504335
14.5000000000000 0.8620541056425
15.0000000000000 0.8667130459625
15.0000000000000 0.8667130459625
15.5000000000000 0.8710736727394
16.0000000000000 0.8751630347037
16.0000000000000 0.8751630347037
16.0000000000000 0.8751630347037
16.0000000000000 0.8751630347037
16.0000000000000 0.8751630347037
16.0000000000000 0.8751630347037
16.5000000000000 0.8790050808303
17.0000000000000 0.8826210952007
17.0000000000000 0.8826210952007
17.5000000000000 0.8860300573964
18.0000000000000 0.8892489355626
18.0000000000000 0.8892489355626
18.0000000000000 0.8892489355626
18.5000000000000 0.8922929303422
19.0000000000000 0.8951756849730
19.0000000000000 0.8951756849730
19.5000000000000 0.8979094737490
20.0000000000000 0.9005053695995
20.0000000000000 0.9005053695995
20.0000000000000 0.9005053695995
20.0000000000000 0.9005053695995
20.5000000000000 0.9029733854116
21.0000000000000 0.9053225979625
21.0000000000000 0.9053225979625
21.5000000000000 0.9075612650747
22.0000000000000 0.9096969218292
22.0000000000000 0.9096969218292
22.0000000000000 0.9096969218292
22.5000000000000 0.9117364466392
23.0000000000000 0.9136861162248
23.0000000000000 0.9136861162248
23.5000000000000 0.9155516641824
24.0000000000000 0.9173383358693
24.0000000000000 0.9173383358693
24.0000000000000 0.9173383358693
24.0000000000000 0.9173383358693
24.0000000000000 0.9173383358693
24.5000000000000 0.9190509165182
25.0000000000000 0.9206935994963
25.0000000000000 0.9206935994963
25.5000000000000 0.9222710582008
26.0000000000000 0.9237866377746
26.0000000000000 0.9237866377746
26.0000000000000 0.9237866377746
26.5000000000000 0.9252442752132
27.0000000000000 0.9266468683558
27.0000000000000 0.9266468683558
27.5000000000000 0.9279977875257
28.0000000000000 0.9292995522653
28.0000000000000 0.9292995522653
28.0000000000000 0.9292995522653
28.0000000000000 0.9292995522653
28.5000000000000 0.9305550756167
29.0000000000000 0.9317665474039
30.0000000000000 0.9340668187988
30.0000000000000 0.9340668187988
31.0000000000000 0.9362168726611
32.0000000000000 0.9382310570592
32.0000000000000 0.9382310570592
32.0000000000000 0.9382310570592
32.0000000000000 0.9382310570592
32.0000000000000 0.9382310570592
33.0000000000000 0.9401219134185
34.0000000000000 0.9419004712801
34.0000000000000 0.9419004712801
35.0000000000000 0.9435764106542
36.0000000000000 0.9451582874723
36.0000000000000 0.9451582874723
36.0000000000000 0.9451582874723
37.0000000000000 0.9466536921597
38.0000000000000 0.9480693479699
38.0000000000000 0.9480693479699
39.0000000000000 0.9494112645879
40.0000000000000 0.9506848678622
40.0000000000000 0.9506848678622
40.0000000000000 0.9506848678622
40.0000000000000 0.9506848678622
41.0000000000000 0.9518950271177
42.0000000000000 0.9530459625025
42.0000000000000 0.9530459625025
43.0000000000000 0.9541423711979
44.0000000000000 0.9551876914302
44.0000000000000 0.9551876914302
44.0000000000000 0.9551876914302
45.0000000000000 0.9561859922401
46.0000000000000 0.9571400783656
46.0000000000000 0.9571400783656
47.0000000000000 0.9580533769704
48.0000000000000 0.9589280898185
48.0000000000000 0.9589280898185
48.0000000000000 0.9589280898185
48.0000000000000 0.9589280898185
48.0000000000000 0.9589280898185
49.0000000000000 0.9597669494726
50.0000000000000 0.9605717906993
52.0000000000000 0.9620876547321
52.0000000000000 0.9620876547321
54.0000000000000 0.9634893619161
56.0000000000000 0.9647878847280
56.0000000000000 0.9647878847280
56.0000000000000 0.9647878847280
58.0000000000000 0.9659920419528
60.0000000000000 0.9671107802146
60.0000000000000 0.9671107802146
62.0000000000000 0.9681536625023
64.0000000000000 0.9691293283508
64.0000000000000 0.9691293283508
64.0000000000000 0.9691293283508
64.0000000000000 0.9691293283508
66.0000000000000 0.9700452533444
68.0000000000000 0.9709076272206
68.0000000000000 0.9709076272206
70.0000000000000 0.9717222036211
72.0000000000000 0.9724936608134
72.0000000000000 0.9724936608134
72.0000000000000 0.9724936608134
74.0000000000000 0.9732251839830
76.0000000000000 0.9739190430106
76.0000000000000 0.9739190430106
78.0000000000000 0.9745765958954
80.0000000000000 0.9751998022756
80.0000000000000 0.9751998022756
80.0000000000000 0.9751998022756
80.0000000000000 0.9751998022756
82.0000000000000 0.9757919221090
84.0000000000000 0.9763557586812
84.0000000000000 0.9763557586812
86.0000000000000 0.9768947925220
88.0000000000000 0.9774102518579
88.0000000000000 0.9774102518579
88.0000000000000 0.9774102518579
90.0000000000000 0.9779047750172
92.0000000000000 0.9783776122245
92.0000000000000 0.9783776122245
94.0000000000000 0.9788282954924
96.0000000000000 0.9792586177841
96.0000000000000 0.9792586177841
96.0000000000000 0.9792586177841
96.0000000000000 0.9792586177841
98.0000000000000 0.9796693685132
100.0000000000000 0.9800630903415
104.0000000000000 0.9808078646943
104.0000000000000 0.9808078646943
108.0000000000000 0.9814919486097
112.0000000000000 0.9821220992236
112.0000000000000 0.9821220992236
112.0000000000000 0.9821220992236
116.0000000000000 0.9827074628843
120.0000000000000 0.9832559900383
120.0000000000000 0.9832559900383
124.0000000000000 0.9837806191128
128.0000000000000 0.9842837791759
128.0000000000000 0.9842837791759
128.0000000000000 0.9842837791759
132.0000000000000 0.9847519793517
136.0000000000000 0.9851885560467
136.0000000000000 0.9851885560467
140.0000000000000 0.9855904909722
144.0000000000000 0.9859633573379
144.0000000000000 0.9859633573379
144.0000000000000 0.9859633573379
148.0000000000000 0.9863076314006
152.0000000000000 0.9866355857301
152.0000000000000 0.9866355857301
156.0000000000000 0.9869612016676
160.0000000000000 0.9872798291561
160.0000000000000 0.9872798291561
160.0000000000000 0.9872798291561
164.0000000000000 0.9875946447499
168.0000000000000 0.9878961499569
176.0000000000000 0.9884339102897
176.0000000000000 0.9884339102897
184.0000000000000 0.9888837656116
192.0000000000000 0.9892827223137
192.0000000000000 0.9892827223137
200.0000000000000 0.9896708745690
208.0000000000000 0.9900519042504
208.0000000000000 0.9900519042504
216.0000000000000 0.9904121534781
224.0000000000000 0.9907388537011
224.0000000000000 0.9907388537011
232.0000000000000 0.9910359456763
240.0000000000000 0.9913103899533
240.0000000000000 0.9913103899533
248.0000000000000 0.9915728749716
256.0000000000000 0.9918213375485
256.0000000000000 0.9918213375485
264.0000000000000 0.9920593997335
272.0000000000000 0.9922806942691
272.0000000000000 0.9922806942691
280.0000000000000 0.9924771361200
288.0000000000000 0.9926575006690
288.0000000000000 0.9926575006690
296.0000000000000 0.9928241018863
304.0000000000000 0.9929882389749
304.0000000000000 0.9929882389749
312.0000000000000 0.9931690381478
320.0000000000000 0.9933453323453
336.0000000000000 0.9936400308487
352.0000000000000 0.9938482848719
368.0000000000000 0.9941107167244
384.0000000000000 0.9943662521125
400.0000000000000 0.9945668731209
416.0000000000000 0.9946909341755
432.0000000000000 0.9948704747730
448.0000000000000 0.9950776241399
464.0000000000000 0.9952104670189
480.0000000000000 0.9953616266911
496.0000000000000 0.9954688537054
512.0000000000000 0.9955878847595
528.0000000000000 0.9957564477932
544.0000000000000 0.9958324755326
560.0000000000000 0.9959253592260
576.0000000000000 0.9960822409564
592.0000000000000 0.9961345188040
608.0000000000000 0.9961679457053
624.0000000000000 0.9963185464283
640.0000000000000 0.9964277435800
656.0000000000000 0.9963863480099
672.0000000000000 0.9963667003536
688.0000000000000 0.9965163792886
704.0000000000000 0.9967474635855
720.0000000000000 0.9969094205404
736.0000000000000 0.9969690591073
752.0000000000000 0.9969769482572
768.0000000000000 0.9969795732988
784.0000000000000 0.9969965160450
800.0000000000000 0.9970272596619
816.0000000000000 0.9970634509982
832.0000000000000 0.9971033524162
848.0000000000000 0.9971496752329
864.0000000000000 0.9971977403947
880.0000000000000 0.9972380469339
896.0000000000000 0.9972681635706
912.0000000000000 0.9972942404048
928.0000000000000 0.9973226675294
944.0000000000000 0.9973548231609
960.0000000000000 0.9973886914437
976.0000000000000 0.9974222172772
992.0000000000000 0.9974545896866
1008.0000000000000 0.9974857952239
1024.0000000000000 0.9975159792549
1040.0000000000000 0.9975452314989
1056.0000000000000 0.9975736061499
1072.0000000000000 0.9976011407716
1088.0000000000000 0.9976278637106
1104.0000000000000 0.9976538112360
1120.0000000000000 0.9976790294652
1136.0000000000000 0.9977035562005
1152.0000000000000 0.9977274139062
1168.0000000000000 0.9977506228600
1184.0000000000000 0.9977732105750
1200.0000000000000 0.9977952088182
1216.0000000000000 0.9978166468936
1232.0000000000000 0.9978375499034
1248.0000000000000 0.9978579392160
1264.0000000000000 0.9978778348417
1280.0000000000000 0.9978972564527
1296.0000000000000 0.9979162235840
1312.0000000000000 0.9979347549325
1328.0000000000000 0.9979528686989
1344.0000000000000 0.9979705813861
1360.0000000000000 0.9979879090627
1376.0000000000000 0.9980048670099
1392.0000000000000 0.9980214704793
1408.0000000000000 0.9980377336538
1424.0000000000000 0.9980536704046
1440.0000000000000 0.9980692933299
1456.0000000000000 0.9980846149586
1472.0000000000000 0.9980996469588
1488.0000000000000 0.9981144007945
1504.0000000000000 0.9981288875802
1520.0000000000000 0.9981431183030
1536.0000000000000 0.9981571032325
1552.0000000000000 0.9981708521100
1568.0000000000000 0.9981843746284
1584.0000000000000 0.9981976795936
1600.0000000000000 0.9982107760674
1616.0000000000000 0.9982236723166
1632.0000000000000 0.9982363764941
1648.0000000000000 0.9982488966967
1664.0000000000000 0.9982612403847
1680.0000000000000 0.9982734152911
1696.0000000000000 0.9982854285451
1712.0000000000000 0.9982972868002
1728.0000000000000 0.9983089967939
1744.0000000000000 0.9983205650420
1760.0000000000000 0.9983319980313
1776.0000000000000 0.9983433019057
1792.0000000000000 0.9983544826883
1808.0000000000000 0.9983655461500
1824.0000000000000 0.9983764976889
1840.0000000000000 0.9983873425745
1856.0000000000000 0.9983980861524
1872.0000000000000 0.9984087338219
1888.0000000000000 0.9984192906124
1904.0000000000000 0.9984297610275
1920.0000000000000 0.9984401499328
1936.0000000000000 0.9984504622765
1952.0000000000000 0.9984607021183
1968.0000000000000 0.9984708739314
1984.0000000000000 0.9984809819457
