# x lapse
-1984.0000000000000 0.9989341260037
-1968.0000000000000 0.9989257948687
-1952.0000000000000 0.9989173617920
-1936.0000000000000 0.9989088223443
-1920.0000000000000 0.9989001718912
-1904.0000000000000 0.9988914057155
-1888.0000000000000 0.9988825190477
-1872.0000000000000 0.9988735068497
-1856.0000000000000 0.9988643639846
-1840.0000000000000 0.9988550852664
-1824.0000000000000 0.9988456652527
-1808.0000000000000 0.9988360983561
-1792.0000000000000 0.9988263788371
-1776.0000000000000 0.9988165008073
-1760.0000000000000 0.9988064582642
-1744.0000000000000 0.9987962448765
-1728.0000000000000 0.9987858541751
-1712.0000000000000 0.9987752795714
-1696.0000000000000 0.9987645141347
-1680.0000000000000 0.9987535507415
-1664.0000000000000 0.9987423821189
-1648.0000000000000 0.9987310006180
-1632.0000000000000 0.9987193983043
-1616.0000000000000 0.9987075673186
-1600.0000000000000 0.9986955000350
-1584.0000000000000 0.9986831890814
-1568.0000000000000 0.9986706270499
-1552.0000000000000 0.9986578061680
-1536.0000000000000 0.9986447183544
-1520.0000000000000 0.9986313551978
-1504.0000000000000 0.9986177078687
-1488.0000000000000 0.9986037672500
-1472.0000000000000 0.9985895237432
-1456.0000000000000 0.9985749673670
-1440.0000000000000 0.9985600877550
-1424.0000000000000 0.9985448739438
-1408.0000000000000 0.9985293146278
-1392.0000000000000 0.9985133978065
-1376.0000000000000 0.9984971110409
-1360.0000000000000 0.9984804411717
-1344.0000000000000 0.9984633745970
-1328.0000000000000 0.9984458970652
-1312.0000000000000 0.9984279936582
-1296.0000000000000 0.9984096484477
-1280.0000000000000 0.9983908448700
-1264.0000000000000 0.9983715656370
-1248.0000000000000 0.9983517925734
-1232.0000000000000 0.9983315061753
-1216.0000000000000 0.9983106863605
-1200.0000000000000 0.9982893118669
-1184.0000000000000 0.9982673602378
-1168.0000000000000 0.9982448078976
-1152.0000000000000 0.9982216297656
-1136.0000000000000 0.9981977994486
-1120.0000000000000 0.9981732888637
-1104.0000000000000 0.9981480682908
-1088.0000000000000 0.9981221067190
-1072.0000000000000 0.9980953709181
-1056.0000000000000 0.9980678256328
-1040.0000000000000 0.9980394333234
-1024.0000000000000 0.9980101543284
-1008.0000000000000 0.9979799465796
-992.0000000000000 0.9979487652560
-976.0000000000000 0.9979165627493
-960.0000000000000 0.9978832881134
-944.0000000000000 0.9978488867572
-928.0000000000000 0.9978133010293
-912.0000000000000 0.9977764681785
-896.0000000000000 0.9977383211415
-880.0000000000000 0.9976987885626
-864.0000000000000 0.9976577931266
-848.0000000000000 0.9976152518402
-832.0000000000000 0.9975710763480
-816.0000000000000 0.9975251711291
-800.0000000000000 0.9974774321007
-784.0000000000000 0.9974277473401
-768.0000000000000 0.9973759945211
-752.0000000000000 0.9973220420924
-736.0000000000000 0.9972657460215
-720.0000000000000 0.9972069521313
-704.0000000000000 0.9971454901181
-688.0000000000000 0.9970811731359
-672.0000000000000 0.9970137976222
-656.0000000000000 0.9969431395373
-640.0000000000000 0.9968689539567
-624.0000000000000 0.9967909719170
-608.0000000000000 0.9967089037869
-592.0000000000000 0.9966224218368
-576.0000000000000 0.9965311457895
-560.0000000000000 0.9964346370377
-544.0000000000000 0.9963324319257
-528.0000000000000 0.9962240527738
-512.0000000000000 0.9961089329713
-496.0000000000000 0.9959863990727
-480.0000000000000 0.9958557179751
-464.0000000000000 0.9957160430250
-448.0000000000000 0.9955663738104
-432.0000000000000 0.9954056429524
-416.0000000000000 0.9952326182922
-400.0000000000000 0.9950457884062
-384.0000000000000 0.9948433711131
-368.0000000000000 0.9946225750707
-352.0000000000000 0.9943811937532
-336.0000000000000 0.9941266392533
-320.0000000000000 0.9938721711568
-312.0000000000000 0.9937392024149
-304.0000000000000 0.9935954528924
-304.0000000000000 0.9935954528924
-296.0000000000000 0.9934324412682
-288.0000000000000 0.9932547385504
-288.0000000000000 0.9932547385504
-280.0000000000000 0.9930644989409
-272.0000000000000 0.9928604915377
-272.0000000000000 0.9928604915377
-264.0000000000000 0.9926417175105
-256.0000000000000 0.9924096348463
-256.0000000000000 0.9924096348463
-248.0000000000000 0.9921657356894
-240.0000000000000 0.9919089187380
-240.0000000000000 0.9919089187380
-232.0000000000000 0.9916360247135
-224.0000000000000 0.9913547196915
-224.0000000000000 0.9913547196915
-216.0000000000000 0.9910569032592
-208.0000000000000 0.9907445470933
-208.0000000000000 0.9907445470933
-200.0000000000000 0.9904149625615
-192.0000000000000 0.9900590732152
-192.0000000000000 0.9900590732152
-184.0000000000000 0.9896865304729
-176.0000000000000 0.9893036940815
-176.0000000000000 0.9893036940815
-168.0000000000000 0.9889040317945
-164.0000000000000 0.9886934604105
-160.0000000000000 0.9884774035873
-160.0000000000000 0.9884774035873
-160.0000000000000 0.9884774035873
-156.0000000000000 0.9882589627128
-152.0000000000000 0.9880338577863
-152.0000000000000 0.9880338577863
-148.0000000000000 0.9878042467710
-144.0000000000000 0.9875539171623
-144.0000000000000 0.9875539171623
-144.0000000000000 0.9875539171623
-140.0000000000000 0.9872754440817
-136.0000000000000 0.9869446226136
-136.0000000000000 0.9869446226136
-132.0000000000000 0.9865483336073
-128.0000000000000 0.9860458948901
-128.0000000000000 0.9860458948901
-128.0000000000000 0.9860458948901
-124.0000000000000 0.9853992235094
-120.0000000000000 0.9845874026553
-120.0000000000000 0.9845874026553
-116.0000000000000 0.9836326544999
-112.0000000000000 0.9825856994904
-112.0000000000000 0.9825856994904
-112.0000000000000 0.9825856994904
-108.0000000000000 0.9815226436897
-104.0000000000000 0.9805098007037
-104.0000000000000 0.9805098007037
-100.0000000000000 0.9795919212643
-98.0000000000000 0.9791711090786
-96.0000000000000 0.9787698458677
-96.0000000000000 0.9787698458677
-96.0000000000000 0.9787698458677
-96.0000000000000 0.9787698458677
-94.0000000000000 0.9783848981215
-92.0000000000000 0.9780083582256
-92.0000000000000 0.9780083582256
-90.0000000000000 0.9776342874490
-88.0000000000000 0.9772535456321
-88.0000000000000 0.9772535456321
-88.0000000000000 0.9772535456321
-86.0000000000000 0.9768570863789
-84.0000000000000 0.9764386896674
-84.0000000000000 0.9764386896674
-82.0000000000000 0.9759911389164
-80.0000000000000 0.9755083774073
-80.0000000000000 0.9755083774073
-80.0000000000000 0.9755083774073
-80.0000000000000 0.9755083774073
-78.0000000000000 0.9749832984004
-76.0000000000000 0.9744118353781
-76.0000000000000 0.9744118353781
-74.0000000000000 0.9737906486343
-72.0000000000000 0.9731153472314
-72.0000000000000 0.9731153472314
-72.0000000000000 0.9731153472314
-70.0000000000000 0.9723840047780
-68.0000000000000 0.9715951433868
-68.0000000000000 0.9715951433868
-66.0000000000000 0.9707439419423
-64.0000000000000 0.9698268644181
-64.0000000000000 0.9698268644181
-64.0000000000000 0.9698268644181
-64.0000000000000 0.9698268644181
-62.0000000000000 0.9688423691020
-60.0000000000000 0.9677878730827
-60.0000000000000 0.9677878730827
-58.0000000000000 0.9666585931538
-56.0000000000000 0.9654498041170
-56.0000000000000 0.9654498041170
-56.0000000000000 0.9654498041170
-54.0000000000000 0.9641571095212
-52.0000000000000 0.9627728745290
-52.0000000000000 0.9627728745290
-50.0000000000000 0.9612865224194
-49.0000000000000 0.9605005578686
-48.0000000000000 0.9596828516946
-48.0000000000000 0.9596828516946
-48.0000000000000 0.9596828516946
-48.0000000000000 0.9596828516946
-48.0000000000000 0.9596828516946
-47.0000000000000 0.9588311369493
-46.0000000000000 0.9579425665997
-46.0000000000000 0.9579425665997
-45.0000000000000 0.9570145288777
-44.0000000000000 0.9560440510412
-44.0000000000000 0.9560440510412
-44.0000000000000 0.9560440510412
-43.0000000000000 0.9550283721848
-42.0000000000000 0.9539642450309
-42.0000000000000 0.9539642450309
-41.0000000000000 0.9528490088086
-40.0000000000000 0.9516781430931
-40.0000000000000 0.9516781430931
-40.0000000000000 0.9516781430931
-40.0000000000000 0.9516781430931
-39.0000000000000 0.9504478790178
-38.0000000000000 0.9491533011373
-38.0000000000000 0.9491533011373
-37.0000000000000 0.9477893129455
-36.0000000000000 0.9463495373636
-36.0000000000000 0.9463495373636
-36.0000000000000 0.9463495373636
-35.0000000000000 0.9448265598287
-34.0000000000000 0.9432127603433
-34.0000000000000 0.9432127603433
-33.0000000000000 0.9414995408262
-32.0000000000000 0.9396775322523
-32.0000000000000 0.9396775322523
-32.0000000000000 0.9396775322523
-32.0000000000000 0.9396775322523
-32.0000000000000 0.9396775322523
-31.0000000000000 0.9377358272942
-30.0000000000000 0.9356620737812
-30.0000000000000 0.9356620737812
-29.0000000000000 0.9334427695358
-28.5000000000000 0.9322737245938
-28.0000000000000 0.9310619940510
-28.0000000000000 0.9310619940510
-28.0000000000000 0.9310619940510
-28.0000000000000 0.9310619940510
-27.5000000000000 0.9298054012849
-27.0000000000000 0.9285012049996
-27.0000000000000 0.9285012049996
-26.5000000000000 0.9271469688611
-26.0000000000000 0.9257396013612
-26.0000000000000 0.9257396013612
-26.0000000000000 0.9257396013612
-25.5000000000000 0.9242764976657
-25.0000000000000 0.9227537614192
-25.0000000000000 0.9227537614192
-24.5000000000000 0.9211681527660
-24.0000000000000 0.9195150973723
-24.0000000000000 0.9195150973723
-24.0000000000000 0.9195150973723
-24.0000000000000 0.9195150973723
-24.0000000000000 0.9195150973723
-23.5000000000000 0.9177905066457
-23.0000000000000 0.9159896835061
-23.0000000000000 0.9159896835061
-22.5000000000000 0.9141075532030
-22.0000000000000 0.9121387604679
-22.0000000000000 0.9121387604679
-22.0000000000000 0.9121387604679
-21.5000000000000 0.9100775861476
-21.0000000000000 0.9079175400871
-21.0000000000000 0.9079175400871
-20.5000000000000 0.9056512963581
-20.0000000000000 0.9032708872823
-20.0000000000000 0.9032708872823
-20.0000000000000 0.9032708872823
-20.0000000000000 0.9032708872823
-19.5000000000000 0.9007674489229
-19.0000000000000 0.8981310644601
-19.0000000000000 0.8981310644601
-18.5000000000000 0.8953509305002
-18.0000000000000 0.8924151737435
-18.0000000000000 0.8924151737435
-18.0000000000000 0.8924151737435
-17.5000000000000 0.8893105630018
-17.0000000000000 0.8860224335475
-17.0000000000000 0.8860224335475
-16.5000000000000 0.8825345981757
-16.0000000000000 0.8788291486233
-16.0000000000000 0.8788291486233
-16.0000000000000 0.8788291486233
-16.0000000000000 0.8788291486233
-16.0000000000000 0.8788291486233
-16.0000000000000 0.8788291486233
-15.5000000000000 0.8748857846793
-15.0000000000000 0.8706813653286
-15.0000000000000 0.8706813653286
-14.5000000000000 0.8661898730658
-14.2500000000000 0.8638275377872
-14.0000000000000 0.8613818351181
-14.0000000000000 0.8613818351181
-14.0000000000000 0.8613818351181
-14.0000000000000 0.8613818351181
-13.7500000000000 0.8588488323755
-13.5000000000000 0.8562234037315
-13.5000000000000 0.8562234037315
-13.2500000000000 0.8535010558730
-13.0000000000000 0.8506759585727
-13.0000000000000 0.8506759585727
-13.0000000000000 0.8506759585727
-12.7500000000000 0.8477430305723
-12.5000000000000 0.8446955316512
-12.5000000000000 0.8446955316512
-12.2500000000000 0.8415276650727
-12.0000000000000 0.8382315191264
-12.0000000000000 0.8382315191264
-12.0000000000000 0.8382315191264
-12.0000000000000 0.8382315191264
-12.0000000000000 0.8382315191264
-11.7500000000000 0.8347999409920
-11.5000000000000 0.8312248572629
-11.5000000000000 0.8312248572629
-11.2500000000000 0.8274974863357
-11.0000000000000 0.8236083315408
-11.0000000000000 0.8236083315408
-11.0000000000000 0.8236083315408
-10.7500000000000 0.8195471294416
-10.5000000000000 0.8153027876398
-10.5000000000000 0.8153027876398
-10.2500000000000 0.8108632962512
-10.0000000000000 0.8062156100748
-10.0000000000000 0.8062156100748
-10.0000000000000 0.8062156100748
-10.0000000000000 0.8062156100748
-9.7500000000000 0.8013455393312
-9.5000000000000 0.7962376525576
-9.5000000000000 0.7962376525576
-9.2500000000000 0.7908751585846
-9.1250000000000 0.7880928189495
-9.0000000000000 0.7852397577952
-9.0000000000000 0.7852397577952
-9.0000000000000 0.7852397577952
-9.0000000000000 0.7852397577952
-8.8750000000000 0.7823135922507
-8.7500000000000 0.7793114916694
-8.7500000000000 0.7793114916694
-8.6250000000000 0.7762308612625
-8.5000000000000 0.7730686105857
-8.5000000000000 0.7730686105857
-8.5000000000000 0.7730686105857
-8.3750000000000 0.7698219163923
-8.2500000000000 0.7664873823007
-8.2500000000000 0.7664873823007
-8.1250000000000 0.7630619271775
-8.0000000000000 0.7595417820313
-8.0000000000000 0.7595417820313
-8.0000000000000 0.7595417820313
-8.0000000000000 0.7595417820313
-8.0000000000000 0.7595417820313
-8.0000000000000 0.7595417820313
-8.0000000000000 0.7595417820313
-7.8750000000000 0.7559234146715
-7.7500000000000 0.7522030335623
-7.7500000000000 0.7522030335623
-7.6250000000000 0.7483766392060
-7.5000000000000 0.7444400376966
-7.5000000000000 0.7444400376966
-7.5000000000000 0.7444400376966
-7.3750000000000 0.7403888339075
-7.2500000000000 0.7362184207870
-7.2500000000000 0.7362184207870
-7.1250000000000 0.7319239680908
-7.0000000000000 0.7275004113038
-7.0000000000000 0.7275004113038
-7.0000000000000 0.7275004113038
-7.0000000000000 0.7275004113038
-6.8750000000000 0.7229424402835
-6.7500000000000 0.7182444871690
-6.7500000000000 0.7182444871690
-6.6250000000000 0.7134007137343
-6.5625000000000 0.7109222499392
-6.5000000000000 0.7084049981308
-6.5000000000000 0.7084049981308
-6.5000000000000 0.7084049981308
-6.5000000000000 0.7084049981308
-6.4375000000000 0.7058481754156
-6.3750000000000 0.7032509205895
-6.3750000000000 0.7032509205895
-6.3125000000000 0.7006124125811
-6.2500000000000 0.6979317480984
-6.2500000000000 0.6979317480984
-6.2500000000000 0.6979317480984
-6.1875000000000 0.6952080661301
-6.1250000000000 0.6924404187639
-6.1250000000000 0.6924404187639
-6.0625000000000 0.6896279046267
-6.0000000000000 0.6867695230900
-6.0000000000000 0.6867695230900
-6.0000000000000 0.6867695230900
-6.0000000000000 0.6867695230900
-6.0000000000000 0.6867695230900
-6.0000000000000 0.6867695230900
-5.9375000000000 0.6838643060799
-5.8750000000000 0.6809112545593
-5.8750000000000 0.6809112545593
-5.8125000000000 0.6779093390652
-5.7500000000000 0.6748575046051
-5.7500000000000 0.6748575046051
-5.7500000000000 0.6748575046051
-5.6875000000000 0.6717546708444
-5.6250000000000 0.6685997317383
-5.6250000000000 0.6685997317383
-5.5625000000000 0.6653915550408
-5.5000000000000 0.6621289818108
-5.5000000000000 0.6621289818108
-5.5000000000000 0.6621289818108
-5.5000000000000 0.6621289818108
-5.4375000000000 0.6588108259236
-5.3750000000000 0.6554358735748
-5.3750000000000 0.6554358735748
-5.3125000000000 0.6520028827688
-5.2500000000000 0.6485105827874
-5.2500000000000 0.6485105827874
-5.2500000000000 0.6485105827874
-5.1875000000000 0.6449576736496
-5.1250000000000 0.6413428255821
-5.1250000000000 0.6413428255821
-5.0625000000000 0.6376646785228
-5.0000000000000 0.6339218416811
-5.0000000000000 0.6339218416811
-5.0000000000000 0.6339218416811
-5.0000000000000 0.6339218416811
-5.0000000000000 0.6339218416811
-4.9375000000000 0.6301128931696
-4.8750000000000 0.6262363797139
-4.8750000000000 0.6262363797139
-4.8125000000000 0.6222908164210
-4.7500000000000 0.6182746865779
-4.7500000000000 0.6182746865779
-4.7500000000000 0.6182746865779
-4.6875000000000 0.6141864414499
-4.6250000000000 0.6100245000639
-4.6250000000000 0.6100245000639
-4.5625000000000 0.6057872489806
-4.5000000000000 0.6014730420787
-4.5000000000000 0.6014730420787
-4.5000000000000 0.6014730420787
-4.5000000000000 0.6014730420787
-4.4375000000000 0.5970802003838
-4.3750000000000 0.5926070119761
-4.3750000000000 0.5926070119761
-4.3125000000000 0.5880517319965
-4.2500000000000 0.5834125827428
-4.2500000000000 0.5834125827428
-4.2500000000000 0.5834125827428
-4.1875000000000 0.5786877538302
-4.1250000000000 0.5738754023961
-4.1250000000000 0.5738754023961
-4.0625000000000 0.5689736533368
-4.0000000000000 0.5639805996092
-4.0000000000000 0.5639805996092
-4.0000000000000 0.5639805996092
-4.0000000000000 0.5639805996092
-4.0000000000000 0.5639805996092
-4.0000000000000 0.5639805996092
-4.0000000000000 0.5639805996092
-3.9375000000000 0.5588943026457
-3.8750000000000 0.5537127929368
-3.8750000000000 0.5537127929368
-3.8125000000000 0.5484340708118
-3.7500000000000 0.5430561073981
-3.7500000000000 0.5430561073981
-3.7500000000000 0.5430561073981
-3.6875000000000 0.5375768457300
-3.6250000000000 0.5319942019839
-3.6250000000000 0.5319942019839
-3.5625000000000 0.5263060668465
-3.5000000000000 0.5205103070830
-3.5000000000000 0.5205103070830
-3.5000000000000 0.5205103070830
-3.5000000000000 0.5205103070830
-3.4375000000000 0.5146047673341
-3.3750000000000 0.5085872721785
-3.3750000000000 0.5085872721785
-3.3125000000000 0.5024556284874
-3.2812500000000 0.4993463116268
-3.2500000000000 0.4962076279991
-3.2500000000000 0.4962076279991
-3.2500000000000 0.4962076279991
-3.2500000000000 0.4962076279991
-3.2187500000000 0.4930393006098
-3.1875000000000 0.4898410501722
-3.1875000000000 0.4898410501722
-3.1562500000000 0.4866125983324
-3.1250000000000 0.4833536652971
-3.1250000000000 0.4833536652971
-3.1250000000000 0.4833536652971
-3.0937500000000 0.4800639718396
-3.0625000000000 0.4767432379059
-3.0625000000000 0.4767432379059
-3.0312500000000 0.4733911845312
-3.0000000000000 0.4700075292219
-3.0000000000000 0.4700075292219
-3.0000000000000 0.4700075292219
-3.0000000000000 0.4700075292219
-3.0000000000000 0.4700075292219
-3.0000000000000 0.4700075292219
-2.9687500000000 0.4665919870523
-2.9375000000000 0.4631442863549
-2.9375000000000 0.4631442863549
-2.9062500000000 0.4596641496026
-2.8750000000000 0.4561512992114
-2.8750000000000 0.4561512992114
-2.8750000000000 0.4561512992114
-2.8437500000000 0.4526054585350
-2.8125000000000 0.4490263519053
-2.8125000000000 0.4490263519053
-2.7812500000000 0.4454137049112
-2.7500000000000 0.4417672445782
-2.7500000000000 0.4417672445782
-2.7500000000000 0.4417672445782
-2.7500000000000 0.4417672445782
-2.7187500000000 0.4380866995603
-2.6875000000000 0.4343718003531
-2.6875000000000 0.4343718003531
-2.6562500000000 0.4306222795165
-2.6250000000000 0.4268378719128
-2.6250000000000 0.4268378719128
-2.6250000000000 0.4268378719128
-2.5937500000000 0.4230183149598
-2.5625000000000 0.4191633488985
-2.5625000000000 0.4191633488985
-2.5312500000000 0.4152727170728
-2.5000000000000 0.4113461662212
-2.5000000000000 0.4113461662212
-2.5000000000000 0.4113461662212
-2.5000000000000 0.4113461662212
-2.5000000000000 0.4113461662212
-2.4687500000000 0.4073834467769
-2.4375000000000 0.4033843131763
-2.4375000000000 0.4033843131763
-2.4062500000000 0.3993485241757
-2.3750000000000 0.3952758431773
-2.3750000000000 0.3952758431773
-2.3750000000000 0.3952758431773
-2.3437500000000 0.3911660385671
-2.3125000000000 0.3870188840698
-2.3125000000000 0.3870188840698
-2.2812500000000 0.3828341591236
-2.2500000000000 0.3786116492786
-2.2500000000000 0.3786116492786
-2.2500000000000 0.3786116492786
-2.2500000000000 0.3786116492786
-2.2187500000000 0.3743511466207
-2.1875000000000 0.3700524502263
-2.1875000000000 0.3700524502263
-2.1562500000000 0.3657153666488
-2.1250000000000 0.3613397104387
-2.1250000000000 0.3613397104387
-2.1250000000000 0.3613397104387
-2.0937500000000 0.3569253047008
-2.0625000000000 0.3524719816890
-2.0625000000000 0.3524719816890
-2.0312500000000 0.3479795834393
-2.0000000000000 0.3434479624456
-2.0000000000000 0.3434479624456
-2.0000000000000 0.3434479624456
-2.0000000000000 0.3434479624456
-2.0000000000000 0.3434479624456
-2.0000000000000 0.3434479624456
-2.0000000000000 0.3434479624456
-1.9687500000000 0.3388769823814
-1.9375000000000 0.3342665188719
-1.9375000000000 0.3342665188719
-1.9062500000000 0.3296164603176
-1.8750000000000 0.3249267087657
-1.8750000000000 0.3249267087657
-1.8750000000000 0.3249267087657
-1.8437500000000 0.3201971808242
-1.8125000000000 0.3154278086183
-1.8125000000000 0.3154278086183
-1.7812500000000 0.3106185407901
-1.7500000000000 0.3057693435581
-1.7500000000000 0.3057693435581
-1.7500000000000 0.3057693435581
-1.7500000000000 0.3057693435581
-1.7187500000000 0.3008802018501
-1.6875000000000 0.2959511205284
-1.6875000000000 0.2959511205284
-1.6562500000000 0.2909821257138
-1.6250000000000 0.2859732662129
-1.6250000000000 0.2859732662129
-1.6250000000000 0.2859732662129
-1.5937500000000 0.2809246150383
-1.5625000000000 0.2758362710171
-1.5625000000000 0.2758362710171
-1.5312500000000 0.2707083604821
-1.5000000000000 0.2655410390699
-1.5000000000000 0.2655410390699
-1.5000000000000 0.2655410390699
-1.5000000000000 0.2655410390699
-1.5000000000000 0.2655410390699
-1.4687500000000 0.2603344936872
-1.4375000000000 0.2550889447313
-1.4375000000000 0.2550889447313
-1.4062500000000 0.2498046486317
-1.3750000000000 0.2444819006991
-1.3750000000000 0.2444819006991
-1.3750000000000 0.2444819006991
-1.3437500000000 0.2391210381809
-1.3125000000000 0.2337224434015
-1.3125000000000 0.2337224434015
-1.2812500000000 0.2282865469549
-1.2500000000000 0.2228138310408
-1.2500000000000 0.2228138310408
-1.2500000000000 0.2228138310408
-1.2500000000000 0.2228138310408
-1.2187500000000 0.2173048331891
-1.1875000000000 0.2117601506146
-1.1875000000000 0.2117601506146
-1.1562500000000 0.2061804452463
-1.1250000000000 0.2005664493393
-1.1250000000000 0.2005664493393
-1.1250000000000 0.2005664493393
-1.0937500000000 0.1949189714618
-1.0625000000000 0.1892389027573
-1.0625000000000 0.1892389027573
-1.0312500000000 0.1835272237382
-1.0000000000000 0.1777850121112
-1.0000000000000 0.1777850121112
-1.0000000000000 0.1777850121112
-1.0000000000000 0.1777850121112
-1.0000000000000 0.1777850121112
-1.0000000000000 0.1777850121112
-0.9687500000000 0.1720134519182
-0.9375000000000 0.1662138436221
-0.9375000000000 0.1662138436221
-0.9062500000000 0.1603876147258
-0.8750000000000 0.1545363310021
-0.8750000000000 0.1545363310021
-0.8750000000000 0.1545363310021
-0.8437500000000 0.1486617089162
-0.8125000000000 0.1427656300326
-0.8125000000000 0.1427656300326
-0.7812500000000 0.1368501581180
-0.7500000000000 0.1309175592424
-0.7500000000000 0.1309175592424
-0.7500000000000 0.1309175592424
-0.7500000000000 0.1309175592424
-0.7187500000000 0.1249703245839
-0.6875000000000 0.1190111962137
-0.6875000000000 0.1190111962137
-0.6562500000000 0.1130431977090
-0.6250000000000 0.1070696712140
-0.6250000000000 0.1070696712140
-0.6250000000000 0.1070696712140
-0.5937500000000 0.1010943195074
-0.5625000000000 0.0951212516903
-0.5625000000000 0.0951212516903
-0.5312500000000 0.0891550358218
-0.5000000000000 0.0832007653621
-0.5000000000000 0.0832007653621
-0.5000000000000 0.0832007653621
-0.5000000000000 0.0832007653621
-0.5000000000000 0.0832007653621
-0.4687500000000 0.0772641495616
-0.4375000000000 0.0713516297750
-0.4375000000000 0.0713516297750
-0.4062500000000 0.0654705033413
-0.3750000000000 0.0596290571422
-0.3750000000000 0.0596290571422
-0.3750000000000 0.0596290571422
-0.3437500000000 0.0538367682229
-0.3125000000000 0.0481046138139
-0.3125000000000 0.0481046138139
-0.2812500000000 0.0424454720498
-0.2500000000000 0.0368746334513
-0.2500000000000 0.0368746334513
-0.2500000000000 0.0368746334513
-0.2500000000000 0.0368746334513
-0.2187500000000 0.0314106023091
-0.1875000000000 0.0260763289395
-0.1875000000000 0.0260763289395
-0.1562500000000 0.0209009416586
-0.1250000000000 0.0159231724512
-0.1250000000000 0.0159231724512
-0.1250000000000 0.0159231724512
-0.0937500000000 0.0111997566008
-0.0625000000000 0.0068013077065
-0.0625000000000 0.0068013077065
-0.0312500000000 0.0030418133075
0.0000000000000 0.0000036807848
0.0000000000000 0.0000036807848
0.0000000000000 0.0000036807848
0.0000000000000 0.0000036807848
0.0000000000000 0.0000036807848
0.0000000000000 0.0000036807848
0.0000000000000 0.0000036807848
0.0000000000000 0.0000036807848
0.0000000000000 0.0000036807848
0.0000000000000 0.0000036807848
0.0312500000000 0.0030425836559
0.0625000000000 0.0068019443115
0.0625000000000 0.0068019443115
0.0937500000000 0.0112005200664
0.1250000000000 0.0159239679159
0.1250000000000 0.0159239679159
0.1250000000000 0.0159239679159
0.1562500000000 0.0209017707937
0.1875000000000 0.0260771866844
0.1875000000000 0.0260771866844
0.2187500000000 0.0314114843694
0.2500000000000 0.0368755332854
0.2500000000000 0.0368755332854
0.2500000000000 0.0368755332854
0.2500000000000 0.0368755332854
0.2812500000000 0.0424463848650
0.3125000000000 0.0481055393354
0.3125000000000 0.0481055393354
0.3437500000000 0.0538377078132
0.3750000000000 0.0596300091940
0.3750000000000 0.0596300091940
0.3750000000000 0.0596300091940
0.4062500000000 0.0654714634690
0.4375000000000 0.0713525940952
0.4375000000000 0.0713525940952
0.4687500000000 0.0772651164938
0.5000000000000 0.0832017350112
0.5000000000000 0.0832017350112
0.5000000000000 0.0832017350112
0.5000000000000 0.0832017350112
0.5000000000000 0.0832017350112
0.5312500000000 0.0891560081517
0.5625000000000 0.0951222256233
0.5625000000000 0.0951222256233
0.5937500000000 0.1010952937240
0.6250000000000 0.1070706451468
0.6250000000000 0.1070706451468
0.6250000000000 0.1070706451468
0.6562500000000 0.1130441714998
0.6875000000000 0.1190121700486
0.6875000000000 0.1190121700486
0.7187500000000 0.1249712982022
0.7500000000000 0.1309185320108
0.7500000000000 0.1309185320108
0.7500000000000 0.1309185320108
0.7500000000000 0.1309185320108
0.7812500000000 0.1368511294390
0.8125000000000 0.1427665994700
0.8125000000000 0.1427665994700
0.8437500000000 0.1486626759757
0.8750000000000 0.1545372950237
0.8750000000000 0.1545372950237
0.8750000000000 0.1545372950237
0.9062500000000 0.1603885750555
0.9375000000000 0.1662147997975
0.9375000000000 0.1662147997975
0.9687500000000 0.1720144036933
1.0000000000000 0.1777859593736
1.0000000000000 0.1777859593736
1.0000000000000 0.1777859593736
1.0000000000000 0.1777859593736
1.0000000000000 0.1777859593736
1.0000000000000 0.1777859593736
1.0312500000000 0.1835281663641
1.0625000000000 0.1892398404779
1.0625000000000 0.1892398404779
1.0937500000000 0.1949199038803
1.1250000000000 0.2005673760896
1.1250000000000 0.2005673760896
1.1250000000000 0.2005673760896
1.1562500000000 0.2061813661020
1.1875000000000 0.2117610654860
1.1875000000000 0.2117610654860
1.2187500000000 0.2173057421084
1.2500000000000 0.2228147341577
1.2500000000000 0.2228147341577
1.2500000000000 0.2228147341577
1.2500000000000 0.2228147341577
1.2812500000000 0.2282874444755
1.3125000000000 0.2337233354868
1.3125000000000 0.2337233354868
1.3437500000000 0.2391219248877
1.3750000000000 0.2444827820026
1.3750000000000 0.2444827820026
1.3750000000000 0.2444827820026
1.4062500000000 0.2498055244683
1.4375000000000 0.2550898150190
1.4375000000000 0.2550898150190
1.4687500000000 0.2603353583124
1.5000000000000 0.2655418978777
1.5000000000000 0.2655418978777
1.5000000000000 0.2655418978777
1.5000000000000 0.2655418978777
1.5000000000000 0.2655418978777
1.5312500000000 0.2707092132947
1.5625000000000 0.2758371176674
1.5625000000000 0.2758371176674
1.5937500000000 0.2809254553980
1.6250000000000 0.2859741001989
1.6250000000000 0.2859741001989
1.6250000000000 0.2859741001989
1.6562500000000 0.2909829532790
1.6875000000000 0.2959519416506
1.6875000000000 0.2959519416506
1.7187500000000 0.3008810165261
1.7500000000000 0.3057701517980
1.7500000000000 0.3057701517980
1.7500000000000 0.3057701517980
1.7500000000000 0.3057701517980
1.7812500000000 0.3106193426130
1.8125000000000 0.3154286040470
1.8125000000000 0.3154286040470
1.8437500000000 0.3201979698781
1.8750000000000 0.3249274914511
1.8750000000000 0.3249274914511
1.8750000000000 0.3249274914511
1.9062500000000 0.3296172366190
1.9375000000000 0.3342672887481
1.9375000000000 0.3342672887481
1.9687500000000 0.3388777457719
2.0000000000000 0.3434487192862
2.0000000000000 0.3434487192862
2.0000000000000 0.3434487192862
2.0000000000000 0.3434487192862
2.0000000000000 0.3434487192862
2.0000000000000 0.3434487192862
2.0000000000000 0.3434487192862
2.0312500000000 0.3479803336843
2.0625000000000 0.3524727253315
2.0625000000000 0.3524727253315
2.0937500000000 0.3569260417825
2.1250000000000 0.3613404410455
2.1250000000000 0.3613404410455
2.1250000000000 0.3613404410455
2.1562500000000 0.3657160908945
2.1875000000000 0.3700531682324
2.1875000000000 0.3700531682324
2.2187500000000 0.3743518585004
2.2500000000000 0.3786123551277
2.2500000000000 0.3786123551277
2.2500000000000 0.3786123551277
2.2500000000000 0.3786123551277
2.2812500000000 0.3828348590184
2.3125000000000 0.3870195780694
2.3125000000000 0.3870195780694
2.3437500000000 0.3911667267183
2.3750000000000 0.3952765255194
2.3750000000000 0.3952765255194
2.3750000000000 0.3952765255194
2.4062500000000 0.3993492007467
2.4375000000000 0.4033849840173
2.4375000000000 0.4033849840173
2.4687500000000 0.4073841119370
2.5000000000000 0.4113468257585
2.5000000000000 0.4113468257585
2.5000000000000 0.4113468257585
2.5000000000000 0.4113468257585
2.5000000000000 0.4113468257585
2.5312500000000 0.4152733710536
2.5625000000000 0.4191639973944
2.5625000000000 0.4191639973944
2.5937500000000 0.4230189580442
2.6250000000000 0.4268385096577
2.6250000000000 0.4268385096577
2.6250000000000 0.4268385096577
2.6562500000000 0.4306229119911
2.6875000000000 0.4343724276234
2.6875000000000 0.4343724276234
2.7187500000000 0.4380873216904
2.7500000000000 0.4417678616320
2.7500000000000 0.4417678616320
2.7500000000000 0.4417678616320
2.7500000000000 0.4417678616320
2.7812500000000 0.4454143169523
2.8125000000000 0.4490269589965
2.8125000000000 0.4490269589965
2.8437500000000 0.4526060607372
2.8750000000000 0.4561518965820
2.8750000000000 0.4561518965820
2.8750000000000 0.4561518965820
2.9062500000000 0.4596647421943
2.9375000000000 0.4631448742146
2.9375000000000 0.4631448742146
2.9687500000000 0.4665925702222
3.0000000000000 0.4700081077422
3.0000000000000 0.4700081077422
3.0000000000000 0.4700081077422
3.0000000000000 0.4700081077422
3.0000000000000 0.4700081077422
3.0000000000000 0.4700081077422
3.0312500000000 0.4733917584508
3.0625000000000 0.4767438072636
3.0625000000000 0.4767438072636
3.0937500000000 0.4800645366622
3.1250000000000 0.4833542256253
3.1250000000000 0.4833542256253
3.1250000000000 0.4833542256253
3.1562500000000 0.4866131542146
3.1875000000000 0.4898416016620
3.1875000000000 0.4898416016620
3.2187500000000 0.4930398477700
3.2500000000000 0.4962081708893
3.2500000000000 0.4962081708893
3.2500000000000 0.4962081708893
3.2500000000000 0.4962081708893
3.2812500000000 0.4993468503094
3.3125000000000 0.5024561630169
3.3750000000000 0.5085877985423
3.3750000000000 0.5085877985423
3.4375000000000 0.5146052856537
3.5000000000000 0.5205108173975
3.5000000000000 0.5205108173975
3.5000000000000 0.5205108173975
3.5000000000000 0.5205108173975
3.5625000000000 0.5263065691372
3.6250000000000 0.5319946962329
3.6250000000000 0.5319946962329
3.6875000000000 0.5375773319895
3.7500000000000 0.5430565858317
3.7500000000000 0.5430565858317
3.7500000000000 0.5430565858317
3.8125000000000 0.5484345416843
3.8750000000000 0.5537132565549
3.8750000000000 0.5537132565549
3.9375000000000 0.5588947592818
4.0000000000000 0.5639810494509
4.0000000000000 0.5639810494509
4.0000000000000 0.5639810494509
4.0000000000000 0.5639810494509
4.0000000000000 0.5639810494509
4.0000000000000 0.5639810494509
4.0000000000000 0.5639810494509
4.0625000000000 0.5689740964897
4.1250000000000 0.5738758389280
4.1250000000000 0.5738758389280
4.1875000000000 0.5786881838242
4.2500000000000 0.5834130063221
4.2500000000000 0.5834130063221
4.2500000000000 0.5834130063221
4.3125000000000 0.5880521493087
4.3750000000000 0.5926074231470
4.3750000000000 0.5926074231470
4.4375000000000 0.5970806054757
4.5000000000000 0.6014734410780
4.5000000000000 0.6014734410780
4.5000000000000 0.6014734410780
4.5000000000000 0.6014734410780
4.5625000000000 0.6057876418291
4.6250000000000 0.6100248867100
4.6250000000000 0.6100248867100
4.6875000000000 0.6141868218836
4.7500000000000 0.6182750608244
4.7500000000000 0.6182750608244
4.7500000000000 0.6182750608244
4.8125000000000 0.6222911845024
4.8750000000000 0.6262367416068
4.8750000000000 0.6262367416068
4.9375000000000 0.6301132487884
5.0000000000000 0.6339221908957
5.0000000000000 0.6339221908957
5.0000000000000 0.6339221908957
5.0000000000000 0.6339221908957
5.0000000000000 0.6339221908957
5.0625000000000 0.6376650212027
5.1250000000000 0.6413431616463
5.1250000000000 0.6413431616463
5.1875000000000 0.6449580030981
5.2500000000000 0.6485109056980
5.2500000000000 0.6485109056980
5.2500000000000 0.6485109056980
5.3125000000000 0.6520031992663
5.3750000000000 0.6554361837903
5.3750000000000 0.6554361837903
5.4375000000000 0.6588111299682
5.5000000000000 0.6621292797749
5.5000000000000 0.6621292797749
5.5000000000000 0.6621292797749
5.5000000000000 0.6621292797749
5.5625000000000 0.6653918470191
5.6250000000000 0.6686000178718
5.6250000000000 0.6686000178718
5.6875000000000 0.6717549513612
5.7500000000000 0.6748577798415
5.7500000000000 0.6748577798415
5.7500000000000 0.6748577798415
5.8125000000000 0.6779096094589
5.8750000000000 0.6809115206153
5.8750000000000 0.6809115206153
5.9375000000000 0.6838645683209
6.0000000000000 0.6867697820033
6.0000000000000 0.6867697820033
6.0000000000000 0.6867697820033
6.0000000000000 0.6867697820033
6.0000000000000 0.6867697820033
6.0000000000000 0.6867697820033
6.0625000000000 0.6896281606144
6.1250000000000 0.6924406721304
6.1250000000000 0.6924406721304
6.1875000000000 0.6952083170846
6.2500000000000 0.6979319967571
6.2500000000000 0.6979319967571
6.2500000000000 0.6979319967571
6.3125000000000 0.7006126589466
6.3750000000000 0.7032511646302
6.3750000000000 0.7032511646302
6.4375000000000 0.7058484170229
6.5000000000000 0.7084052372087
6.5000000000000 0.7084052372087
6.5000000000000 0.7084052372087
6.5000000000000 0.7084052372087
6.5625000000000 0.7109224863683
6.6250000000000 0.7134009474274
6.7500000000000 0.7182447152016
6.7500000000000 0.7182447152016
6.8750000000000 0.7229426625204
7.0000000000000 0.7275006277615
7.0000000000000 0.7275006277615
7.0000000000000 0.7275006277615
7.0000000000000 0.7275006277615
7.1250000000000 0.7319241791199
7.2500000000000 0.7362186270383
7.2500000000000 0.7362186270383
7.3750000000000 0.7403890358623
7.5000000000000 0.7444402353263
7.5000000000000 0.7444402353263
7.5000000000000 0.7444402353263
7.6250000000000 0.7483768322836
7.7500000000000 0.7522032221950
7.7500000000000 0.7522032221950
7.8750000000000 0.7559235992896
8.0000000000000 0.7595419629272
8.0000000000000 0.7595419629272
8.0000000000000 0.7595419629272
8.0000000000000 0.7595419629272
8.0000000000000 0.7595419629272
8.0000000000000 0.7595419629272
8.0000000000000 0.7595419629272
8.1250000000000 0.7630621043809
8.2500000000000 0.7664875560278
8.2500000000000 0.7664875560278
8.3750000000000 0.7698220870120
8.5000000000000 0.7730687783069
8.5000000000000 0.7730687783069
8.5000000000000 0.7730687783069
8.6250000000000 0.7762310260711
8.7500000000000 0.7793116538939
8.7500000000000 0.7793116538939
8.8750000000000 0.7823137526462
9.0000000000000 0.7852399166418
9.0000000000000 0.7852399166418
9.0000000000000 0.7852399166418
9.0000000000000 0.7852399166418
9.1250000000000 0.7880929762884
9.2500000000000 0.7908753141753
9.5000000000000 0.7962378028460
9.5000000000000 0.7962378028460
9.7500000000000 0.8013456825524
10.0000000000000 0.8062157452936
10.0000000000000 0.8062157452936
10.0000000000000 0.8062157452936
10.0000000000000 0.8062157452936
10.2500000000000 0.8108634225250
10.5000000000000 0.8153029041827
10.5000000000000 0.8153029041827
10.7500000000000 0.8195472366455
11.0000000000000 0.8236084308044
11.0000000000000 0.8236084308044
11.0000000000000 0.8236084308044
11.2500000000000 0.8274975797332
11.5000000000000 0.8312249477376
11.5000000000000 0.8312249477376
11.7500000000000 0.8348000313986
12.0000000000000 0.8382316098071
12.0000000000000 0.8382316098071
12.0000000000000 0.8382316098071
12.0000000000000 0.8382316098071
12.0000000000000 0.8382316098071
12.2500000000000 0.8415277539442
12.5000000000000 0.8446956176598
12.5000000000000 0.8446956176598
12.7500000000000 0.8477431124155
13.0000000000000 0.8506760363569
13.0000000000000 0.8506760363569
13.0000000000000 0.8506760363569
13.2500000000000 0.8535011312699
13.5000000000000 0.8562234776951
13.5000000000000 0.8562234776951
13.7500000000000 0.8588489059457
14.0000000000000 0.8613819084900
14.0000000000000 0.8613819084900
14.0000000000000 0.8613819084900
14.0000000000000 0.8613819084900
14.2500000000000 0.8638276101567
14.5000000000000 0.8661899441774
15.0000000000000 0.8706814338044
15.0000000000000 0.8706814338044
15.5000000000000 0.8748858503947
16.0000000000000 0.8788292094027
16.0000000000000 0.8788292094027
16.0000000000000 0.8788292094027
16.0000000000000 0.8788292094027
16.0000000000000 0.8788292094027
16.0000000000000 0.8788292094027
16.5000000000000 0.8825346519276
17.0000000000000 0.8860224832367
17.0000000000000 0.8860224832367
17.5000000000000 0.8893106124219
18.0000000000000 0.8924152252978
18.0000000000000 0.8924152252978
18.0000000000000 0.8924152252978
18.5000000000000 0.8953509826754
19.0000000000000 0.8981311145148
19.0000000000000 0.8981311145148
19.5000000000000 0.9007674958764
20.0000000000000 0.9032709331613
20.0000000000000 0.9032709331613
20.0000000000000 0.9032709331613
20.0000000000000 0.9032709331613
20.5000000000000 0.9056513425585
21.0000000000000 0.9079175844933
21.0000000000000 0.9079175844933
21.5000000000000 0.9100776278500
22.0000000000000 0.9121388005784
22.0000000000000 0.9121388005784
22.0000000000000 0.9121388005784
22.5000000000000 0.9141075907638
23.0000000000000 0.9159897135948
23.0000000000000 0.9159897135948
23.5000000000000 0.9177905271073
24.0000000000000 0.9195151126419
24.0000000000000 0.9195151126419
24.0000000000000 0.9195151126419
24.0000000000000 0.9195151126419
24.0000000000000 0.9195151126419
24.5000000000000 0.9211681697941
25.0000000000000 0.9227537840218
25.0000000000000 0.9227537840218
25.5000000000000 0.9242765293388
26.0000000000000 0.9257396396742
26.0000000000000 0.9257396396742
26.0000000000000 0.9257396396742
26.5000000000000 0.9271470028468
27.0000000000000 0.9285012312015
27.0000000000000 0.9285012312015
27.5000000000000 0.9298054202901
28.0000000000000 0.9310620083107
28.0000000000000 0.9310620083107
28.0000000000000 0.9310620083107
28.0000000000000 0.9310620083107
28.5000000000000 0.9322737414887
29.0000000000000 0.9334427912938
30.0000000000000 0.9356621014192
30.0000000000000 0.9356621014192
31.0000000000000 0.9377358522101
32.0000000000000 0.9396775559040
32.0000000000000 0.9396775559040
32.0000000000000 0.9396775559040
32.0000000000000 0.9396775559040
32.0000000000000 0.9396775559040
33.0000000000000 0.9414995604505
34.0000000000000 0.9432127741084
34.0000000000000 0.9432127741084
35.0000000000000 0.9448265679347
36.0000000000000 0.9463495398392
36.0000000000000 0.9463495398392
36.0000000000000 0.9463495398392
37.0000000000000 0.9477893224585
38.0000000000000 0.9491533147525
38.0000000000000 0.9491533147525
39.0000000000000 0.9504478800788
40.0000000000000 0.9516781352498
40.0000000000000 0.9516781352498
40.0000000000000 0.9516781352498
40.0000000000000 0.9516781352498
41.0000000000000 0.9528490048195
42.0000000000000 0.9539642470398
42.0000000000000 0.9539642470398
43.0000000000000 0.9550283728584
44.0000000000000 0.9560440487416
44.0000000000000 0.9560440487416
44.0000000000000 0.9560440487416
45.0000000000000 0.9570145245442
46.0000000000000 0.9579425610479
46.0000000000000 0.9579425610479
47.0000000000000 0.9588311322929
48.0000000000000 0.9596828483586
48.0000000000000 0.9596828483586
48.0000000000000 0.9596828483586
48.0000000000000 0.9596828483586
48.0000000000000 0.9596828483586
49.0000000000000 0.9605005545230
50.0000000000000 0.9612865192309
52.0000000000000 0.9627728748904
52.0000000000000 0.9627728748904
54.0000000000000 0.9641571116819
56.0000000000000 0.9654498038239
56.0000000000000 0.9654498038239
56.0000000000000 0.9654498038239
58.0000000000000 0.9666585938129
60.0000000000000 0.9677878772030
60.0000000000000 0.9677878772030
62.0000000000000 0.9688423795095
64.0000000000000 0.9698268720764
64.0000000000000 0.9698268720764
64.0000000000000 0.9698268720764
64.0000000000000 0.9698268720764
66.0000000000000 0.9707439515479
68.0000000000000 0.9715951557927
68.0000000000000 0.9715951557927
70.0000000000000 0.9723840131117
72.0000000000000 0.9731153519862
72.0000000000000 0.9731153519862
72.0000000000000 0.9731153519862
74.0000000000000 0.9737906463443
76.0000000000000 0.9744118318482
76.0000000000000 0.9744118318482
78.0000000000000 0.9749832918547
80.0000000000000 0.9755083608334
80.0000000000000 0.9755083608334
80.0000000000000 0.9755083608334
80.0000000000000 0.9755083608334
82.0000000000000 0.9759911270714
84.0000000000000 0.9764386844051
84.0000000000000 0.9764386844051
86.0000000000000 0.9768570818912
88.0000000000000 0.9772535421571
88.0000000000000 0.9772535421571
88.0000000000000 0.9772535421571
90.0000000000000 0.9776342906260
92.0000000000000 0.9780083679670
92.0000000000000 0.9780083679670
94.0000000000000 0.9783849090400
96.0000000000000 0.9787698566959
96.0000000000000 0.9787698566959
96.0000000000000 0.9787698566959
96.0000000000000 0.9787698566959
98.0000000000000 0.9791711215851
100.0000000000000 0.9795919351693
104.0000000000000 0.9805098134584
104.0000000000000 0.9805098134584
108.0000000000000 0.9815226488368
112.0000000000000 0.9825857040145
112.0000000000000 0.9825857040145
112.0000000000000 0.9825857040145
116.0000000000000 0.9836326553806
120.0000000000000 0.9845874003618
120.0000000000000 0.9845874003618
124.0000000000000 0.9853992193757
128.0000000000000 0.9860458912226
128.0000000000000 0.9860458912226
128.0000000000000 0.9860458912226
132.0000000000000 0.9865483302640
136.0000000000000 0.9869446196489
136.0000000000000 0.9869446196489
140.0000000000000 0.9872754405498
144.0000000000000 0.9875539132570
144.0000000000000 0.9875539132570
144.0000000000000 0.9875539132570
148.0000000000000 0.9878042439648
152.0000000000000 0.9880338561335
152.0000000000000 0.9880338561335
156.0000000000000 0.9882589612621
160.0000000000000 0.9884774014294
160.0000000000000 0.9884774014294
160.0000000000000 0.9884774014294
164.0000000000000 0.9886934554689
168.0000000000000 0.9889040246155
176.0000000000000 0.9893036907690
176.0000000000000 0.9893036907690
184.0000000000000 0.9896865325624
192.0000000000000 0.9900590740649
192.0000000000000 0.9900590740649
200.0000000000000 0.9904149615552
208.0000000000000 0.9907445458490
208.0000000000000 0.9907445458490
216.0000000000000 0.9910569023663
224.0000000000000 0.9913547187272
224.0000000000000 0.9913547187272
232.0000000000000 0.9916360237677
240.0000000000000 0.9919089185476
240.0000000000000 0.9919089185476
248.0000000000000 0.9921657357623
256.0000000000000 0.9924096350626
256.0000000000000 0.9924096350626
264.0000000000000 0.9926417176564
272.0000000000000 0.9928604915683
272.0000000000000 0.9928604915683
280.0000000000000 0.9930644989880
288.0000000000000 0.9932547386282
288.0000000000000 0.9932547386282
296.0000000000000 0.9934324413144
304.0000000000000 0.9935954528979
304.0000000000000 0.9935954528979
312.0000000000000 0.9937392024023
320.0000000000000 0.9938721711366
336.0000000000000 0.9941266392449
352.0000000000000 0.9943811937527
368.0000000000000 0.9946225750711
384.0000000000000 0.9948433711132
400.0000000000000 0.9950457884062
416.0000000000000 0.9952326182922
432.0000000000000 0.9954056429524
448.0000000000000 0.9955663738104
464.0000000000000 0.9957160430250
480.0000000000000 0.9958557179751
496.0000000000000 0.9959863990727
512.0000000000000 0.9961089329713
528.0000000000000 0.9962240527738
544.0000000000000 0.9963324319257
560.0000000000000 0.9964346370377
576.0000000000000 0.9965311457895
592.0000000000000 0.9966224218368
608.0000000000000 0.9967089037869
624.0000000000000 0.9967909719170
640.0000000000000 0.9968689539567
656.0000000000000 0.9969431395373
672.0000000000000 0.9970137976222
688.0000000000000 0.9970811731359
704.0000000000000 0.9971454901181
720.0000000000000 0.9972069521313
736.0000000000000 0.9972657460215
752.0000000000000 0.9973220420924
768.0000000000000 0.9973759945211
784.0000000000000 0.9974277473401
800.0000000000000 0.9974774321007
816.0000000000000 0.9975251711291
832.0000000000000 0.9975710763480
848.0000000000000 0.9976152518402
864.0000000000000 0.9976577931266
880.0000000000000 0.9976987885626
896.0000000000000 0.9977383211415
912.0000000000000 0.9977764681785
928.0000000000000 0.9978133010293
944.0000000000000 0.9978488867572
960.0000000000000 0.9978832881134
976.0000000000000 0.9979165627493
992.0000000000000 0.9979487652560
1008.0000000000000 0.9979799465796
1024.0000000000000 0.9980101543284
1040.0000000000000 0.9980394333234
1056.0000000000000 0.9980678256328
1072.0000000000000 0.9980953709181
1088.0000000000000 0.9981221067190
1104.0000000000000 0.9981480682908
1120.0000000000000 0.9981732888637
1136.0000000000000 0.9981977994486
1152.0000000000000 0.9982216297656
1168.0000000000000 0.9982448078976
1184.0000000000000 0.9982673602378
1200.0000000000000 0.9982893118669
1216.0000000000000 0.9983106863605
1232.0000000000000 0.9983315061753
1248.0000000000000 0.9983517925734
1264.0000000000000 0.9983715656370
1280.0000000000000 0.9983908448700
1296.0000000000000 0.9984096484477
1312.0000000000000 0.9984279936582
1328.0000000000000 0.9984458970652
1344.0000000000000 0.9984633745970
1360.0000000000000 0.9984804411717
1376.0000000000000 0.9984971110409
1392.0000000000000 0.9985133978065
1408.0000000000000 0.9985293146278
1424.0000000000000 0.9985448739438
1440.0000000000000 0.9985600877550
1456.0000000000000 0.9985749673670
1472.0000000000000 0.9985895237432
1488.0000000000000 0.9986037672500
1504.0000000000000 0.9986177078687
1520.0000000000000 0.9986313551978
1536.0000000000000 0.9986447183544
1552.0000000000000 0.9986578061680
1568.0000000000000 0.9986706270499
1584.0000000000000 0.9986831890814
1600.0000000000000 0.9986955000350
1616.0000000000000 0.9987075673186
1632.0000000000000 0.9987193983043
1648.0000000000000 0.9987310006180
1664.0000000000000 0.9987423821189
1680.0000000000000 0.9987535507415
1696.0000000000000 0.9987645141347
1712.0000000000000 0.9987752795714
1728.0000000000000 0.9987858541751
1744.0000000000000 0.9987962448765
1760.0000000000000 0.9988064582642
1776.0000000000000 0.9988165008073
1792.0000000000000 0.9988263788371
1808.0000000000000 0.9988360983561
1824.0000000000000 0.9988456652527
1840.0000000000000 0.9988550852664
1856.0000000000000 0.9988643639846
1872.0000000000000 0.9988735068497
1888.0000000000000 0.9988825190477
1904.0000000000000 0.9988914057155
1920.0000000000000 0.9989001718912
1936.0000000000000 0.9989088223443
1952.0000000000000 0.9989173617920
1968.0000000000000 0.9989257948687
1984.0000000000000 0.9989341260037
