# x phi
-317.4400000000000 -0.0000000002935
-314.8800000000000 -0.0000000004756
-312.3200000000000 -0.0000000005903
-309.7600000000000 -0.0000000007406
-307.2000000000000 -0.0000000009353
-304.6400000000000 -0.0000000011125
-302.0800000000000 -0.0000000012547
-299.5200000000000 -0.0000000013807
-296.9600000000000 -0.0000000014760
-294.4000000000000 -0.0000000015301
-291.8400000000000 -0.0000000015997
-289.2800000000000 -0.0000000017434
-286.7200000000000 -0.0000000019215
-284.1600000000000 -0.0000000020379
-281.6000000000000 -0.0000000020552
-279.0400000000000 -0.0000000020324
-276.4800000000000 -0.0000000020674
-273.9200000000000 -0.0000000022094
-271.3600000000000 -0.0000000024016
-268.8000000000000 -0.0000000025369
-266.2400000000000 -0.0000000025795
-263.6800000000000 -0.0000000025875
-261.1200000000000 -0.0000000026230
-258.5600000000000 -0.0000000027024
-256.0000000000000 -0.0000000028207
-253.4400000000000 -0.0000000029624
-250.8800000000000 -0.0000000031046
-248.3200000000000 -0.0000000032337
-245.7600000000000 -0.0000000033490
-243.2000000000000 -0.0000000034572
-240.6400000000000 -0.0000000035752
-238.0800000000000 -0.0000000037216
-235.5200000000000 -0.0000000038978
-232.9600000000000 -0.0000000040913
-230.4000000000000 -0.0000000042868
-227.8400000000000 -0.0000000044896
-225.2800000000000 -0.0000000047396
-222.7200000000000 -0.0000000050633
-220.1600000000000 -0.0000000054109
-217.6000000000000 -0.0000000057083
-215.0400000000000 -0.0000000060033
-212.4800000000000 -0.0000000064639
-209.9200000000000 -0.0000000071563
-207.3600000000000 -0.0000000079317
-204.8000000000000 -0.0000000086427
-202.2400000000000 -0.0000000093702
-199.6800000000000 -0.0000000102933
-197.1200000000000 -0.0000000114237
-194.5600000000000 -0.0000000126497
-192.0000000000000 -0.0000000139814
-189.4400000000000 -0.0000000155193
-186.8800000000000 -0.0000000170399
-184.3200000000000 -0.0000000179584
-181.7600000000000 -0.0000000198600
-179.2000000000000 -0.0000000338912
-176.6400000000000 -0.0000000894519
-174.0800000000000 -0.0000002311517
-171.5200000000000 -0.0000004924992
-168.9600000000000 -0.0000008560802
-166.4000000000000 -0.0000012326838
-163.8400000000000 -0.0000014860723
-161.2800000000000 -0.0000014955536
-158.7200000000000 -0.0000012181180
-156.1600000000000 -0.0000007098295
-153.6000000000000 -0.0000000899972
-151.0400000000000 0.0000005295587
-148.4800000000000 0.0000010982168
-145.9200000000000 0.0000016263381
-143.3600000000000 0.0000021456601
-140.8000000000000 0.0000026770121
-139.5200000000000 0.0000029501462
-138.2400000000000 0.0000032291593
-138.2400000000000 0.0000032291593
-136.9600000000000 0.0000035147403
-135.6800000000000 0.0000038075433
-135.6800000000000 0.0000038075433
-134.4000000000000 0.0000041079828
-133.1200000000000 0.0000044174658
-133.1200000000000 0.0000044174658
-131.8400000000000 0.0000047369070
-130.5600000000000 0.0000050681981
-130.5600000000000 0.0000050681981
-129.2800000000000 0.0000054122068
-128.0000000000000 0.0000057729206
-128.0000000000000 0.0000057729206
-126.7200000000000 0.0000061532101
-125.4400000000000 0.0000065572948
-125.4400000000000 0.0000065572948
-124.1600000000000 0.0000069893011
-122.8800000000000 0.0000074528302
-122.8800000000000 0.0000074528302
-121.6000000000000 0.0000079512837
-120.3200000000000 0.0000084882969
-120.3200000000000 0.0000084882969
-119.0400000000000 0.0000090675349
-117.7600000000000 0.0000096921174
-117.7600000000000 0.0000096921174
-116.4800000000000 0.0000103645162
-115.2000000000000 0.0000110872042
-115.2000000000000 0.0000110872042
-113.9200000000000 0.0000118635140
-112.6400000000000 0.0000126979257
-112.6400000000000 0.0000126979257
-111.3600000000000 0.0000135955045
-110.0800000000000 0.0000145610058
-110.0800000000000 0.0000145610058
-108.8000000000000 0.0000155984640
-107.5200000000000 0.0000167113120
-107.5200000000000 0.0000167113120
-106.2400000000000 0.0000179022537
-104.9600000000000 0.0000191724890
-104.9600000000000 0.0000191724890
-103.6800000000000 0.0000205209525
-102.4000000000000 0.0000219442664
-102.4000000000000 0.0000219442664
-101.1200000000000 0.0000234368523
-99.8400000000000 0.0000249902936
-99.8400000000000 0.0000249902936
-98.5600000000000 0.0000265923330
-97.2800000000000 0.0000282262380
-97.2800000000000 0.0000282262380
-96.0000000000000 0.0000298702537
-94.7200000000000 0.0000314968609
-94.7200000000000 0.0000314968609
-93.4400000000000 0.0000330721037
-92.1600000000000 0.0000345549787
-92.1600000000000 0.0000345549787
-90.8800000000000 0.0000358968643
-89.6000000000000 0.0000370412944
-89.6000000000000 0.0000370412944
-88.3200000000000 0.0000379241846
-87.0400000000000 0.0000384744776
-87.0400000000000 0.0000384744776
-85.7600000000000 0.0000386151854
-84.4800000000000 0.0000382650306
-84.4800000000000 0.0000382650306
-83.2000000000000 0.0000373411317
-81.9200000000000 0.0000357625424
-81.9200000000000 0.0000357625424
-80.6400000000000 0.0000334539790
-79.3600000000000 0.0000303494355
-79.3600000000000 0.0000303494355
-78.0800000000000 0.0000263957554
-76.8000000000000 0.0000215562416
-76.8000000000000 0.0000215562416
-75.5200000000000 0.0000158137449
-74.2400000000000 0.0000091725247
-74.2400000000000 0.0000091725247
-72.9600000000000 0.0000016585563
-71.6800000000000 -0.0000066815296
-71.6800000000000 -0.0000066815296
-70.4000000000000 -0.0000157823053
-69.1200000000000 -0.0000255620724
-69.1200000000000 -0.0000255620724
-67.8400000000000 -0.0000359259130
-66.5600000000000 -0.0000467693247
-66.5600000000000 -0.0000467693247
-65.2800000000000 -0.0000579820524
-64.0000000000000 -0.0000694514053
-64.0000000000000 -0.0000694514053
-62.7200000000000 -0.0000810653430
-61.4400000000000 -0.0000927147837
-61.4400000000000 -0.0000927147837
-60.1600000000001 -0.0001042951113
-58.8800000000001 -0.0001157074879
-58.8800000000000 -0.0001157074879
-57.6000000000001 -0.0001268599743
-56.3200000000001 -0.0001376684320
-56.3200000000000 -0.0001376684320
-55.0400000000000 -0.0001480569684
-53.7600000000000 -0.0001579592000
-53.7600000000000 -0.0001579592000
-52.4800000000000 -0.0001673198593
-51.2000000000000 -0.0001760947087
-51.2000000000000 -0.0001760947087
-49.9200000000000 -0.0001842498534
-48.6400000000000 -0.0001917619619
-48.6400000000000 -0.0001917619619
-47.3600000000000 -0.0001986182552
-46.0800000000000 -0.0002048148085
-46.0800000000000 -0.0002048148085
-44.8000000000000 -0.0002103552787
-43.5200000000000 -0.0002152511687
-43.5200000000000 -0.0002152511687
-42.2400000000000 -0.0002195205654
-40.9600000000000 -0.0002231857422
-40.9600000000000 -0.0002231857422
-39.6800000000000 -0.0002262719294
-38.4000000000000 -0.0002288062091
-38.4000000000000 -0.0002288062091
-37.7600000000000 -0.0002298753469
-37.1200000000000 -0.0002308173729
-37.1200000000000 -0.0002308173729
-36.4800000000000 -0.0002316360677
-35.8400000000000 -0.0002323347586
-35.8400000000000 -0.0002323347586
-35.8400000000000 -0.0002323347586
-35.2000000000000 -0.0002329167423
-34.5600000000000 -0.0002333858922
-34.5600000000000 -0.0002333858922
-33.9200000000000 -0.0002337457371
-33.2800000000000 -0.0002340006074
-33.2800000000000 -0.0002340006074
-33.2800000000000 -0.0002340006074
-32.6400000000000 -0.0002341550267
-32.0000000000000 -0.0002342119448
-32.0000000000000 -0.0002342119448
-31.3600000000000 -0.0002341743760
-30.7200000000000 -0.0002340466503
-30.7200000000000 -0.0002340466503
-30.7200000000000 -0.0002340466503
-30.0800000000000 -0.0002338333086
-29.4400000000000 -0.0002335384803
-29.4400000000000 -0.0002335384803
-28.8000000000000 -0.0002331662387
-28.1600000000000 -0.0002327206993
-28.1600000000000 -0.0002327206993
-28.1600000000000 -0.0002327206993
-27.5200000000000 -0.0002322057196
-26.8800000000000 -0.0002316251832
-26.8800000000000 -0.0002316251832
-26.2400000000000 -0.0002309838718
-25.6000000000000 -0.0002302872509
-25.6000000000000 -0.0002302872509
-25.6000000000000 -0.0002302872509
-24.9600000000000 -0.0002295399445
-24.3200000000000 -0.0002287456264
-24.3200000000000 -0.0002287456264
-23.6800000000000 -0.0002279086429
-23.0400000000000 -0.0002270345548
-23.0400000000000 -0.0002270345548
-23.0400000000000 -0.0002270345548
-22.7199999999999 -0.0002265854398
-22.4000000000000 -0.0002261290815
-22.3999999999999 -0.0002261290815
-22.0799999999999 -0.0002256660790
-21.7600000000000 -0.0002251970465
-21.7600000000000 -0.0002251970465
-21.7599999999999 -0.0002251970465
-21.4399999999999 -0.0002247225576
-21.1200000000000 -0.0002242433328
-21.1199999999999 -0.0002242433328
-20.7999999999999 -0.0002237601272
-20.4800000000000 -0.0002232734115
-20.4800000000000 -0.0002232734115
-20.4800000000000 -0.0002232734115
-20.4799999999999 -0.0002232734115
-20.1599999999999 -0.0002227836095
-19.8400000000000 -0.0002222916181
-19.8400000000000 -0.0002222916181
-19.5199999999999 -0.0002217981805
-19.2000000000000 -0.0002213041824
-19.2000000000000 -0.0002213041824
-19.1999999999999 -0.0002213041824
-18.8800000000000 -0.0002208103713
-18.5600000000000 -0.0002203173081
-18.5600000000000 -0.0002203173081
-18.2400000000000 -0.0002198255088
-17.9200000000000 -0.0002193356423
-17.9200000000000 -0.0002193356423
-17.9200000000000 -0.0002193356423
-17.9200000000000 -0.0002193356423
-17.6000000000000 -0.0002188485234
-17.2800000000000 -0.0002183649149
-17.2800000000000 -0.0002183649149
-16.9600000000000 -0.0002178854347
-16.6400000000000 -0.0002174106767
-16.6400000000000 -0.0002174106767
-16.6400000000000 -0.0002174106767
-16.3199999999999 -0.0002169413739
-16.0000000000000 -0.0002164784746
-15.9999999999999 -0.0002164784746
-15.6799999999999 -0.0002160231091
-15.5200000000000 -0.0002157986227
-15.3600000000000 -0.0002155764216
-15.3600000000000 -0.0002155764216
-15.3600000000000 -0.0002155764216
-15.3600000000000 -0.0002155764216
-15.3599999999999 -0.0002155764216
-15.2000000000000 -0.0002153566412
-15.0400000000000 -0.0002151393379
-15.0399999999999 -0.0002151393379
-14.8800000000000 -0.0002149245914
-14.7200000000000 -0.0002147124678
-14.7200000000000 -0.0002147124678
-14.7199999999999 -0.0002147124678
-14.5600000000000 -0.0002145030171
-14.4000000000000 -0.0002142963687
-14.3999999999999 -0.0002142963687
-14.2400000000000 -0.0002140926188
-14.0800000000000 -0.0002138919175
-14.0800000000000 -0.0002138919175
-14.0800000000000 -0.0002138919175
-14.0800000000000 -0.0002138919175
-13.9200000000000 -0.0002136943971
-13.7600000000000 -0.0002135002065
-13.7600000000000 -0.0002135002065
-13.6000000000000 -0.0002133095092
-13.4400000000000 -0.0002131224886
-13.4400000000000 -0.0002131224886
-13.4400000000000 -0.0002131224886
-13.2800000000000 -0.0002129393456
-13.1200000000000 -0.0002127602892
-13.1200000000000 -0.0002127602892
-12.9600000000000 -0.0002125855224
-12.8000000000000 -0.0002124152282
-12.8000000000000 -0.0002124152282
-12.8000000000000 -0.0002124152282
-12.8000000000000 -0.0002124152282
-12.8000000000000 -0.0002124152282
-12.6400000000000 -0.0002122495669
-12.4800000000000 -0.0002120886893
-12.4800000000000 -0.0002120886893
-12.3200000000000 -0.0002119327578
-12.1600000000000 -0.0002117819612
-12.1600000000000 -0.0002117819612
-12.1600000000000 -0.0002117819612
-12.0000000000000 -0.0002116365144
-11.8400000000000 -0.0002114966459
-11.8400000000000 -0.0002114966459
-11.6800000000000 -0.0002113625818
-11.5200000000000 -0.0002112345373
-11.5200000000000 -0.0002112345373
-11.5200000000000 -0.0002112345373
-11.5200000000000 -0.0002112345373
-11.3600000000000 -0.0002111127276
-11.2000000000000 -0.0002109973897
-11.2000000000000 -0.0002109973897
-11.0400000000001 -0.0002108887963
-10.8800000000001 -0.0002107872490
-10.8800000000000 -0.0002107872490
-10.8800000000000 -0.0002107872490
-10.8000000000001 -0.0002107392153
-10.7200000000001 -0.0002106930613
-10.7200000000001 -0.0002106930613
-10.6400000000001 -0.0002106488262
-10.5600000000001 -0.0002106065529
-10.5600000000001 -0.0002106065529
-10.5600000000000 -0.0002106065529
-10.4800000000001 -0.0002105662817
-10.4000000000001 -0.0002105280595
-10.4000000000001 -0.0002105280595
-10.3200000000001 -0.0002104919299
-10.2400000000001 -0.0002104579425
-10.2400000000001 -0.0002104579425
-10.2400000000000 -0.0002104579425
-10.2400000000000 -0.0002104579425
-10.2400000000000 -0.0002104579425
-10.2400000000000 -0.0002104579425
-10.1600000000001 -0.0002104261446
-10.0800000000001 -0.0002103965864
-10.0800000000001 -0.0002103965864
-10.0000000000001 -0.0002103693172
-9.9200000000001 -0.0002103443865
-9.9200000000001 -0.0002103443865
-9.9200000000000 -0.0002103443865
-9.8400000000001 -0.0002103218435
-9.7600000000001 -0.0002103017375
-9.7600000000001 -0.0002103017375
-9.6800000000001 -0.0002102841181
-9.6000000000001 -0.0002102690362
-9.6000000000001 -0.0002102690362
-9.6000000000001 -0.0002102690362
-9.6000000000000 -0.0002102690362
-9.5200000000001 -0.0002102565444
-9.4400000000001 -0.0002102466973
-9.4400000000001 -0.0002102466973
-9.3600000000001 -0.0002102395522
-9.2800000000001 -0.0002102351690
-9.2800000000001 -0.0002102351690
-9.2800000000001 -0.0002102351690
-9.2000000000001 -0.0002102336107
-9.1200000000001 -0.0002102349429
-9.1200000000001 -0.0002102349429
-9.0400000000001 -0.0002102392344
-8.9600000000001 -0.0002102465574
-8.9600000000001 -0.0002102465574
-8.9600000000001 -0.0002102465574
-8.9600000000000 -0.0002102465574
-8.9600000000000 -0.0002102465574
-8.8800000000001 -0.0002102569873
-8.8000000000001 -0.0002102706041
-8.8000000000001 -0.0002102706041
-8.7200000000001 -0.0002102874915
-8.6400000000001 -0.0002103077377
-8.6400000000001 -0.0002103077377
-8.6400000000001 -0.0002103077377
-8.5600000000001 -0.0002103314340
-8.4800000000001 -0.0002103586741
-8.4800000000001 -0.0002103586741
-8.4000000000001 -0.0002103895530
-8.3200000000001 -0.0002104241667
-8.3200000000001 -0.0002104241667
-8.3200000000001 -0.0002104241667
-8.3200000000000 -0.0002104241667
-8.2400000000001 -0.0002104626120
-8.1600000000001 -0.0002105049872
-8.1600000000001 -0.0002105049872
-8.0800000000001 -0.0002105513928
-8.0000000000001 -0.0002106019331
-8.0000000000000 -0.0002106019331
-8.0000000000000 -0.0002106019331
-7.9200000000000 -0.0002106567173
-7.8400000000001 -0.0002107158596
-7.8400000000000 -0.0002107158596
-7.7600000000001 -0.0002107794796
-7.6800000000001 -0.0002108477009
-7.6800000000001 -0.0002108477009
-7.6800000000001 -0.0002108477009
-7.6800000000000 -0.0002108477009
-7.6800000000000 -0.0002108477009
-7.6800000000000 -0.0002108477009
-7.6000000000001 -0.0002109206499
-7.5200000000001 -0.0002109984549
-7.5200000000001 -0.0002109984549
-7.4400000000001 -0.0002110812460
-7.3600000000001 -0.0002111691569
-7.3600000000001 -0.0002111691569
-7.3600000000001 -0.0002111691569
-7.2800000000000 -0.0002112623257
-7.2000000000001 -0.0002113608978
-7.2000000000000 -0.0002113608978
-7.1200000000000 -0.0002114650265
-7.0400000000001 -0.0002115748738
-7.0400000000000 -0.0002115748738
-7.0400000000000 -0.0002115748738
-7.0400000000000 -0.0002115748738
-6.9600000000000 -0.0002116906102
-6.8800000000001 -0.0002118124145
-6.8800000000000 -0.0002118124145
-6.8000000000000 -0.0002119404728
-6.7200000000001 -0.0002120749789
-6.7200000000001 -0.0002120749789
-6.7200000000001 -0.0002120749789
-6.6400000000000 -0.0002122161344
-6.5600000000000 -0.0002123641502
-6.5600000000000 -0.0002123641502
-6.4800000000000 -0.0002125192471
-6.4000000000000 -0.0002126816574
-6.4000000000000 -0.0002126816574
-6.4000000000000 -0.0002126816574
-6.4000000000000 -0.0002126816574
-6.4000000000000 -0.0002126816574
-6.3600000000000 -0.0002127656809
-6.3200000000000 -0.0002128516265
-6.3200000000000 -0.0002128516265
-6.2800000000000 -0.0002129395256
-6.2400000000000 -0.0002130294129
-6.2400000000000 -0.0002130294129
-6.2400000000000 -0.0002130294129
-6.2000000000000 -0.0002131213218
-6.1600000000000 -0.0002132152886
-6.1600000000000 -0.0002132152886
-6.1200000000000 -0.0002133113479
-6.0800000000000 -0.0002134095376
-6.0800000000000 -0.0002134095376
-6.0800000000000 -0.0002134095376
-6.0800000000000 -0.0002134095376
-6.0400000000000 -0.0002135098940
-6.0000000000000 -0.0002136124565
-6.0000000000000 -0.0002136124565
-5.9600000000000 -0.0002137172633
-5.9200000000000 -0.0002138243541
-5.9200000000000 -0.0002138243541
-5.9200000000000 -0.0002138243541
-5.8800000000000 -0.0002139337693
-5.8400000000000 -0.0002140455500
-5.8400000000000 -0.0002140455500
-5.8000000000000 -0.0002141597383
-5.7600000000000 -0.0002142763766
-5.7600000000000 -0.0002142763766
-5.7600000000000 -0.0002142763766
-5.7600000000000 -0.0002142763766
-5.7600000000000 -0.0002142763766
-5.7200000000000 -0.0002143955087
-5.6800000000000 -0.0002145171787
-5.6800000000000 -0.0002145171787
-5.6400000000000 -0.0002146414319
-5.6000000000000 -0.0002147683143
-5.6000000000000 -0.0002147683143
-5.6000000000000 -0.0002147683143
-5.5600000000000 -0.0002148978733
-5.5200000000000 -0.0002150301569
-5.5200000000000 -0.0002150301569
-5.4800000000000 -0.0002151652148
-5.4400000000000 -0.0002153030977
-5.4400000000000 -0.0002153030977
-5.4400000000000 -0.0002153030977
-5.4400000000000 -0.0002153030977
-5.4000000000000 -0.0002154438578
-5.3600000000000 -0.0002155875490
-5.3600000000000 -0.0002155875490
-5.3200000000000 -0.0002157342266
-5.2800000000000 -0.0002158839477
-5.2800000000000 -0.0002158839477
-5.2800000000000 -0.0002158839477
-5.2400000000000 -0.0002160367712
-5.2000000000000 -0.0002161927579
-5.2000000000000 -0.0002161927579
-5.1600000000000 -0.0002163519705
-5.1200000000000 -0.0002165144737
-5.1200000000000 -0.0002165144737
-5.1200000000000 -0.0002165144737
-5.1200000000000 -0.0002165144737
-5.1200000000000 -0.0002165144737
-5.1200000000000 -0.0002165144737
-5.1200000000000 -0.0002165144737
-5.0800000000000 -0.0002166803340
-5.0400000000000 -0.0002168496201
-5.0400000000000 -0.0002168496201
-5.0000000000000 -0.0002170224026
-4.9600000000000 -0.0002171987539
-4.9600000000000 -0.0002171987539
-4.9600000000000 -0.0002171987539
-4.9200000000000 -0.0002173787484
-4.8800000000000 -0.0002175624623
-4.8800000000000 -0.0002175624623
-4.8400000000000 -0.0002177499736
-4.8000000000000 -0.0002179413622
-4.8000000000000 -0.0002179413622
-4.8000000000000 -0.0002179413622
-4.8000000000000 -0.0002179413622
-4.7600000000000 -0.0002181367098
-4.7200000000000 -0.0002183360998
-4.7200000000000 -0.0002183360998
-4.6800000000000 -0.0002185396179
-4.6400000000000 -0.0002187473516
-4.6400000000000 -0.0002187473516
-4.6400000000000 -0.0002187473516
-4.6000000000000 -0.0002189593909
-4.5600000000000 -0.0002191758279
-4.5600000000000 -0.0002191758279
-4.5200000000000 -0.0002193967577
-4.4800000000000 -0.0002196222776
-4.4800000000000 -0.0002196222776
-4.4800000000000 -0.0002196222776
-4.4800000000000 -0.0002196222776
-4.4800000000000 -0.0002196222776
-4.4400000000000 -0.0002198524884
-4.4000000000000 -0.0002200874937
-4.4000000000000 -0.0002200874937
-4.3600000000000 -0.0002203274003
-4.3200000000000 -0.0002205723185
-4.3200000000000 -0.0002205723185
-4.3200000000000 -0.0002205723185
-4.2800000000000 -0.0002208223619
-4.2400000000000 -0.0002210776479
-4.2400000000000 -0.0002210776479
-4.2000000000000 -0.0002213382974
-4.1600000000000 -0.0002216044351
-4.1600000000000 -0.0002216044351
-4.1600000000000 -0.0002216044351
-4.1600000000000 -0.0002216044351
-4.1200000000000 -0.0002218761898
-4.0800000000000 -0.0002221536943
-4.0800000000000 -0.0002221536943
-4.0400000000000 -0.0002224370859
-4.0000000000000 -0.0002227265065
-4.0000000000000 -0.0002227265065
-4.0000000000000 -0.0002227265065
-3.9600000000000 -0.0002230221023
-3.9200000000000 -0.0002233240248
-3.9200000000000 -0.0002233240248
-3.8800000000000 -0.0002236324304
-3.8400000000000 -0.0002239474804
-3.8400000000000 -0.0002239474804
-3.8400000000000 -0.0002239474804
-3.8400000000000 -0.0002239474804
-3.8400000000000 -0.0002239474804
-3.8400000000000 -0.0002239474804
-3.8000000000000 -0.0002242693419
-3.7600000000000 -0.0002245981872
-3.7600000000000 -0.0002245981872
-3.7200000000000 -0.0002249341943
-3.6800000000000 -0.0002252775475
-3.6800000000000 -0.0002252775475
-3.6800000000000 -0.0002252775475
-3.6400000000000 -0.0002256284370
-3.6000000000000 -0.0002259870596
-3.6000000000000 -0.0002259870596
-3.5600000000000 -0.0002263536190
-3.5200000000000 -0.0002267283259
-3.5200000000000 -0.0002267283259
-3.5200000000000 -0.0002267283259
-3.5200000000000 -0.0002267283259
-3.4800000000000 -0.0002271113990
-3.4400000000000 -0.0002275030647
-3.4400000000000 -0.0002275030647
-3.4000000000000 -0.0002279035586
-3.3600000000000 -0.0002283131252
-3.3600000000000 -0.0002283131252
-3.3600000000000 -0.0002283131252
-3.3200000000000 -0.0002287320189
-3.2800000000000 -0.0002291605045
-3.2800000000000 -0.0002291605045
-3.2400000000000 -0.0002295988575
-3.2000000000000 -0.0002300473646
-3.2000000000000 -0.0002300473646
-3.2000000000000 -0.0002300473646
-3.2000000000000 -0.0002300473646
-3.2000000000000 -0.0002300473646
-3.1800000000001 -0.0002302755185
-3.1600000000001 -0.0002305063243
-3.1600000000000 -0.0002305063243
-3.1400000000001 -0.0002307398200
-3.1200000000001 -0.0002309760469
-3.1200000000000 -0.0002309760469
-3.1200000000000 -0.0002309760469
-3.1000000000001 -0.0002312150444
-3.0800000000001 -0.0002314568554
-3.0800000000000 -0.0002314568554
-3.0600000000001 -0.0002317015210
-3.0400000000001 -0.0002319490860
-3.0400000000000 -0.0002319490860
-3.0400000000000 -0.0002319490860
-3.0400000000000 -0.0002319490860
-3.0200000000001 -0.0002321995929
-3.0000000000001 -0.0002324530884
-3.0000000000000 -0.0002324530884
-2.9800000000001 -0.0002327096181
-2.9600000000001 -0.0002329692284
-2.9600000000000 -0.0002329692284
-2.9600000000000 -0.0002329692284
-2.9400000000001 -0.0002332319671
-2.9200000000001 -0.0002334978832
-2.9200000000000 -0.0002334978832
-2.9000000000001 -0.0002337670266
-2.8800000000001 -0.0002340394481
-2.8800000000000 -0.0002340394481
-2.8800000000000 -0.0002340394481
-2.8800000000000 -0.0002340394481
-2.8800000000000 -0.0002340394481
-2.8600000000001 -0.0002343151998
-2.8400000000001 -0.0002345943350
-2.8400000000000 -0.0002345943350
-2.8200000000001 -0.0002348769079
-2.8000000000001 -0.0002351629741
-2.8000000000000 -0.0002351629741
-2.8000000000000 -0.0002351629741
-2.7800000000001 -0.0002354525905
-2.7600000000001 -0.0002357458151
-2.7600000000000 -0.0002357458151
-2.7400000000001 -0.0002360427075
-2.7200000000001 -0.0002363433284
-2.7200000000000 -0.0002363433284
-2.7200000000000 -0.0002363433284
-2.7200000000000 -0.0002363433284
-2.7000000000001 -0.0002366477400
-2.6800000000001 -0.0002369560062
-2.6800000000000 -0.0002369560062
-2.6600000000001 -0.0002372681921
-2.6400000000001 -0.0002375843644
-2.6400000000000 -0.0002375843644
-2.6400000000000 -0.0002375843644
-2.6200000000001 -0.0002379045916
-2.6000000000001 -0.0002382289436
-2.6000000000000 -0.0002382289436
-2.5800000000001 -0.0002385574922
-2.5600000000001 -0.0002388903107
-2.5600000000000 -0.0002388903107
-2.5600000000000 -0.0002388903107
-2.5600000000000 -0.0002388903107
-2.5600000000000 -0.0002388903107
-2.5600000000000 -0.0002388903107
-2.5600000000000 -0.0002388903107
-2.5600000000000 -0.0002388903107
-2.5400000000001 -0.0002392274743
-2.5200000000001 -0.0002395690601
-2.5200000000000 -0.0002395690601
-2.5000000000001 -0.0002399151469
-2.4800000000001 -0.0002402658157
-2.4800000000000 -0.0002402658157
-2.4800000000000 -0.0002402658157
-2.4600000000001 -0.0002406211492
-2.4400000000001 -0.0002409812324
-2.4400000000000 -0.0002409812324
-2.4200000000001 -0.0002413461522
-2.4000000000001 -0.0002417159981
-2.4000000000000 -0.0002417159981
-2.4000000000000 -0.0002417159981
-2.4000000000000 -0.0002417159981
-2.3800000000001 -0.0002420908614
-2.3600000000001 -0.0002424708362
-2.3600000000000 -0.0002424708362
-2.3400000000001 -0.0002428560190
-2.3200000000001 -0.0002432465087
-2.3200000000000 -0.0002432465087
-2.3200000000000 -0.0002432465087
-2.3000000000001 -0.0002436424071
-2.2800000000001 -0.0002440438188
-2.2800000000000 -0.0002440438188
-2.2599999999999 -0.0002444508512
-2.2400000000000 -0.0002448636148
-2.2400000000000 -0.0002448636148
-2.2400000000000 -0.0002448636148
-2.2400000000000 -0.0002448636148
-2.2399999999999 -0.0002448636148
-2.2199999999999 -0.0002452822230
-2.2000000000000 -0.0002457067928
-2.1999999999999 -0.0002457067928
-2.1799999999999 -0.0002461374441
-2.1600000000000 -0.0002465743003
-2.1600000000000 -0.0002465743003
-2.1599999999999 -0.0002465743003
-2.1399999999999 -0.0002470174882
-2.1200000000000 -0.0002474671381
-2.1199999999999 -0.0002474671381
-2.0999999999999 -0.0002479233836
-2.0800000000000 -0.0002483863622
-2.0800000000000 -0.0002483863622
-2.0800000000000 -0.0002483863622
-2.0799999999999 -0.0002483863622
-2.0599999999999 -0.0002488562148
-2.0400000000000 -0.0002493330865
-2.0399999999999 -0.0002493330865
-2.0199999999999 -0.0002498171262
-2.0000000000000 -0.0002503084871
-2.0000000000000 -0.0002503084871
-2.0000000000000 -0.0002503084871
-1.9800000000000 -0.0002508073269
-1.9600000000000 -0.0002513138079
-1.9600000000000 -0.0002513138079
-1.9399999999999 -0.0002518280974
-1.9200000000000 -0.0002523503678
-1.9200000000000 -0.0002523503678
-1.9200000000000 -0.0002523503678
-1.9200000000000 -0.0002523503678
-1.9200000000000 -0.0002523503678
-1.9199999999999 -0.0002523503678
-1.8999999999999 -0.0002528807971
-1.8800000000000 -0.0002534195692
-1.8799999999999 -0.0002534195692
-1.8599999999999 -0.0002539668744
-1.8400000000000 -0.0002545229097
-1.8400000000000 -0.0002545229097
-1.8399999999999 -0.0002545229097
-1.8200000000000 -0.0002550878797
-1.8000000000000 -0.0002556619967
-1.8000000000000 -0.0002556619967
-1.7800000000000 -0.0002562454814
-1.7600000000000 -0.0002568385629
-1.7600000000000 -0.0002568385629
-1.7600000000000 -0.0002568385629
-1.7600000000000 -0.0002568385629
-1.7400000000000 -0.0002574414795
-1.7200000000000 -0.0002580544782
-1.7200000000000 -0.0002580544782
-1.7000000000000 -0.0002586778153
-1.6800000000000 -0.0002593117564
-1.6800000000000 -0.0002593117564
-1.6800000000000 -0.0002593117564
-1.6600000000000 -0.0002599565766
-1.6400000000000 -0.0002606125604
-1.6400000000000 -0.0002606125604
-1.6200000000000 -0.0002612800023
-1.6000000000000 -0.0002619592067
-1.6000000000000 -0.0002619592067
-1.6000000000000 -0.0002619592067
-1.6000000000000 -0.0002619592067
-1.6000000000000 -0.0002619592067
-1.5800000000000 -0.0002626504883
-1.5600000000000 -0.0002633541725
-1.5600000000000 -0.0002633541725
-1.5400000000000 -0.0002640705960
-1.5200000000000 -0.0002648001073
-1.5200000000000 -0.0002648001073
-1.5200000000000 -0.0002648001073
-1.5000000000000 -0.0002655430681
-1.4800000000000 -0.0002662998543
-1.4800000000000 -0.0002662998543
-1.4600000000000 -0.0002670708575
-1.4400000000000 -0.0002678564866
-1.4400000000000 -0.0002678564866
-1.4400000000000 -0.0002678564866
-1.4400000000000 -0.0002678564866
-1.4200000000000 -0.0002686571690
-1.4000000000000 -0.0002694733510
-1.4000000000000 -0.0002694733510
-1.3800000000000 -0.0002703054993
-1.3600000000000 -0.0002711541011
-1.3600000000000 -0.0002711541011
-1.3600000000000 -0.0002711541011
-1.3400000000000 -0.0002720196652
-1.3200000000000 -0.0002729027234
-1.3200000000000 -0.0002729027234
-1.3000000000000 -0.0002738038321
-1.2800000000000 -0.0002747235744
-1.2800000000000 -0.0002747235744
-1.2800000000000 -0.0002747235744
-1.2800000000000 -0.0002747235744
-1.2800000000000 -0.0002747235744
-1.2800000000000 -0.0002747235744
-1.2800000000000 -0.0002747235744
-1.2600000000000 -0.0002756625621
-1.2400000000000 -0.0002766214376
-1.2400000000000 -0.0002766214376
-1.2200000000000 -0.0002776008756
-1.2000000000000 -0.0002786015841
-1.2000000000000 -0.0002786015841
-1.2000000000000 -0.0002786015841
-1.1800000000000 -0.0002796243045
-1.1600000000000 -0.0002806698130
-1.1600000000000 -0.0002806698130
-1.1400000000000 -0.0002817389207
-1.1200000000000 -0.0002828324745
-1.1200000000000 -0.0002828324745
-1.1200000000000 -0.0002828324745
-1.1200000000000 -0.0002828324745
-1.1000000000000 -0.0002839513599
-1.0800000000000 -0.0002850965054
-1.0800000000000 -0.0002850965054
-1.0600000000000 -0.0002862688906
-1.0400000000000 -0.0002874695571
-1.0400000000000 -0.0002874695571
-1.0400000000000 -0.0002874695571
-1.0200000000000 -0.0002886996199
-1.0000000000000 -0.0002899602768
-1.0000000000000 -0.0002899602768
-0.9800000000000 -0.0002912528139
-0.9600000000000 -0.0002925786059
-0.9600000000000 -0.0002925786059
-0.9600000000000 -0.0002925786059
-0.9600000000000 -0.0002925786059
-0.9600000000000 -0.0002925786059
-0.9400000000000 -0.0002939391126
-0.9200000000000 -0.0002953358726
-0.9200000000000 -0.0002953358726
-0.9000000000000 -0.0002967704964
-0.8800000000000 -0.0002982446648
-0.8800000000000 -0.0002982446648
-0.8800000000000 -0.0002982446648
-0.8600000000000 -0.0002997601395
-0.8400000000000 -0.0003013187951
-0.8400000000000 -0.0003013187951
-0.8200000000000 -0.0003029226671
-0.8000000000000 -0.0003045739936
-0.8000000000000 -0.0003045739936
-0.8000000000000 -0.0003045739936
-0.8000000000000 -0.0003045739936
-0.7800000000000 -0.0003062752252
-0.7600000000000 -0.0003080289994
-0.7600000000000 -0.0003080289994
-0.7400000000000 -0.0003098381087
-0.7200000000000 -0.0003117055048
-0.7200000000000 -0.0003117055048
-0.7200000000000 -0.0003117055048
-0.7000000000000 -0.0003136343413
-0.6800000000000 -0.0003156280231
-0.6800000000000 -0.0003156280231
-0.6600000000000 -0.0003176902432
-0.6400000000000 -0.0003198250369
-0.6400000000000 -0.0003198250369
-0.6400000000000 -0.0003198250369
-0.6400000000000 -0.0003198250369
-0.6400000000000 -0.0003198250369
-0.6400000000000 -0.0003198250369
-0.6200000000000 -0.0003220368876
-0.6000000000000 -0.0003243308477
-0.6000000000000 -0.0003243308477
-0.5800000000000 -0.0003267125757
-0.5600000000000 -0.0003291882491
-0.5600000000000 -0.0003291882491
-0.5600000000000 -0.0003291882491
-0.5400000000000 -0.0003317644492
-0.5200000000000 -0.0003344481956
-0.5200000000000 -0.0003344481956
-0.5000000000000 -0.0003372472072
-0.4800000000000 -0.0003401702702
-0.4800000000000 -0.0003401702702
-0.4800000000000 -0.0003401702702
-0.4800000000000 -0.0003401702702
-0.4600000000000 -0.0003432275051
-0.4400000000000 -0.0003464304756
-0.4400000000000 -0.0003464304756
-0.4200000000000 -0.0003497922876
-0.4000000000000 -0.0003533278025
-0.4000000000000 -0.0003533278025
-0.4000000000000 -0.0003533278025
-0.3800000000000 -0.0003570538773
-0.3600000000000 -0.0003609895528
-0.3600000000000 -0.0003609895528
-0.3400000000000 -0.0003651564738
-0.3200000000000 -0.0003695799627
-0.3200000000000 -0.0003695799627
-0.3200000000000 -0.0003695799627
-0.3200000000000 -0.0003695799627
-0.3200000000000 -0.0003695799627
-0.3000000000000 -0.0003742906031
-0.2800000000000 -0.0003793255623
-0.2800000000000 -0.0003793255623
-0.2600000000000 -0.0003847294191
-0.2400000000000 -0.0003905558324
-0.2400000000000 -0.0003905558324
-0.2400000000000 -0.0003905558324
-0.2200000000000 -0.0003968708522
-0.2000000000000 -0.0004037553528
-0.2000000000000 -0.0004037553528
-0.1800000000000 -0.0004113107057
-0.1600000000000 -0.0004196856757
-0.1600000000000 -0.0004196856757
-0.1600000000000 -0.0004196856757
-0.1600000000000 -0.0004196856757
-0.1400000000000 -0.0004290940441
-0.1200000000000 -0.0004397226222
-0.1200000000000 -0.0004397226222
-0.1000000000000 -0.0004517004162
-0.0800000000000 -0.0004656676033
-0.0800000000000 -0.0004656676033
-0.0800000000000 -0.0004656676033
-0.0600000000000 -0.0004832872000
-0.0400000000000 -0.0005050167620
-0.0400000000000 -0.0005050167620
-0.0200000000000 -0.0005255101109
0.0000000000000 -0.0005343128690
0.0000000000000 -0.0005343128690
0.0000000000000 -0.0005343128690
0.0000000000000 -0.0005343128690
0.0000000000000 -0.0005343128690
0.0000000000000 -0.0005343128690
0.0000000000000 -0.0005343128690
0.0000000000000 -0.0005343128690
0.0200000000000 -0.0005255131013
0.0400000000000 -0.0005050207054
0.0400000000000 -0.0005050207054
0.0600000000000 -0.0004832905083
0.0800000000000 -0.0004656702185
0.0800000000000 -0.0004656702185
0.0800000000000 -0.0004656702185
0.1000000000000 -0.0004517027460
0.1200000000000 -0.0004397247490
0.1200000000000 -0.0004397247490
0.1400000000000 -0.0004290959127
0.1600000000000 -0.0004196873210
0.1600000000000 -0.0004196873210
0.1600000000000 -0.0004196873210
0.1600000000000 -0.0004196873210
0.1800000000000 -0.0004113121936
0.2000000000000 -0.0004037567144
0.2000000000000 -0.0004037567144
0.2200000000000 -0.0003968721009
0.2400000000000 -0.0003905569841
0.2400000000000 -0.0003905569841
0.2400000000000 -0.0003905569841
0.2600000000000 -0.0003847304911
0.2800000000000 -0.0003793265666
0.2800000000000 -0.0003793265666
0.3000000000000 -0.0003742915447
0.3200000000000 -0.0003695808440
0.3200000000000 -0.0003695808440
0.3200000000000 -0.0003695808440
0.3200000000000 -0.0003695808440
0.3200000000000 -0.0003695808440
0.3400000000000 -0.0003651572995
0.3600000000000 -0.0003609903321
0.3600000000000 -0.0003609903321
0.3800000000000 -0.0003570546195
0.4000000000000 -0.0003533285115
0.4000000000000 -0.0003533285115
0.4000000000000 -0.0003533285115
0.4200000000000 -0.0003497929621
0.4400000000000 -0.0003464311141
0.4400000000000 -0.0003464311141
0.4600000000000 -0.0003432281108
0.4800000000000 -0.0003401708510
0.4800000000000 -0.0003401708510
0.4800000000000 -0.0003401708510
0.4800000000000 -0.0003401708510
0.5000000000000 -0.0003372477699
0.5200000000000 -0.0003344487413
0.5200000000000 -0.0003344487413
0.5400000000000 -0.0003317649751
0.5600000000000 -0.0003291887528
0.5600000000000 -0.0003291887528
0.5600000000000 -0.0003291887528
0.5800000000000 -0.0003267130587
0.6000000000000 -0.0003243313140
0.6000000000000 -0.0003243313140
0.6200000000000 -0.0003220373408
0.6400000000000 -0.0003198254774
0.6400000000000 -0.0003198254774
0.6400000000000 -0.0003198254774
0.6400000000000 -0.0003198254774
0.6400000000000 -0.0003198254774
0.6400000000000 -0.0003198254774
0.6600000000000 -0.0003176906696
0.6800000000000 -0.0003156284338
0.6800000000000 -0.0003156284338
0.7000000000000 -0.0003136347362
0.7200000000000 -0.0003117058854
0.7200000000000 -0.0003117058854
0.7200000000000 -0.0003117058854
0.7400000000000 -0.0003098384767
0.7600000000000 -0.0003080293561
0.7600000000000 -0.0003080293561
0.7800000000000 -0.0003062755718
0.8000000000000 -0.0003045743312
0.8000000000000 -0.0003045743312
0.8000000000000 -0.0003045743312
0.8000000000000 -0.0003045743312
0.8200000000000 -0.0003029229969
0.8400000000000 -0.0003013191177
0.8400000000000 -0.0003013191177
0.8600000000000 -0.0002997604548
0.8800000000000 -0.0002982449727
0.8800000000000 -0.0002982449727
0.8800000000000 -0.0002982449727
0.9000000000000 -0.0002967707971
0.9200000000000 -0.0002953361668
0.9200000000000 -0.0002953361668
0.9400000000000 -0.0002939394012
0.9600000000000 -0.0002925788887
0.9600000000000 -0.0002925788887
0.9600000000000 -0.0002925788887
0.9600000000000 -0.0002925788887
0.9600000000000 -0.0002925788887
0.9800000000000 -0.0002912530898
1.0000000000000 -0.0002899605443
1.0000000000000 -0.0002899605443
1.0200000000000 -0.0002886998783
1.0400000000000 -0.0002874698070
1.0400000000000 -0.0002874698070
1.0400000000000 -0.0002874698070
1.0600000000000 -0.0002862691337
1.0800000000000 -0.0002850967438
1.0800000000000 -0.0002850967438
1.1000000000000 -0.0002839515954
1.1200000000000 -0.0002828327078
1.1200000000000 -0.0002828327078
1.1200000000000 -0.0002828327078
1.1200000000000 -0.0002828327078
1.1400000000000 -0.0002817391511
1.1600000000000 -0.0002806700394
1.1600000000000 -0.0002806700394
1.1800000000000 -0.0002796245253
1.2000000000000 -0.0002786017982
1.2000000000000 -0.0002786017982
1.2000000000000 -0.0002786017982
1.2200000000000 -0.0002776010828
1.2400000000000 -0.0002766216381
1.2400000000000 -0.0002766216381
1.2600000000000 -0.0002756627568
1.2800000000000 -0.0002747237645
1.2800000000000 -0.0002747237645
1.2800000000000 -0.0002747237645
1.2800000000000 -0.0002747237645
1.2800000000000 -0.0002747237645
1.2800000000000 -0.0002747237645
1.2800000000000 -0.0002747237645
1.3000000000000 -0.0002738040186
1.3200000000000 -0.0002729029069
1.3200000000000 -0.0002729029069
1.3400000000000 -0.0002720198462
1.3600000000000 -0.0002711542798
1.3600000000000 -0.0002711542798
1.3600000000000 -0.0002711542798
1.3800000000001 -0.0002703056759
1.4000000000000 -0.0002694735255
1.4000000000001 -0.0002694735255
1.4200000000000 -0.0002686573416
1.4400000000000 -0.0002678566576
1.4400000000000 -0.0002678566576
1.4400000000000 -0.0002678566576
1.4400000000000 -0.0002678566576
1.4600000000001 -0.0002670710269
1.4800000000000 -0.0002663000223
1.4800000000001 -0.0002663000223
1.5000000000001 -0.0002655432346
1.5200000000000 -0.0002648002721
1.5200000000000 -0.0002648002721
1.5200000000001 -0.0002648002721
1.5400000000001 -0.0002640707589
1.5600000000000 -0.0002633543332
1.5600000000001 -0.0002633543332
1.5800000000001 -0.0002626506466
1.6000000000000 -0.0002619593625
1.6000000000000 -0.0002619593625
1.6000000000000 -0.0002619593625
1.6000000000000 -0.0002619593625
1.6000000000001 -0.0002619593625
1.6200000000001 -0.0002612801556
1.6400000000000 -0.0002606127113
1.6400000000001 -0.0002606127113
1.6600000000001 -0.0002599567253
1.6800000000000 -0.0002593119033
1.6800000000000 -0.0002593119033
1.6800000000001 -0.0002593119033
1.7000000000001 -0.0002586779606
1.7200000000000 -0.0002580546222
1.7200000000001 -0.0002580546222
1.7400000000001 -0.0002574416225
1.7600000000000 -0.0002568387051
1.7600000000000 -0.0002568387051
1.7600000000000 -0.0002568387051
1.7600000000001 -0.0002568387051
1.7800000000001 -0.0002562456229
1.8000000000001 -0.0002556621376
1.8000000000001 -0.0002556621376
1.8200000000001 -0.0002550880199
1.8400000000000 -0.0002545230492
1.8400000000001 -0.0002545230492
1.8400000000001 -0.0002545230492
1.8600000000001 -0.0002539670131
1.8800000000001 -0.0002534197071
1.8800000000001 -0.0002534197071
1.9000000000001 -0.0002528809341
1.9200000000000 -0.0002523505038
1.9200000000000 -0.0002523505038
1.9200000000000 -0.0002523505038
1.9200000000000 -0.0002523505038
1.9200000000000 -0.0002523505038
1.9200000000001 -0.0002523505038
1.9400000000001 -0.0002518282325
1.9600000000000 -0.0002513139421
1.9600000000001 -0.0002513139421
1.9800000000001 -0.0002508074604
2.0000000000000 -0.0002503086199
2.0000000000001 -0.0002503086199
2.0000000000001 -0.0002503086199
2.0200000000001 -0.0002498172584
2.0400000000001 -0.0002493332182
2.0400000000001 -0.0002493332182
2.0600000000001 -0.0002488563460
2.0800000000000 -0.0002483864928
2.0800000000000 -0.0002483864928
2.0800000000001 -0.0002483864928
2.0800000000001 -0.0002483864928
2.1000000000001 -0.0002479235137
2.1200000000001 -0.0002474672676
2.1200000000001 -0.0002474672676
2.1400000000001 -0.0002470176170
2.1600000000000 -0.0002465744283
2.1600000000001 -0.0002465744283
2.1600000000001 -0.0002465744283
2.1800000000001 -0.0002461375712
2.2000000000001 -0.0002457069188
2.2000000000001 -0.0002457069188
2.2200000000001 -0.0002452823478
2.2400000000000 -0.0002448637383
2.2400000000000 -0.0002448637383
2.2400000000000 -0.0002448637383
2.2400000000001 -0.0002448637383
2.2400000000001 -0.0002448637383
2.2600000000001 -0.0002444509733
2.2800000000001 -0.0002440439394
2.2800000000001 -0.0002440439394
2.3000000000000 -0.0002436425261
2.3200000000000 -0.0002432466260
2.3200000000000 -0.0002432466260
2.3200000000001 -0.0002432466260
2.3400000000000 -0.0002428561347
2.3600000000000 -0.0002424709503
2.3600000000001 -0.0002424709503
2.3800000000000 -0.0002420909738
2.4000000000000 -0.0002417161088
2.4000000000000 -0.0002417161088
2.4000000000000 -0.0002417161088
2.4000000000001 -0.0002417161088
2.4200000000000 -0.0002413462613
2.4400000000000 -0.0002409813397
2.4400000000001 -0.0002409813397
2.4600000000000 -0.0002406212549
2.4800000000000 -0.0002402659197
2.4800000000000 -0.0002402659197
2.4800000000001 -0.0002402659197
2.5000000000000 -0.0002399152492
2.5200000000000 -0.0002395691606
2.5200000000001 -0.0002395691606
2.5400000000000 -0.0002392275732
2.5600000000000 -0.0002388904078
2.5600000000000 -0.0002388904078
2.5600000000000 -0.0002388904078
2.5600000000000 -0.0002388904078
2.5600000000000 -0.0002388904078
2.5600000000000 -0.0002388904078
2.5600000000000 -0.0002388904078
2.5600000000001 -0.0002388904078
2.5800000000000 -0.0002385575876
2.6000000000000 -0.0002382290374
2.6000000000001 -0.0002382290374
2.6200000000000 -0.0002379046837
2.6400000000000 -0.0002375844548
2.6400000000000 -0.0002375844548
2.6400000000001 -0.0002375844548
2.6600000000000 -0.0002372682807
2.6800000000000 -0.0002369560931
2.6800000000001 -0.0002369560931
2.7000000000000 -0.0002366478253
2.7200000000000 -0.0002363434120
2.7200000000000 -0.0002363434120
2.7200000000000 -0.0002363434120
2.7200000000001 -0.0002363434120
2.7400000000000 -0.0002360427894
2.7600000000000 -0.0002357458955
2.7600000000000 -0.0002357458955
2.7800000000000 -0.0002354526692
2.8000000000000 -0.0002351630513
2.8000000000000 -0.0002351630513
2.8000000000000 -0.0002351630513
2.8200000000000 -0.0002348769836
2.8400000000000 -0.0002345944092
2.8400000000000 -0.0002345944092
2.8600000000000 -0.0002343152726
2.8800000000000 -0.0002340395195
2.8800000000000 -0.0002340395195
2.8800000000000 -0.0002340395195
2.8800000000000 -0.0002340395195
2.8800000000000 -0.0002340395195
2.9000000000000 -0.0002337670966
2.9200000000000 -0.0002334979519
2.9200000000000 -0.0002334979519
2.9400000000000 -0.0002332320345
2.9600000000000 -0.0002329692946
2.9600000000000 -0.0002329692946
2.9600000000000 -0.0002329692946
2.9800000000000 -0.0002327096832
3.0000000000000 -0.0002324531524
3.0000000000000 -0.0002324531524
3.0200000000000 -0.0002321996559
3.0400000000000 -0.0002319491480
3.0400000000000 -0.0002319491480
3.0400000000000 -0.0002319491480
3.0400000000000 -0.0002319491480
3.0600000000000 -0.0002317015822
3.0800000000000 -0.0002314569157
3.0800000000000 -0.0002314569157
3.1000000000000 -0.0002312151040
3.1200000000000 -0.0002309761058
3.1200000000000 -0.0002309761058
3.1200000000000 -0.0002309761058
3.1400000000000 -0.0002307398784
3.1600000000000 -0.0002305063821
3.1600000000000 -0.0002305063821
3.1800000000000 -0.0002302755759
3.2000000000000 -0.0002300474216
3.2000000000000 -0.0002300474216
3.2000000000000 -0.0002300474216
3.2000000000000 -0.0002300474216
3.2000000000000 -0.0002300474216
3.2400000000000 -0.0002295989137
3.2800000000000 -0.0002291605602
3.2800000000000 -0.0002291605602
3.3200000000000 -0.0002287320740
3.3600000000000 -0.0002283131797
3.3600000000000 -0.0002283131797
3.3600000000000 -0.0002283131797
3.4000000000000 -0.0002279036125
3.4400000000000 -0.0002275031179
3.4400000000000 -0.0002275031179
3.4800000000000 -0.0002271114512
3.5200000000000 -0.0002267283771
3.5200000000000 -0.0002267283771
3.5200000000000 -0.0002267283771
3.5200000000000 -0.0002267283771
3.5600000000000 -0.0002263536691
3.6000000000000 -0.0002259871085
3.6000000000000 -0.0002259871085
3.6400000000000 -0.0002256284848
3.6800000000000 -0.0002252775942
3.6800000000000 -0.0002252775942
3.6800000000000 -0.0002252775942
3.7200000000000 -0.0002249342401
3.7600000000000 -0.0002245982321
3.7600000000000 -0.0002245982321
3.8000000000000 -0.0002242693862
3.8400000000000 -0.0002239475243
3.8400000000000 -0.0002239475243
3.8400000000000 -0.0002239475243
3.8400000000000 -0.0002239475243
3.8400000000000 -0.0002239475243
3.8400000000000 -0.0002239475243
3.8800000000000 -0.0002236324738
3.9200000000000 -0.0002233240679
3.9200000000000 -0.0002233240679
3.9600000000000 -0.0002230221449
4.0000000000000 -0.0002227265485
4.0000000000000 -0.0002227265485
4.0000000000000 -0.0002227265485
4.0400000000000 -0.0002224371271
4.0800000000000 -0.0002221537345
4.0800000000000 -0.0002221537345
4.1200000000000 -0.0002218762286
4.1600000000000 -0.0002216044725
4.1600000000000 -0.0002216044725
4.1600000000000 -0.0002216044725
4.1600000000000 -0.0002216044725
4.2000000000000 -0.0002213383331
4.2400000000000 -0.0002210776818
4.2400000000000 -0.0002210776818
4.2800000000000 -0.0002208223939
4.3200000000000 -0.0002205723485
4.3200000000000 -0.0002205723485
4.3200000000001 -0.0002205723485
4.3600000000000 -0.0002203274284
4.4000000000000 -0.0002200875199
4.4000000000000 -0.0002200875199
4.4400000000000 -0.0002198525128
4.4800000000000 -0.0002196223001
4.4800000000000 -0.0002196223001
4.4800000000000 -0.0002196223001
4.4800000000000 -0.0002196223001
4.4800000000001 -0.0002196223001
4.5200000000000 -0.0002193967783
4.5600000000000 -0.0002191758468
4.5600000000000 -0.0002191758468
4.6000000000000 -0.0002189594078
4.6400000000000 -0.0002187473666
4.6400000000000 -0.0002187473666
4.6400000000001 -0.0002187473666
4.6800000000000 -0.0002185396308
4.7199999999999 -0.0002183361106
4.7200000000000 -0.0002183361106
4.7600000000000 -0.0002181367183
4.7999999999999 -0.0002179413684
4.8000000000000 -0.0002179413684
4.8000000000000 -0.0002179413684
4.8000000000001 -0.0002179413684
4.8400000000000 -0.0002177499775
4.8799999999999 -0.0002175624637
4.8800000000000 -0.0002175624637
4.9200000000000 -0.0002173787474
4.9599999999999 -0.0002171987506
4.9600000000000 -0.0002171987506
4.9600000000001 -0.0002171987506
5.0000000000000 -0.0002170223970
5.0399999999999 -0.0002168496123
5.0400000000000 -0.0002168496123
5.0800000000000 -0.0002166803241
5.1199999999999 -0.0002165144617
5.1200000000000 -0.0002165144617
5.1200000000000 -0.0002165144617
5.1200000000000 -0.0002165144617
5.1200000000000 -0.0002165144617
5.1200000000000 -0.0002165144617
5.1200000000001 -0.0002165144617
5.1600000000000 -0.0002163519566
5.1999999999999 -0.0002161927422
5.2000000000000 -0.0002161927422
5.2400000000000 -0.0002160367537
5.2799999999999 -0.0002158839286
5.2800000000000 -0.0002158839286
5.2800000000001 -0.0002158839286
5.3200000000000 -0.0002157342060
5.3599999999999 -0.0002155875270
5.3600000000000 -0.0002155875270
5.4000000000000 -0.0002154438347
5.4399999999999 -0.0002153030736
5.4400000000000 -0.0002153030736
5.4400000000000 -0.0002153030736
5.4400000000001 -0.0002153030736
5.4800000000000 -0.0002151651900
5.5199999999999 -0.0002150301317
5.5200000000000 -0.0002150301317
5.5600000000000 -0.0002148978478
5.5999999999999 -0.0002147682888
5.6000000000000 -0.0002147682888
5.6000000000001 -0.0002147682888
5.6400000000000 -0.0002146414065
5.6799999999999 -0.0002145171536
5.6800000000000 -0.0002145171536
5.7200000000000 -0.0002143954841
5.7599999999999 -0.0002142763526
5.7600000000000 -0.0002142763526
5.7600000000000 -0.0002142763526
5.7600000000000 -0.0002142763526
5.7600000000001 -0.0002142763526
5.8000000000000 -0.0002141597149
5.8399999999999 -0.0002140455274
5.8400000000000 -0.0002140455274
5.8800000000000 -0.0002139337474
5.9199999999999 -0.0002138243329
5.9200000000000 -0.0002138243329
5.9200000000001 -0.0002138243329
5.9600000000000 -0.0002137172428
5.9999999999999 -0.0002136124366
6.0000000000000 -0.0002136124366
6.0400000000000 -0.0002135098747
6.0799999999999 -0.0002134095188
6.0800000000000 -0.0002134095188
6.0800000000000 -0.0002134095188
6.0800000000001 -0.0002134095188
6.1200000000000 -0.0002133113294
6.1599999999999 -0.0002132152704
6.1600000000000 -0.0002132152704
6.2000000000000 -0.0002131213039
6.2399999999999 -0.0002130293953
6.2400000000000 -0.0002130293953
6.2400000000001 -0.0002130293953
6.2800000000000 -0.0002129395081
6.3199999999999 -0.0002128516092
6.3200000000000 -0.0002128516092
6.3600000000000 -0.0002127656639
6.3999999999999 -0.0002126816407
6.4000000000000 -0.0002126816407
6.4000000000000 -0.0002126816407
6.4000000000000 -0.0002126816407
6.4000000000001 -0.0002126816407
6.4799999999999 -0.0002125192313
6.5599999999999 -0.0002123641356
6.5600000000001 -0.0002123641356
6.6399999999999 -0.0002122161212
6.7199999999999 -0.0002120749673
6.7200000000001 -0.0002120749673
6.7200000000001 -0.0002120749673
6.7999999999999 -0.0002119404630
6.8799999999999 -0.0002118124066
6.8800000000000 -0.0002118124066
6.9599999999999 -0.0002116906040
7.0399999999999 -0.0002115748688
7.0400000000000 -0.0002115748688
7.0400000000000 -0.0002115748688
7.0400000000000 -0.0002115748688
7.1199999999999 -0.0002114650227
7.1999999999999 -0.0002113608952
7.2000000000000 -0.0002113608952
7.2799999999999 -0.0002112623246
7.3599999999999 -0.0002111691575
7.3600000000000 -0.0002111691575
7.3600000000001 -0.0002111691575
7.4399999999999 -0.0002110812485
7.5199999999999 -0.0002109984593
7.5200000000000 -0.0002109984593
7.5999999999999 -0.0002109206564
7.6799999999999 -0.0002108477095
7.6800000000000 -0.0002108477095
7.6800000000000 -0.0002108477095
7.6800000000000 -0.0002108477095
7.6800000000000 -0.0002108477095
7.6800000000001 -0.0002108477095
7.7599999999999 -0.0002107794902
7.8400000000000 -0.0002107158720
7.8400000000001 -0.0002107158720
7.9200000000001 -0.0002106567314
8.0000000000000 -0.0002106019487
8.0000000000000 -0.0002106019487
8.0000000000001 -0.0002106019487
8.0800000000001 -0.0002105514096
8.1600000000000 -0.0002105050049
8.1600000000001 -0.0002105050049
8.2400000000001 -0.0002104626303
8.3200000000000 -0.0002104241852
8.3200000000000 -0.0002104241852
8.3200000000001 -0.0002104241852
8.3200000000001 -0.0002104241852
8.4000000000001 -0.0002103895715
8.4800000000000 -0.0002103586925
8.4800000000001 -0.0002103586925
8.5600000000001 -0.0002103314523
8.6400000000000 -0.0002103077559
8.6400000000001 -0.0002103077559
8.6400000000001 -0.0002103077559
8.7200000000001 -0.0002102875098
8.8000000000000 -0.0002102706227
8.8000000000001 -0.0002102706227
8.8800000000001 -0.0002102570064
8.9600000000000 -0.0002102465769
8.9600000000000 -0.0002102465769
8.9600000000000 -0.0002102465769
8.9600000000001 -0.0002102465769
8.9600000000001 -0.0002102465769
9.0400000000001 -0.0002102392543
9.1200000000000 -0.0002102349628
9.1200000000001 -0.0002102349628
9.2000000000001 -0.0002102336302
9.2800000000000 -0.0002102351879
9.2800000000001 -0.0002102351879
9.2800000000001 -0.0002102351879
9.3600000000001 -0.0002102395701
9.4400000000000 -0.0002102467142
9.4400000000001 -0.0002102467142
9.5200000000001 -0.0002102565604
9.6000000000000 -0.0002102690516
9.6000000000000 -0.0002102690516
9.6000000000001 -0.0002102690516
9.6000000000001 -0.0002102690516
9.6800000000001 -0.0002102841332
9.7600000000000 -0.0002103017526
9.7600000000001 -0.0002103017526
9.8400000000001 -0.0002103218589
9.9200000000000 -0.0002103444022
9.9200000000000 -0.0002103444022
9.9200000000001 -0.0002103444022
10.0000000000001 -0.0002103693333
10.0800000000000 -0.0002103966027
10.0800000000001 -0.0002103966027
10.1600000000001 -0.0002104261613
10.2400000000000 -0.0002104579595
10.2400000000000 -0.0002104579595
10.2400000000000 -0.0002104579595
10.2400000000000 -0.0002104579595
10.2400000000000 -0.0002104579595
10.2400000000001 -0.0002104579595
10.3200000000001 -0.0002104919473
10.4000000000000 -0.0002105280775
10.4000000000001 -0.0002105280775
10.4800000000001 -0.0002105663007
10.5600000000000 -0.0002106065731
10.5600000000000 -0.0002106065731
10.5600000000001 -0.0002106065731
10.6400000000001 -0.0002106488479
10.7200000000000 -0.0002106930846
10.7200000000001 -0.0002106930846
10.8000000000001 -0.0002107392400
10.8800000000000 -0.0002107872753
10.8800000000000 -0.0002107872753
10.8800000000000 -0.0002107872753
11.0400000000000 -0.0002108888254
11.2000000000000 -0.0002109974222
11.2000000000000 -0.0002109974222
11.3599999999999 -0.0002111127646
11.5199999999999 -0.0002112345793
11.5200000000000 -0.0002112345793
11.5200000000000 -0.0002112345793
11.5200000000000 -0.0002112345793
11.6799999999999 -0.0002113626284
11.8399999999999 -0.0002114966961
11.8400000000000 -0.0002114966961
11.9999999999999 -0.0002116365666
12.1599999999999 -0.0002117820143
12.1600000000000 -0.0002117820143
12.1600000000000 -0.0002117820143
12.3199999999999 -0.0002119328111
12.4799999999999 -0.0002120887425
12.4800000000000 -0.0002120887425
12.6399999999999 -0.0002122496199
12.7999999999999 -0.0002124152807
12.8000000000000 -0.0002124152807
12.8000000000000 -0.0002124152807
12.8000000000000 -0.0002124152807
12.8000000000000 -0.0002124152807
12.9599999999999 -0.0002125855735
13.1199999999999 -0.0002127603376
13.1200000000000 -0.0002127603376
13.2799999999999 -0.0002129393895
13.4399999999999 -0.0002131225266
13.4400000000000 -0.0002131225266
13.4400000000000 -0.0002131225266
13.5999999999999 -0.0002133095410
13.7599999999999 -0.0002135002336
13.7600000000000 -0.0002135002336
13.9199999999999 -0.0002136944215
14.0799999999999 -0.0002138919409
14.0800000000000 -0.0002138919409
14.0800000000000 -0.0002138919409
14.0800000000000 -0.0002138919409
14.2399999999999 -0.0002140926419
14.3999999999999 -0.0002142963917
14.3999999999999 -0.0002142963917
14.5599999999999 -0.0002145030394
14.7199999999999 -0.0002147124890
14.7199999999999 -0.0002147124890
14.7200000000000 -0.0002147124890
14.8799999999999 -0.0002149246099
15.0399999999999 -0.0002151393538
15.0399999999999 -0.0002151393538
15.1999999999999 -0.0002153566554
15.3599999999999 -0.0002155764352
15.3599999999999 -0.0002155764352
15.3600000000000 -0.0002155764352
15.3600000000000 -0.0002155764352
15.3600000000000 -0.0002155764352
15.5199999999999 -0.0002157986375
15.6799999999999 -0.0002160231254
15.9999999999999 -0.0002164784909
16.0000000000000 -0.0002164784909
16.3199999999999 -0.0002169413818
16.6400000000000 -0.0002174106721
16.6400000000000 -0.0002174106721
16.6400000000001 -0.0002174106721
16.9600000000001 -0.0002178854217
17.2800000000000 -0.0002183649012
17.2800000000001 -0.0002183649012
17.6000000000001 -0.0002188485132
17.9200000000000 -0.0002193356355
17.9200000000000 -0.0002193356355
17.9200000000000 -0.0002193356355
17.9200000000001 -0.0002193356355
18.2400000000001 -0.0002198255029
18.5600000000000 -0.0002203173019
18.5600000000001 -0.0002203173019
18.8800000000001 -0.0002208103676
19.2000000000000 -0.0002213041861
19.2000000000000 -0.0002213041861
19.2000000000001 -0.0002213041861
19.5200000000001 -0.0002217981929
19.8400000000000 -0.0002222916341
19.8400000000001 -0.0002222916341
20.1600000000001 -0.0002227836219
20.4800000000000 -0.0002232734185
20.4800000000000 -0.0002232734185
20.4800000000000 -0.0002232734185
20.4800000000001 -0.0002232734185
20.8000000000001 -0.0002237601310
21.1200000000000 -0.0002242433359
21.1200000000001 -0.0002242433359
21.4400000000001 -0.0002247225648
21.7600000000000 -0.0002251970606
21.7600000000000 -0.0002251970606
21.7600000000001 -0.0002251970606
22.0800000000001 -0.0002256661022
22.4000000000000 -0.0002261291133
22.4000000000002 -0.0002261291133
22.7200000000002 -0.0002265854762
23.0400000000000 -0.0002270345936
23.0400000000000 -0.0002270345936
23.0400000000000 -0.0002270345936
23.6800000000000 -0.0002279086830
24.3200000000000 -0.0002287456651
24.3200000000000 -0.0002287456651
24.9600000000000 -0.0002295399743
25.6000000000000 -0.0002302872736
25.6000000000000 -0.0002302872736
25.6000000000000 -0.0002302872736
26.2400000000000 -0.0002309838966
26.8800000000000 -0.0002316252095
26.8800000000000 -0.0002316252095
27.5200000000000 -0.0002322057361
28.1600000000000 -0.0002327206985
28.1600000000000 -0.0002327206985
28.1600000000000 -0.0002327206985
28.8000000000000 -0.0002331662233
29.4400000000000 -0.0002335384571
29.4400000000000 -0.0002335384571
30.0800000000000 -0.0002338332830
30.7200000000000 -0.0002340466254
30.7200000000000 -0.0002340466254
30.7200000000000 -0.0002340466254
31.3600000000000 -0.0002341743520
32.0000000000000 -0.0002342119226
32.0000000000000 -0.0002342119226
32.6400000000000 -0.0002341550094
33.2800000000000 -0.0002340005984
33.2800000000000 -0.0002340005984
33.2800000000000 -0.0002340005984
33.9200000000000 -0.0002337457420
34.5600000000000 -0.0002333859125
34.5600000000000 -0.0002333859125
35.2000000000000 -0.0002329167775
35.8400000000000 -0.0002323348046
35.8400000000000 -0.0002323348046
35.8400000000000 -0.0002323348046
36.4800000000000 -0.0002316361144
37.1200000000000 -0.0002308174155
37.1200000000000 -0.0002308174155
37.7600000000000 -0.0002298753829
38.4000000000000 -0.0002288062371
38.4000000000000 -0.0002288062371
39.6800000000000 -0.0002262719419
40.9600000000000 -0.0002231857313
40.9600000000000 -0.0002231857313
42.2400000000000 -0.0002195205314
43.5200000000000 -0.0002152511233
43.5200000000000 -0.0002152511233
44.8000000000000 -0.0002103552370
46.0800000000000 -0.0002048147845
46.0800000000000 -0.0002048147845
47.3600000000000 -0.0001986182550
48.6400000000000 -0.0001917619857
48.6400000000000 -0.0001917619857
49.9200000000000 -0.0001842498959
51.2000000000000 -0.0001760947510
51.2000000000000 -0.0001760947510
52.4800000000000 -0.0001673198710
53.7600000000000 -0.0001579591575
53.7600000000000 -0.0001579591575
55.0400000000000 -0.0001480568736
56.3200000000000 -0.0001376683208
56.3200000000000 -0.0001376683208
57.6000000000000 -0.0001268598934
58.8800000000000 -0.0001157074559
58.8800000000000 -0.0001157074559
60.1600000000000 -0.0001042951140
61.4400000000000 -0.0000927148044
61.4400000000000 -0.0000927148044
62.7200000000000 -0.0000810653759
64.0000000000000 -0.0000694514435
64.0000000000000 -0.0000694514435
65.2800000000000 -0.0000579820803
66.5600000000000 -0.0000467693274
66.5600000000000 -0.0000467693274
67.8400000000000 -0.0000359258846
69.1200000000000 -0.0000255620177
69.1200000000000 -0.0000255620177
70.4000000000000 -0.0000157822410
71.6800000000000 -0.0000066814819
71.6800000000000 -0.0000066814819
72.9600000000000 0.0000016585632
74.2400000000000 0.0000091724813
74.2400000000000 0.0000091724813
75.5200000000000 0.0000158136616
76.8000000000000 0.0000215561430
76.8000000000000 0.0000215561430
78.0800000000000 0.0000263956694
79.3600000000000 0.0000303493803
79.3600000000000 0.0000303493803
80.6400000000000 0.0000334539563
81.9200000000000 0.0000357625410
81.9200000000000 0.0000357625410
83.2000000000000 0.0000373411394
84.4800000000000 0.0000382650428
84.4800000000000 0.0000382650428
85.7600000000000 0.0000386152043
87.0400000000000 0.0000384745045
87.0400000000000 0.0000384745045
88.3200000000000 0.0000379242158
89.6000000000000 0.0000370413226
89.6000000000000 0.0000370413226
90.8800000000000 0.0000358968832
92.1600000000000 0.0000345549853
92.1600000000000 0.0000345549853
93.4400000000000 0.0000330721007
94.7200000000000 0.0000314968548
94.7200000000000 0.0000314968548
96.0000000000000 0.0000298702508
97.2800000000000 0.0000282262396
97.2800000000000 0.0000282262396
98.5600000000000 0.0000265923344
99.8400000000000 0.0000249902898
99.8400000000000 0.0000249902898
101.1200000000000 0.0000234368440
102.4000000000000 0.0000219442596
102.4000000000000 0.0000219442596
103.6800000000000 0.0000205209527
104.9600000000000 0.0000191724958
104.9600000000000 0.0000191724958
106.2400000000000 0.0000179022621
107.5200000000000 0.0000167113175
107.5200000000000 0.0000167113175
108.8000000000000 0.0000155984646
110.0800000000000 0.0000145610015
110.0800000000000 0.0000145610015
111.3600000000000 0.0000135954967
112.6400000000000 0.0000126979171
112.6400000000000 0.0000126979171
113.9200000000000 0.0000118635080
115.2000000000000 0.0000110872023
115.2000000000000 0.0000110872023
116.4800000000000 0.0000103645175
117.7600000000000 0.0000096921200
117.7600000000000 0.0000096921200
119.0400000000000 0.0000090675371
120.3200000000000 0.0000084882978
120.3200000000000 0.0000084882978
121.6000000000000 0.0000079512833
122.8800000000000 0.0000074528291
122.8800000000000 0.0000074528291
124.1600000000000 0.0000069893008
125.4400000000000 0.0000065572959
125.4400000000000 0.0000065572959
126.7200000000000 0.0000061532123
128.0000000000000 0.0000057729233
128.0000000000000 0.0000057729233
129.2800000000000 0.0000054122089
130.5600000000000 0.0000050681993
130.5600000000000 0.0000050681993
131.8400000000000 0.0000047369069
133.1200000000000 0.0000044174646
133.1200000000000 0.0000044174646
134.4000000000000 0.0000041079812
135.6800000000000 0.0000038075417
135.6800000000000 0.0000038075417
136.9600000000000 0.0000035147390
138.2400000000000 0.0000032291583
138.2400000000000 0.0000032291583
139.5200000000000 0.0000029501456
140.8000000000000 0.0000026770119
143.3600000000000 0.0000021456604
145.9200000000000 0.0000016263383
148.4800000000000 0.0000010982170
151.0400000000000 0.0000005295589
153.6000000000000 -0.0000000899970
156.1600000000000 -0.0000007098295
158.7200000000000 -0.0000012181180
161.2800000000000 -0.0000014955535
163.8400000000000 -0.0000014860723
166.4000000000000 -0.0000012326838
168.9600000000000 -0.0000008560802
171.5200000000000 -0.0000004924992
174.0800000000000 -0.0000002311517
176.6400000000000 -0.0000000894519
179.2000000000000 -0.0000000338912
181.7600000000000 -0.0000000198600
184.3200000000000 -0.0000000179584
186.8800000000000 -0.0000000170399
189.4400000000000 -0.0000000155193
192.0000000000000 -0.0000000139814
194.5600000000000 -0.0000000126497
197.1200000000000 -0.0000000114237
199.6800000000000 -0.0000000102933
202.2400000000000 -0.0000000093702
204.8000000000000 -0.0000000086427
207.3600000000000 -0.0000000079317
209.9200000000000 -0.0000000071563
212.4800000000000 -0.0000000064639
215.0400000000000 -0.0000000060033
217.6000000000000 -0.0000000057083
220.1600000000000 -0.0000000054109
222.7200000000000 -0.0000000050633
225.2800000000000 -0.0000000047396
227.8400000000000 -0.0000000044896
230.4000000000000 -0.0000000042868
232.9600000000000 -0.0000000040913
235.5200000000000 -0.0000000038978
238.0800000000000 -0.0000000037216
240.6400000000000 -0.0000000035752
243.2000000000000 -0.0000000034572
245.7600000000000 -0.0000000033490
248.3200000000000 -0.0000000032337
250.8800000000000 -0.0000000031046
253.4400000000000 -0.0000000029624
256.0000000000000 -0.0000000028207
258.5600000000000 -0.0000000027024
261.1200000000000 -0.0000000026230
263.6800000000000 -0.0000000025875
266.2400000000000 -0.0000000025795
268.8000000000000 -0.0000000025369
271.3600000000000 -0.0000000024016
273.9200000000000 -0.0000000022094
276.4800000000000 -0.0000000020674
279.0400000000000 -0.0000000020324
281.6000000000000 -0.0000000020552
284.1600000000000 -0.0000000020379
286.7200000000000 -0.0000000019215
289.2800000000000 -0.0000000017434
291.8400000000000 -0.0000000015997
294.4000000000000 -0.0000000015301
296.9600000000000 -0.0000000014760
299.5200000000000 -0.0000000013807
302.0800000000000 -0.0000000012547
304.6400000000000 -0.0000000011125
307.2000000000000 -0.0000000009353
309.7600000000000 -0.0000000007406
312.3200000000000 -0.0000000005903
314.8800000000000 -0.0000000004756
317.4400000000000 -0.0000000002935
