# x ham
-317.4400000000000 -0.0000000066099
-314.8800000000000 -0.0000000047396
-312.3200000000000 -0.0000000052550
-309.7600000000000 -0.0000000049223
-307.2000000000000 -0.0000000051197
-304.6400000000000 -0.0000000050338
-302.0800000000000 -0.0000000049866
-299.5200000000000 -0.0000000049900
-296.9600000000000 -0.0000000049670
-294.4000000000000 -0.0000000043008
-291.8400000000000 -0.0000000048152
-289.2800000000000 -0.0000000049436
-286.7200000000000 -0.0000000049726
-284.1600000000000 -0.0000000050235
-281.6000000000000 -0.0000000051107
-279.0400000000000 -0.0000000050360
-276.4800000000000 -0.0000000051603
-273.9200000000000 -0.0000000054444
-271.3600000000000 -0.0000000058886
-268.8000000000000 -0.0000000049899
-266.2400000000000 -0.0000000051305
-263.6800000000000 -0.0000000051340
-261.1200000000000 -0.0000000048505
-258.5600000000000 -0.0000000050673
-256.0000000000000 -0.0000000046711
-253.4400000000000 -0.0000000039519
-250.8800000000000 -0.0000000048667
-248.3200000000000 -0.0000000050246
-245.7600000000000 -0.0000000050327
-243.2000000000000 -0.0000000051207
-240.6400000000000 -0.0000000050899
-238.0800000000000 -0.0000000064671
-235.5200000000000 -0.0000000053470
-232.9600000000000 -0.0000000050707
-230.4000000000000 -0.0000000051660
-227.8400000000000 -0.0000000047944
-225.2800000000000 -0.0000000046631
-222.7200000000000 -0.0000000035118
-220.1600000000000 -0.0000000050477
-217.6000000000000 -0.0000000049124
-215.0400000000000 -0.0000000052646
-212.4800000000000 -0.0000000055801
-209.9200000000000 -0.0000000068932
-207.3600000000000 -0.0000000049649
-204.8000000000000 -0.0000000051376
-202.2400000000000 -0.0000000049428
-199.6800000000000 -0.0000000029454
-197.1200000000000 -0.0000000045440
-194.5600000000000 -0.0000000049647
-192.0000000000000 -0.0000000049034
-189.4400000000000 -0.0000000078926
-186.8800000000000 -0.0000000056684
-184.3200000000000 -0.0000000048606
-181.7600000000000 -0.0000000041757
-179.2000000000000 -0.0000000027008
-176.6400000000000 -0.0000000049450
-174.0800000000000 -0.0000000064875
-171.5200000000000 -0.0000000121692
-168.9600000000000 -0.0000000053603
-166.4000000000000 0.0000000073147
-163.8400000000000 0.0000000178106
-161.2800000000000 -0.0000000100394
-158.7200000000000 -0.0000000493732
-156.1600000000000 -0.0000000402492
-153.6000000000000 0.0000000255231
-151.0400000000000 0.0000000560895
-148.4800000000000 0.0000000150595
-145.9200000000000 -0.0000000577201
-143.3600000000000 -0.0000000451816
-140.8000000000000 0.0000000286600
-139.5200000000000 0.0000000248228
-138.2400000000000 0.0000000091350
-138.2400000000000 0.0000000091350
-136.9600000000000 -0.0000000023445
-135.6800000000000 -0.0000000118276
-135.6800000000000 -0.0000000118276
-134.4000000000000 -0.0000000159209
-133.1200000000000 -0.0000000153808
-133.1200000000000 -0.0000000153808
-131.8400000000000 -0.0000000081831
-130.5600000000000 0.0000000007240
-130.5600000000000 0.0000000007240
-129.2800000000000 0.0000000094210
-128.0000000000000 0.0000000224012
-128.0000000000000 0.0000000108464
-126.7200000000000 -0.0000000174821
-125.4400000000000 -0.0000000312224
-125.4400000000000 -0.0000000074965
-124.1600000000000 -0.0000000133851
-122.8800000000000 0.0000000136722
-122.8800000000000 -0.0000000046005
-121.6000000000000 -0.0000000067563
-120.3200000000000 0.0000000025831
-120.3200000000000 -0.0000000190591
-119.0400000000000 -0.0000000000957
-117.7600000000000 -0.0000000009732
-117.7600000000000 0.0000000162647
-116.4800000000000 -0.0000000087180
-115.2000000000000 -0.0000000206566
-115.2000000000000 -0.0000000360965
-113.9200000000000 -0.0000000086749
-112.6400000000000 0.0000000251841
-112.6400000000000 0.0000000151349
-111.3600000000000 0.0000000034851
-110.0800000000000 -0.0000000154901
-110.0800000000000 -0.0000000110000
-108.8000000000000 -0.0000000174254
-107.5200000000000 -0.0000000170609
-107.5200000000000 -0.0000000101727
-106.2400000000000 -0.0000000000645
-104.9600000000000 0.0000000157275
-104.9600000000000 0.0000000170654
-103.6800000000000 -0.0000000084217
-102.4000000000000 -0.0000000258791
-102.4000000000000 -0.0000000181509
-101.1200000000000 -0.0000000032464
-99.8400000000000 0.0000000070034
-99.8400000000000 0.0000000026574
-98.5600000000000 0.0000000089343
-97.2800000000000 -0.0000000112829
-97.2800000000000 -0.0000000079276
-96.0000000000000 -0.0000000251074
-94.7200000000000 0.0000000086912
-94.7200000000000 0.0000000036465
-93.4400000000000 0.0000000197140
-92.1600000000000 -0.0000000179542
-92.1600000000000 -0.0000000117826
-90.8800000000000 -0.0000000186042
-89.6000000000000 0.0000000170032
-89.6000000000000 0.0000000084841
-88.3200000000000 0.0000000118996
-87.0400000000000 -0.0000000286369
-87.0400000000000 -0.0000000144304
-85.7600000000000 -0.0000000038938
-84.4800000000000 0.0000000338134
-84.4800000000000 0.0000000136262
-83.2000000000000 -0.0000000287889
-81.9200000000000 -0.0000000064669
-81.9200000000000 -0.0000000178094
-80.6400000000000 0.0000000630707
-79.3600000000000 -0.0000000033955
-79.3600000000000 -0.0000000242399
-78.0800000000000 -0.0000000446454
-76.8000000000000 0.0000000224894
-76.8000000000000 0.0000000752562
-75.5200000000000 -0.0000000229694
-74.2400000000000 -0.0000000093194
-74.2400000000000 -0.0000000178014
-72.9600000000000 0.0000000537268
-71.6800000000000 -0.0000000148692
-71.6800000000000 0.0000000253576
-70.4000000000000 0.0000000504918
-69.1200000000000 0.0000000140883
-69.1200000000000 -0.0000000416465
-67.8400000000000 0.0000000809114
-66.5600000000000 -0.0000000095649
-66.5600000000000 0.0000000209970
-65.2800000000000 0.0000000474543
-64.0000000000000 0.0000000355007
-64.0000000000000 0.0000000328616
-62.7200000000000 0.0000000561018
-61.4400000000000 0.0000000686155
-61.4400000000000 0.0000000358658
-60.1600000000001 0.0000001206488
-58.8800000000001 -0.0000000078403
-58.8800000000000 0.0000000581243
-57.6000000000001 0.0000001552233
-56.3200000000001 0.0000000891254
-56.3200000000000 0.0000001017091
-55.0400000000000 0.0000000813543
-53.7600000000000 0.0000001893358
-53.7600000000000 0.0000002213662
-52.4800000000000 0.0000001708318
-51.2000000000000 0.0000001761267
-51.2000000000000 0.0000001965050
-49.9200000000000 0.0000002813817
-48.6400000000000 0.0000003357003
-48.6400000000000 0.0000003379307
-47.3600000000000 0.0000003876331
-46.0800000000000 0.0000004634818
-46.0800000000000 0.0000004587132
-44.8000000000000 0.0000005689836
-43.5200000000000 0.0000006730484
-43.5200000000000 0.0000006823066
-42.2400000000000 0.0000008178993
-40.9600000000000 0.0000010244394
-40.9600000000000 0.0000010335373
-39.6800000000000 0.0000012266748
-38.4000000000000 0.0000015183190
-38.4000000000000 0.0000015379530
-37.7600000000000 0.0000016235723
-37.1200000000000 0.0000017791929
-37.1200000000000 0.0000017791929
-36.4800000000000 0.0000021894824
-35.8400000000000 0.0000024737755
-35.8400000000000 0.0000021057024
-35.8400000000000 0.0000024737755
-35.2000000000000 0.0000018782166
-34.5600000000000 0.0000017266775
-34.5600000000000 0.0000017266775
-33.9200000000000 0.0000039533238
-33.2800000000000 0.0000059734176
-33.2800000000000 0.0000043644612
-33.2800000000000 0.0000059734176
-32.6400000000000 0.0000049798985
-32.0000000000000 0.0000035738992
-32.0000000000000 0.0000060046209
-31.3600000000000 0.0000024703289
-30.7200000000000 0.0000047748441
-30.7200000000000 0.0000060375436
-30.7200000000000 0.0000045207973
-30.0800000000000 0.0000057793017
-29.4400000000000 0.0000069078036
-29.4400000000000 0.0000067729205
-28.8000000000000 0.0000075902808
-28.1600000000000 0.0000087634026
-28.1600000000000 0.0000090560332
-28.1600000000000 0.0000090168454
-27.5200000000000 0.0000098407845
-26.8800000000000 0.0000109495451
-26.8800000000000 0.0000108712325
-26.2400000000000 0.0000125384760
-25.6000000000000 0.0000145626469
-25.6000000000000 0.0000139088105
-25.6000000000000 0.0000140159989
-24.9600000000000 0.0000160161949
-24.3200000000000 0.0000188226820
-24.3200000000000 0.0000186182363
-23.6800000000000 0.0000206448398
-23.0400000000000 0.0000243445971
-23.0400000000000 0.0000237222356
-23.0400000000000 0.0000238244387
-22.7199999999999 0.0000252644239
-22.4000000000000 0.0000270383559
-22.3999999999999 0.0000270383559
-22.0799999999999 0.0000298085746
-21.7600000000000 0.0000299766367
-21.7600000000000 0.0000319697021
-21.7599999999999 0.0000319697021
-21.4399999999999 0.0000297994520
-21.1200000000000 0.0000304130927
-21.1199999999999 0.0000304130927
-20.7999999999999 0.0000450559012
-20.4800000000000 0.0000463555234
-20.4800000000000 0.0000576155645
-20.4800000000000 0.0000436048922
-20.4799999999999 0.0000576155645
-20.1599999999999 0.0000494660307
-19.8400000000000 0.0000393937942
-19.8400000000000 0.0000529595954
-19.5199999999999 0.0000380627295
-19.2000000000000 0.0000512146449
-19.2000000000000 0.0000500302594
-19.1999999999999 0.0000566760151
-18.8800000000000 0.0000607549943
-18.5600000000000 0.0000622316296
-18.5600000000000 0.0000632615847
-18.2400000000000 0.0000692418949
-17.9200000000000 0.0000737207839
-17.9200000000000 0.0000737140984
-17.9200000000000 0.0000746784732
-17.9200000000000 0.0000749018519
-17.6000000000000 0.0000781085940
-17.2800000000000 0.0000863270001
-17.2800000000000 0.0000851312322
-16.9600000000000 0.0000923332707
-16.6400000000000 0.0000987769280
-16.6400000000000 0.0000989690042
-16.6400000000000 0.0001001634880
-16.3199999999999 0.0001083011967
-16.0000000000000 0.0001179755833
-15.9999999999999 0.0001161808247
-15.6799999999999 0.0001260340748
-15.5200000000000 0.0001316974003
-15.3600000000000 0.0001370782696
-15.3600000000000 0.0001379249592
-15.3600000000000 0.0001384393956
-15.3600000000000 0.0001437068972
-15.3599999999999 0.0001379249592
-15.2000000000000 0.0001460768689
-15.0400000000000 0.0001522920759
-15.0399999999999 0.0001522920759
-14.8800000000000 0.0001472734836
-14.7200000000000 0.0001659139953
-14.7200000000000 0.0001486893387
-14.7199999999999 0.0001486893387
-14.5600000000000 0.0001836387902
-14.4000000000000 0.0002145320346
-14.3999999999999 0.0002145320346
-14.2400000000000 0.0002001839202
-14.0800000000000 0.0001897309959
-14.0800000000000 0.0002100248712
-14.0800000000000 0.0001784796409
-14.0800000000000 0.0001893264217
-13.9200000000000 0.0001904348328
-13.7600000000000 0.0001952552668
-13.7600000000000 0.0001854730182
-13.6000000000000 0.0002185300525
-13.4400000000000 0.0002219091091
-13.4400000000000 0.0002259798675
-13.4400000000000 0.0002295220855
-13.2800000000000 0.0002341545961
-13.1200000000000 0.0002456398054
-13.1200000000000 0.0002453232341
-12.9600000000000 0.0002586236085
-12.8000000000000 0.0002679142355
-12.8000000000000 0.0002740838858
-12.8000000000000 0.0002669286607
-12.8000000000000 0.0002700197376
-12.8000000000000 0.0002861850978
-12.6400000000000 0.0002830080867
-12.4800000000000 0.0002914599521
-12.4800000000000 0.0002906898898
-12.3200000000000 0.0003051947812
-12.1600000000000 0.0003192177922
-12.1600000000000 0.0003219203977
-12.1600000000000 0.0003210539541
-12.0000000000000 0.0003378509816
-11.8400000000000 0.0003546118656
-11.8400000000000 0.0003524282802
-11.6800000000000 0.0003709520611
-11.5200000000000 0.0003877120804
-11.5200000000000 0.0003876379551
-11.5200000000000 0.0003846180848
-11.5200000000000 0.0003855068482
-11.3600000000000 0.0004045207853
-11.2000000000000 0.0004217239423
-11.2000000000000 0.0004205493839
-11.0400000000001 0.0004416165815
-10.8800000000001 0.0004628207942
-10.8800000000000 0.0004614970231
-10.8800000000000 0.0004645835280
-10.8000000000001 0.0004729696531
-10.7200000000001 0.0004835521863
-10.7200000000001 0.0004835521863
-10.6400000000001 0.0004961484409
-10.5600000000001 0.0005082257921
-10.5600000000001 0.0005082257921
-10.5600000000000 0.0005052113939
-10.4800000000001 0.0005148047636
-10.4000000000001 0.0005248059573
-10.4000000000001 0.0005248059573
-10.3200000000001 0.0005511533332
-10.2400000000001 0.0005768573413
-10.2400000000001 0.0005768573413
-10.2400000000000 0.0005575939843
-10.2400000000000 0.0005659326306
-10.2400000000000 0.0006241295652
-10.2400000000000 0.0005571114878
-10.1600000000001 0.0005848755733
-10.0800000000001 0.0005882905641
-10.0800000000001 0.0006141122778
-10.0000000000001 0.0006268505847
-9.9200000000001 0.0006035160177
-9.9200000000001 0.0006340496297
-9.9200000000000 0.0006037259240
-9.8400000000001 0.0006433240280
-9.7600000000001 0.0006352831175
-9.7600000000001 0.0006551672671
-9.6800000000001 0.0006691312603
-9.6000000000001 0.0006746485073
-9.6000000000001 0.0006838581023
-9.6000000000001 0.0006680797206
-9.6000000000000 0.0006708607282
-9.5200000000001 0.0006980907581
-9.4400000000001 0.0007071480072
-9.4400000000001 0.0007125876715
-9.3600000000001 0.0007296365063
-9.2800000000001 0.0007462937030
-9.2800000000001 0.0007443596813
-9.2800000000001 0.0007500886181
-9.2000000000001 0.0007721379264
-9.1200000000001 0.0007901236967
-9.1200000000001 0.0007934961938
-9.0400000000001 0.0008136001264
-8.9600000000001 0.0008319022116
-8.9600000000001 0.0008332038314
-8.9600000000001 0.0008305922101
-8.9600000000000 0.0008215854240
-8.9600000000000 0.0008218554870
-8.8800000000001 0.0008528973753
-8.8000000000001 0.0008701303455
-8.8000000000001 0.0008729254252
-8.7200000000001 0.0008938389224
-8.6400000000001 0.0009097193260
-8.6400000000001 0.0009057193576
-8.6400000000001 0.0009163296852
-8.5600000000001 0.0009404079794
-8.4800000000001 0.0009576191064
-8.4800000000001 0.0009653727582
-8.4000000000001 0.0009907391157
-8.3200000000001 0.0010075023455
-8.3200000000001 0.0010167376859
-8.3200000000001 0.0010002388263
-8.3200000000000 0.0009982938888
-8.2400000000001 0.0010437307129
-8.1600000000001 0.0010580376011
-8.1600000000001 0.0010714911278
-8.0800000000001 0.0010993237311
-8.0000000000001 0.0011161876639
-8.0000000000000 0.0011268102789
-8.0000000000000 0.0011134867706
-7.9200000000000 0.0011543258585
-7.8400000000001 0.0011692023539
-7.8400000000000 0.0011827293806
-7.7600000000001 0.0012124736555
-7.6800000000001 0.0012299591755
-7.6800000000001 0.0012432993816
-7.6800000000001 0.0012230393446
-7.6800000000000 0.0012224115258
-7.6800000000000 0.0012187736488
-7.6800000000000 0.0013550804265
-7.6000000000001 0.0012747583423
-7.5200000000001 0.0012959788207
-7.5200000000001 0.0013066841900
-7.4400000000001 0.0013392217061
-7.3600000000001 0.0013607196916
-7.3600000000001 0.0013601359274
-7.3600000000001 0.0013727615858
-7.2800000000000 0.0014077803695
-7.2000000000001 0.0014313522146
-7.2000000000000 0.0014444803827
-7.1200000000000 0.0014827951209
-7.0400000000001 0.0015072541234
-7.0400000000000 0.0015059928759
-7.0400000000000 0.0015225378851
-7.0400000000000 0.0015020687907
-6.9600000000000 0.0015632480403
-6.8800000000001 0.0015845928231
-6.8800000000000 0.0016044231261
-6.8000000000000 0.0016457219762
-6.7200000000001 0.0016637009938
-6.7200000000001 0.0016586570915
-6.7200000000001 0.0016869472980
-6.6400000000000 0.0017282690234
-6.5600000000000 0.0017704246941
-6.5600000000000 0.0017474903447
-6.4800000000000 0.0018145200766
-6.4000000000000 0.0018411008068
-6.4000000000000 0.0018615241560
-6.4000000000000 0.0018407602820
-6.4000000000000 0.0017663412521
-6.4000000000000 0.0018427361337
-6.3600000000000 0.0018860189930
-6.3200000000000 0.0019112714186
-6.3200000000000 0.0019112714186
-6.2800000000000 0.0019379053848
-6.2400000000000 0.0019643362064
-6.2400000000000 0.0019643362064
-6.2400000000000 0.0019429396787
-6.2000000000000 0.0019877626181
-6.1600000000000 0.0020124583120
-6.1600000000000 0.0020124583120
-6.1200000000000 0.0020450894684
-6.0800000000000 0.0020756773574
-6.0800000000000 0.0020424903475
-6.0800000000000 0.0020756773574
-6.0800000000000 0.0020488934874
-6.0400000000000 0.0020930132268
-6.0000000000000 0.0021074533241
-6.0000000000000 0.0021584024772
-5.9600000000000 0.0021804666236
-5.9200000000000 0.0021971066023
-5.9200000000000 0.0021475061921
-5.9200000000000 0.0021255270273
-5.8800000000000 0.0022136070111
-5.8400000000000 0.0022299701071
-5.8400000000000 0.0021794663254
-5.8000000000000 0.0022456967403
-5.7600000000000 0.0021831504436
-5.7600000000000 0.0022079943450
-5.7600000000000 0.0022610145137
-5.7600000000000 0.0021589907766
-5.7600000000000 0.0021842368555
-5.7200000000000 0.0022765302631
-5.6800000000000 0.0022375597944
-5.6800000000000 0.0022929048933
-5.6400000000000 0.0023107645107
-5.6000000000000 0.0022728283208
-5.6000000000000 0.0023306728261
-5.6000000000000 0.0022454748098
-5.5600000000000 0.0023531238569
-5.5200000000000 0.0023181415187
-5.5200000000000 0.0023785591524
-5.4800000000000 0.0024072434951
-5.4400000000000 0.0023459025651
-5.4400000000000 0.0023765501812
-5.4400000000000 0.0024392310596
-5.4400000000000 0.0023473475719
-5.4000000000000 0.0024743962945
-5.3600000000000 0.0024479435575
-5.3600000000000 0.0025125242471
-5.3200000000000 0.0025534000454
-5.2800000000000 0.0025306137592
-5.2800000000000 0.0025967589190
-5.2800000000000 0.0025032100228
-5.2400000000000 0.0026420766115
-5.2000000000000 0.0026215591529
-5.2000000000000 0.0026884117134
-5.1600000000000 0.0027343451147
-5.1200000000000 0.0027153125065
-5.1200000000000 0.0026787113058
-5.1200000000000 0.0027784162300
-5.1200000000000 0.0026540329176
-5.1200000000000 0.0023206373902
-5.1200000000000 -0.0000541218835
-5.1200000000000 0.0026881150699
-5.0800000000000 0.0028198063464
-5.0400000000000 0.0028587915463
-5.0400000000000 0.0028048216202
-5.0000000000000 0.0028965036232
-4.9600000000000 0.0028867671431
-4.9600000000000 0.0029339892696
-4.9600000000000 0.0028651391297
-4.9200000000000 0.0029711757038
-4.8800000000000 0.0029586143286
-4.8800000000000 0.0030065943319
-4.8400000000000 0.0030381850550
-4.8000000000000 0.0030138506898
-4.8000000000000 0.0029728704371
-4.8000000000000 0.0030646576784
-4.8000000000000 0.0029925783384
-4.7600000000000 0.0030863930978
-4.7200000000000 0.0030539116863
-4.7200000000000 0.0031051988575
-4.6800000000000 0.0031231250830
-4.6400000000000 0.0030893382365
-4.6400000000000 0.0031412799402
-4.6400000000000 0.0030723386664
-4.6000000000000 0.0031595570450
-4.5600000000000 0.0031774249413
-4.5600000000000 0.0031231495857
-4.5200000000000 0.0031950790991
-4.4800000000000 0.0031565420530
-4.4800000000000 0.0032139703073
-4.4800000000000 0.0031225846302
-4.4800000000000 0.0030714885960
-4.4800000000000 0.0031391625921
-4.4400000000000 0.0032362507037
-4.4000000000000 0.0032011115640
-4.4000000000000 0.0032635527557
-4.3600000000000 0.0032960698900
-4.3200000000000 0.0033326329657
-4.3200000000000 0.0032625766437
-4.3200000000000 0.0032362360965
-4.2800000000000 0.0033716857952
-4.2400000000000 0.0033330360938
-4.2400000000000 0.0034123372036
-4.2000000000000 0.0034546160224
-4.1600000000000 0.0034094973234
-4.1600000000000 0.0033613869823
-4.1600000000000 0.0034987401095
-4.1600000000000 0.0033736656668
-4.1200000000000 0.0035440428507
-4.0800000000000 0.0035885100506
-4.0800000000000 0.0034898105379
-4.0400000000000 0.0036294364817
-4.0000000000000 0.0035593967439
-4.0000000000000 0.0036648115936
-4.0000000000000 0.0035160261010
-3.9600000000000 0.0036944428328
-3.9200000000000 0.0036113173496
-3.9200000000000 0.0037199871368
-3.8800000000000 0.0037438844677
-3.8400000000000 0.0036564173503
-3.8400000000000 0.0035911122862
-3.8400000000000 0.0037679928041
-3.8400000000000 0.0034092448557
-3.8400000000000 0.0013369421357
-3.8400000000000 0.0036179206007
-3.8000000000000 0.0037928844525
-3.7600000000000 0.0037012339695
-3.7600000000000 0.0038182096151
-3.7200000000000 0.0038436842678
-3.6800000000000 0.0037447826180
-3.6800000000000 0.0038698364616
-3.6800000000000 0.0036983897839
-3.6400000000000 0.0038979265791
-3.6000000000000 0.0039291781053
-3.6000000000000 0.0037951900895
-3.5600000000000 0.0039639888114
-3.5200000000000 0.0038599025902
-3.5200000000000 0.0037679188701
-3.5200000000000 0.0040017351719
-3.5200000000000 0.0038072134666
-3.4800000000000 0.0040412062083
-3.4400000000000 0.0039326938151
-3.4400000000000 0.0040811029385
-3.4000000000000 0.0041200728658
-3.3600000000000 0.0040001621782
-3.3600000000000 0.0041561964533
-3.3600000000000 0.0039418095681
-3.3200000000000 0.0041866474667
-3.2800000000000 0.0042082779971
-3.2800000000000 0.0040418903550
-3.2400000000000 0.0042191111281
-3.2000000000000 0.0042198932247
-3.2000000000000 0.0040422456821
-3.2000000000000 0.0039717112065
-3.2000000000000 0.0034076278601
-3.2000000000000 0.0039224259933
-3.1800000000001 0.0042174607660
-3.1600000000001 0.0042140526148
-3.1600000000000 0.0042140526148
-3.1400000000001 0.0042106650478
-3.1200000000001 0.0042070291706
-3.1200000000000 0.0040176079448
-3.1200000000000 0.0042070291706
-3.1000000000001 0.0042024583482
-3.0800000000001 0.0041992020799
-3.0800000000000 0.0041992020799
-3.0600000000001 0.0042014229804
-3.0400000000001 0.0042026950680
-3.0400000000000 0.0039983880440
-3.0400000000000 0.0042026950680
-3.0400000000000 0.0039112798017
-3.0200000000001 0.0041954842989
-3.0000000000001 0.0044327865079
-3.0000000000000 0.0041872774742
-2.9800000000001 0.0044281753043
-2.9600000000001 0.0044226964334
-2.9600000000000 0.0039748581907
-2.9600000000000 0.0041828020167
-2.9400000000001 0.0044179701187
-2.9200000000001 0.0044129008747
-2.9200000000000 0.0041710308536
-2.9000000000001 0.0044073567102
-2.8800000000001 0.0044019995038
-2.8800000000000 0.0039488040003
-2.8800000000000 0.0041570407790
-2.8800000000000 0.0038724009467
-2.8800000000000 0.0038748915893
-2.8600000000001 0.0043975702335
-2.8400000000001 0.0043947366365
-2.8400000000000 0.0041452778725
-2.8200000000001 0.0043939950383
-2.8000000000001 0.0043956512240
-2.8000000000000 0.0041396417034
-2.8000000000000 0.0039291748567
-2.7800000000001 0.0043999143539
-2.7600000000001 0.0044068724118
-2.7600000000000 0.0041413942952
-2.7400000000001 0.0044162926802
-2.7200000000001 0.0044275154392
-2.7200000000000 0.0041486775771
-2.7200000000000 0.0039258472625
-2.7200000000000 0.0038690717960
-2.7000000000001 0.0044396108566
-2.6800000000001 0.0044516047455
-2.6800000000000 0.0041567698101
-2.6600000000001 0.0044624975586
-2.6400000000001 0.0044710870675
-2.6400000000000 0.0039137212577
-2.6400000000000 0.0041590983278
-2.6200000000001 0.0044758462087
-2.6000000000001 0.0044750483312
-2.6000000000000 0.0041464643874
-2.5800000000001 0.0044671372197
-2.5600000000001 0.0044512062428
-2.5600000000000 0.0038446180368
-2.5600000000000 0.0037697655288
-2.5600000000000 0.0021928494760
-2.5600000000000 -0.3271604165712
-2.5600000000000 -0.0056982487334
-2.5600000000000 0.0041095516403
-2.5600000000000 0.0036516473876
-2.5400000000001 0.0044274503895
-2.5200000000001 0.0043974604280
-2.5200000000000 0.0040475947624
-2.5000000000001 0.0043642753546
-2.4800000000001 0.0043321037217
-2.4800000000000 0.0037160822782
-2.4800000000000 0.0039772191923
-2.4600000000001 0.0043057432088
-2.4400000000001 0.0042897725936
-2.4400000000000 0.0039302976895
-2.4200000000001 0.0042875944642
-2.4000000000001 0.0043005138812
-2.4000000000000 0.0036788074619
-2.4000000000000 0.0036418130363
-2.4000000000000 0.0039342963443
-2.3800000000001 0.0043271033286
-2.3600000000001 0.0043631192101
-2.3600000000000 0.0039858800541
-2.3400000000001 0.0044021184763
-2.3200000000001 0.0044367584835
-2.3200000000000 0.0037647146581
-2.3200000000000 0.0040437407876
-2.3000000000001 0.0044604847178
-2.2800000000001 0.0044691321291
-2.2800000000000 0.0040572568636
-2.2599999999999 0.0044619799678
-2.2400000000000 0.0037230317943
-2.2400000000000 0.0036392467235
-2.2400000000000 0.0040107629019
-2.2400000000000 0.0033525575613
-2.2399999999999 0.0044417901031
-2.2199999999999 0.0044138948550
-2.2000000000000 0.0039365631193
-2.1999999999999 0.0043843903815
-2.1799999999999 0.0043582174931
-2.1600000000000 0.0035881972798
-2.1600000000000 0.0038769028917
-2.1599999999999 0.0043376836662
-2.1399999999999 0.0043220577147
-2.1200000000000 0.0038384813666
-2.1199999999999 0.0043083899047
-2.0999999999999 0.0042932748841
-2.0800000000000 0.0035085223651
-2.0800000000000 0.0034514296644
-2.0800000000000 0.0037980549680
-2.0799999999999 0.0042747407974
-2.0599999999999 0.0042532751420
-2.0400000000000 0.0037475021629
-2.0399999999999 0.0042313260274
-2.0199999999999 0.0042113718248
-2.0000000000000 0.0034279341472
-2.0000000000000 0.0037018132278
-2.0000000000000 0.0041937336429
-1.9800000000000 0.0041754493984
-1.9600000000000 0.0036560402471
-1.9600000000000 0.0041513796476
-1.9399999999999 0.0041171106998
-1.9200000000000 0.0033145358812
-1.9200000000000 0.0032379576422
-1.9200000000000 -0.0028138447769
-1.9200000000000 0.0027622400971
-1.9200000000000 0.0035837055961
-1.9199999999999 0.0040718986304
-1.8999999999999 0.0040197323780
-1.8800000000000 0.0034917127619
-1.8799999999999 0.0039674246896
-1.8599999999999 0.0039207402635
-1.8400000000000 0.0031646005977
-1.8400000000000 0.0034120465166
-1.8399999999999 0.0038809617215
-1.8200000000000 0.0038441393188
-1.8000000000000 0.0033336786041
-1.8000000000000 0.0038034218917
-1.7800000000000 0.0037532514683
-1.7600000000000 0.0029610408823
-1.7600000000000 0.0028895138632
-1.7600000000000 0.0032166377744
-1.7600000000000 0.0036932183928
-1.7400000000000 0.0036299172097
-1.7200000000000 0.0030794802094
-1.7200000000000 0.0035757443870
-1.7000000000000 0.0035445193084
-1.6800000000000 0.0027972593746
-1.6800000000000 0.0030125774204
-1.6800000000000 0.0035449321753
-1.6600000000000 0.0035745051770
-1.6400000000000 0.0030509262424
-1.6400000000000 0.0036179172398
-1.6200000000000 0.0036526284638
-1.6000000000000 0.0028195795210
-1.6000000000000 0.0026867037534
-1.6000000000000 0.0014108682745
-1.6000000000000 0.0030851320455
-1.6000000000000 0.0036602523930
-1.5800000000000 0.0036371710388
-1.5600000000000 0.0030325032154
-1.5600000000000 0.0035963104691
-1.5400000000000 0.0035572453394
-1.5200000000000 0.0027670310141
-1.5200000000000 0.0029674804493
-1.5200000000000 0.0035317172986
-1.5000000000000 0.0035140628373
-1.4800000000000 0.0029061258964
-1.4800000000000 0.0034856429452
-1.4600000000000 0.0034306971288
-1.4400000000000 0.0025429287015
-1.4400000000000 0.0022457591439
-1.4400000000000 0.0027655558535
-1.4400000000000 0.0033485972465
-1.4200000000000 0.0032563034672
-1.4000000000000 0.0025963189644
-1.4000000000000 0.0031757708730
-1.3800000000000 0.0031224982717
-1.3600000000000 0.0022174112269
-1.3600000000000 0.0024589427240
-1.3600000000000 0.0030927035324
-1.3400000000000 0.0031192263199
-1.3200000000000 0.0031140798898
-1.3200000000000 0.0024154166182
-1.3000000000000 0.0031363986994
-1.2800000000000 0.0018627695250
-1.2800000000000 -0.0023608401414
-1.2800000000000 -0.5227955424183
-1.2800000000000 -0.0174267690922
-1.2800000000000 0.0010838993130
-1.2800000000000 0.0031850397316
-1.2800000000000 0.0025378118116
-1.2600000000000 0.0030452934826
-1.2400000000000 0.0023268488088
-1.2400000000000 0.0029072801986
-1.2200000000000 0.0028964680693
-1.2000000000000 0.0018384553295
-1.2000000000000 0.0022903207238
-1.2000000000000 0.0029929757872
-1.1800000000000 0.0030196056104
-1.1600000000000 0.0024218431244
-1.1600000000000 0.0029935020650
-1.1400000000000 0.0030253384039
-1.1200000000000 0.0023858051131
-1.1200000000000 0.0013770364223
-1.1200000000000 0.0030450454275
-1.1200000000000 0.0024579515681
-1.1000000000000 0.0030433608597
-1.0800000000000 0.0031050580444
-1.0800000000000 0.0025018346378
-1.0600000000000 0.0030876928869
-1.0400000000000 0.0023878626022
-1.0400000000000 0.0026243569736
-1.0400000000000 0.0032088344376
-1.0200000000000 0.0030141454579
-1.0000000000000 0.0024731074597
-1.0000000000000 0.0030448376737
-0.9800000000000 0.0028457980282
-0.9600000000000 0.0021528034611
-0.9600000000000 0.0004114199967
-0.9600000000000 -0.0114938391530
-0.9600000000000 0.0024290995968
-0.9600000000000 0.0029594564490
-0.9400000000000 0.0027342132717
-0.9200000000000 0.0022650683270
-0.9200000000000 0.0027582337934
-0.9000000000000 0.0025327637114
-0.8800000000000 0.0019240424968
-0.8800000000000 0.0020877528649
-0.8800000000000 0.0025575672872
-0.8600000000000 0.0025665740851
-0.8400000000000 0.0020330030400
-0.8400000000000 0.0024726521167
-0.8200000000000 0.0026106013959
-0.8000000000000 0.0018940617023
-0.8000000000000 0.0021426953360
-0.8000000000000 -0.0013931170903
-0.8000000000000 0.0026002299499
-0.7800000000000 0.0026945104111
-0.7600000000000 0.0023636743658
-0.7600000000000 0.0027865460567
-0.7400000000000 0.0029823279546
-0.7200000000000 0.0023080164865
-0.7200000000000 0.0026860097725
-0.7200000000000 0.0031232340753
-0.7000000000000 0.0033339956775
-0.6800000000000 0.0029488547379
-0.6800000000000 0.0034280306984
-0.6600000000000 0.0035673023164
-0.6400000000000 0.0026771214330
-0.6400000000000 0.0032568093566
-0.6400000000000 -0.6750959576267
-0.6400000000000 -0.0050802722273
-0.6400000000000 -0.0372797125794
-0.6400000000000 0.0036945293359
-0.6200000000000 0.0035394202379
-0.6000000000000 0.0033340331859
-0.6000000000000 0.0037175021688
-0.5800000000000 0.0033970379410
-0.5600000000000 0.0023893384658
-0.5600000000000 0.0034734947123
-0.5600000000000 0.0038237656341
-0.5400000000000 0.0035950268439
-0.5200000000000 0.0034299321320
-0.5200000000000 0.0039279906545
-0.5000000000000 0.0041213511111
-0.4800000000000 0.0015383768481
-0.4800000000000 0.0038996948406
-0.4800000000000 -0.0181956181051
-0.4800000000000 0.0046052655232
-0.4600000000000 0.0048559619092
-0.4400000000000 0.0042239893965
-0.4400000000000 0.0049717783487
-0.4200000000000 0.0050621709116
-0.4000000000000 0.0001371725928
-0.4000000000000 0.0041297177888
-0.4000000000000 0.0046527141793
-0.3800000000000 0.0048130845187
-0.3600000000000 0.0039770762070
-0.3600000000000 0.0043995706359
-0.3400000000000 0.0054540076655
-0.3200000000000 -0.0038732668309
-0.3200000000000 0.0046631644492
-0.3200000000000 -0.0595531898487
-0.3200000000000 -0.7497177699624
-0.3200000000000 0.0055018771325
-0.3000000000000 0.0060676969764
-0.2800000000000 0.0058342590669
-0.2800000000000 0.0072152104461
-0.2600000000000 0.0067914284158
-0.2400000000000 -0.0167430621020
-0.2400000000000 0.0055176252834
-0.2400000000000 0.0077154945889
-0.2200000000000 0.0069437189175
-0.2000000000000 0.0036558372684
-0.2000000000000 0.0081835620935
-0.1800000000000 0.0100918921865
-0.1600000000000 0.0011935788579
-0.1600000000000 -0.0745378697318
-0.1600000000000 -0.7452599994043
-0.1600000000000 0.0117428621911
-0.1400000000000 0.0151475447320
-0.1200000000000 -0.0099829276412
-0.1200000000000 0.0172579143692
-0.1000000000000 0.0207884695789
-0.0800000000000 -0.0620142573822
-0.0800000000000 -0.6612711847725
-0.0800000000000 0.0293813131392
-0.0600000000000 0.0322066876565
-0.0400000000000 -0.4683660025583
-0.0400000000000 -0.0205594447872
-0.0200000000000 -0.1411535404611
0.0000000000000 -0.0125660881774
0.0000000000000 0.0286877835367
0.0000000000000 -0.0193858651149
0.0000000000000 0.3687639759443
0.0000000000000 0.1819721381669
0.0000000000000 0.6874138880658
0.0000000000000 0.0013980719951
0.0000000000000 0.0814160547460
0.0200000000000 -0.1413359582510
0.0400000000000 -0.0204679556424
0.0400000000000 -0.4684123071518
0.0600000000000 0.0322475625715
0.0800000000000 0.0294217317661
0.0800000000000 -0.0619518905182
0.0800000000000 -0.6612752656763
0.1000000000000 0.0207747716976
0.1200000000000 0.0172646087346
0.1200000000000 -0.0099728223944
0.1400000000000 0.0151466419668
0.1600000000000 0.0117431229638
0.1600000000000 -0.7452958876572
0.1600000000000 0.0011920309136
0.1600000000000 -0.0745359693636
0.1800000000000 0.0100816618345
0.2000000000000 0.0082012086250
0.2000000000000 0.0036651950034
0.2200000000000 0.0069611252794
0.2400000000000 0.0077129494261
0.2400000000000 0.0055102716549
0.2400000000000 -0.0167534823889
0.2600000000000 0.0067752204785
0.2800000000000 0.0072012375320
0.2800000000000 0.0058252581716
0.3000000000000 0.0060585243079
0.3200000000000 0.0055061947126
0.3200000000000 -0.7497099982783
0.3200000000000 -0.0595264094337
0.3200000000000 -0.0038532569754
0.3200000000000 0.0046694907360
0.3400000000000 0.0054542190226
0.3600000000000 0.0044477453165
0.3600000000000 0.0040181347008
0.3800000000000 0.0048222213703
0.4000000000000 0.0046568837834
0.4000000000000 0.0041309870853
0.4000000000000 0.0001393936555
0.4200000000000 0.0050807149243
0.4400000000000 0.0049301100917
0.4400000000000 0.0042033087276
0.4600000000000 0.0047436795277
0.4800000000000 0.0045665963418
0.4800000000000 -0.0181929316030
0.4800000000000 0.0015221125147
0.4800000000000 0.0038734563264
0.5000000000000 0.0041434573849
0.5200000000000 0.0039919496345
0.5200000000000 0.0035006419772
0.5400000000000 0.0036614124231
0.5600000000000 0.0038943833816
0.5600000000000 0.0035622659974
0.5600000000000 0.0024832070428
0.5800000000000 0.0033934513378
0.6000000000000 0.0037013038299
0.6000000000000 0.0033258629130
0.6200000000000 0.0035188090324
0.6400000000000 0.0037009758054
0.6400000000000 -0.0372780093095
0.6400000000000 -0.0050804825250
0.6400000000000 -0.6750988898698
0.6400000000000 0.0032563612495
0.6400000000000 0.0026716747596
0.6600000000000 0.0035535289760
0.6800000000000 0.0034498893425
0.6800000000000 0.0029697603834
0.7000000000000 0.0033395589584
0.7200000000000 0.0031501104801
0.7200000000000 0.0027067000423
0.7200000000000 0.0023242380812
0.7400000000000 0.0029944262935
0.7600000000000 0.0027896908828
0.7600000000000 0.0023626598042
0.7800000000000 0.0026885196501
0.8000000000000 0.0025830010288
0.8000000000000 -0.0013718413917
0.8000000000000 0.0021203527273
0.8000000000000 0.0018865029547
0.8200000000000 0.0025776373850
0.8400000000000 0.0024433212122
0.8400000000000 0.0020040754495
0.8600000000000 0.0025496148052
0.8800000000000 0.0025540406535
0.8800000000000 0.0020828068162
0.8800000000000 0.0019081784593
0.9000000000000 0.0025206958077
0.9200000000000 0.0027575145038
0.9200000000000 0.0022577863328
0.9400000000000 0.0027175803612
0.9600000000000 0.0029546498626
0.9600000000000 -0.0115055579813
0.9600000000000 0.0003747345989
0.9600000000000 0.0021248334459
0.9600000000000 0.0024156026235
0.9800000000000 0.0028637929461
1.0000000000000 0.0030680271358
1.0000000000000 0.0024919238231
1.0200000000000 0.0030214356505
1.0400000000000 0.0032282075811
1.0400000000000 0.0023524997717
1.0400000000000 0.0026328298259
1.0600000000000 0.0031171324487
1.0800000000000 0.0031424612659
1.0800000000000 0.0025349896906
1.1000000000000 0.0031096543563
1.1200000000000 0.0031194286152
1.1200000000000 0.0011874499301
1.1200000000000 0.0023229043271
1.1200000000000 0.0025342708007
1.1400000000000 0.0030516078865
1.1600000000000 0.0029695455626
1.1600000000000 0.0023941723583
1.1800000000000 0.0029593034213
1.2000000000000 0.0029623016745
1.2000000000000 0.0018737554602
1.2000000000000 0.0022499928208
1.2200000000000 0.0029646951183
1.2400000000000 0.0030163499399
1.2400000000000 0.0023648945980
1.2600000000000 0.0030717038855
1.2800000000000 0.0031214891394
1.2800000000000 0.0008317637695
1.2800000000000 -0.5230627069526
1.2800000000000 -0.0026142259657
1.2800000000000 -0.0176869385487
1.2800000000000 0.0017178831043
1.2800000000000 0.0024329422886
1.3000000000000 0.0030574492712
1.3200000000000 0.0030647561469
1.3200000000000 0.0024266255925
1.3400000000000 0.0031262548605
1.3600000000000 0.0031320904800
1.3600000000000 0.0022734186474
1.3600000000000 0.0024930984483
1.3800000000001 0.0031712795535
1.4000000000000 0.0026253729822
1.4000000000001 0.0032084799041
1.4200000000000 0.0032599290019
1.4400000000000 0.0022511052943
1.4400000000000 0.0025273593980
1.4400000000000 0.0027541828390
1.4400000000000 0.0033214543788
1.4600000000001 0.0033812739666
1.4800000000000 0.0028498198497
1.4800000000001 0.0034213421807
1.5000000000001 0.0034480381478
1.5200000000000 0.0027273022917
1.5200000000000 0.0029273648778
1.5200000000001 0.0034816231481
1.5400000000001 0.0035326901148
1.5600000000000 0.0030535603106
1.5600000000001 0.0035921193040
1.5800000000001 0.0036401922125
1.6000000000000 0.0014115554102
1.6000000000000 0.0026891361985
1.6000000000000 0.0028460986859
1.6000000000000 0.0031149281712
1.6000000000001 0.0036618502522
1.6200000000001 0.0036546890597
1.6400000000000 0.0030578058453
1.6400000000001 0.0036277162933
1.6600000000001 0.0035958492720
1.6800000000000 0.0027879676581
1.6800000000000 0.0030009497527
1.6800000000001 0.0035744312356
1.7000000000001 0.0035750264084
1.7200000000000 0.0030581564303
1.7200000000001 0.0036024223962
1.7400000000001 0.0036534140066
1.7600000000000 0.0029683177482
1.7600000000000 0.0029029264696
1.7600000000000 0.0032169453304
1.7600000000001 0.0037178955093
1.7800000000001 0.0037825295302
1.8000000000001 0.0033686133687
1.8000000000001 0.0038360995364
1.8200000000001 0.0038741776815
1.8400000000000 0.0031952030583
1.8400000000001 0.0034474884379
1.8400000000001 0.0039003847022
1.8600000000001 0.0039231320298
1.8800000000001 0.0034952074132
1.8800000000001 0.0039497382143
1.9000000000001 0.0039818701142
1.9200000000000 0.0027649723244
1.9200000000000 0.0032984126146
1.9200000000000 0.0032382916228
1.9200000000000 -0.0028135261722
1.9200000000000 0.0035542338395
1.9200000000001 0.0040153090052
1.9400000000001 0.0040438443853
1.9600000000000 0.0036056982848
1.9600000000001 0.0040641313087
1.9800000000001 0.0040780139803
2.0000000000000 0.0034025340668
2.0000000000001 0.0036442179882
2.0000000000001 0.0040910443029
2.0200000000001 0.0041086745347
2.0400000000001 0.0036943602866
2.0400000000001 0.0041329167356
2.0600000000001 0.0041615028995
2.0800000000000 0.0034901529569
2.0800000000000 0.0034378357749
2.0800000000001 0.0037507115090
2.0800000000001 0.0041896415586
2.1000000000001 0.0042130009302
2.1200000000001 0.0037878996349
2.1200000000001 0.0042301007660
2.1400000000001 0.0042430328610
2.1600000000000 0.0035441947651
2.1600000000001 0.0038147128782
2.1600000000001 0.0042563641112
2.1800000000001 0.0042749463873
2.2000000000001 0.0038662691800
2.2000000000001 0.0043016607763
2.2200000000001 0.0043359925921
2.2400000000000 0.0036698536397
2.2400000000000 0.0033407394209
2.2400000000000 0.0036120781042
2.2400000000001 0.0039491180989
2.2400000000001 0.0043738965357
2.2600000000001 0.0044090402209
2.2800000000001 0.0040231051706
2.2800000000001 0.0044347606085
2.3000000000000 0.0044461282620
2.3200000000000 0.0037586552194
2.3200000000000 0.0044414081539
2.3200000000001 0.0040439000750
2.3400000000000 0.0044224679714
2.3600000000000 0.0043941693080
2.3600000000001 0.0040102463514
2.3800000000000 0.0043630210040
2.4000000000000 0.0036986927314
2.4000000000000 0.0043355590312
2.4000000000000 0.0036467325415
2.4000000000001 0.0039630319298
2.4200000000000 0.0043169428954
2.4400000000000 0.0043100828321
2.4400000000001 0.0039460645187
2.4600000000000 0.0043154389591
2.4800000000000 0.0037097569788
2.4800000000000 0.0043313645401
2.4800000000001 0.0039735657123
2.5000000000000 0.0043547993186
2.5200000000000 0.0043820767479
2.5200000000001 0.0040297193841
2.5400000000000 0.0044096816220
2.5600000000000 0.0038214030832
2.5600000000000 0.0036432922079
2.5600000000000 0.0044348068411
2.5600000000000 -0.0056988446556
2.5600000000000 0.0021894218496
2.5600000000000 -0.3271609056522
2.5600000000000 0.0037489566109
2.5600000000001 0.0040895186536
2.5800000000000 0.0044556868052
2.6000000000000 0.0044716344665
2.6000000000001 0.0041370915467
2.6200000000000 0.0044828440695
2.6400000000000 0.0039148682042
2.6400000000000 0.0044900398013
2.6400000000001 0.0041693491067
2.6600000000000 0.0044940639993
2.6800000000000 0.0044955658200
2.6800000000001 0.0041894830670
2.7000000000000 0.0044949395321
2.7200000000000 0.0039643532622
2.7200000000000 0.0044925075414
2.7200000000000 0.0038890306787
2.7200000000001 0.0042005905994
2.7400000000000 0.0044887506223
2.7600000000000 0.0044843357012
2.7600000000000 0.0042049261660
2.7800000000000 0.0044798931674
2.8000000000000 0.0039815657786
2.8000000000000 0.0044758342643
2.8000000000000 0.0042059052921
2.8200000000000 0.0044724095578
2.8400000000000 0.0044698507338
2.8400000000000 0.0042071239261
2.8600000000000 0.0044683392535
2.8800000000000 0.0039906810168
2.8800000000000 0.0038894345116
2.8800000000000 0.0044678584170
2.8800000000000 0.0042107251629
2.8800000000000 0.0039021857602
2.9000000000000 0.0044681518080
2.9200000000000 0.0044687661952
2.9200000000000 0.0042160590971
2.9400000000000 0.0044691918734
2.9600000000000 0.0044695828784
2.9600000000000 0.0040033716486
2.9600000000000 0.0042203812519
2.9800000000000 0.0044709544020
3.0000000000000 0.0044715404858
3.0000000000000 0.0042184974834
3.0200000000000 0.0042235380109
3.0400000000000 0.0042274391753
3.0400000000000 0.0040178796163
3.0400000000000 0.0042274391753
3.0400000000000 0.0039240849739
3.0600000000000 0.0042225803231
3.0800000000000 0.0042164405012
3.0800000000000 0.0042164405012
3.1000000000000 0.0042152766228
3.1200000000000 0.0040253808057
3.1200000000000 0.0042151344349
3.1200000000000 0.0042151344349
3.1400000000000 0.0042138485861
3.1600000000000 0.0042123092841
3.1600000000000 0.0042123092841
3.1800000000000 0.0042109569920
3.2000000000000 0.0040351360475
3.2000000000000 0.0039216909677
3.2000000000000 0.0034093888512
3.2000000000000 0.0042089755927
3.2000000000000 0.0039691520107
3.2400000000000 0.0042011175846
3.2800000000000 0.0040251939374
3.2800000000000 0.0041863425540
3.3200000000000 0.0041643456003
3.3600000000000 0.0039850226016
3.3600000000000 0.0041369396749
3.3600000000000 0.0039327235040
3.4000000000000 0.0041066205257
3.4400000000000 0.0039284279874
3.4400000000000 0.0040750560111
3.4800000000000 0.0040426915744
3.5200000000000 0.0038668442612
3.5200000000000 0.0037668252551
3.5200000000000 0.0040093386343
3.5200000000000 0.0038127538068
3.5600000000000 0.0039750921442
3.6000000000000 0.0038041881415
3.6000000000000 0.0039406904947
3.6400000000000 0.0039071873985
3.6800000000000 0.0037468141903
3.6800000000000 0.0038753449872
3.6800000000000 0.0036963739878
3.7200000000000 0.0038453849373
3.7600000000000 0.0036967203214
3.7600000000000 0.0038172568788
3.8000000000000 0.0037910200684
3.8400000000000 0.0036524475438
3.8400000000000 0.0034083905575
3.8400000000000 0.0013373284397
3.8400000000000 0.0037668290620
3.8400000000000 0.0035857346286
3.8400000000000 0.0036102585580
3.8800000000000 0.0037443866011
3.9200000000000 0.0036122312814
3.9200000000000 0.0037223255079
3.9600000000000 0.0036981989788
4.0000000000000 0.0035638670244
4.0000000000000 0.0036693601412
4.0000000000000 0.0035195987669
4.0400000000000 0.0036342951808
4.0800000000000 0.0034952582534
4.0800000000000 0.0035935033859
4.1200000000000 0.0035492490555
4.1600000000000 0.0034151034442
4.1600000000000 0.0033658200430
4.1600000000000 0.0035043066172
4.1600000000000 0.0033789437585
4.2000000000000 0.0034605933053
4.2400000000000 0.0033385374588
4.2400000000000 0.0034186174590
4.2800000000000 0.0033780649874
4.3200000000000 0.0032673630267
4.3200000000000 0.0033389427319
4.3200000000001 0.0032383050791
4.3600000000000 0.0033022782149
4.4000000000000 0.0032052964532
4.4000000000000 0.0032697702879
4.4400000000000 0.0032426428265
4.4800000000000 0.0031609146439
4.4800000000000 0.0030719855378
4.4800000000000 0.0032206279230
4.4800000000000 0.0031221404280
4.4800000000001 0.0031399320408
4.5200000000000 0.0032019272945
4.5600000000000 0.0031277138384
4.5600000000000 0.0031842241815
4.6000000000000 0.0031659886572
4.6400000000000 0.0030932479896
4.6400000000000 0.0031470715799
4.6400000000001 0.0030733677169
4.6800000000000 0.0031281505826
4.7199999999999 0.0030568045238
4.7200000000000 0.0031095037745
4.7600000000000 0.0030901380502
4.7999999999999 0.0030161510535
4.8000000000000 0.0030680185581
4.8000000000000 0.0029733319813
4.8000000000001 0.0029935975997
4.8400000000000 0.0030412645652
4.8799999999999 0.0029605622659
4.8800000000000 0.0030093922796
4.9200000000000 0.0029736237743
4.9599999999999 0.0028881311716
4.9600000000000 0.0029360169250
4.9600000000001 0.0028657318831
5.0000000000000 0.0028980904211
5.0399999999999 0.0028055812290
5.0400000000000 0.0028599702198
5.0800000000000 0.0028206298572
5.1199999999999 0.0027156854080
5.1200000000000 0.0027789114441
5.1200000000000 0.0023205806338
5.1200000000000 -0.0000540854390
5.1200000000000 0.0026541221032
5.1200000000000 0.0026789938276
5.1200000000001 0.0026883778606
5.1600000000000 0.0027345042126
5.1999999999999 0.0026215020392
5.2000000000000 0.0026882112598
5.2400000000000 0.0026415044700
5.2799999999999 0.0025300318151
5.2800000000000 0.0025958456522
5.2800000000001 0.0025028493162
5.3200000000000 0.0025522312651
5.3599999999999 0.0024470554541
5.3600000000000 0.0025112055125
5.4000000000000 0.0024730441256
5.4399999999999 0.0023756915694
5.4400000000000 0.0024379465449
5.4400000000000 0.0023458179514
5.4400000000001 0.0023467774306
5.4800000000000 0.0024061022111
5.5199999999999 0.0023175608856
5.5200000000000 0.0023776129203
5.5600000000000 0.0023524050419
5.5999999999999 0.0022725921411
5.6000000000000 0.0023301901591
5.6000000000001 0.0022456219983
5.6400000000000 0.0023105084807
5.6799999999999 0.0022375782765
5.6800000000000 0.0022928361820
5.7200000000000 0.0022766063948
5.7599999999999 0.0022081604442
5.7600000000000 0.0022611917173
5.7600000000000 0.0021590281527
5.7600000000000 0.0021836322995
5.7600000000001 0.0021844117103
5.8000000000000 0.0022459351592
5.8399999999999 0.0021796587338
5.8400000000000 0.0022302384174
5.8800000000000 0.0022138809044
5.9199999999999 0.0021476235765
5.9200000000000 0.0021973484794
5.9200000000001 0.0021253241405
5.9600000000000 0.0021807098738
5.9999999999999 0.0021075829466
6.0000000000000 0.0021586279066
6.0400000000000 0.0020930992726
6.0799999999999 0.0020757134168
6.0800000000000 0.0020757134168
6.0800000000000 0.0020427338348
6.0800000000001 0.0020488905290
6.1200000000000 0.0020451017622
6.1599999999999 0.0020124553320
6.1600000000000 0.0020124553320
6.2000000000000 0.0019877448836
6.2399999999999 0.0019643075980
6.2400000000000 0.0019643075980
6.2400000000001 0.0019427478800
6.2800000000000 0.0019378711346
6.3199999999999 0.0019112348153
6.3200000000000 0.0019112348153
6.3600000000000 0.0018859822006
6.3999999999999 0.0018614882348
6.4000000000000 0.0017663225272
6.4000000000000 0.0018406558841
6.4000000000000 0.0018410823622
6.4000000000001 0.0018426000038
6.4799999999999 0.0018144846431
6.5599999999999 0.0017703944258
6.5600000000001 0.0017473172819
6.6399999999999 0.0017282712057
6.7199999999999 0.0016869893998
6.7200000000001 0.0016586104636
6.7200000000001 0.0016637361476
6.7999999999999 0.0016457781087
6.8799999999999 0.0016044799749
6.8800000000000 0.0015843307694
6.9599999999999 0.0015633049825
7.0399999999999 0.0015225742446
7.0400000000000 0.0015072274638
7.0400000000000 0.0015020056047
7.0400000000000 0.0015060912914
7.1199999999999 0.0014827955601
7.1999999999999 0.0014444695942
7.2000000000000 0.0014310814979
7.2799999999999 0.0014077817548
7.3599999999999 0.0013727713393
7.3600000000000 0.0013609760164
7.3600000000001 0.0013602248434
7.4399999999999 0.0013392324193
7.5199999999999 0.0013066971689
7.5200000000000 0.0012960124788
7.5999999999999 0.0012747725009
7.6799999999999 0.0012433129955
7.6800000000000 0.0012300136743
7.6800000000000 0.0013550866674
7.6800000000000 0.0012188300527
7.6800000000000 0.0012224720386
7.6800000000001 0.0012230338154
7.7599999999999 0.0012124861437
7.8400000000000 0.0011693237720
7.8400000000001 0.0011827327527
7.9200000000001 0.0011543103131
8.0000000000000 0.0011159213540
8.0000000000000 0.0011132840725
8.0000000000001 0.0011267818556
8.0800000000001 0.0010992971675
8.1600000000000 0.0010582025575
8.1600000000001 0.0010714656586
8.2400000000001 0.0010436966677
8.3200000000000 0.0010073112504
8.3200000000000 0.0009981758212
8.3200000000001 0.0010003677354
8.3200000000001 0.0010166994821
8.4000000000001 0.0009907110199
8.4800000000000 0.0009576898684
8.4800000000001 0.0009653602195
8.5600000000001 0.0009404057369
8.6400000000000 0.0009097319482
8.6400000000001 0.0009058335422
8.6400000000001 0.0009163332954
8.7200000000001 0.0008938475567
8.8000000000000 0.0008702405981
8.8000000000001 0.0008729354285
8.8800000000001 0.0008529020907
8.9600000000000 0.0008320010249
8.9600000000000 0.0008218458998
8.9600000000000 0.0008215717107
8.9600000000001 0.0008306754309
8.9600000000001 0.0008331965912
9.0400000000001 0.0008135769037
9.1200000000000 0.0007898772213
9.1200000000001 0.0007934624757
9.2000000000001 0.0007721083172
9.2800000000000 0.0007464412842
9.2800000000001 0.0007445606756
9.2800000000001 0.0007500710623
9.3600000000001 0.0007296251885
9.4400000000000 0.0007070003746
9.4400000000001 0.0007125747153
9.5200000000001 0.0006980727592
9.6000000000000 0.0006747573242
9.6000000000000 0.0006709609575
9.6000000000001 0.0006680711937
9.6000000000001 0.0006838323736
9.6800000000001 0.0006691054628
9.7600000000000 0.0006353341661
9.7600000000001 0.0006551547473
9.8400000000001 0.0006433217837
9.9200000000000 0.0006036328307
9.9200000000000 0.0006035397324
9.9200000000001 0.0006340497247
10.0000000000001 0.0006268518983
10.0800000000000 0.0005883256647
10.0800000000001 0.0006141810957
10.1600000000001 0.0005848796529
10.2400000000000 0.0006241130056
10.2400000000000 0.0005768328390
10.2400000000000 0.0005570261392
10.2400000000000 0.0005576395560
10.2400000000000 0.0005659982314
10.2400000000001 0.0005768328390
10.3200000000001 0.0005511403168
10.4000000000000 0.0005248123545
10.4000000000001 0.0005248123545
10.4800000000001 0.0005148161834
10.5600000000000 0.0005082360073
10.5600000000000 0.0005051550719
10.5600000000001 0.0005082360073
10.6400000000001 0.0004961490448
10.7200000000000 0.0004835434823
10.7200000000001 0.0004835434823
10.8000000000001 0.0004729617026
10.8800000000000 0.0004616336012
10.8800000000000 0.0004628183350
10.8800000000000 0.0004646084010
11.0400000000000 0.0004416331063
11.2000000000000 0.0004217155210
11.2000000000000 0.0004204722056
11.3599999999999 0.0004045036305
11.5199999999999 0.0003877073825
11.5200000000000 0.0003855084149
11.5200000000000 0.0003846319297
11.5200000000000 0.0003876184352
11.6799999999999 0.0003709605713
11.8399999999999 0.0003546091599
11.8400000000000 0.0003524076033
11.9999999999999 0.0003378252233
12.1599999999999 0.0003210718344
12.1600000000000 0.0003218945441
12.1600000000000 0.0003192104855
12.3199999999999 0.0003052117635
12.4799999999999 0.0002914274298
12.4800000000000 0.0002906028341
12.6399999999999 0.0002830083092
12.7999999999999 0.0002740985800
12.8000000000000 0.0002862035540
12.8000000000000 0.0002700475419
12.8000000000000 0.0002679306879
12.8000000000000 0.0002669089561
12.9599999999999 0.0002586102793
13.1199999999999 0.0002453352240
13.1200000000000 0.0002456500372
13.2799999999999 0.0002341596880
13.4399999999999 0.0002294997635
13.4400000000000 0.0002219445260
13.4400000000000 0.0002259296683
13.5999999999999 0.0002185452140
13.7599999999999 0.0001952719024
13.7600000000000 0.0001855555643
13.9199999999999 0.0001904242793
14.0799999999999 0.0002100702974
14.0800000000000 0.0001897467770
14.0800000000000 0.0001784780355
14.0800000000000 0.0001893092506
14.2399999999999 0.0002001862547
14.3999999999999 0.0002145442717
14.3999999999999 0.0002145442717
14.5599999999999 0.0001836313155
14.7199999999999 0.0001486651249
14.7199999999999 0.0001486651249
14.7200000000000 0.0001658897513
14.8799999999999 0.0001472664770
15.0399999999999 0.0001523054854
15.0399999999999 0.0001523054854
15.1999999999999 0.0001460880020
15.3599999999999 0.0001379275880
15.3599999999999 0.0001379275880
15.3600000000000 0.0001370862767
15.3600000000000 0.0001437092648
15.3600000000000 0.0001384284753
15.5199999999999 0.0001316920393
15.6799999999999 0.0001260245039
15.9999999999999 0.0001161907134
16.0000000000000 0.0001179929917
16.3199999999999 0.0001082941588
16.6400000000000 0.0000989685044
16.6400000000000 0.0000987656535
16.6400000000001 0.0001001634056
16.9600000000001 0.0000923433568
17.2800000000000 0.0000851336728
17.2800000000001 0.0000863233012
17.6000000000001 0.0000781043169
17.9200000000000 0.0000737265657
17.9200000000000 0.0000746809774
17.9200000000000 0.0000749046403
17.9200000000001 0.0000737220539
18.2400000000001 0.0000692510625
18.5600000000000 0.0000632402865
18.5600000000001 0.0000622258538
18.8800000000001 0.0000607488981
19.2000000000000 0.0000500294263
19.2000000000000 0.0000512477222
19.2000000000001 0.0000566886723
19.5200000000001 0.0000380589355
19.8400000000000 0.0000393642146
19.8400000000001 0.0000529524216
20.1600000000001 0.0000494516501
20.4800000000000 0.0000576231804
20.4800000000000 0.0000463539543
20.4800000000000 0.0000436042511
20.4800000000001 0.0000576231804
20.8000000000001 0.0000450617788
21.1200000000000 0.0000304124320
21.1200000000001 0.0000304124320
21.4400000000001 0.0000297974224
21.7600000000000 0.0000319678358
21.7600000000000 0.0000299755132
21.7600000000001 0.0000319678358
22.0800000000001 0.0000298088559
22.4000000000000 0.0000270404713
22.4000000000002 0.0000270404713
22.7200000000002 0.0000252648257
23.0400000000000 0.0000243438338
23.0400000000000 0.0000237206370
23.0400000000000 0.0000238247418
23.6800000000000 0.0000206449275
24.3200000000000 0.0000186197135
24.3200000000000 0.0000188210574
24.9600000000000 0.0000160137796
25.6000000000000 0.0000145600215
25.6000000000000 0.0000140203626
25.6000000000000 0.0000139110910
26.2400000000000 0.0000125380500
26.8800000000000 0.0000108682468
26.8800000000000 0.0000109429336
27.5200000000000 0.0000098438828
28.1600000000000 0.0000090557875
28.1600000000000 0.0000090223351
28.1600000000000 0.0000087645695
28.8000000000000 0.0000075873943
29.4400000000000 0.0000067686557
29.4400000000000 0.0000069081791
30.0800000000000 0.0000057799628
30.7200000000000 0.0000045238370
30.7200000000000 0.0000060374805
30.7200000000000 0.0000047768933
31.3600000000000 0.0000024711562
32.0000000000000 0.0000060037892
32.0000000000000 0.0000035719878
32.6400000000000 0.0000049789729
33.2800000000000 0.0000043641691
33.2800000000000 0.0000059739728
33.2800000000000 0.0000059739728
33.9200000000000 0.0000039534945
34.5600000000000 0.0000017262419
34.5600000000000 0.0000017262419
35.2000000000000 0.0000018781002
35.8400000000000 0.0000024740320
35.8400000000000 0.0000021056359
35.8400000000000 0.0000024740320
36.4800000000000 0.0000021894420
37.1200000000000 0.0000017788891
37.1200000000000 0.0000017788891
37.7600000000000 0.0000016237907
38.4000000000000 0.0000015384702
38.4000000000000 0.0000015189750
39.6800000000000 0.0000012260936
40.9600000000000 0.0000010243508
40.9600000000000 0.0000010328405
42.2400000000000 0.0000008183160
43.5200000000000 0.0000006730146
43.5200000000000 0.0000006827348
44.8000000000000 0.0000005686792
46.0800000000000 0.0000004632243
46.0800000000000 0.0000004588110
47.3600000000000 0.0000003878042
48.6400000000000 0.0000003356457
48.6400000000000 0.0000003381841
49.9200000000000 0.0000002812931
51.2000000000000 0.0000001962288
51.2000000000000 0.0000001760851
52.4800000000000 0.0000001709412
53.7600000000000 0.0000001895801
53.7600000000000 0.0000002213757
55.0400000000000 0.0000000813373
56.3200000000000 0.0000001014972
56.3200000000000 0.0000000890777
57.6000000000000 0.0000001551912
58.8800000000000 -0.0000000077411
58.8800000000000 0.0000000583118
60.1600000000000 0.0000001206460
61.4400000000000 0.0000000358017
61.4400000000000 0.0000000684773
62.7200000000000 0.0000000560958
64.0000000000000 0.0000000329097
64.0000000000000 0.0000000356132
65.2800000000000 0.0000000474766
66.5600000000000 -0.0000000096293
66.5600000000000 0.0000000208672
67.8400000000000 0.0000000809070
69.1200000000000 0.0000000142222
69.1200000000000 -0.0000000415930
70.4000000000000 0.0000000504896
71.6800000000000 0.0000000252503
71.6800000000000 -0.0000000149021
72.9600000000000 0.0000000537195
74.2400000000000 -0.0000000177693
74.2400000000000 -0.0000000092331
75.5200000000000 -0.0000000229693
76.8000000000000 0.0000000752216
76.8000000000000 0.0000000224052
78.0800000000000 -0.0000000446264
79.3600000000000 -0.0000000242174
79.3600000000000 -0.0000000033209
80.6400000000000 0.0000000630442
81.9200000000000 -0.0000000065034
81.9200000000000 -0.0000000178123
83.2000000000000 -0.0000000287696
84.4800000000000 0.0000000136142
84.4800000000000 0.0000000338019
85.7600000000000 -0.0000000039033
87.0400000000000 -0.0000000286197
87.0400000000000 -0.0000000143914
88.3200000000000 0.0000000119013
89.6000000000000 0.0000000169879
89.6000000000000 0.0000000084432
90.8800000000000 -0.0000000186013
92.1600000000000 -0.0000000179433
92.1600000000000 -0.0000000117479
93.4400000000000 0.0000000197092
94.7200000000000 0.0000000036183
94.7200000000000 0.0000000086845
96.0000000000000 -0.0000000251040
97.2800000000000 -0.0000000079054
97.2800000000000 -0.0000000112778
98.5600000000000 0.0000000089325
99.8400000000000 0.0000000026388
99.8400000000000 0.0000000069989
101.1200000000000 -0.0000000032452
102.4000000000000 -0.0000000181335
102.4000000000000 -0.0000000258745
103.6800000000000 -0.0000000084228
104.9600000000000 0.0000000170612
104.9600000000000 0.0000000157119
106.2400000000000 -0.0000000000635
107.5200000000000 -0.0000000101698
107.5200000000000 -0.0000000170496
108.8000000000000 -0.0000000174260
110.0800000000000 -0.0000000110015
110.0800000000000 -0.0000000154960
111.3600000000000 0.0000000034854
112.6400000000000 0.0000000151351
112.6400000000000 0.0000000251846
113.9200000000000 -0.0000000086746
115.2000000000000 -0.0000000206560
115.2000000000000 -0.0000000360932
116.4800000000000 -0.0000000087183
117.7600000000000 -0.0000000009740
117.7600000000000 0.0000000162609
119.0400000000000 -0.0000000000957
120.3200000000000 -0.0000000190570
120.3200000000000 0.0000000025835
121.6000000000000 -0.0000000067564
122.8800000000000 0.0000000136716
122.8800000000000 -0.0000000046005
124.1600000000000 -0.0000000133852
125.4400000000000 -0.0000000312224
125.4400000000000 -0.0000000074966
126.7200000000000 -0.0000000174824
128.0000000000000 0.0000000224038
128.0000000000000 0.0000000108474
129.2800000000000 0.0000000094208
130.5600000000000 0.0000000007225
130.5600000000000 0.0000000007225
131.8400000000000 -0.0000000081838
133.1200000000000 -0.0000000153803
133.1200000000000 -0.0000000153803
134.4000000000000 -0.0000000159203
135.6800000000000 -0.0000000118272
135.6800000000000 -0.0000000118272
136.9600000000000 -0.0000000023444
138.2400000000000 0.0000000091349
138.2400000000000 0.0000000091349
139.5200000000000 0.0000000248226
140.8000000000000 0.0000000286599
143.3600000000000 -0.0000000451816
145.9200000000000 -0.0000000577200
148.4800000000000 0.0000000150595
151.0400000000000 0.0000000560895
153.6000000000000 0.0000000255231
156.1600000000000 -0.0000000402492
158.7200000000000 -0.0000000493732
161.2800000000000 -0.0000000100394
163.8400000000000 0.0000000178106
166.4000000000000 0.0000000073146
168.9600000000000 -0.0000000053603
171.5200000000000 -0.0000000121692
174.0800000000000 -0.0000000064875
176.6400000000000 -0.0000000049450
179.2000000000000 -0.0000000027008
181.7600000000000 -0.0000000041757
184.3200000000000 -0.0000000048606
186.8800000000000 -0.0000000056684
189.4400000000000 -0.0000000078925
192.0000000000000 -0.0000000049034
194.5600000000000 -0.0000000049647
197.1200000000000 -0.0000000045440
199.6800000000000 -0.0000000029454
202.2400000000000 -0.0000000049428
204.8000000000000 -0.0000000051376
207.3600000000000 -0.0000000049650
209.9200000000000 -0.0000000068932
212.4800000000000 -0.0000000055800
215.0400000000000 -0.0000000052646
217.6000000000000 -0.0000000049124
220.1600000000000 -0.0000000050477
222.7200000000000 -0.0000000035118
225.2800000000000 -0.0000000046631
227.8400000000000 -0.0000000047944
230.4000000000000 -0.0000000051660
232.9600000000000 -0.0000000050707
235.5200000000000 -0.0000000053469
238.0800000000000 -0.0000000064670
240.6400000000000 -0.0000000050899
243.2000000000000 -0.0000000051207
245.7600000000000 -0.0000000050327
248.3200000000000 -0.0000000050246
250.8800000000000 -0.0000000048667
253.4400000000000 -0.0000000039518
256.0000000000000 -0.0000000046711
258.5600000000000 -0.0000000050673
261.1200000000000 -0.0000000048504
263.6800000000000 -0.0000000051340
266.2400000000000 -0.0000000051305
268.8000000000000 -0.0000000049899
271.3600000000000 -0.0000000058886
273.9200000000000 -0.0000000054445
276.4800000000000 -0.0000000051603
279.0400000000000 -0.0000000050360
281.6000000000000 -0.0000000051107
284.1600000000000 -0.0000000050235
286.7200000000000 -0.0000000049726
289.2800000000000 -0.0000000049436
291.8400000000000 -0.0000000048152
294.4000000000000 -0.0000000043008
296.9600000000000 -0.0000000049670
299.5200000000000 -0.0000000049900
302.0800000000000 -0.0000000049866
304.6400000000000 -0.0000000050338
307.2000000000000 -0.0000000051197
309.7600000000000 -0.0000000049223
312.3200000000000 -0.0000000052550
314.8800000000000 -0.0000000047395
317.4400000000000 -0.0000000066099
