# x lapse
-317.4400000000000 0.9943307827033
-314.8800000000000 0.9942851194329
-312.3200000000000 0.9942387151994
-309.7600000000000 0.9941915517033
-307.2000000000000 0.9941436082841
-304.6400000000000 0.9940948615516
-302.0800000000000 0.9940452815849
-299.5200000000000 0.9939948232748
-296.9600000000000 0.9939434618621
-294.4000000000000 0.9938913448927
-291.8400000000000 0.9938390593932
-289.2800000000000 0.9937878174150
-286.7200000000000 0.9937391355945
-284.1600000000000 0.9936936836144
-281.6000000000000 0.9936498229799
-279.0400000000000 0.9936033736035
-276.4800000000000 0.9935498393987
-273.9200000000000 0.9934879089781
-271.3600000000000 0.9934207614467
-268.8000000000000 0.9933532190617
-266.2400000000000 0.9932875017992
-263.6800000000000 0.9932223113226
-261.1200000000000 0.9931557975700
-258.5600000000000 0.9930879986280
-256.0000000000000 0.9930198447552
-253.4400000000000 0.9929512276346
-250.8800000000000 0.9928812883839
-248.3200000000000 0.9928097817373
-245.7600000000000 0.9927369778079
-243.2000000000000 0.9926627558235
-240.6400000000000 0.9925867972390
-238.0800000000000 0.9925092114782
-235.5200000000000 0.9924301664789
-232.9600000000000 0.9923494807013
-230.4000000000000 0.9922671033559
-227.8400000000000 0.9921832058985
-225.2800000000000 0.9920977135071
-222.7200000000000 0.9920105295559
-220.1600000000000 0.9919217377259
-217.6000000000000 0.9918312771983
-215.0400000000000 0.9917391225908
-212.4800000000000 0.9916453677445
-209.9200000000000 0.9915499509688
-207.3600000000000 0.9914528435699
-204.8000000000000 0.9913541011221
-202.2400000000000 0.9912537942688
-199.6800000000000 0.9911520979219
-197.1200000000000 0.9910491185950
-194.5600000000000 0.9909449385188
-192.0000000000000 0.9908397572718
-189.4400000000000 0.9907338630565
-186.8800000000000 0.9906276587678
-184.3200000000000 0.9905215637163
-181.7600000000000 0.9904160797438
-179.2000000000000 0.9903118532876
-176.6400000000000 0.9902096633948
-174.0800000000000 0.9901104234581
-171.5200000000000 0.9900151573992
-168.9600000000000 0.9899250375016
-166.4000000000000 0.9898412106519
-163.8400000000000 0.9897647253704
-161.2800000000000 0.9896962371883
-158.7200000000000 0.9896355947291
-156.1600000000000 0.9895812711155
-153.6000000000000 0.9895295452918
-151.0400000000000 0.9894737428603
-148.4800000000000 0.9894035468091
-145.9200000000000 0.9893049624650
-143.3600000000000 0.9891612370314
-140.8000000000000 0.9889552899837
-139.5200000000000 0.9888241904343
-138.2400000000000 0.9886730833562
-138.2400000000000 0.9886730833562
-136.9600000000000 0.9885004395132
-135.6800000000000 0.9883070760795
-135.6800000000000 0.9883070760795
-134.4000000000000 0.9880926024459
-133.1200000000000 0.9878591127259
-133.1200000000000 0.9878591127259
-131.8400000000000 0.9876075166353
-130.5600000000000 0.9873409767569
-130.5600000000000 0.9873409767569
-129.2800000000000 0.9870617186448
-128.0000000000000 0.9867734631007
-128.0000000000000 0.9867734631007
-126.7200000000000 0.9864795481476
-125.4400000000000 0.9861833476758
-125.4400000000000 0.9861833476758
-124.1600000000000 0.9858880840116
-122.8800000000000 0.9855968964564
-122.8800000000000 0.9855968964564
-121.6000000000000 0.9853126988701
-120.3200000000000 0.9850378650781
-120.3200000000000 0.9850378650781
-119.0400000000000 0.9847740558410
-117.7600000000000 0.9845224164250
-117.7600000000000 0.9845224164250
-116.4800000000000 0.9842837260283
-115.2000000000000 0.9840582974620
-115.2000000000000 0.9840582974620
-113.9200000000000 0.9838458447779
-112.6400000000000 0.9836454933606
-112.6400000000000 0.9836454933606
-111.3600000000000 0.9834559841644
-110.0800000000000 0.9832758208871
-110.0800000000000 0.9832758208871
-108.8000000000000 0.9831033034198
-107.5200000000000 0.9829365987125
-107.5200000000000 0.9829365987125
-106.2400000000000 0.9827737337368
-104.9600000000000 0.9826125993301
-104.9600000000000 0.9826125993301
-103.6800000000000 0.9824510761950
-102.4000000000000 0.9822872035384
-102.4000000000000 0.9822872035384
-101.1200000000000 0.9821192552495
-99.8400000000000 0.9819455671070
-99.8400000000000 0.9819455671070
-98.5600000000000 0.9817645566570
-97.2800000000000 0.9815749011518
-97.2800000000000 0.9815749011518
-96.0000000000000 0.9813754129055
-94.7200000000000 0.9811651270537
-94.7200000000000 0.9811651270537
-93.4400000000000 0.9809433998362
-92.1600000000000 0.9807096662737
-92.1600000000000 0.9807096662737
-90.8800000000000 0.9804634645202
-89.6000000000000 0.9802045442567
-89.6000000000000 0.9802045442567
-88.3200000000000 0.9799327937990
-87.0400000000000 0.9796482084351
-87.0400000000000 0.9796482084351
-85.7600000000000 0.9793508253264
-84.4800000000000 0.9790406862758
-84.4800000000000 0.9790406862758
-83.2000000000000 0.9787178925786
-81.9200000000000 0.9783825541896
-81.9200000000000 0.9783825541896
-80.6400000000000 0.9780347029909
-79.3600000000000 0.9776743982249
-79.3600000000000 0.9776743982249
-78.0800000000000 0.9773016418224
-76.8000000000000 0.9769162557680
-76.8000000000000 0.9769162557680
-75.5200000000000 0.9765180687348
-74.2400000000000 0.9761068174801
-74.2400000000000 0.9761068174801
-72.9600000000000 0.9756821135248
-71.6800000000000 0.9752434843928
-71.6800000000000 0.9752434843928
-70.4000000000000 0.9747902640296
-69.1200000000000 0.9743217530512
-69.1200000000000 0.9743217530512
-67.8400000000000 0.9738371106981
-66.5600000000000 0.9733353384419
-66.5600000000000 0.9733353384419
-65.2800000000000 0.9728153810027
-64.0000000000000 0.9722759860592
-64.0000000000000 0.9722759860592
-62.7200000000000 0.9717158257206
-61.4400000000000 0.9711334262490
-61.4400000000000 0.9711334262490
-60.1600000000001 0.9705271262449
-58.8800000000001 0.9698951923321
-58.8800000000000 0.9698951923321
-57.6000000000001 0.9692357157296
-56.3200000000001 0.9685466266640
-56.3200000000000 0.9685466266640
-55.0400000000000 0.9678256627464
-53.7600000000000 0.9670703548098
-53.7600000000000 0.9670703548098
-52.4800000000000 0.9662779862746
-51.2000000000000 0.9654456407061
-51.2000000000000 0.9654456407061
-49.9200000000000 0.9645702126967
-48.6400000000000 0.9636481057012
-48.6400000000000 0.9636481057012
-47.3600000000000 0.9626753810536
-46.0800000000000 0.9616478292849
-46.0800000000000 0.9616478292849
-44.8000000000000 0.9605606920162
-43.5200000000000 0.9594086070967
-43.5200000000000 0.9594086070967
-42.2400000000000 0.9581856825497
-40.9600000000000 0.9568852310184
-40.9600000000000 0.9568852310184
-39.6800000000000 0.9554996063047
-38.4000000000000 0.9540203654275
-38.4000000000000 0.9540203654275
-37.7600000000000 0.9532426552637
-37.1200000000000 0.9524377009404
-37.1200000000000 0.9524377009404
-36.4800000000000 0.9516042213038
-35.8400000000000 0.9507405067870
-35.8400000000000 0.9507405067870
-35.8400000000000 0.9507405067870
-35.2000000000000 0.9498450825868
-34.5600000000000 0.9489159632576
-34.5600000000000 0.9489159632576
-33.9200000000000 0.9479514322204
-33.2800000000000 0.9469492080717
-33.2800000000000 0.9469492080717
-33.2800000000000 0.9469492080717
-32.6400000000000 0.9459073559028
-32.0000000000000 0.9448231196496
-32.0000000000000 0.9448231196496
-31.3600000000000 0.9436940085788
-30.7200000000000 0.9425172917889
-30.7200000000000 0.9425172917889
-30.7200000000000 0.9425172917889
-30.0800000000000 0.9412898594386
-29.4400000000000 0.9400083090179
-29.4400000000000 0.9400083090179
-28.8000000000000 0.9386691666983
-28.1600000000000 0.9372684959157
-28.1600000000000 0.9372684959157
-28.1600000000000 0.9372684959157
-27.5200000000000 0.9358017642169
-26.8800000000000 0.9342642588339
-26.8800000000000 0.9342642588339
-26.2400000000000 0.9326508862511
-25.6000000000000 0.9309558998914
-25.6000000000000 0.9309558998914
-25.6000000000000 0.9309558998914
-24.9600000000000 0.9291728980951
-24.3200000000000 0.9272949017585
-24.3200000000000 0.9272949017585
-23.6800000000000 0.9253142229508
-23.0400000000000 0.9232223342910
-23.0400000000000 0.9232223342910
-23.0400000000000 0.9232223342910
-22.7199999999999 0.9221317654854
-22.4000000000000 0.9210096518220
-22.3999999999999 0.9210096518220
-22.0799999999999 0.9198547201734
-21.7600000000000 0.9186654043007
-21.7600000000000 0.9186654043007
-21.7599999999999 0.9186654043007
-21.4399999999999 0.9174402975125
-21.1200000000000 0.9161776480392
-21.1199999999999 0.9161776480392
-20.7999999999999 0.9148759066911
-20.4800000000000 0.9135330590372
-20.4800000000000 0.9135330590372
-20.4800000000000 0.9135330590372
-20.4799999999999 0.9135330590372
-20.1599999999999 0.9121473334441
-19.8400000000000 0.9107164523290
-19.8400000000000 0.9107164523290
-19.5199999999999 0.9092383295600
-19.2000000000000 0.9077106191511
-19.2000000000000 0.9077106191511
-19.1999999999999 0.9077106191511
-18.8800000000000 0.9061307775414
-18.5600000000000 0.9044961141757
-18.5600000000000 0.9044961141757
-18.2400000000000 0.9028038404053
-17.9200000000000 0.9010509541146
-17.9200000000000 0.9010509541146
-17.9200000000000 0.9010509541146
-17.9200000000000 0.9010509541146
-17.6000000000000 0.8992341317402
-17.2800000000000 0.8973497923579
-17.2800000000000 0.8973497923579
-16.9600000000000 0.8953941605912
-16.6400000000000 0.8933632770842
-16.6400000000000 0.8933632770842
-16.6400000000000 0.8933632770842
-16.3199999999999 0.8912528199475
-16.0000000000000 0.8890580328812
-15.9999999999999 0.8890580328812
-15.6799999999999 0.8867738934131
-15.5200000000000 0.8855966464171
-15.3600000000000 0.8843949621058
-15.3600000000000 0.8843949621058
-15.3600000000000 0.8843949621058
-15.3600000000000 0.8843949621058
-15.3599999999999 0.8843949621058
-15.2000000000000 0.8831681313956
-15.0400000000000 0.8819153241154
-15.0399999999999 0.8819153241154
-14.8800000000000 0.8806357717032
-14.7200000000000 0.8793285802479
-14.7200000000000 0.8793285802479
-14.7199999999999 0.8793285802479
-14.5600000000000 0.8779929261990
-14.4000000000000 0.8766278299127
-14.3999999999999 0.8766278299127
-14.2400000000000 0.8752323980915
-14.0800000000000 0.8738055481463
-14.0800000000000 0.8738055481463
-14.0800000000000 0.8738055481463
-14.0800000000000 0.8738055481463
-13.9200000000000 0.8723462586956
-13.7600000000000 0.8708534528197
-13.7600000000000 0.8708534528197
-13.6000000000000 0.8693260097383
-13.4400000000000 0.8677627497154
-13.4400000000000 0.8677627497154
-13.4400000000000 0.8677627497154
-13.2800000000000 0.8661624227434
-13.1200000000000 0.8645237129597
-13.1200000000000 0.8645237129597
-12.9600000000000 0.8628452533401
-12.8000000000000 0.8611256306609
-12.8000000000000 0.8611256306609
-12.8000000000000 0.8611256306609
-12.8000000000000 0.8611256306609
-12.8000000000000 0.8611256306609
-12.6400000000000 0.8593633701949
-12.4800000000000 0.8575569189865
-12.4800000000000 0.8575569189865
-12.3200000000000 0.8557046469278
-12.1600000000000 0.8538048516557
-12.1600000000000 0.8538048516557
-12.1600000000000 0.8538048516557
-12.0000000000000 0.8518557493198
-11.8400000000000 0.8498554607524
-11.8400000000000 0.8498554607524
-11.6800000000000 0.8478020066705
-11.5200000000000 0.8456933077270
-11.5200000000000 0.8456933077270
-11.5200000000000 0.8456933077270
-11.5200000000000 0.8456933077270
-11.3600000000000 0.8435271797531
-11.2000000000000 0.8413013247148
-11.2000000000000 0.8413013247148
-11.0400000000001 0.8390133272995
-10.8800000000001 0.8366606575178
-10.8800000000000 0.8366606575178
-10.8800000000000 0.8366606575178
-10.8000000000001 0.8354592499448
-10.7200000000001 0.8342406593511
-10.7200000000001 0.8342406593511
-10.6400000000001 0.8330045449554
-10.5600000000001 0.8317505254047
-10.5600000000001 0.8317505254047
-10.5600000000000 0.8317505254047
-10.4800000000001 0.8304782396173
-10.4000000000001 0.8291872859980
-10.4000000000001 0.8291872859980
-10.3200000000001 0.8278772839188
-10.2400000000001 0.8265478093972
-10.2400000000001 0.8265478093972
-10.2400000000000 0.8265478093972
-10.2400000000000 0.8265478093972
-10.2400000000000 0.8265478093972
-10.2400000000000 0.8265478093972
-10.1600000000001 0.8251984613850
-10.0800000000001 0.8238287904511
-10.0800000000001 0.8238287904511
-10.0000000000001 0.8224383636580
-9.9200000000001 0.8210267304766
-9.9200000000001 0.8210267304766
-9.9200000000000 0.8210267304766
-9.8400000000001 0.8195934267825
-9.7600000000001 0.8181379751087
-9.7600000000001 0.8181379751087
-9.6800000000001 0.8166598837831
-9.6000000000001 0.8151586461556
-9.6000000000001 0.8151586461556
-9.6000000000001 0.8151586461556
-9.6000000000000 0.8151586461556
-9.5200000000001 0.8136337402543
-9.4400000000001 0.8120846287813
-9.4400000000001 0.8120846287813
-9.3600000000001 0.8105107591970
-9.2800000000001 0.8089115636309
-9.2800000000001 0.8089115636309
-9.2800000000001 0.8089115636309
-9.2000000000001 0.8072864584683
-9.1200000000001 0.8056348436366
-9.1200000000001 0.8056348436366
-9.0400000000001 0.8039561017166
-8.9600000000001 0.8022495969857
-8.9600000000001 0.8022495969857
-8.9600000000001 0.8022495969857
-8.9600000000000 0.8022495969857
-8.9600000000000 0.8022495969857
-8.8800000000001 0.8005146744573
-8.8000000000001 0.7987506589975
-8.8000000000001 0.7987506589975
-8.7200000000001 0.7969568546259
-8.6400000000001 0.7951325440279
-8.6400000000001 0.7951325440279
-8.6400000000001 0.7951325440279
-8.5600000000001 0.7932769881563
-8.4800000000001 0.7913894257094
-8.4800000000001 0.7913894257094
-8.4000000000001 0.7894690723666
-8.3200000000001 0.7875151197876
-8.3200000000001 0.7875151197876
-8.3200000000001 0.7875151197876
-8.3200000000000 0.7875151197876
-8.2400000000001 0.7855267345557
-8.1600000000001 0.7835030572624
-8.1600000000001 0.7835030572624
-8.0800000000001 0.7814432018507
-8.0000000000001 0.7793462551328
-8.0000000000000 0.7793462551328
-8.0000000000000 0.7793462551328
-7.9200000000000 0.7772112761599
-7.8400000000001 0.7750372950541
-7.8400000000000 0.7750372950541
-7.7600000000001 0.7728233111109
-7.6800000000001 0.7705682904602
-7.6800000000001 0.7705682904602
-7.6800000000001 0.7705682904602
-7.6800000000000 0.7705682904602
-7.6800000000000 0.7705682904602
-7.6800000000000 0.7705682904602
-7.6000000000001 0.7682711640031
-7.5200000000001 0.7659308263330
-7.5200000000001 0.7659308263330
-7.4400000000001 0.7635461357627
-7.3600000000001 0.7611159147838
-7.3600000000001 0.7611159147838
-7.3600000000001 0.7611159147838
-7.2800000000000 0.7586389499360
-7.2000000000001 0.7561139904267
-7.2000000000000 0.7561139904267
-7.1200000000000 0.7535397456333
-7.0400000000001 0.7509148822621
-7.0400000000000 0.7509148822621
-7.0400000000000 0.7509148822621
-7.0400000000000 0.7509148822621
-6.9600000000000 0.7482380219928
-6.8800000000001 0.7455077398893
-6.8800000000000 0.7455077398893
-6.8000000000000 0.7427225632090
-6.7200000000001 0.7398809699673
-6.7200000000001 0.7398809699673
-6.7200000000001 0.7398809699673
-6.6400000000000 0.7369813869014
-6.5600000000000 0.7340221869974
-6.5600000000000 0.7340221869974
-6.4800000000000 0.7310016871462
-6.4000000000000 0.7279181464879
-6.4000000000000 0.7279181464879
-6.4000000000000 0.7279181464879
-6.4000000000000 0.7279181464879
-6.4000000000000 0.7279181464879
-6.3600000000000 0.7263521772269
-6.3200000000000 0.7247697655863
-6.3200000000000 0.7247697655863
-6.2800000000000 0.7231706830239
-6.2400000000000 0.7215546858918
-6.2400000000000 0.7215546858918
-6.2400000000000 0.7215546858918
-6.2000000000000 0.7199215382697
-6.1600000000000 0.7182709884341
-6.1600000000000 0.7182709884341
-6.1200000000000 0.7166027928393
-6.0800000000000 0.7149166910317
-6.0800000000000 0.7149166910317
-6.0800000000000 0.7149166910317
-6.0800000000000 0.7149166910317
-6.0400000000000 0.7132124316421
-6.0000000000000 0.7114897438711
-6.0000000000000 0.7114897438711
-5.9600000000000 0.7097483633978
-5.9200000000000 0.7079880194177
-5.9200000000000 0.7079880194177
-5.9200000000000 0.7079880194177
-5.8800000000000 0.7062084354070
-5.8400000000000 0.7044093299376
-5.8400000000000 0.7044093299376
-5.8000000000000 0.7025904167571
-5.7600000000000 0.7007514047666
-5.7600000000000 0.7007514047666
-5.7600000000000 0.7007514047666
-5.7600000000000 0.7007514047666
-5.7600000000000 0.7007514047666
-5.7200000000000 0.6988919979688
-5.6800000000000 0.6970118954013
-5.6800000000000 0.6970118954013
-5.6400000000000 0.6951107910585
-5.6000000000000 0.6931883738043
-5.6000000000000 0.6931883738043
-5.6000000000000 0.6931883738043
-5.5600000000000 0.6912443272798
-5.5200000000000 0.6892783298132
-5.5200000000000 0.6892783298132
-5.4800000000000 0.6872900543330
-5.4400000000000 0.6852791682891
-5.4400000000000 0.6852791682891
-5.4400000000000 0.6852791682891
-5.4400000000000 0.6852791682891
-5.4000000000000 0.6832453335763
-5.3600000000000 0.6811882064613
-5.3600000000000 0.6811882064613
-5.3200000000000 0.6791074375055
-5.2800000000000 0.6770026714830
-5.2800000000000 0.6770026714830
-5.2800000000000 0.6770026714830
-5.2400000000000 0.6748735472927
-5.2000000000000 0.6727196978627
-5.2000000000000 0.6727196978627
-5.1600000000000 0.6705407500514
-5.1200000000000 0.6683363245452
-5.1200000000000 0.6683363245452
-5.1200000000000 0.6683363245452
-5.1200000000000 0.6683363245452
-5.1200000000000 0.6683363245452
-5.1200000000000 0.6683363245452
-5.1200000000000 0.6683363245452
-5.0800000000000 0.6661060357574
-5.0400000000000 0.6638494917297
-5.0400000000000 0.6638494917297
-5.0000000000000 0.6615662940388
-4.9600000000000 0.6592560377072
-4.9600000000000 0.6592560377072
-4.9600000000000 0.6592560377072
-4.9200000000000 0.6569183111174
-4.8800000000000 0.6545526959241
-4.8800000000000 0.6545526959241
-4.8400000000000 0.6521587669628
-4.8000000000000 0.6497360921514
-4.8000000000000 0.6497360921514
-4.8000000000000 0.6497360921514
-4.8000000000000 0.6497360921514
-4.7600000000000 0.6472842323850
-4.7200000000000 0.6448027414256
-4.7200000000000 0.6448027414256
-4.6800000000000 0.6422911657908
-4.6400000000000 0.6397490446477
-4.6400000000000 0.6397490446477
-4.6400000000000 0.6397490446477
-4.6000000000000 0.6371759097198
-4.5600000000000 0.6345712852095
-4.5600000000000 0.6345712852095
-4.5200000000000 0.6319346877371
-4.4800000000000 0.6292656262924
-4.4800000000000 0.6292656262924
-4.4800000000000 0.6292656262924
-4.4800000000000 0.6292656262924
-4.4800000000000 0.6292656262924
-4.4400000000000 0.6265636021956
-4.4000000000000 0.6238281090631
-4.4000000000000 0.6238281090631
-4.3600000000000 0.6210586327763
-4.3200000000000 0.6182546514484
-4.3200000000000 0.6182546514484
-4.3200000000000 0.6182546514484
-4.2800000000000 0.6154156353853
-4.2400000000000 0.6125410470343
-4.2400000000000 0.6125410470343
-4.2000000000000 0.6096303409182
-4.1600000000000 0.6066829635515
-4.1600000000000 0.6066829635515
-4.1600000000000 0.6066829635515
-4.1600000000000 0.6066829635515
-4.1200000000000 0.6036983533457
-4.0800000000000 0.6006759405144
-4.0800000000000 0.6006759405144
-4.0400000000000 0.5976151469921
-4.0000000000000 0.5945153863788
-4.0000000000000 0.5945153863788
-4.0000000000000 0.5945153863788
-3.9600000000000 0.5913760639177
-3.9200000000000 0.5881965765131
-3.9200000000000 0.5881965765131
-3.8800000000000 0.5849763127879
-3.8400000000000 0.5817146531666
-3.8400000000000 0.5817146531666
-3.8400000000000 0.5817146531666
-3.8400000000000 0.5817146531666
-3.8400000000000 0.5817146531666
-3.8400000000000 0.5817146531666
-3.8000000000000 0.5784109699708
-3.7600000000000 0.5750646275023
-3.7600000000000 0.5750646275023
-3.7200000000000 0.5716749820934
-3.6800000000000 0.5682413821215
-3.6800000000000 0.5682413821215
-3.6800000000000 0.5682413821215
-3.6400000000000 0.5647631679916
-3.6000000000000 0.5612396721032
-3.6000000000000 0.5612396721032
-3.5600000000000 0.5576702188265
-3.5200000000000 0.5540541245134
-3.5200000000000 0.5540541245134
-3.5200000000000 0.5540541245134
-3.5200000000000 0.5540541245134
-3.4800000000000 0.5503906975616
-3.4400000000000 0.5466792385390
-3.4400000000000 0.5466792385390
-3.4000000000000 0.5429190403597
-3.3600000000000 0.5391093884880
-3.3600000000000 0.5391093884880
-3.3600000000000 0.5391093884880
-3.3200000000000 0.5352495611504
-3.2800000000000 0.5313388295337
-3.2800000000000 0.5313388295337
-3.2400000000000 0.5273764579658
-3.2000000000000 0.5233617040870
-3.2000000000000 0.5233617040870
-3.2000000000000 0.5233617040870
-3.2000000000000 0.5233617040870
-3.2000000000000 0.5233617040870
-3.1800000000001 0.5213344501534
-3.1600000000001 0.5192938190308
-3.1600000000000 0.5192938190308
-3.1400000000001 0.5172397167009
-3.1200000000001 0.5151720476393
-3.1200000000000 0.5151720476393
-3.1200000000000 0.5151720476393
-3.1000000000001 0.5130907170547
-3.0800000000001 0.5109956287291
-3.0800000000000 0.5109956287291
-3.0600000000001 0.5088866871486
-3.0400000000001 0.5067637954097
-3.0400000000000 0.5067637954097
-3.0400000000000 0.5067637954097
-3.0400000000000 0.5067637954097
-3.0200000000001 0.5046268574548
-3.0000000000001 0.5024757752326
-3.0000000000000 0.5024757752326
-2.9800000000001 0.5003104507944
-2.9600000000001 0.4981307877747
-2.9600000000000 0.4981307877747
-2.9600000000000 0.4981307877747
-2.9400000000001 0.4959366884556
-2.9200000000001 0.4937280547372
-2.9200000000000 0.4937280547372
-2.9000000000001 0.4915047882681
-2.8800000000001 0.4892667904483
-2.8800000000000 0.4892667904483
-2.8800000000000 0.4892667904483
-2.8800000000000 0.4892667904483
-2.8800000000000 0.4892667904483
-2.8600000000001 0.4870139624558
-2.8400000000001 0.4847462052596
-2.8400000000000 0.4847462052596
-2.8200000000001 0.4824634196348
-2.8000000000001 0.4801655061799
-2.8000000000000 0.4801655061799
-2.8000000000000 0.4801655061799
-2.7800000000001 0.4778523653356
-2.7600000000001 0.4755238974048
-2.7600000000000 0.4755238974048
-2.7400000000001 0.4731800025734
-2.7200000000001 0.4708205809316
-2.7200000000000 0.4708205809316
-2.7200000000000 0.4708205809316
-2.7200000000000 0.4708205809316
-2.7000000000001 0.4684455324962
-2.6800000000001 0.4660547572340
-2.6800000000000 0.4660547572340
-2.6600000000001 0.4636481550839
-2.6400000000001 0.4612256259794
-2.6400000000000 0.4612256259794
-2.6400000000000 0.4612256259794
-2.6200000000001 0.4587870698724
-2.6000000000001 0.4563323867583
-2.6000000000000 0.4563323867583
-2.5800000000001 0.4538614767012
-2.5600000000001 0.4513742398587
-2.5600000000000 0.4513742398587
-2.5600000000000 0.4513742398587
-2.5600000000000 0.4513742398587
-2.5600000000000 0.4513742398587
-2.5600000000000 0.4513742398587
-2.5600000000000 0.4513742398587
-2.5600000000000 0.4513742398587
-2.5400000000001 0.4488705765074
-2.5200000000001 0.4463503870697
-2.5200000000000 0.4463503870697
-2.5000000000001 0.4438135721402
-2.4800000000001 0.4412600325124
-2.4800000000000 0.4412600325124
-2.4800000000000 0.4412600325124
-2.4600000000001 0.4386896692048
-2.4400000000001 0.4361023834873
-2.4400000000000 0.4361023834873
-2.4200000000001 0.4334980769072
-2.4000000000001 0.4308766513164
-2.4000000000000 0.4308766513164
-2.4000000000000 0.4308766513164
-2.4000000000000 0.4308766513164
-2.3800000000001 0.4282380089002
-2.3600000000001 0.4255820522079
-2.3600000000000 0.4255820522079
-2.3400000000001 0.4229086841862
-2.3200000000001 0.4202178082152
-2.3200000000000 0.4202178082152
-2.3200000000000 0.4202178082152
-2.3000000000001 0.4175093281484
-2.2800000000001 0.4147831483563
-2.2800000000000 0.4147831483563
-2.2599999999999 0.4120391737728
-2.2400000000000 0.4092773099455
-2.2400000000000 0.4092773099455
-2.2400000000000 0.4092773099455
-2.2400000000000 0.4092773099455
-2.2399999999999 0.4092773099455
-2.2199999999999 0.4064974630889
-2.2000000000000 0.4036995401410
-2.1999999999999 0.4036995401410
-2.1799999999999 0.4008834488229
-2.1600000000000 0.3980490976994
-2.1600000000000 0.3980490976994
-2.1599999999999 0.3980490976994
-2.1399999999999 0.3951963962420
-2.1200000000000 0.3923252548919
-2.1199999999999 0.3923252548919
-2.0999999999999 0.3894355851222
-2.0800000000000 0.3865272995009
-2.0800000000000 0.3865272995009
-2.0800000000000 0.3865272995009
-2.0799999999999 0.3865272995009
-2.0599999999999 0.3836003117506
-2.0400000000000 0.3806545368076
-2.0399999999999 0.3806545368076
-2.0199999999999 0.3776898908804
-2.0000000000000 0.3747062915086
-2.0000000000000 0.3747062915086
-2.0000000000000 0.3747062915086
-1.9800000000000 0.3717036576227
-1.9600000000000 0.3686819096087
-1.9600000000000 0.3686819096087
-1.9399999999999 0.3656409693794
-1.9200000000000 0.3625807604536
-1.9200000000000 0.3625807604536
-1.9200000000000 0.3625807604536
-1.9200000000000 0.3625807604536
-1.9200000000000 0.3625807604536
-1.9199999999999 0.3625807604536
-1.8999999999999 0.3595012080431
-1.8800000000000 0.3564022391467
-1.8799999999999 0.3564022391467
-1.8599999999999 0.3532837826491
-1.8400000000000 0.3501457694238
-1.8400000000000 0.3501457694238
-1.8399999999999 0.3501457694238
-1.8200000000000 0.3469881324403
-1.8000000000000 0.3438108068727
-1.8000000000000 0.3438108068727
-1.7800000000000 0.3406137302133
-1.7600000000000 0.3373968423912
-1.7600000000000 0.3373968423912
-1.7600000000000 0.3373968423912
-1.7600000000000 0.3373968423912
-1.7400000000000 0.3341600858963
-1.7200000000000 0.3309034059098
-1.7200000000000 0.3309034059098
-1.7000000000000 0.3276267504376
-1.6800000000000 0.3243300704457
-1.6800000000000 0.3243300704457
-1.6800000000000 0.3243300704457
-1.6600000000000 0.3210133199938
-1.6400000000000 0.3176764563733
-1.6400000000000 0.3176764563733
-1.6200000000000 0.3143194402526
-1.6000000000000 0.3109422358390
-1.6000000000000 0.3109422358390
-1.6000000000000 0.3109422358390
-1.6000000000000 0.3109422358390
-1.6000000000000 0.3109422358390
-1.5800000000000 0.3075448110664
-1.5600000000000 0.3041271378080
-1.5600000000000 0.3041271378080
-1.5400000000000 0.3006891921137
-1.5200000000000 0.2972309544594
-1.5200000000000 0.2972309544594
-1.5200000000000 0.2972309544594
-1.5000000000000 0.2937524099964
-1.4800000000000 0.2902535487906
-1.4800000000000 0.2902535487906
-1.4600000000000 0.2867343660456
-1.4400000000000 0.2831948623174
-1.4400000000000 0.2831948623174
-1.4400000000000 0.2831948623174
-1.4400000000000 0.2831948623174
-1.4200000000000 0.2796350437298
-1.4000000000000 0.2760549222103
-1.4000000000000 0.2760549222103
-1.3800000000000 0.2724545157594
-1.3600000000000 0.2688338487635
-1.3600000000000 0.2688338487635
-1.3600000000000 0.2688338487635
-1.3400000000000 0.2651929523492
-1.3200000000000 0.2615318647678
-1.3200000000000 0.2615318647678
-1.3000000000000 0.2578506317992
-1.2800000000000 0.2541493071806
-1.2800000000000 0.2541493071806
-1.2800000000000 0.2541493071806
-1.2800000000000 0.2541493071806
-1.2800000000000 0.2541493071806
-1.2800000000000 0.2541493071806
-1.2800000000000 0.2541493071806
-1.2600000000000 0.2504279530597
-1.2400000000000 0.2466866404990
-1.2400000000000 0.2466866404990
-1.2200000000000 0.2429254500330
-1.2000000000000 0.2391444722693
-1.2000000000000 0.2391444722693
-1.2000000000000 0.2391444722693
-1.1800000000000 0.2353438084876
-1.1600000000000 0.2315235711965
-1.1600000000000 0.2315235711965
-1.1400000000000 0.2276838846280
-1.1200000000000 0.2238248852090
-1.1200000000000 0.2238248852090
-1.1200000000000 0.2238248852090
-1.1200000000000 0.2238248852090
-1.1000000000000 0.2199467220742
-1.0800000000000 0.2160495577008
-1.0800000000000 0.2160495577008
-1.0600000000000 0.2121335687346
-1.0400000000000 0.2081989469998
-1.0400000000000 0.2081989469998
-1.0400000000000 0.2081989469998
-1.0200000000000 0.2042459006417
-1.0000000000000 0.2002746553394
-1.0000000000000 0.2002746553394
-0.9800000000000 0.1962854555335
-0.9600000000000 0.1922785655960
-0.9600000000000 0.1922785655960
-0.9600000000000 0.1922785655960
-0.9600000000000 0.1922785655960
-0.9600000000000 0.1922785655960
-0.9400000000000 0.1882542709294
-0.9200000000000 0.1842128790630
-0.9200000000000 0.1842128790630
-0.9000000000000 0.1801547208966
-0.8800000000000 0.1760801522324
-0.8800000000000 0.1760801522324
-0.8800000000000 0.1760801522324
-0.8600000000000 0.1719895555773
-0.8400000000000 0.1678833420269
-0.8400000000000 0.1678833420269
-0.8200000000000 0.1637619529734
-0.8000000000000 0.1596258616832
-0.8000000000000 0.1596258616832
-0.8000000000000 0.1596258616832
-0.8000000000000 0.1596258616832
-0.7800000000000 0.1554755751806
-0.7600000000000 0.1513116369485
-0.7600000000000 0.1513116369485
-0.7400000000000 0.1471346306363
-0.7200000000000 0.1429451843520
-0.7200000000000 0.1429451843520
-0.7200000000000 0.1429451843520
-0.7000000000000 0.1387439746678
-0.6800000000000 0.1345317296859
-0.6800000000000 0.1345317296859
-0.6600000000000 0.1303092315739
-0.6400000000000 0.1260773197038
-0.6400000000000 0.1260773197038
-0.6400000000000 0.1260773197038
-0.6400000000000 0.1260773197038
-0.6400000000000 0.1260773197038
-0.6400000000000 0.1260773197038
-0.6200000000000 0.1218368952907
-0.6000000000000 0.1175889271001
-0.6000000000000 0.1175889271001
-0.5800000000000 0.1133344571973
-0.5600000000000 0.1090746073183
-0.5600000000000 0.1090746073183
-0.5600000000000 0.1090746073183
-0.5400000000000 0.1048105880291
-0.5200000000000 0.1005437110058
-0.5200000000000 0.1005437110058
-0.5000000000000 0.0962754006112
-0.4800000000000 0.0920072014454
-0.4800000000000 0.0920072014454
-0.4800000000000 0.0920072014454
-0.4800000000000 0.0920072014454
-0.4600000000000 0.0877407855324
-0.4400000000000 0.0834779662700
-0.4400000000000 0.0834779662700
-0.4200000000000 0.0792207200305
-0.4000000000000 0.0749712098585
-0.4000000000000 0.0749712098585
-0.4000000000000 0.0749712098585
-0.3800000000000 0.0707318079747
-0.3600000000000 0.0665051204344
-0.3600000000000 0.0665051204344
-0.3400000000000 0.0622940183003
-0.3200000000000 0.0581016772651
-0.3200000000000 0.0581016772651
-0.3200000000000 0.0581016772651
-0.3200000000000 0.0581016772651
-0.3200000000000 0.0581016772651
-0.3000000000000 0.0539316305434
-0.2800000000000 0.0497878359282
-0.2800000000000 0.0497878359282
-0.2600000000000 0.0456747479441
-0.2400000000000 0.0415974065423
-0.2400000000000 0.0415974065423
-0.2400000000000 0.0415974065423
-0.2200000000000 0.0375615738389
-0.2000000000000 0.0335739157682
-0.2000000000000 0.0335739157682
-0.1800000000000 0.0296422254235
-0.1600000000000 0.0257757541133
-0.1600000000000 0.0257757541133
-0.1600000000000 0.0257757541133
-0.1600000000000 0.0257757541133
-0.1400000000000 0.0219857152325
-0.1200000000000 0.0182860274583
-0.1200000000000 0.0182860274583
-0.1000000000000 0.0146944740591
-0.0800000000000 0.0112353376731
-0.0800000000000 0.0112353376731
-0.0800000000000 0.0112353376731
-0.0600000000000 0.0079410858946
-0.0400000000000 0.0048789776677
-0.0400000000000 0.0048789776677
-0.0200000000000 0.0021323435266
0.0000000000000 0.0000019417480
0.0000000000000 0.0000019417480
0.0000000000000 0.0000019417480
0.0000000000000 0.0000019417480
0.0000000000000 0.0000019417480
0.0000000000000 0.0000019417480
0.0000000000000 0.0000019417480
0.0000000000000 0.0000019417480
0.0200000000000 0.0021314239255
0.0400000000000 0.0048780142088
0.0400000000000 0.0048780142088
0.0600000000000 0.0079400073797
0.0800000000000 0.0112341995044
0.0800000000000 0.0112341995044
0.0800000000000 0.0112341995044
0.1000000000000 0.0146932859630
0.1200000000000 0.0182847996845
0.1200000000000 0.0182847996845
0.1400000000000 0.0219844546147
0.1600000000000 0.0257744659485
0.1600000000000 0.0257744659485
0.1600000000000 0.0257744659485
0.1600000000000 0.0257744659485
0.1800000000000 0.0296409138462
0.2000000000000 0.0335725840711
0.2000000000000 0.0335725840711
0.2200000000000 0.0375602248875
0.2400000000000 0.0415960429716
0.2400000000000 0.0415960429716
0.2400000000000 0.0415960429716
0.2600000000000 0.0456733719009
0.2800000000000 0.0497864490982
0.2800000000000 0.0497864490982
0.3000000000000 0.0539302343924
0.3200000000000 0.0581002731348
0.3200000000000 0.0581002731348
0.3200000000000 0.0581002731348
0.3200000000000 0.0581002731348
0.3200000000000 0.0581002731348
0.3400000000000 0.0622926075693
0.3600000000000 0.0665037045226
0.3600000000000 0.0665037045226
0.3800000000000 0.0707303880049
0.4000000000000 0.0749697864998
0.4000000000000 0.0749697864998
0.4000000000000 0.0749697864998
0.4200000000000 0.0792192937908
0.4400000000000 0.0834765378563
0.4400000000000 0.0834765378563
0.4600000000000 0.0877393558897
0.4800000000000 0.0920057714837
0.4800000000000 0.0920057714837
0.4800000000000 0.0920057714837
0.4800000000000 0.0920057714837
0.5000000000000 0.0962739709498
0.5200000000000 0.1005422820033
0.5200000000000 0.1005422820033
0.5400000000000 0.1048091600315
0.5600000000000 0.1090731808084
0.5600000000000 0.1090731808084
0.5600000000000 0.1090731808084
0.5800000000000 0.1133330327090
0.6000000000000 0.1175875050613
0.6000000000000 0.1175875050613
0.6200000000000 0.1218354760032
0.6400000000000 0.1260759034519
0.6400000000000 0.1260759034519
0.6400000000000 0.1260759034519
0.6400000000000 0.1260759034519
0.6400000000000 0.1260759034519
0.6400000000000 0.1260759034519
0.6600000000000 0.1303078186711
0.6800000000000 0.1345303204017
0.6800000000000 0.1345303204017
0.7000000000000 0.1387425692564
0.7200000000000 0.1429437831196
0.7200000000000 0.1429437831196
0.7200000000000 0.1429437831196
0.7400000000000 0.1471332339051
0.7600000000000 0.1513102449774
0.7600000000000 0.1513102449774
0.7800000000000 0.1554741881352
0.8000000000000 0.1596244796924
0.8000000000000 0.1596244796924
0.8000000000000 0.1596244796924
0.8000000000000 0.1596244796924
0.8200000000000 0.1637605761979
0.8400000000000 0.1678819706599
0.8400000000000 0.1678819706599
0.8600000000000 0.1719881897967
0.8800000000000 0.1760787921681
0.8800000000000 0.1760787921681
0.8800000000000 0.1760787921681
0.9000000000000 0.1801533666241
0.9200000000000 0.1842115306224
0.9200000000000 0.1842115306224
0.9400000000000 0.1882529283673
0.9600000000000 0.1922772289927
0.9600000000000 0.1922772289927
0.9600000000000 0.1922772289927
0.9600000000000 0.1922772289927
0.9600000000000 0.1922772289927
0.9800000000000 0.1962841250021
1.0000000000000 0.2002733310051
1.0000000000000 0.2002733310051
1.0200000000000 0.2042445826164
1.0400000000000 0.2081976353656
1.0400000000000 0.2081976353656
1.0400000000000 0.2081976353656
1.0600000000000 0.2121322635443
1.0800000000000 0.2160482589991
1.0800000000000 0.2160482589991
1.1000000000000 0.2199454299174
1.1200000000000 0.2238235996684
1.1200000000000 0.2238235996684
1.1200000000000 0.2238235996684
1.1200000000000 0.2238235996684
1.1400000000000 0.2276826057858
1.1600000000000 0.2315222991398
1.1600000000000 0.2315222991398
1.1800000000000 0.2353425432940
1.2000000000000 0.2391432139953
1.2000000000000 0.2391432139953
1.2000000000000 0.2391432139953
1.2200000000000 0.2429241987109
1.2400000000000 0.2466853961424
1.2400000000000 0.2466853961424
1.2600000000000 0.2504267156693
1.2800000000000 0.2541480767522
1.2800000000000 0.2541480767522
1.2800000000000 0.2541480767522
1.2800000000000 0.2541480767522
1.2800000000000 0.2541480767522
1.2800000000000 0.2541480767522
1.2800000000000 0.2541480767522
1.3000000000000 0.2578494083274
1.3200000000000 0.2615306482480
1.3200000000000 0.2615306482480
1.3400000000000 0.2651917427768
1.3600000000000 0.2688326461297
1.3600000000000 0.2688326461297
1.3600000000000 0.2688326461297
1.3800000000001 0.2724533200508
1.4000000000000 0.2760537334096
1.4000000000001 0.2760537334096
1.4200000000000 0.2796338618181
1.4400000000000 0.2831936872793
1.4400000000000 0.2831936872793
1.4400000000000 0.2831936872793
1.4400000000000 0.2831936872793
1.4600000000001 0.2867331978735
1.4800000000000 0.2902523874853
1.4800000000001 0.2902523874853
1.5000000000001 0.2937512555664
1.5200000000000 0.2972298069160
1.5200000000000 0.2972298069160
1.5200000000001 0.2972298069160
1.5400000000001 0.3006880514677
1.5600000000000 0.3041260040655
1.5600000000001 0.3041260040655
1.5800000000001 0.3075436842264
1.6000000000000 0.3109411158923
1.6000000000000 0.3109411158923
1.6000000000000 0.3109411158923
1.6000000000000 0.3109411158923
1.6000000000001 0.3109411158923
1.6200000000001 0.3143183271823
1.6400000000000 0.3176753501573
1.6400000000001 0.3176753501573
1.6600000000001 0.3210122206075
1.6800000000000 0.3243289778652
1.6800000000000 0.3243289778652
1.6800000000001 0.3243289778652
1.7000000000001 0.3276256646420
1.7200000000000 0.3309023268821
1.7200000000001 0.3309023268821
1.7400000000001 0.3341590136232
1.7600000000000 0.3373957768613
1.7600000000000 0.3373957768613
1.7600000000000 0.3373957768613
1.7600000000001 0.3373957768613
1.7800000000001 0.3406126714154
1.8000000000001 0.3438097547932
1.8000000000001 0.3438097547932
1.8200000000001 0.3469870870623
1.8400000000000 0.3501447307258
1.8400000000001 0.3501447307258
1.8400000000001 0.3501447307258
1.8600000000001 0.3532827506052
1.8800000000001 0.3564012137282
1.8800000000001 0.3564012137282
1.9000000000001 0.3595001892184
1.9200000000000 0.3625797481906
1.9200000000000 0.3625797481906
1.9200000000000 0.3625797481906
1.9200000000000 0.3625797481906
1.9200000000000 0.3625797481906
1.9200000000001 0.3625797481906
1.9400000000001 0.3656399636464
1.9600000000000 0.3686809103748
1.9600000000001 0.3686809103748
1.9800000000001 0.3717026648568
2.0000000000000 0.3747053051803
2.0000000000001 0.3747053051803
2.0000000000001 0.3747053051803
2.0200000000001 0.3776889109581
2.0400000000001 0.3806535632581
2.0400000000001 0.3806535632581
2.0600000000001 0.3835993445380
2.0800000000000 0.3865263385859
2.0800000000000 0.3865263385859
2.0800000000001 0.3865263385859
2.0800000000001 0.3865263385859
2.1000000000001 0.3894346304624
2.1200000000001 0.3923243064433
2.1200000000001 0.3923243064433
2.1400000000001 0.3951954539606
2.1600000000000 0.3980481615422
2.1600000000001 0.3980481615422
2.1600000000001 0.3980481615422
2.1800000000001 0.4008825187494
2.2000000000001 0.4036986161143
2.2000000000001 0.4036986161143
2.2200000000001 0.4064965450756
2.2400000000000 0.4092763979162
2.2400000000000 0.4092763979162
2.2400000000000 0.4092763979162
2.2400000000001 0.4092763979162
2.2400000000001 0.4092763979162
2.2600000000001 0.4120382677015
2.2800000000001 0.4147822482202
2.2800000000001 0.4147822482202
2.3000000000000 0.4175084339272
2.3200000000000 0.4202169198896
2.3200000000000 0.4202169198896
2.3200000000001 0.4202169198896
2.3400000000000 0.4229078017368
2.3600000000000 0.4255811756134
2.3600000000001 0.4255811756134
2.3800000000000 0.4282371381360
2.4000000000000 0.4308757863540
2.4000000000000 0.4308757863540
2.4000000000000 0.4308757863540
2.4000000000001 0.4308757863540
2.4200000000000 0.4334972177134
2.4400000000000 0.4361015300242
2.4400000000001 0.4361015300242
2.4600000000000 0.4386888214305
2.4800000000000 0.4412591903822
2.4800000000000 0.4412591903822
2.4800000000001 0.4412591903822
2.5000000000000 0.4438127356079
2.5200000000000 0.4463495560887
2.5200000000001 0.4463495560887
2.5400000000000 0.4488697510317
2.5600000000000 0.4513734198431
2.5600000000000 0.4513734198431
2.5600000000000 0.4513734198431
2.5600000000000 0.4513734198431
2.5600000000000 0.4513734198431
2.5600000000000 0.4513734198431
2.5600000000000 0.4513734198431
2.5600000000001 0.4513734198431
2.5800000000000 0.4538606621031
2.6000000000000 0.4563315775381
2.6000000000001 0.4563315775381
2.6200000000000 0.4587862659939
2.6400000000000 0.4612248274095
2.6400000000000 0.4612248274095
2.6400000000001 0.4612248274095
2.6600000000000 0.4636473617914
2.6800000000000 0.4660539691890
2.6800000000001 0.4660539691890
2.7000000000000 0.4684447496704
2.7200000000000 0.4708198032982
2.7200000000000 0.4708198032982
2.7200000000000 0.4708198032982
2.7200000000001 0.4708198032982
2.7400000000000 0.4731792301063
2.7600000000000 0.4755231300776
2.7600000000000 0.4755231300776
2.7800000000000 0.4778516031216
2.8000000000000 0.4801647490520
2.8000000000000 0.4801647490520
2.8000000000000 0.4801647490520
2.8200000000000 0.4824626675655
2.8400000000000 0.4847454582205
2.8400000000000 0.4847454582205
2.8600000000000 0.4870132204172
2.8800000000000 0.4892660533796
2.8800000000000 0.4892660533796
2.8800000000000 0.4892660533796
2.8800000000000 0.4892660533796
2.8800000000000 0.4892660533796
2.9000000000000 0.4915040561379
2.9200000000000 0.4937273275133
2.9200000000000 0.4937273275133
2.9400000000000 0.4959359661059
2.9600000000000 0.4981300702673
2.9600000000000 0.4981300702673
2.9600000000000 0.4981300702673
2.9800000000000 0.5003097380977
3.0000000000000 0.5024750673155
3.0000000000000 0.5024750673155
3.0200000000000 0.5046261542864
3.0400000000000 0.5067630969597
3.0400000000000 0.5067630969597
3.0400000000000 0.5067630969597
3.0400000000000 0.5067630969597
3.0600000000000 0.5088859933874
3.0800000000000 0.5109949396266
3.0800000000000 0.5109949396266
3.1000000000000 0.5130900325809
3.1200000000000 0.5151713677627
3.1200000000000 0.5151713677627
3.1200000000000 0.5151713677627
3.1400000000000 0.5172390413894
3.1600000000000 0.5192931482497
3.1600000000000 0.5192931482497
3.1800000000000 0.5213337838663
3.2000000000000 0.5233610422553
3.2000000000000 0.5233610422553
3.2000000000000 0.5233610422553
3.2000000000000 0.5233610422553
3.2000000000000 0.5233610422553
3.2400000000000 0.5273758049216
3.2800000000000 0.5313381851024
3.2800000000000 0.5313381851024
3.3200000000000 0.5352489251528
3.3600000000000 0.5391087607470
3.3600000000000 0.5391087607470
3.3600000000000 0.5391087607470
3.4000000000000 0.5429184207074
3.4400000000000 0.5466786268196
3.4400000000000 0.5466786268196
3.4800000000000 0.5503900936328
3.5200000000000 0.5540535282453
3.5200000000000 0.5540535282453
3.5200000000000 0.5540535282453
3.5200000000000 0.5540535282453
3.5600000000000 0.5576696300986
3.6000000000000 0.5612390908028
3.6000000000000 0.5612390908028
3.6400000000000 0.5647625940120
3.6800000000000 0.5682408153609
3.6800000000000 0.5682408153609
3.6800000000000 0.5682408153609
3.7200000000000 0.5716744224544
3.7600000000000 0.5750640748902
3.7600000000000 0.5750640748902
3.8000000000000 0.5784104242922
3.8400000000000 0.5817141143286
3.8400000000000 0.5817141143286
3.8400000000000 0.5817141143286
3.8400000000000 0.5817141143286
3.8400000000000 0.5817141143286
3.8400000000000 0.5817141143286
3.8800000000000 0.5849757806979
3.9200000000000 0.5881960510776
3.9200000000000 0.5881960510776
3.9600000000000 0.5913755450427
4.0000000000000 0.5945148739734
4.0000000000000 0.5945148739734
4.0000000000000 0.5945148739734
4.0400000000000 0.5976146409694
4.0800000000000 0.6006754407924
4.0800000000000 0.6006754407924
4.1200000000000 0.6036978598469
4.1600000000000 0.6066824762017
4.1600000000000 0.6066824762017
4.1600000000000 0.6066824762017
4.1600000000000 0.6066824762017
4.2000000000000 0.6096298596433
4.2400000000000 0.6125405717577
4.2400000000000 0.6125405717577
4.2800000000000 0.6154151660269
4.3200000000000 0.6182541879227
4.3200000000000 0.6182541879227
4.3200000000001 0.6182541879227
4.3600000000000 0.6210581749920
4.4000000000000 0.6238276569242
4.4000000000000 0.6238276569242
4.4400000000000 0.6265631556032
4.4800000000000 0.6292651851458
4.4800000000000 0.6292651851458
4.4800000000000 0.6292651851458
4.4800000000000 0.6292651851458
4.4800000000001 0.6292651851458
4.5200000000000 0.6319342519360
4.5600000000000 0.6345708546553
4.5600000000000 0.6345708546553
4.6000000000000 0.6371754843159
4.6400000000000 0.6397486242988
4.6400000000000 0.6397486242988
4.6400000000001 0.6397486242988
4.6800000000000 0.6422907504019
4.7199999999999 0.6448023309025
4.7200000000000 0.6448023309025
4.7600000000000 0.6472838266350
4.7999999999999 0.6497356910854
4.8000000000000 0.6497356910854
4.8000000000000 0.6497356910854
4.8000000000001 0.6497356910854
4.8400000000000 0.6521583704981
4.8799999999999 0.6545523039866
4.8800000000000 0.6545523039866
4.9200000000000 0.6569179236435
4.9599999999999 0.6592556546436
4.9600000000000 0.6592556546436
4.9600000000001 0.6592556546436
5.0000000000000 0.6615659153400
5.0399999999999 0.6638491173528
5.0400000000000 0.6638491173528
5.0800000000000 0.6661056656557
5.1199999999999 0.6683359586629
5.1200000000000 0.6683359586629
5.1200000000000 0.6683359586629
5.1200000000000 0.6683359586629
5.1200000000000 0.6683359586629
5.1200000000000 0.6683359586629
5.1200000000001 0.6683359586629
5.1600000000000 0.6705403883203
5.1999999999999 0.6727193402026
5.2000000000000 0.6727193402026
5.2400000000000 0.6748731936133
5.2799999999999 0.6770023216892
5.2800000000000 0.6770023216892
5.2800000000001 0.6770023216892
5.3200000000000 0.6791070915022
5.3599999999999 0.6811878641602
5.3600000000000 0.6811878641602
5.4000000000000 0.6832449949004
5.4399999999999 0.6852788331754
5.4400000000000 0.6852788331754
5.4400000000000 0.6852788331754
5.4400000000001 0.6852788331754
5.4800000000000 0.6872897227325
5.5199999999999 0.6892780016881
5.5200000000000 0.6892780016881
5.5600000000000 0.6912440026000
5.5999999999999 0.6931880525426
5.6000000000000 0.6931880525426
5.6000000000001 0.6931880525426
5.6400000000000 0.6951104731866
5.6799999999999 0.6970115808853
5.6800000000000 0.6970115808853
5.7200000000000 0.6988916867673
5.7599999999999 0.7007510968301
5.7600000000000 0.7007510968301
5.7600000000000 0.7007510968301
5.7600000000000 0.7007510968301
5.7600000000001 0.7007510968301
5.8000000000000 0.7025901120294
5.8399999999999 0.7044090283597
5.8400000000000 0.7044090283597
5.8800000000000 0.7062081369211
5.9199999999999 0.7079877239718
5.9200000000000 0.7079877239718
5.9200000000001 0.7079877239718
5.9600000000000 0.7097480709496
5.9999999999999 0.7114894543885
6.0000000000000 0.7114894543885
6.0400000000000 0.7132121451023
6.0799999999999 0.7149164074178
6.0800000000000 0.7149164074178
6.0800000000000 0.7149164074178
6.0800000000001 0.7149164074178
6.1200000000000 0.7166025121457
6.1599999999999 0.7182707106486
6.1600000000000 0.7182707106486
6.2000000000000 0.7199212633812
6.2399999999999 0.7215544138789
6.2400000000000 0.7215544138789
6.2400000000001 0.7215544138789
6.2800000000000 0.7231704138575
6.3199999999999 0.7247694992301
6.3200000000000 0.7247694992301
6.3600000000000 0.7263519136350
6.3999999999999 0.7279178856125
6.4000000000000 0.7279178856125
6.4000000000000 0.7279178856125
6.4000000000000 0.7279178856125
6.4000000000001 0.7279178856125
6.4799999999999 0.7310014315446
6.5599999999999 0.7340219364537
6.5600000000001 0.7340219364537
6.6399999999999 0.7369811412095
6.7199999999999 0.7398807289329
6.7200000000001 0.7398807289329
6.7200000000001 0.7398807289329
6.7999999999999 0.7427223266482
6.8799999999999 0.7455075076382
6.8800000000000 0.7455075076382
6.9599999999999 0.7482377939178
7.0399999999999 0.7509146582699
7.0400000000000 0.7509146582699
7.0400000000000 0.7509146582699
7.0400000000000 0.7509146582699
7.1199999999999 0.7535395256674
7.1999999999999 0.7561137744515
7.2000000000000 0.7561137744515
7.2799999999999 0.7586387379177
7.3599999999999 0.7611157066833
7.3600000000000 0.7611157066833
7.3600000000001 0.7611157066833
7.4399999999999 0.7635459315350
7.5199999999999 0.7659306259320
7.5200000000000 0.7659306259320
7.5999999999999 0.7682709673722
7.6799999999999 0.7705680975070
7.6800000000000 0.7705680975070
7.6800000000000 0.7705680975070
7.6800000000000 0.7705680975070
7.6800000000000 0.7705680975070
7.6800000000001 0.7705680975070
7.7599999999999 0.7728231216769
7.8400000000000 0.7750371089112
7.8400000000001 0.7750371089112
7.9200000000001 0.7772110930479
8.0000000000000 0.7793460748196
8.0000000000000 0.7793460748196
8.0000000000001 0.7793460748196
8.0800000000001 0.7814430241774
8.1600000000000 0.7835028821615
8.1600000000001 0.7835028821615
8.2400000000001 0.7855265620320
8.3200000000000 0.7875149498880
8.3200000000000 0.7875149498880
8.3200000000001 0.7875149498880
8.3200000000001 0.7875149498880
8.4000000000001 0.7894689051517
8.4800000000000 0.7913892612191
8.4800000000001 0.7913892612191
8.5600000000001 0.7932768263895
8.6400000000000 0.7951323849381
8.6400000000001 0.7951323849381
8.6400000000001 0.7951323849381
8.7200000000001 0.7969566981232
8.8000000000000 0.7987505049606
8.8000000000001 0.7987505049606
8.8800000000001 0.8005145227491
8.9600000000000 0.8022494474736
8.9600000000000 0.8022494474736
8.9600000000000 0.8022494474736
8.9600000000001 0.8022494474736
8.9600000000001 0.8022494474736
9.0400000000001 0.8039559542963
9.1200000000000 0.8056346982425
9.1200000000001 0.8056346982425
9.2000000000001 0.8072863150641
9.2800000000000 0.8089114221850
9.2800000000001 0.8089114221850
9.2800000000001 0.8089114221850
9.3600000000001 0.8105106196596
9.4400000000000 0.8120844910826
9.4400000000001 0.8120844910826
9.5200000000001 0.8136336043308
9.6000000000000 0.8151585119901
9.6000000000000 0.8151585119901
9.6000000000001 0.8151585119901
9.6000000000001 0.8151585119901
9.6800000000001 0.8166597514302
9.7600000000000 0.8181378446832
9.7600000000001 0.8181378446832
9.8400000000001 0.8195932984110
9.9200000000000 0.8210266042350
9.9200000000000 0.8210266042350
9.9200000000001 0.8210266042350
10.0000000000001 0.8224382395260
10.0800000000000 0.8238286683143
10.0800000000001 0.8238286683143
10.1600000000001 0.8251983410773
10.2400000000000 0.8265476907714
10.2400000000000 0.8265476907714
10.2400000000000 0.8265476907714
10.2400000000000 0.8265476907714
10.2400000000000 0.8265476907714
10.2400000000001 0.8265476907714
10.3200000000001 0.8278771668107
10.4000000000000 0.8291871702996
10.4000000000001 0.8291871702996
10.4800000000001 0.8304781252563
10.5600000000000 0.8317504123531
10.5600000000000 0.8317504123531
10.5600000000001 0.8317504123531
10.6400000000001 0.8330044332390
10.7200000000000 0.8342405490015
10.7200000000001 0.8342405490015
10.8000000000001 0.8354591410286
10.8800000000000 0.8366605500667
10.8800000000000 0.8366605500667
10.8800000000000 0.8366605500667
11.0400000000000 0.8390132228024
11.2000000000000 0.8413012230618
11.2000000000000 0.8413012230618
11.3599999999999 0.8435270807274
11.5199999999999 0.8456932111956
11.5200000000000 0.8456932111956
11.5200000000000 0.8456932111956
11.5200000000000 0.8456932111956
11.6799999999999 0.8478019126366
11.8399999999999 0.8498553691092
11.8400000000000 0.8498553691092
11.9999999999999 0.8518556597620
12.1599999999999 0.8538047639029
12.1600000000000 0.8538047639029
12.1600000000000 0.8538047639029
12.3199999999999 0.8557045608264
12.4799999999999 0.8575568344013
12.4800000000000 0.8575568344013
12.6399999999999 0.8593632870656
12.7999999999999 0.8611255490530
12.8000000000000 0.8611255490530
12.8000000000000 0.8611255490530
12.8000000000000 0.8611255490530
12.8000000000000 0.8611255490530
12.9599999999999 0.8628451732093
13.1199999999999 0.8645236341498
13.1200000000000 0.8645236341498
13.2799999999999 0.8661623453581
13.4399999999999 0.8677626741094
13.4400000000000 0.8677626741094
13.4400000000000 0.8677626741094
13.5999999999999 0.8693259361396
13.7599999999999 0.8708533812665
13.7600000000000 0.8708533812665
13.9199999999999 0.8723461890584
14.0799999999999 0.8738054799348
14.0800000000000 0.8738054799348
14.0800000000000 0.8738054799348
14.0800000000000 0.8738054799348
14.2399999999999 0.8752323305922
14.3999999999999 0.8766277629231
14.3999999999999 0.8766277629231
14.5599999999999 0.8779928599311
14.7199999999999 0.8793285149794
14.7199999999999 0.8793285149794
14.7200000000000 0.8793285149794
14.8799999999999 0.8806357080764
15.0399999999999 0.8819152622902
15.0399999999999 0.8819152622902
15.1999999999999 0.8831680711940
15.3599999999999 0.8843949032813
15.3599999999999 0.8843949032813
15.3600000000000 0.8843949032813
15.3600000000000 0.8843949032813
15.3600000000000 0.8843949032813
15.5199999999999 0.8855965884218
15.6799999999999 0.8867738360600
15.9999999999999 0.8890579770326
16.0000000000000 0.8890579770326
16.3199999999999 0.8912527668556
16.6400000000000 0.8933632263269
16.6400000000000 0.8933632263269
16.6400000000001 0.8933632263269
16.9600000000001 0.8953941116343
17.2800000000000 0.8973497450205
17.2800000000001 0.8973497450205
17.6000000000001 0.8992340854251
17.9200000000000 0.9010509089713
17.9200000000000 0.9010509089713
17.9200000000000 0.9010509089713
17.9200000000001 0.9010509089713
18.2400000000001 0.9028037964948
18.5600000000000 0.9044960710206
18.5600000000001 0.9044960710206
18.8800000000001 0.9061307347795
19.2000000000000 0.9077105769747
19.2000000000000 0.9077105769747
19.2000000000001 0.9077105769747
19.5200000000001 0.9092382893067
19.8400000000000 0.9107164146038
19.8400000000001 0.9107164146038
20.1600000000001 0.9121472967125
20.4800000000000 0.9135330229522
20.4800000000000 0.9135330229522
20.4800000000000 0.9135330229522
20.4800000000001 0.9135330229522
20.8000000000001 0.9148758714683
21.1200000000000 0.9161776136292
21.1200000000001 0.9161776136292
21.4400000000001 0.9174402637169
21.7600000000000 0.9186653711352
21.7600000000000 0.9186653711352
21.7600000000001 0.9186653711352
22.0800000000001 0.9198546878679
22.4000000000000 0.9210096204565
22.4000000000002 0.9210096204565
22.7200000000002 0.9221317350390
23.0400000000000 0.9232223048092
23.0400000000000 0.9232223048092
23.0400000000000 0.9232223048092
23.6800000000000 0.9253141956327
24.3200000000000 0.9272948744894
24.3200000000000 0.9272948744894
24.9600000000000 0.9291728723050
25.6000000000000 0.9309558762342
25.6000000000000 0.9309558762342
25.6000000000000 0.9309558762342
26.2400000000000 0.9326508627218
26.8800000000000 0.9342642354627
26.8800000000000 0.9342642354627
27.5200000000000 0.9358017414262
28.1600000000000 0.9372684748415
28.1600000000000 0.9372684748415
28.1600000000000 0.9372684748415
28.8000000000000 0.9386691467905
29.4400000000000 0.9400082892241
29.4400000000000 0.9400082892241
30.0800000000000 0.9412898400665
30.7200000000000 0.9425172737038
30.7200000000000 0.9425172737038
30.7200000000000 0.9425172737038
31.3600000000000 0.9436939914215
32.0000000000000 0.9448231028715
32.0000000000000 0.9448231028715
32.6400000000000 0.9459073396949
33.2800000000000 0.9469491923958
33.2800000000000 0.9469491923958
33.2800000000000 0.9469491923958
33.9200000000000 0.9479514170455
34.5600000000000 0.9489159485825
34.5600000000000 0.9489159485825
35.2000000000000 0.9498450684792
35.8400000000000 0.9507404932046
35.8400000000000 0.9507404932046
35.8400000000000 0.9507404932046
36.4800000000000 0.9516042080620
37.1200000000000 0.9524376880207
37.1200000000000 0.9524376880207
37.7600000000000 0.9532426428350
38.4000000000000 0.9540203534523
38.4000000000000 0.9540203534523
39.6800000000000 0.9554995946918
40.9600000000000 0.9568852203901
40.9600000000000 0.9568852203901
42.2400000000000 0.9581856724409
43.5200000000000 0.9594085974380
43.5200000000000 0.9594085974380
44.8000000000000 0.9605606829172
46.0800000000000 0.9616478207549
46.0800000000000 0.9616478207549
47.3600000000000 0.9626753728492
48.6400000000000 0.9636480979196
48.6400000000000 0.9636480979196
49.9200000000000 0.9645702056457
51.2000000000000 0.9654456336768
51.2000000000000 0.9654456336768
52.4800000000000 0.9662779795440
53.7600000000000 0.9670703486147
53.7600000000000 0.9670703486147
55.0400000000000 0.9678256565270
56.3200000000000 0.9685466205376
56.3200000000000 0.9685466205376
57.6000000000000 0.9692357098892
58.8800000000000 0.9698951866556
58.8800000000000 0.9698951866556
60.1600000000000 0.9705271207197
61.4400000000000 0.9711334208254
61.4400000000000 0.9711334208254
62.7200000000000 0.9717158202553
64.0000000000000 0.9722759809460
64.0000000000000 0.9722759809460
65.2800000000000 0.9728153761414
66.5600000000000 0.9733353333967
66.5600000000000 0.9733353333967
67.8400000000000 0.9738371059925
69.1200000000000 0.9743217486453
69.1200000000000 0.9743217486453
70.4000000000000 0.9747902596728
71.6800000000000 0.9752434803102
71.6800000000000 0.9752434803102
72.9600000000000 0.9756821094186
74.2400000000000 0.9761068134235
74.2400000000000 0.9761068134235
75.5200000000000 0.9765180649522
76.8000000000000 0.9769162520763
76.8000000000000 0.9769162520763
78.0800000000000 0.9773016383136
79.3600000000000 0.9776743947746
79.3600000000000 0.9776743947746
80.6400000000000 0.9780346995997
81.9200000000000 0.9783825510933
81.9200000000000 0.9783825510933
83.2000000000000 0.9787178894574
84.4800000000000 0.9790406833151
84.4800000000000 0.9790406833151
85.7600000000000 0.9793508228552
87.0400000000000 0.9796482059669
87.0400000000000 0.9796482059669
88.3200000000000 0.9799327913532
89.6000000000000 0.9802045421270
89.6000000000000 0.9802045421270
90.8800000000000 0.9804634626182
92.1600000000000 0.9807096645368
92.1600000000000 0.9807096645368
93.4400000000000 0.9809433980575
94.7200000000000 0.9811651253721
94.7200000000000 0.9811651253721
96.0000000000000 0.9813754115851
97.2800000000000 0.9815748999596
97.2800000000000 0.9815748999596
98.5600000000000 0.9817645555500
99.8400000000000 0.9819455660994
99.8400000000000 0.9819455660994
101.1200000000000 0.9821192543906
102.4000000000000 0.9822872032510
102.4000000000000 0.9822872032510
103.6800000000000 0.9824510762721
104.9600000000000 0.9826125992836
104.9600000000000 0.9826125992836
106.2400000000000 0.9827737339854
107.5200000000000 0.9829365995286
107.5200000000000 0.9829365995286
108.8000000000000 0.9831033043949
110.0800000000000 0.9832758219980
110.0800000000000 0.9832758219980
111.3600000000000 0.9834559855978
112.6400000000000 0.9836454950055
112.6400000000000 0.9836454950055
113.9200000000000 0.9838458465831
115.2000000000000 0.9840582994990
115.2000000000000 0.9840582994990
116.4800000000000 0.9842837283292
117.7600000000000 0.9845224187131
117.7600000000000 0.9845224187131
119.0400000000000 0.9847740577151
120.3200000000000 0.9850378669229
120.3200000000000 0.9850378669229
121.6000000000000 0.9853127012681
122.8800000000000 0.9855968990011
122.8800000000000 0.9855968990011
124.1600000000000 0.9858880863590
125.4400000000000 0.9861833503026
125.4400000000000 0.9861833503026
126.7200000000000 0.9864795510929
128.0000000000000 0.9867734658792
128.0000000000000 0.9867734658792
129.2800000000000 0.9870617212429
130.5600000000000 0.9873409790641
130.5600000000000 0.9873409790641
131.8400000000000 0.9876075186025
133.1200000000000 0.9878591143008
133.1200000000000 0.9878591143008
134.4000000000000 0.9880926035442
135.6800000000000 0.9883070767654
135.6800000000000 0.9883070767654
136.9600000000000 0.9885004400343
138.2400000000000 0.9886730838247
138.2400000000000 0.9886730838247
139.5200000000000 0.9888241908906
140.8000000000000 0.9889552904615
143.3600000000000 0.9891612375595
145.9200000000000 0.9893049627252
148.4800000000000 0.9894035470612
151.0400000000000 0.9894737435768
153.6000000000000 0.9895295461274
156.1600000000000 0.9895812718382
158.7200000000000 0.9896355955910
161.2800000000000 0.9896962380360
163.8400000000000 0.9897647258732
166.4000000000000 0.9898412107630
168.9600000000000 0.9899250374355
171.5200000000000 0.9900151575419
174.0800000000000 0.9901104238046
176.6400000000000 0.9902096635786
179.2000000000000 0.9903118533496
181.7600000000000 0.9904160798721
184.3200000000000 0.9905215637634
186.8800000000000 0.9906276586621
189.4400000000000 0.9907338629595
192.0000000000000 0.9908397572188
194.5600000000000 0.9909449384392
197.1200000000000 0.9910491185589
199.6800000000000 0.9911520980048
202.2400000000000 0.9912537943608
204.8000000000000 0.9913541010956
207.3600000000000 0.9914528434629
209.9200000000000 0.9915499508932
212.4800000000000 0.9916453677426
215.0400000000000 0.9917391226292
217.6000000000000 0.9918312772318
220.1600000000000 0.9919217377367
222.7200000000000 0.9920105295506
225.2800000000000 0.9920977134942
227.8400000000000 0.9921832058776
230.4000000000000 0.9922671033304
232.9600000000000 0.9923494806892
235.5200000000000 0.9924301664943
238.0800000000000 0.9925092115104
240.6400000000000 0.9925867972665
243.2000000000000 0.9926627558405
245.7600000000000 0.9927369778241
248.3200000000000 0.9928097817578
250.8800000000000 0.9928812884032
253.4400000000000 0.9929512276467
256.0000000000000 0.9930198447609
258.5600000000000 0.9930879986314
261.1200000000000 0.9931557975729
263.6800000000000 0.9932223113247
266.2400000000000 0.9932875018000
268.8000000000000 0.9933532190616
271.3600000000000 0.9934207614464
273.9200000000000 0.9934879089779
276.4800000000000 0.9935498393986
279.0400000000000 0.9936033736034
281.6000000000000 0.9936498229798
284.1600000000000 0.9936936836144
286.7200000000000 0.9937391355944
289.2800000000000 0.9937878174150
291.8400000000000 0.9938390593932
294.4000000000000 0.9938913448927
296.9600000000000 0.9939434618621
299.5200000000000 0.9939948232748
302.0800000000000 0.9940452815849
304.6400000000000 0.9940948615516
307.2000000000000 0.9941436082841
309.7600000000000 0.9941915517033
312.3200000000000 0.9942387151993
314.8800000000000 0.9942851194329
317.4400000000000 0.9943307827033
