# x rho
-317.4400000000000 0.0000000001000
-314.8800000000000 0.0000000001000
-312.3200000000000 0.0000000001002
-309.7600000000000 0.0000000001000
-307.2000000000000 0.0000000001003
-304.6400000000000 0.0000000001000
-302.0800000000000 0.0000000001004
-299.5200000000000 0.0000000001004
-296.9600000000000 0.0000000001000
-294.4000000000000 0.0000000001017
-291.8400000000000 0.0000000001000
-289.2800000000000 0.0000000001013
-286.7200000000000 0.0000000001000
-284.1600000000000 0.0000000001010
-281.6000000000000 0.0000000001000
-279.0400000000000 0.0000000001007
-276.4800000000000 0.0000000001000
-273.9200000000000 0.0000000001005
-271.3600000000000 0.0000000001005
-268.8000000000000 0.0000000001000
-266.2400000000000 0.0000000001016
-263.6800000000000 0.0000000001000
-261.1200000000000 0.0000000001015
-258.5600000000000 0.0000000001000
-256.0000000000000 0.0000000001012
-253.4400000000000 0.0000000001000
-250.8800000000000 0.0000000001010
-248.3200000000000 0.0000000001000
-245.7600000000000 0.0000000001001
-243.2000000000000 0.0000000001023
-240.6400000000000 0.0000000001000
-238.0800000000000 0.0000000001022
-235.5200000000000 0.0000000001000
-232.9600000000000 0.0000000001015
-230.4000000000000 0.0000000001009
-227.8400000000000 0.0000000001000
-225.2800000000000 0.0000000001030
-222.7200000000000 0.0000000001000
-220.1600000000000 0.0000000001009
-217.6000000000000 0.0000000001035
-215.0400000000000 0.0000000001000
-212.4800000000000 0.0000000001007
-209.9200000000000 0.0000000001040
-207.3600000000000 0.0000000001006
-204.8000000000000 0.0000000001000
-202.2400000000000 0.0000000001030
-199.6800000000000 0.0000000001031
-197.1200000000000 0.0000000001000
-194.5600000000000 0.0000000001012
-192.0000000000000 0.0000000001057
-189.4400000000000 0.0000000001000
-186.8800000000000 0.0000000001003
-184.3200000000000 0.0000000001074
-181.7600000000000 0.0000000001000
-179.2000000000000 0.0000000001001
-176.6400000000000 0.0000000001080
-174.0800000000000 0.0000000001002
-171.5200000000000 0.0000000001000
-168.9600000000000 0.0000000001075
-166.4000000000000 0.0000000001014
-163.8400000000000 0.0000000001000
-161.2800000000000 0.0000000001023
-158.7200000000000 0.0000000001062
-156.1600000000000 0.0000000001012
-153.6000000000000 0.0000000001000
-151.0400000000000 0.0000000001051
-148.4800000000000 0.0000000001054
-145.9200000000000 0.0000000001000
-143.3600000000000 0.0000000001039
-140.8000000000000 0.0000000001082
-139.5200000000000 0.0000000001041
-138.2400000000000 0.0000000001000
-138.2400000000000 0.0000000001000
-136.9600000000000 0.0000000001014
-135.6800000000000 0.0000000001035
-135.6800000000000 0.0000000001035
-134.4000000000000 0.0000000001066
-133.1200000000000 0.0000000001098
-133.1200000000000 0.0000000001098
-131.8400000000000 0.0000000001049
-130.5600000000000 0.0000000001000
-130.5600000000000 0.0000000001000
-129.2800000000000 0.0000000001013
-128.0000000000000 0.0000000001026
-128.0000000000000 0.0000000001026
-126.7200000000000 0.0000000001201
-125.4400000000000 0.0000000001173
-125.4400000000000 0.0000000001173
-124.1600000000000 0.0000000001028
-122.8800000000000 0.0000000001000
-122.8800000000000 0.0000000001000
-121.6000000000000 0.0000000001053
-120.3200000000000 0.0000000001256
-120.3200000000000 0.0000000001256
-119.0400000000000 0.0000000001095
-117.7600000000000 0.0000000001000
-117.7600000000000 0.0000000001000
-116.4800000000000 0.0000000001029
-115.2000000000000 0.0000000001303
-115.2000000000000 0.0000000001303
-113.9200000000000 0.0000000001046
-112.6400000000000 0.0000000001000
-112.6400000000000 0.0000000001000
-111.3600000000000 0.0000000001201
-110.0800000000000 0.0000000001175
-110.0800000000000 0.0000000001175
-108.8000000000000 0.0000000001000
-107.5200000000000 0.0000000001155
-107.5200000000000 0.0000000001155
-106.2400000000000 0.0000000001226
-104.9600000000000 0.0000000001000
-104.9600000000000 0.0000000001000
-103.6800000000000 0.0000000001171
-102.4000000000000 0.0000000001180
-102.4000000000000 0.0000000001180
-101.1200000000000 0.0000000001000
-99.8400000000000 0.0000000001228
-99.8400000000000 0.0000000001228
-98.5600000000000 0.0000000001111
-97.2800000000000 0.0000000001000
-97.2800000000000 0.0000000001000
-96.0000000000000 0.0000000001285
-94.7200000000000 0.0000000001042
-94.7200000000000 0.0000000001042
-93.4400000000000 0.0000000001000
-92.1600000000000 0.0000000001382
-92.1600000000000 0.0000000001382
-90.8800000000000 0.0000000001035
-89.6000000000000 0.0000000001000
-89.6000000000000 0.0000000001000
-88.3200000000000 0.0000000001420
-87.0400000000000 0.0000000001079
-87.0400000000000 0.0000000001079
-85.7600000000000 0.0000000001000
-84.4800000000000 0.0000000001379
-84.4800000000000 0.0000000001379
-83.2000000000000 0.0000000001180
-81.9200000000000 0.0000000001000
-81.9200000000000 0.0000000001000
-80.6400000000000 0.0000000001352
-79.3600000000000 0.0000000001296
-79.3600000000000 0.0000000001296
-78.0800000000000 0.0000000001000
-76.8000000000000 0.0000000001265
-76.8000000000000 0.0000000001265
-75.5200000000000 0.0000000001436
-74.2400000000000 0.0000000001000
-74.2400000000000 0.0000000001000
-72.9600000000000 0.0000000001094
-71.6800000000000 0.0000000001642
-71.6800000000000 0.0000000001642
-70.4000000000000 0.0000000001026
-69.1200000000000 0.0000000001000
-69.1200000000000 0.0000000001000
-67.8400000000000 0.0000000001689
-66.5600000000000 0.0000000001164
-66.5600000000000 0.0000000001164
-65.2800000000000 0.0000000001000
-64.0000000000000 0.0000000001554
-64.0000000000000 0.0000000001554
-62.7200000000000 0.0000000001372
-61.4400000000000 0.0000000001000
-61.4400000000000 0.0000000001000
-60.1600000000001 0.0000000001460
-58.8800000000001 0.0000000001528
-58.8800000000000 0.0000000001528
-57.6000000000001 0.0000000001000
-56.3200000000001 0.0000000001363
-56.3200000000000 0.0000000001363
-55.0400000000000 0.0000000001607
-53.7600000000000 0.0000000001000
-53.7600000000000 0.0000000001000
-52.4800000000000 0.0000000001273
-51.2000000000000 0.0000000001706
-51.2000000000000 0.0000000001706
-49.9200000000000 0.0000000001000
-48.6400000000000 0.0000000001122
-48.6400000000000 0.0000000001122
-47.3600000000000 0.0000000001130
-46.0800000000000 0.0000000001000
-46.0800000000000 0.0000000001000
-44.8000000000000 0.0000000001959
-43.5200000000000 0.0000000001910
-43.5200000000000 0.0000000001910
-42.2400000000000 0.0000000001012
-40.9600000000000 0.0000000001000
-40.9600000000000 0.0000000001000
-39.6800000000000 0.0000000001397
-38.4000000000000 0.0000000001053
-38.4000000000000 0.0000000001053
-37.7600000000000 0.0000000001026
-37.1200000000000 0.0000000001000
-37.1200000000000 0.0000000001000
-36.4800000000000 0.0000000001212
-35.8400000000000 0.0000000001483
-35.8400000000000 0.0000000001483
-35.8400000000000 0.0000000001483
-35.2000000000000 0.0000000001848
-34.5600000000000 0.0000000002213
-34.5600000000000 0.0000000002213
-33.9200000000000 0.0000000001967
-33.2800000000000 0.0000000001723
-33.2800000000000 0.0000000001723
-33.2800000000000 0.0000000001723
-32.6400000000000 0.0000000001491
-32.0000000000000 0.0000000001268
-32.0000000000000 0.0000000001268
-31.3600000000000 0.0000000001267
-30.7200000000000 0.0000000001460
-30.7200000000000 0.0000000001460
-30.7200000000000 0.0000000001460
-30.0800000000000 0.0000000001363
-29.4400000000000 0.0000000001048
-29.4400000000000 0.0000000001048
-28.8000000000000 0.0000000001000
-28.1600000000000 0.0000000001119
-28.1600000000000 0.0000000001119
-28.1600000000000 0.0000000001119
-27.5200000000000 0.0000000004144
-26.8800000000000 0.0000000005113
-26.8800000000000 0.0000000005113
-26.2400000000000 0.0000000001945
-25.6000000000000 0.0000000001066
-25.6000000000000 0.0000000001066
-25.6000000000000 0.0000000001066
-24.9600000000000 0.0000000001000
-24.3200000000000 0.0000000001149
-24.3200000000000 0.0000000001149
-23.6800000000000 0.0000000005096
-23.0400000000000 0.0000000005775
-23.0400000000000 0.0000000005775
-23.0400000000000 0.0000000005775
-22.7199999999999 0.0000000003623
-22.4000000000000 0.0000000001478
-22.3999999999999 0.0000000001478
-22.0799999999999 0.0000000001160
-21.7600000000000 0.0000000001000
-21.7600000000000 0.0000000001000
-21.7599999999999 0.0000000001000
-21.4399999999999 0.0000000001071
-21.1200000000000 0.0000000001135
-21.1199999999999 0.0000000001135
-20.7999999999999 0.0000000002419
-20.4800000000000 0.0000000003736
-20.4800000000000 0.0000000003736
-20.4800000000000 0.0000000003736
-20.4799999999999 0.0000000003736
-20.1599999999999 0.0000000005116
-19.8400000000000 0.0000000006495
-19.8400000000000 0.0000000006495
-19.5199999999999 0.0000000005946
-19.2000000000000 0.0000000002917
-19.2000000000000 0.0000000002917
-19.1999999999999 0.0000000002917
-18.8800000000000 0.0000000001540
-18.5600000000000 0.0000000001323
-18.5600000000000 0.0000000001323
-18.2400000000000 0.0000000001270
-17.9200000000000 0.0000000001213
-17.9200000000000 0.0000000001213
-17.9200000000000 0.0000000001213
-17.9200000000000 0.0000000001213
-17.6000000000000 0.0000000001140
-17.2800000000000 0.0000000001085
-17.2800000000000 0.0000000001085
-16.9600000000000 0.0000000001046
-16.6400000000000 0.0000000001006
-16.6400000000000 0.0000000001006
-16.6400000000000 0.0000000001006
-16.3199999999999 0.0000000001000
-16.0000000000000 0.0000000001713
-15.9999999999999 0.0000000001713
-15.6799999999999 0.0000000004819
-15.5200000000000 0.0000000005673
-15.3600000000000 0.0000000006126
-15.3600000000000 0.0000000006126
-15.3600000000000 0.0000000006126
-15.3600000000000 0.0000000006126
-15.3599999999999 0.0000000006126
-15.2000000000000 0.0000000006072
-15.0400000000000 0.0000000005841
-15.0399999999999 0.0000000005841
-14.8800000000000 0.0000000005398
-14.7200000000000 0.0000000004853
-14.7200000000000 0.0000000004853
-14.7199999999999 0.0000000004853
-14.5600000000000 0.0000000004155
-14.4000000000000 0.0000000003460
-14.3999999999999 0.0000000003460
-14.2400000000000 0.0000000002889
-14.0800000000000 0.0000000002400
-14.0800000000000 0.0000000002400
-14.0800000000000 0.0000000002400
-14.0800000000000 0.0000000002400
-13.9200000000000 0.0000000002093
-13.7600000000000 0.0000000001882
-13.7600000000000 0.0000000001882
-13.6000000000000 0.0000000001679
-13.4400000000000 0.0000000001510
-13.4400000000000 0.0000000001510
-13.4400000000000 0.0000000001510
-13.2800000000000 0.0000000001397
-13.1200000000000 0.0000000001362
-13.1200000000000 0.0000000001362
-12.9600000000000 0.0000000001656
-12.8000000000000 0.0000000002119
-12.8000000000000 0.0000000002119
-12.8000000000000 0.0000000002119
-12.8000000000000 0.0000000002119
-12.8000000000000 0.0000000002119
-12.6400000000000 0.0000000002200
-12.4800000000000 0.0000000001785
-12.4800000000000 0.0000000001785
-12.3200000000000 0.0000000001460
-12.1600000000000 0.0000000001418
-12.1600000000000 0.0000000001418
-12.1600000000000 0.0000000001418
-12.0000000000000 0.0000000001614
-11.8400000000000 0.0000000001753
-11.8400000000000 0.0000000001753
-11.6800000000000 0.0000000001782
-11.5200000000000 0.0000000001754
-11.5200000000000 0.0000000001754
-11.5200000000000 0.0000000001754
-11.5200000000000 0.0000000001754
-11.3600000000000 0.0000000001624
-11.2000000000000 0.0000000001416
-11.2000000000000 0.0000000001416
-11.0400000000001 0.0000000001314
-10.8800000000001 0.0000000001288
-10.8800000000000 0.0000000001288
-10.8800000000000 0.0000000001288
-10.8000000000001 0.0000000001285
-10.7200000000001 0.0000000001281
-10.7200000000001 0.0000000001281
-10.6400000000001 0.0000000001241
-10.5600000000001 0.0000000001201
-10.5600000000001 0.0000000001201
-10.5600000000000 0.0000000001201
-10.4800000000001 0.0000000001194
-10.4000000000001 0.0000000001188
-10.4000000000001 0.0000000001188
-10.3200000000001 0.0000000001206
-10.2400000000001 0.0000000001224
-10.2400000000001 0.0000000001224
-10.2400000000000 0.0000000001224
-10.2400000000000 0.0000000001224
-10.2400000000000 0.0000000001224
-10.2400000000000 0.0000000001224
-10.1600000000001 0.0000000001207
-10.0800000000001 0.0000000001190
-10.0800000000001 0.0000000001190
-10.0000000000001 0.0000000001179
-9.9200000000001 0.0000000001155
-9.9200000000001 0.0000000001155
-9.9200000000000 0.0000000001155
-9.8400000000001 0.0000000001128
-9.7600000000001 0.0000000001105
-9.7600000000001 0.0000000001105
-9.6800000000001 0.0000000001090
-9.6000000000001 0.0000000001088
-9.6000000000001 0.0000000001088
-9.6000000000001 0.0000000001088
-9.6000000000000 0.0000000001088
-9.5200000000001 0.0000000001084
-9.4400000000001 0.0000000001062
-9.4400000000001 0.0000000001062
-9.3600000000001 0.0000000001054
-9.2800000000001 0.0000000001046
-9.2800000000001 0.0000000001046
-9.2800000000001 0.0000000001046
-9.2000000000001 0.0000000001032
-9.1200000000001 0.0000000001028
-9.1200000000001 0.0000000001028
-9.0400000000001 0.0000000001020
-8.9600000000001 0.0000000001013
-8.9600000000001 0.0000000001013
-8.9600000000001 0.0000000001013
-8.9600000000000 0.0000000001013
-8.9600000000000 0.0000000001013
-8.8800000000001 0.0000000001005
-8.8000000000001 0.0000000001000
-8.8000000000001 0.0000000001000
-8.7200000000001 0.0000000001006
-8.6400000000001 0.0000000001059
-8.6400000000001 0.0000000001059
-8.6400000000001 0.0000000001059
-8.5600000000001 0.0000000001010
-8.4800000000001 0.0000000001000
-8.4800000000001 0.0000000001000
-8.4000000000001 0.0000000001753
-8.3200000000001 0.0000000003956
-8.3200000000001 0.0000000003956
-8.3200000000001 0.0000000003956
-8.3200000000000 0.0000000003956
-8.2400000000001 0.0000000005302
-8.1600000000001 0.0000000006270
-8.1600000000001 0.0000000006270
-8.0800000000001 0.0000000007563
-8.0000000000001 0.0000000009233
-8.0000000000000 0.0000000009233
-8.0000000000000 0.0000000009233
-7.9200000000000 0.0000000010705
-7.8400000000001 0.0000000011976
-7.8400000000000 0.0000000011976
-7.7600000000001 0.0000000013028
-7.6800000000001 0.0000000013466
-7.6800000000001 0.0000000013466
-7.6800000000001 0.0000000013466
-7.6800000000000 0.0000000013466
-7.6800000000000 0.0000000013466
-7.6800000000000 0.0000000013466
-7.6000000000001 0.0000000012293
-7.5200000000001 0.0000000010505
-7.5200000000001 0.0000000010505
-7.4400000000001 0.0000000009420
-7.3600000000001 0.0000000009082
-7.3600000000001 0.0000000009082
-7.3600000000001 0.0000000009082
-7.2800000000000 0.0000000008820
-7.2000000000001 0.0000000008511
-7.2000000000000 0.0000000008511
-7.1200000000000 0.0000000008325
-7.0400000000001 0.0000000008249
-7.0400000000000 0.0000000008249
-7.0400000000000 0.0000000008249
-7.0400000000000 0.0000000008249
-6.9600000000000 0.0000000008147
-6.8800000000001 0.0000000008116
-6.8800000000000 0.0000000008116
-6.8000000000000 0.0000000008114
-6.7200000000001 0.0000000008074
-6.7200000000001 0.0000000008074
-6.7200000000001 0.0000000008074
-6.6400000000000 0.0000000007807
-6.5600000000000 0.0000000007446
-6.5600000000000 0.0000000007446
-6.4800000000000 0.0000000007288
-6.4000000000000 0.0000000008564
-6.4000000000000 0.0000000008564
-6.4000000000000 0.0000000008564
-6.4000000000000 0.0000000008564
-6.4000000000000 0.0000000008564
-6.3600000000000 0.0000000012511
-6.3200000000000 0.0000000016429
-6.3200000000000 0.0000000016429
-6.2800000000000 0.0000000020366
-6.2400000000000 0.0000000024304
-6.2400000000000 0.0000000024304
-6.2400000000000 0.0000000024304
-6.2000000000000 0.0000000024448
-6.1600000000000 0.0000000024588
-6.1600000000000 0.0000000024588
-6.1200000000000 0.0000000020791
-6.0800000000000 0.0000000017020
-6.0800000000000 0.0000000017020
-6.0800000000000 0.0000000017020
-6.0800000000000 0.0000000017020
-6.0400000000000 0.0000000014076
-6.0000000000000 0.0000000011684
-6.0000000000000 0.0000000011684
-5.9600000000000 0.0000000010113
-5.9200000000000 0.0000000009096
-5.9200000000000 0.0000000009096
-5.9200000000000 0.0000000009096
-5.8800000000000 0.0000000008456
-5.8400000000000 0.0000000008020
-5.8400000000000 0.0000000008020
-5.8000000000000 0.0000000007565
-5.7600000000000 0.0000000006952
-5.7600000000000 0.0000000006952
-5.7600000000000 0.0000000006952
-5.7600000000000 0.0000000006952
-5.7600000000000 0.0000000006952
-5.7200000000000 0.0000000006266
-5.6800000000000 0.0000000005695
-5.6800000000000 0.0000000005695
-5.6400000000000 0.0000000005245
-5.6000000000000 0.0000000004886
-5.6000000000000 0.0000000004886
-5.6000000000000 0.0000000004886
-5.5600000000000 0.0000000004659
-5.5200000000000 0.0000000004553
-5.5200000000000 0.0000000004553
-5.4800000000000 0.0000000004469
-5.4400000000000 0.0000000004343
-5.4400000000000 0.0000000004343
-5.4400000000000 0.0000000004343
-5.4400000000000 0.0000000004343
-5.4000000000000 0.0000000004205
-5.3600000000000 0.0000000004073
-5.3600000000000 0.0000000004073
-5.3200000000000 0.0000000003940
-5.2800000000000 0.0000000003922
-5.2800000000000 0.0000000003922
-5.2800000000000 0.0000000003922
-5.2400000000000 0.0000000004184
-5.2000000000000 0.0000000004536
-5.2000000000000 0.0000000004536
-5.1600000000000 0.0000000005072
-5.1200000000000 0.0000000005629
-5.1200000000000 0.0000000005629
-5.1200000000000 0.0000000005629
-5.1200000000000 0.0000000005629
-5.1200000000000 0.0000000005629
-5.1200000000000 0.0000000005629
-5.1200000000000 0.0000000005629
-5.0800000000000 0.0000000006027
-5.0400000000000 0.0000000006357
-5.0400000000000 0.0000000006357
-5.0000000000000 0.0000000006342
-4.9600000000000 0.0000000006090
-4.9600000000000 0.0000000006090
-4.9600000000000 0.0000000006090
-4.9200000000000 0.0000000005968
-4.8800000000000 0.0000000005907
-4.8800000000000 0.0000000005907
-4.8400000000000 0.0000000005867
-4.8000000000000 0.0000000005915
-4.8000000000000 0.0000000005915
-4.8000000000000 0.0000000005915
-4.8000000000000 0.0000000005915
-4.7600000000000 0.0000000005923
-4.7200000000000 0.0000000005769
-4.7200000000000 0.0000000005769
-4.6800000000000 0.0000000005389
-4.6400000000000 0.0000000004989
-4.6400000000000 0.0000000004989
-4.6400000000000 0.0000000004989
-4.6000000000000 0.0000000004858
-4.5600000000000 0.0000000004817
-4.5600000000000 0.0000000004817
-4.5200000000000 0.0000000004835
-4.4800000000000 0.0000000004878
-4.4800000000000 0.0000000004878
-4.4800000000000 0.0000000004878
-4.4800000000000 0.0000000004878
-4.4800000000000 0.0000000004878
-4.4400000000000 0.0000000004883
-4.4000000000000 0.0000000004924
-4.4000000000000 0.0000000004924
-4.3600000000000 0.0000000005164
-4.3200000000000 0.0000000005278
-4.3200000000000 0.0000000005278
-4.3200000000000 0.0000000005278
-4.2800000000000 0.0000000004830
-4.2400000000000 0.0000000004353
-4.2400000000000 0.0000000004353
-4.2000000000000 0.0000000004303
-4.1600000000000 0.0000000004429
-4.1600000000000 0.0000000004429
-4.1600000000000 0.0000000004429
-4.1600000000000 0.0000000004429
-4.1200000000000 0.0000000004365
-4.0800000000000 0.0000000003640
-4.0800000000000 0.0000000003640
-4.0400000000000 0.0000000002947
-4.0000000000000 0.0000000002393
-4.0000000000000 0.0000000002393
-4.0000000000000 0.0000000002393
-3.9600000000000 0.0000000002128
-3.9200000000000 0.0000000002127
-3.9200000000000 0.0000000002127
-3.8800000000000 0.0000000002116
-3.8400000000000 0.0000000002090
-3.8400000000000 0.0000000002090
-3.8400000000000 0.0000000002090
-3.8400000000000 0.0000000002090
-3.8400000000000 0.0000000002090
-3.8400000000000 0.0000000002090
-3.8000000000000 0.0000000002134
-3.7600000000000 0.0000000002129
-3.7600000000000 0.0000000002129
-3.7200000000000 0.0000000002116
-3.6800000000000 0.0000000002075
-3.6800000000000 0.0000000002075
-3.6800000000000 0.0000000002075
-3.6400000000000 0.0000000001837
-3.6000000000000 0.0000000001766
-3.6000000000000 0.0000000001766
-3.5600000000000 0.0000000001569
-3.5200000000000 0.0000000001313
-3.5200000000000 0.0000000001313
-3.5200000000000 0.0000000001313
-3.5200000000000 0.0000000001313
-3.4800000000000 0.0000000001302
-3.4400000000000 0.0000000001213
-3.4400000000000 0.0000000001213
-3.4000000000000 0.0000000001130
-3.3600000000000 0.0000000001063
-3.3600000000000 0.0000000001063
-3.3600000000000 0.0000000001063
-3.3200000000000 0.0000000001042
-3.2800000000000 0.0000000001064
-3.2800000000000 0.0000000001064
-3.2400000000000 0.0000000001020
-3.2000000000000 0.0000000001082
-3.2000000000000 0.0000000001082
-3.2000000000000 0.0000000001082
-3.2000000000000 0.0000000001082
-3.2000000000000 0.0000000001082
-3.1800000000001 0.0000000001239
-3.1600000000001 0.0000000001490
-3.1600000000000 0.0000000001490
-3.1400000000001 0.0000000002179
-3.1200000000001 0.0000000002857
-3.1200000000000 0.0000000002857
-3.1200000000000 0.0000000002857
-3.1000000000001 0.0000000003433
-3.0800000000001 0.0000000003986
-3.0800000000000 0.0000000003986
-3.0600000000001 0.0000000004516
-3.0400000000001 0.0000000005024
-3.0400000000000 0.0000000005024
-3.0400000000000 0.0000000005024
-3.0400000000000 0.0000000005024
-3.0200000000001 0.0000000005309
-3.0000000000001 0.0000000005588
-3.0000000000000 0.0000000005588
-2.9800000000001 0.0000000005927
-2.9600000000001 0.0000000006354
-2.9600000000000 0.0000000006354
-2.9600000000000 0.0000000006354
-2.9400000000001 0.0000000006736
-2.9200000000001 0.0000000006877
-2.9200000000000 0.0000000006877
-2.9000000000001 0.0000000006885
-2.8800000000001 0.0000000006851
-2.8800000000000 0.0000000006851
-2.8800000000000 0.0000000006851
-2.8800000000000 0.0000000006851
-2.8800000000000 0.0000000006851
-2.8600000000001 0.0000000006708
-2.8400000000001 0.0000000005798
-2.8400000000000 0.0000000005798
-2.8200000000001 0.0000000004034
-2.8000000000001 0.0000000002817
-2.8000000000000 0.0000000002817
-2.8000000000000 0.0000000002817
-2.7800000000001 0.0000000002280
-2.7600000000001 0.0000000001993
-2.7600000000000 0.0000000001993
-2.7400000000001 0.0000000001770
-2.7200000000001 0.0000000001609
-2.7200000000000 0.0000000001609
-2.7200000000000 0.0000000001609
-2.7200000000000 0.0000000001609
-2.7000000000001 0.0000000001520
-2.6800000000001 0.0000000001464
-2.6800000000000 0.0000000001464
-2.6600000000001 0.0000000001414
-2.6400000000001 0.0000000001385
-2.6400000000000 0.0000000001385
-2.6400000000000 0.0000000001385
-2.6200000000001 0.0000000001379
-2.6000000000001 0.0000000001370
-2.6000000000000 0.0000000001370
-2.5800000000001 0.0000000001349
-2.5600000000001 0.0000000001329
-2.5600000000000 0.0000000001329
-2.5600000000000 0.0000000001329
-2.5600000000000 0.0000000001329
-2.5600000000000 0.0000000001329
-2.5600000000000 0.0000000001329
-2.5600000000000 0.0000000001329
-2.5600000000000 0.0000000001329
-2.5400000000001 0.0000000001323
-2.5200000000001 0.0000000001340
-2.5200000000000 0.0000000001340
-2.5000000000001 0.0000000001363
-2.4800000000001 0.0000000001375
-2.4800000000000 0.0000000001375
-2.4800000000000 0.0000000001375
-2.4600000000001 0.0000000001356
-2.4400000000001 0.0000000001350
-2.4400000000000 0.0000000001350
-2.4200000000001 0.0000000001363
-2.4000000000001 0.0000000001377
-2.4000000000000 0.0000000001377
-2.4000000000000 0.0000000001377
-2.4000000000000 0.0000000001377
-2.3800000000001 0.0000000001403
-2.3600000000001 0.0000000001446
-2.3600000000000 0.0000000001446
-2.3400000000001 0.0000000001628
-2.3200000000001 0.0000000001842
-2.3200000000000 0.0000000001842
-2.3200000000000 0.0000000001842
-2.3000000000001 0.0000000002165
-2.2800000000001 0.0000000002395
-2.2800000000000 0.0000000002395
-2.2599999999999 0.0000000002766
-2.2400000000000 0.0000000003241
-2.2400000000000 0.0000000003241
-2.2400000000000 0.0000000003241
-2.2400000000000 0.0000000003241
-2.2399999999999 0.0000000003241
-2.2199999999999 0.0000000003465
-2.2000000000000 0.0000000003875
-2.1999999999999 0.0000000003875
-2.1799999999999 0.0000000004810
-2.1600000000000 0.0000000005813
-2.1600000000000 0.0000000005813
-2.1599999999999 0.0000000005813
-2.1399999999999 0.0000000007064
-2.1200000000000 0.0000000008499
-2.1199999999999 0.0000000008499
-2.0999999999999 0.0000000010020
-2.0800000000000 0.0000000011582
-2.0800000000000 0.0000000011582
-2.0800000000000 0.0000000011582
-2.0799999999999 0.0000000011582
-2.0599999999999 0.0000000012824
-2.0400000000000 0.0000000013760
-2.0399999999999 0.0000000013760
-2.0199999999999 0.0000000014040
-2.0000000000000 0.0000000014285
-2.0000000000000 0.0000000014285
-2.0000000000000 0.0000000014285
-1.9800000000000 0.0000000014562
-1.9600000000000 0.0000000014921
-1.9600000000000 0.0000000014921
-1.9399999999999 0.0000000015227
-1.9200000000000 0.0000000015774
-1.9200000000000 0.0000000015774
-1.9200000000000 0.0000000015774
-1.9200000000000 0.0000000015774
-1.9200000000000 0.0000000015774
-1.9199999999999 0.0000000015774
-1.8999999999999 0.0000000016286
-1.8800000000000 0.0000000017314
-1.8799999999999 0.0000000017314
-1.8599999999999 0.0000000018730
-1.8400000000000 0.0000000020254
-1.8400000000000 0.0000000020254
-1.8399999999999 0.0000000020254
-1.8200000000000 0.0000000021060
-1.8000000000000 0.0000000021855
-1.8000000000000 0.0000000021855
-1.7800000000000 0.0000000022855
-1.7600000000000 0.0000000023854
-1.7600000000000 0.0000000023854
-1.7600000000000 0.0000000023854
-1.7600000000000 0.0000000023854
-1.7400000000000 0.0000000024282
-1.7200000000000 0.0000000024670
-1.7200000000000 0.0000000024670
-1.7000000000000 0.0000000025272
-1.6800000000000 0.0000000026496
-1.6800000000000 0.0000000026496
-1.6800000000000 0.0000000026496
-1.6600000000000 0.0000000027795
-1.6400000000000 0.0000000028427
-1.6400000000000 0.0000000028427
-1.6200000000000 0.0000000029653
-1.6000000000000 0.0000000029869
-1.6000000000000 0.0000000029869
-1.6000000000000 0.0000000029869
-1.6000000000000 0.0000000029869
-1.6000000000000 0.0000000029869
-1.5800000000000 0.0000000029195
-1.5600000000000 0.0000000025860
-1.5600000000000 0.0000000025860
-1.5400000000000 0.0000000021909
-1.5200000000000 0.0000000016203
-1.5200000000000 0.0000000016203
-1.5200000000000 0.0000000016203
-1.5000000000000 0.0000000009335
-1.4800000000000 0.0000000004305
-1.4800000000000 0.0000000004305
-1.4600000000000 0.0000000002201
-1.4400000000000 0.0000000001504
-1.4400000000000 0.0000000001504
-1.4400000000000 0.0000000001504
-1.4400000000000 0.0000000001504
-1.4200000000000 0.0000000001281
-1.4000000000000 0.0000000001360
-1.4000000000000 0.0000000001360
-1.3800000000000 0.0000000001330
-1.3600000000000 0.0000000001372
-1.3600000000000 0.0000000001372
-1.3600000000000 0.0000000001372
-1.3400000000000 0.0000000001472
-1.3200000000000 0.0000000001790
-1.3200000000000 0.0000000001790
-1.3000000000000 0.0000000001926
-1.2800000000000 0.0000000003020
-1.2800000000000 0.0000000003020
-1.2800000000000 0.0000000003020
-1.2800000000000 0.0000000003020
-1.2800000000000 0.0000000003020
-1.2800000000000 0.0000000003020
-1.2800000000000 0.0000000003020
-1.2600000000000 0.0000000006522
-1.2400000000000 0.0000000010664
-1.2400000000000 0.0000000010664
-1.2200000000000 0.0000000015135
-1.2000000000000 0.0000000020371
-1.2000000000000 0.0000000020371
-1.2000000000000 0.0000000020371
-1.1800000000000 0.0000000025919
-1.1600000000000 0.0000000030015
-1.1600000000000 0.0000000030015
-1.1400000000000 0.0000000028694
-1.1200000000000 0.0000000026899
-1.1200000000000 0.0000000026899
-1.1200000000000 0.0000000026899
-1.1200000000000 0.0000000026899
-1.1000000000000 0.0000000025127
-1.0800000000000 0.0000000023319
-1.0800000000000 0.0000000023319
-1.0600000000000 0.0000000021414
-1.0400000000000 0.0000000018520
-1.0400000000000 0.0000000018520
-1.0400000000000 0.0000000018520
-1.0200000000000 0.0000000020011
-1.0000000000000 0.0000000022464
-1.0000000000000 0.0000000022464
-0.9800000000000 0.0000000028319
-0.9600000000000 0.0000000031853
-0.9600000000000 0.0000000031853
-0.9600000000000 0.0000000031853
-0.9600000000000 0.0000000031853
-0.9600000000000 0.0000000031853
-0.9400000000000 0.0000000029632
-0.9200000000000 0.0000000023434
-0.9200000000000 0.0000000023434
-0.9000000000000 0.0000000014826
-0.8800000000000 0.0000000005585
-0.8800000000000 0.0000000005585
-0.8800000000000 0.0000000005585
-0.8600000000000 0.0000000002029
-0.8400000000000 0.0000000001710
-0.8400000000000 0.0000000001710
-0.8200000000000 0.0000000002304
-0.8000000000000 0.0000000004237
-0.8000000000000 0.0000000004237
-0.8000000000000 0.0000000004237
-0.8000000000000 0.0000000004237
-0.7800000000000 0.0000000008560
-0.7600000000000 0.0000000010135
-0.7600000000000 0.0000000010135
-0.7400000000000 0.0000000009394
-0.7200000000000 0.0000000006276
-0.7200000000000 0.0000000006276
-0.7200000000000 0.0000000006276
-0.7000000000000 0.0000000003203
-0.6800000000000 0.0000000001883
-0.6800000000000 0.0000000001883
-0.6600000000000 0.0000000001446
-0.6400000000000 0.0000000001728
-0.6400000000000 0.0000000001728
-0.6400000000000 0.0000000001728
-0.6400000000000 0.0000000001728
-0.6400000000000 0.0000000001728
-0.6400000000000 0.0000000001728
-0.6200000000000 0.0000000002674
-0.6000000000000 0.0000000004190
-0.6000000000000 0.0000000004190
-0.5800000000000 0.0000000007526
-0.5600000000000 0.0000000010240
-0.5600000000000 0.0000000010240
-0.5600000000000 0.0000000010240
-0.5400000000000 0.0000000011581
-0.5200000000000 0.0000000015009
-0.5200000000000 0.0000000015009
-0.5000000000000 0.0000000020822
-0.4800000000000 0.0000000027860
-0.4800000000000 0.0000000027860
-0.4800000000000 0.0000000027860
-0.4800000000000 0.0000000027860
-0.4600000000000 0.0000000048624
-0.4400000000000 0.0000000057239
-0.4400000000000 0.0000000057239
-0.4200000000000 0.0000000046014
-0.4000000000000 0.0000000024238
-0.4000000000000 0.0000000024238
-0.4000000000000 0.0000000024238
-0.3800000000000 0.0000000009719
-0.3600000000000 0.0000000005746
-0.3600000000000 0.0000000005746
-0.3400000000000 0.0000000004958
-0.3200000000000 0.0000000005687
-0.3200000000000 0.0000000005687
-0.3200000000000 0.0000000005687
-0.3200000000000 0.0000000005687
-0.3200000000000 0.0000000005687
-0.3000000000000 0.0000000006803
-0.2800000000000 0.0000000006872
-0.2800000000000 0.0000000006872
-0.2600000000000 0.0000000007676
-0.2400000000000 0.0000000011298
-0.2400000000000 0.0000000011298
-0.2400000000000 0.0000000011298
-0.2200000000000 0.0000000015039
-0.2000000000000 0.0000000021965
-0.2000000000000 0.0000000021965
-0.1800000000000 0.0000000029217
-0.1600000000000 0.0000000027663
-0.1600000000000 0.0000000027663
-0.1600000000000 0.0000000027663
-0.1600000000000 0.0000000027663
-0.1400000000000 0.0000000025419
-0.1200000000000 0.0000000026051
-0.1200000000000 0.0000000026051
-0.1000000000000 0.0000000029441
-0.0800000000000 0.0000000031083
-0.0800000000000 0.0000000031083
-0.0800000000000 0.0000000031083
-0.0600000000000 0.0000000028126
-0.0400000000000 0.0000000026837
-0.0400000000000 0.0000000026837
-0.0200000000000 0.0000000001000
0.0000000000000 0.0000000008867
0.0000000000000 0.0000000008867
0.0000000000000 0.0000000008867
0.0000000000000 0.0000000008867
0.0000000000000 0.0000000008867
0.0000000000000 0.0000000008867
0.0000000000000 0.0000000008867
0.0000000000000 0.0000000008867
0.0200000000000 0.0000000001000
0.0400000000000 0.0000000026496
0.0400000000000 0.0000000026496
0.0600000000000 0.0000000027691
0.0800000000000 0.0000000030941
0.0800000000000 0.0000000030941
0.0800000000000 0.0000000030941
0.1000000000000 0.0000000029594
0.1200000000000 0.0000000025595
0.1200000000000 0.0000000025595
0.1400000000000 0.0000000026152
0.1600000000000 0.0000000028314
0.1600000000000 0.0000000028314
0.1600000000000 0.0000000028314
0.1600000000000 0.0000000028314
0.1800000000000 0.0000000029896
0.2000000000000 0.0000000021570
0.2000000000000 0.0000000021570
0.2200000000000 0.0000000013952
0.2400000000000 0.0000000011541
0.2400000000000 0.0000000011541
0.2400000000000 0.0000000011541
0.2600000000000 0.0000000009133
0.2800000000000 0.0000000006979
0.2800000000000 0.0000000006979
0.3000000000000 0.0000000006508
0.3200000000000 0.0000000005437
0.3200000000000 0.0000000005437
0.3200000000000 0.0000000005437
0.3200000000000 0.0000000005437
0.3200000000000 0.0000000005437
0.3400000000000 0.0000000004849
0.3600000000000 0.0000000005852
0.3600000000000 0.0000000005852
0.3800000000000 0.0000000011362
0.4000000000000 0.0000000032050
0.4000000000000 0.0000000032050
0.4000000000000 0.0000000032050
0.4200000000000 0.0000000059888
0.4400000000000 0.0000000064580
0.4400000000000 0.0000000064580
0.4600000000000 0.0000000050742
0.4800000000000 0.0000000027498
0.4800000000000 0.0000000027498
0.4800000000000 0.0000000027498
0.4800000000000 0.0000000027498
0.5000000000000 0.0000000016804
0.5200000000000 0.0000000011149
0.5200000000000 0.0000000011149
0.5400000000000 0.0000000007949
0.5600000000000 0.0000000007511
0.5600000000000 0.0000000007511
0.5600000000000 0.0000000007511
0.5800000000000 0.0000000006956
0.6000000000000 0.0000000005275
0.6000000000000 0.0000000005275
0.6200000000000 0.0000000003555
0.6400000000000 0.0000000001824
0.6400000000000 0.0000000001824
0.6400000000000 0.0000000001824
0.6400000000000 0.0000000001824
0.6400000000000 0.0000000001824
0.6400000000000 0.0000000001824
0.6600000000000 0.0000000001172
0.6800000000000 0.0000000002008
0.6800000000000 0.0000000002008
0.7000000000000 0.0000000003911
0.7200000000000 0.0000000007069
0.7200000000000 0.0000000007069
0.7200000000000 0.0000000007069
0.7400000000000 0.0000000009477
0.7600000000000 0.0000000009392
0.7600000000000 0.0000000009392
0.7800000000000 0.0000000008192
0.8000000000000 0.0000000004636
0.8000000000000 0.0000000004636
0.8000000000000 0.0000000004636
0.8000000000000 0.0000000004636
0.8200000000000 0.0000000002735
0.8400000000000 0.0000000002178
0.8400000000000 0.0000000002178
0.8600000000000 0.0000000003074
0.8800000000000 0.0000000004406
0.8800000000000 0.0000000004406
0.8800000000000 0.0000000004406
0.9000000000000 0.0000000011578
0.9200000000000 0.0000000019311
0.9200000000000 0.0000000019311
0.9400000000000 0.0000000027384
0.9600000000000 0.0000000029193
0.9600000000000 0.0000000029193
0.9600000000000 0.0000000029193
0.9600000000000 0.0000000029193
0.9600000000000 0.0000000029193
0.9800000000000 0.0000000027632
1.0000000000000 0.0000000023791
1.0000000000000 0.0000000023791
1.0200000000000 0.0000000021336
1.0400000000000 0.0000000019231
1.0400000000000 0.0000000019231
1.0400000000000 0.0000000019231
1.0600000000000 0.0000000019306
1.0800000000000 0.0000000020797
1.0800000000000 0.0000000020797
1.1000000000000 0.0000000024940
1.1200000000000 0.0000000027224
1.1200000000000 0.0000000027224
1.1200000000000 0.0000000027224
1.1200000000000 0.0000000027224
1.1400000000000 0.0000000027128
1.1600000000000 0.0000000025909
1.1600000000000 0.0000000025909
1.1800000000000 0.0000000022591
1.2000000000000 0.0000000018454
1.2000000000000 0.0000000018454
1.2000000000000 0.0000000018454
1.2200000000000 0.0000000013673
1.2400000000000 0.0000000010040
1.2400000000000 0.0000000010040
1.2600000000000 0.0000000007103
1.2800000000000 0.0000000006029
1.2800000000000 0.0000000006029
1.2800000000000 0.0000000006029
1.2800000000000 0.0000000006029
1.2800000000000 0.0000000006029
1.2800000000000 0.0000000006029
1.2800000000000 0.0000000006029
1.3000000000000 0.0000000004957
1.3200000000000 0.0000000004738
1.3200000000000 0.0000000004738
1.3400000000000 0.0000000004355
1.3600000000000 0.0000000004140
1.3600000000000 0.0000000004140
1.3600000000000 0.0000000004140
1.3800000000001 0.0000000003596
1.4000000000000 0.0000000003132
1.4000000000001 0.0000000003132
1.4200000000000 0.0000000002299
1.4400000000000 0.0000000002480
1.4400000000000 0.0000000002480
1.4400000000000 0.0000000002480
1.4400000000000 0.0000000002480
1.4600000000001 0.0000000004338
1.4800000000000 0.0000000010606
1.4800000000001 0.0000000010606
1.5000000000001 0.0000000018628
1.5200000000000 0.0000000021402
1.5200000000000 0.0000000021402
1.5200000000001 0.0000000021402
1.5400000000001 0.0000000021504
1.5600000000000 0.0000000020775
1.5600000000001 0.0000000020775
1.5800000000001 0.0000000021097
1.6000000000000 0.0000000022274
1.6000000000000 0.0000000022274
1.6000000000000 0.0000000022274
1.6000000000000 0.0000000022274
1.6000000000001 0.0000000022274
1.6200000000001 0.0000000023956
1.6400000000000 0.0000000025040
1.6400000000001 0.0000000025040
1.6600000000001 0.0000000025250
1.6800000000000 0.0000000025560
1.6800000000000 0.0000000025560
1.6800000000001 0.0000000025560
1.7000000000001 0.0000000026074
1.7200000000000 0.0000000026190
1.7200000000001 0.0000000026190
1.7400000000001 0.0000000025383
1.7600000000000 0.0000000024291
1.7600000000000 0.0000000024291
1.7600000000000 0.0000000024291
1.7600000000001 0.0000000024291
1.7800000000001 0.0000000023215
1.8000000000001 0.0000000021680
1.8000000000001 0.0000000021680
1.8200000000001 0.0000000019764
1.8400000000000 0.0000000018373
1.8400000000001 0.0000000018373
1.8400000000001 0.0000000018373
1.8600000000001 0.0000000017017
1.8800000000001 0.0000000015439
1.8800000000001 0.0000000015439
1.9000000000001 0.0000000013888
1.9200000000000 0.0000000013085
1.9200000000000 0.0000000013085
1.9200000000000 0.0000000013085
1.9200000000000 0.0000000013085
1.9200000000000 0.0000000013085
1.9200000000001 0.0000000013085
1.9400000000001 0.0000000012196
1.9600000000000 0.0000000011101
1.9600000000001 0.0000000011101
1.9800000000001 0.0000000009464
2.0000000000000 0.0000000008100
2.0000000000001 0.0000000008100
2.0000000000001 0.0000000008100
2.0200000000001 0.0000000006746
2.0400000000001 0.0000000005500
2.0400000000001 0.0000000005500
2.0600000000001 0.0000000004315
2.0800000000000 0.0000000003680
2.0800000000000 0.0000000003680
2.0800000000001 0.0000000003680
2.0800000000001 0.0000000003680
2.1000000000001 0.0000000003552
2.1200000000001 0.0000000003487
2.1200000000001 0.0000000003487
2.1400000000001 0.0000000003374
2.1600000000000 0.0000000003190
2.1600000000001 0.0000000003190
2.1600000000001 0.0000000003190
2.1800000000001 0.0000000003246
2.2000000000001 0.0000000003447
2.2000000000001 0.0000000003447
2.2200000000001 0.0000000003836
2.2400000000000 0.0000000004373
2.2400000000000 0.0000000004373
2.2400000000000 0.0000000004373
2.2400000000001 0.0000000004373
2.2400000000001 0.0000000004373
2.2600000000001 0.0000000005142
2.2800000000001 0.0000000006272
2.2800000000001 0.0000000006272
2.3000000000000 0.0000000007775
2.3200000000000 0.0000000008555
2.3200000000000 0.0000000008555
2.3200000000001 0.0000000008555
2.3400000000000 0.0000000008178
2.3600000000000 0.0000000007256
2.3600000000001 0.0000000007256
2.3800000000000 0.0000000005397
2.4000000000000 0.0000000002870
2.4000000000000 0.0000000002870
2.4000000000000 0.0000000002870
2.4000000000001 0.0000000002870
2.4200000000000 0.0000000001311
2.4400000000000 0.0000000001026
2.4400000000001 0.0000000001026
2.4600000000000 0.0000000001002
2.4800000000000 0.0000000001073
2.4800000000000 0.0000000001073
2.4800000000001 0.0000000001073
2.5000000000000 0.0000000001060
2.5200000000000 0.0000000001099
2.5200000000001 0.0000000001099
2.5400000000000 0.0000000001127
2.5600000000000 0.0000000001123
2.5600000000000 0.0000000001123
2.5600000000000 0.0000000001123
2.5600000000000 0.0000000001123
2.5600000000000 0.0000000001123
2.5600000000000 0.0000000001123
2.5600000000000 0.0000000001123
2.5600000000001 0.0000000001123
2.5800000000000 0.0000000001107
2.6000000000000 0.0000000001171
2.6000000000001 0.0000000001171
2.6200000000000 0.0000000001291
2.6400000000000 0.0000000001462
2.6400000000000 0.0000000001462
2.6400000000001 0.0000000001462
2.6600000000000 0.0000000001579
2.6800000000000 0.0000000001676
2.6800000000001 0.0000000001676
2.7000000000000 0.0000000001819
2.7200000000000 0.0000000002105
2.7200000000000 0.0000000002105
2.7200000000000 0.0000000002105
2.7200000000001 0.0000000002105
2.7400000000000 0.0000000002259
2.7600000000000 0.0000000002563
2.7600000000000 0.0000000002563
2.7800000000000 0.0000000002667
2.8000000000000 0.0000000002617
2.8000000000000 0.0000000002617
2.8000000000000 0.0000000002617
2.8200000000000 0.0000000002960
2.8400000000000 0.0000000005541
2.8400000000000 0.0000000005541
2.8600000000000 0.0000000008765
2.8800000000000 0.0000000010330
2.8800000000000 0.0000000010330
2.8800000000000 0.0000000010330
2.8800000000000 0.0000000010330
2.8800000000000 0.0000000010330
2.9000000000000 0.0000000010811
2.9200000000000 0.0000000011753
2.9200000000000 0.0000000011753
2.9400000000000 0.0000000012398
2.9600000000000 0.0000000011956
2.9600000000000 0.0000000011956
2.9600000000000 0.0000000011956
2.9800000000000 0.0000000010949
3.0000000000000 0.0000000009017
3.0000000000000 0.0000000009017
3.0200000000000 0.0000000007279
3.0400000000000 0.0000000005511
3.0400000000000 0.0000000005511
3.0400000000000 0.0000000005511
3.0400000000000 0.0000000005511
3.0600000000000 0.0000000004599
3.0800000000000 0.0000000003831
3.0800000000000 0.0000000003831
3.1000000000000 0.0000000003291
3.1200000000000 0.0000000002742
3.1200000000000 0.0000000002742
3.1200000000000 0.0000000002742
3.1400000000000 0.0000000001939
3.1600000000000 0.0000000001122
3.1600000000000 0.0000000001122
3.1800000000000 0.0000000001064
3.2000000000000 0.0000000001000
3.2000000000000 0.0000000001000
3.2000000000000 0.0000000001000
3.2000000000000 0.0000000001000
3.2000000000000 0.0000000001000
3.2400000000000 0.0000000001013
3.2800000000000 0.0000000001182
3.2800000000000 0.0000000001182
3.3200000000000 0.0000000001237
3.3600000000000 0.0000000001245
3.3600000000000 0.0000000001245
3.3600000000000 0.0000000001245
3.4000000000000 0.0000000001274
3.4400000000000 0.0000000001393
3.4400000000000 0.0000000001393
3.4800000000000 0.0000000001686
3.5200000000000 0.0000000001851
3.5200000000000 0.0000000001851
3.5200000000000 0.0000000001851
3.5200000000000 0.0000000001851
3.5600000000000 0.0000000001989
3.6000000000000 0.0000000002424
3.6000000000000 0.0000000002424
3.6400000000000 0.0000000002704
3.6800000000000 0.0000000002816
3.6800000000000 0.0000000002816
3.6800000000000 0.0000000002816
3.7200000000000 0.0000000002957
3.7600000000000 0.0000000002835
3.7600000000000 0.0000000002835
3.8000000000000 0.0000000002672
3.8400000000000 0.0000000002600
3.8400000000000 0.0000000002600
3.8400000000000 0.0000000002600
3.8400000000000 0.0000000002600
3.8400000000000 0.0000000002600
3.8400000000000 0.0000000002600
3.8800000000000 0.0000000002261
3.9200000000000 0.0000000001930
3.9200000000000 0.0000000001930
3.9600000000000 0.0000000002008
4.0000000000000 0.0000000002251
4.0000000000000 0.0000000002251
4.0000000000000 0.0000000002251
4.0400000000000 0.0000000002668
4.0800000000000 0.0000000003152
4.0800000000000 0.0000000003152
4.1200000000000 0.0000000003591
4.1600000000000 0.0000000003956
4.1600000000000 0.0000000003956
4.1600000000000 0.0000000003956
4.1600000000000 0.0000000003956
4.2000000000000 0.0000000004333
4.2400000000000 0.0000000004711
4.2400000000000 0.0000000004711
4.2800000000000 0.0000000004945
4.3200000000000 0.0000000004978
4.3200000000000 0.0000000004978
4.3200000000001 0.0000000004978
4.3600000000000 0.0000000004758
4.4000000000000 0.0000000003754
4.4000000000000 0.0000000003754
4.4400000000000 0.0000000001982
4.4800000000000 0.0000000001068
4.4800000000000 0.0000000001068
4.4800000000000 0.0000000001068
4.4800000000000 0.0000000001068
4.4800000000001 0.0000000001068
4.5200000000000 0.0000000001000
4.5600000000000 0.0000000001081
4.5600000000000 0.0000000001081
4.6000000000000 0.0000000001113
4.6400000000000 0.0000000001049
4.6400000000000 0.0000000001049
4.6400000000001 0.0000000001049
4.6800000000000 0.0000000001105
4.7199999999999 0.0000000001210
4.7200000000000 0.0000000001210
4.7600000000000 0.0000000001156
4.7999999999999 0.0000000001069
4.8000000000000 0.0000000001069
4.8000000000000 0.0000000001069
4.8000000000001 0.0000000001069
4.8400000000000 0.0000000001134
4.8799999999999 0.0000000001190
4.8800000000000 0.0000000001190
4.9200000000000 0.0000000001248
4.9599999999999 0.0000000001517
4.9600000000000 0.0000000001517
4.9600000000001 0.0000000001517
5.0000000000000 0.0000000001585
5.0399999999999 0.0000000001603
5.0400000000000 0.0000000001603
5.0800000000000 0.0000000002174
5.1199999999999 0.0000000002839
5.1200000000000 0.0000000002839
5.1200000000000 0.0000000002839
5.1200000000000 0.0000000002839
5.1200000000000 0.0000000002839
5.1200000000000 0.0000000002839
5.1200000000001 0.0000000002839
5.1600000000000 0.0000000003108
5.1999999999999 0.0000000003227
5.2000000000000 0.0000000003227
5.2400000000000 0.0000000003607
5.2799999999999 0.0000000005098
5.2800000000000 0.0000000005098
5.2800000000001 0.0000000005098
5.3200000000000 0.0000000006575
5.3599999999999 0.0000000007754
5.3600000000000 0.0000000007754
5.4000000000000 0.0000000008403
5.4399999999999 0.0000000006783
5.4400000000000 0.0000000006783
5.4400000000000 0.0000000006783
5.4400000000001 0.0000000006783
5.4800000000000 0.0000000005249
5.5199999999999 0.0000000005793
5.5200000000000 0.0000000005793
5.5600000000000 0.0000000006945
5.5999999999999 0.0000000008142
5.6000000000000 0.0000000008142
5.6000000000001 0.0000000008142
5.6400000000000 0.0000000008851
5.6799999999999 0.0000000008534
5.6800000000000 0.0000000008534
5.7200000000000 0.0000000007817
5.7599999999999 0.0000000007038
5.7600000000000 0.0000000007038
5.7600000000000 0.0000000007038
5.7600000000000 0.0000000007038
5.7600000000001 0.0000000007038
5.8000000000000 0.0000000006414
5.8399999999999 0.0000000006180
5.8400000000000 0.0000000006180
5.8800000000000 0.0000000006024
5.9199999999999 0.0000000005774
5.9200000000000 0.0000000005774
5.9200000000001 0.0000000005774
5.9600000000000 0.0000000005715
5.9999999999999 0.0000000005631
6.0000000000000 0.0000000005631
6.0400000000000 0.0000000005587
6.0799999999999 0.0000000005563
6.0800000000000 0.0000000005563
6.0800000000000 0.0000000005563
6.0800000000001 0.0000000005563
6.1200000000000 0.0000000005894
6.1599999999999 0.0000000006471
6.1600000000000 0.0000000006471
6.2000000000000 0.0000000007852
6.2399999999999 0.0000000009860
6.2400000000000 0.0000000009860
6.2400000000001 0.0000000009860
6.2800000000000 0.0000000013375
6.3199999999999 0.0000000016914
6.3200000000000 0.0000000016914
6.3600000000000 0.0000000020141
6.3999999999999 0.0000000023166
6.4000000000000 0.0000000023166
6.4000000000000 0.0000000023166
6.4000000000000 0.0000000023166
6.4000000000001 0.0000000023166
6.4799999999999 0.0000000021036
6.5599999999999 0.0000000014860
6.5600000000001 0.0000000014860
6.6399999999999 0.0000000011927
6.7199999999999 0.0000000011717
6.7200000000001 0.0000000011717
6.7200000000001 0.0000000011717
6.7999999999999 0.0000000011697
6.8799999999999 0.0000000011018
6.8800000000000 0.0000000011018
6.9599999999999 0.0000000009151
7.0399999999999 0.0000000008206
7.0400000000000 0.0000000008206
7.0400000000000 0.0000000008206
7.0400000000000 0.0000000008206
7.1199999999999 0.0000000008267
7.1999999999999 0.0000000008498
7.2000000000000 0.0000000008498
7.2799999999999 0.0000000008862
7.3599999999999 0.0000000009583
7.3600000000000 0.0000000009583
7.3600000000001 0.0000000009583
7.4399999999999 0.0000000010651
7.5199999999999 0.0000000011795
7.5200000000000 0.0000000011795
7.5999999999999 0.0000000012932
7.6799999999999 0.0000000013941
7.6800000000000 0.0000000013941
7.6800000000000 0.0000000013941
7.6800000000000 0.0000000013941
7.6800000000000 0.0000000013941
7.6800000000001 0.0000000013941
7.7599999999999 0.0000000014006
7.8400000000000 0.0000000013249
7.8400000000001 0.0000000013249
7.9200000000001 0.0000000012172
8.0000000000000 0.0000000011051
8.0000000000000 0.0000000011051
8.0000000000001 0.0000000011051
8.0800000000001 0.0000000010098
8.1600000000000 0.0000000009280
8.1600000000001 0.0000000009280
8.2400000000001 0.0000000008294
8.3200000000000 0.0000000006759
8.3200000000000 0.0000000006759
8.3200000000001 0.0000000006759
8.3200000000001 0.0000000006759
8.4000000000001 0.0000000004359
8.4800000000000 0.0000000001445
8.4800000000001 0.0000000001445
8.5600000000001 0.0000000001000
8.6400000000000 0.0000000001016
8.6400000000001 0.0000000001016
8.6400000000001 0.0000000001016
8.7200000000001 0.0000000001021
8.8000000000000 0.0000000001000
8.8000000000001 0.0000000001000
8.8800000000001 0.0000000001002
8.9600000000000 0.0000000001012
8.9600000000000 0.0000000001012
8.9600000000000 0.0000000001012
8.9600000000001 0.0000000001012
8.9600000000001 0.0000000001012
9.0400000000001 0.0000000001022
9.1200000000000 0.0000000001027
9.1200000000001 0.0000000001027
9.2000000000001 0.0000000001030
9.2800000000000 0.0000000001036
9.2800000000001 0.0000000001036
9.2800000000001 0.0000000001036
9.3600000000001 0.0000000001051
9.4400000000000 0.0000000001061
9.4400000000001 0.0000000001061
9.5200000000001 0.0000000001070
9.6000000000000 0.0000000001083
9.6000000000000 0.0000000001083
9.6000000000001 0.0000000001083
9.6000000000001 0.0000000001083
9.6800000000001 0.0000000001094
9.7600000000000 0.0000000001100
9.7600000000001 0.0000000001100
9.8400000000001 0.0000000001123
9.9200000000000 0.0000000001199
9.9200000000000 0.0000000001199
9.9200000000001 0.0000000001199
10.0000000000001 0.0000000001228
10.0800000000000 0.0000000001209
10.0800000000001 0.0000000001209
10.1600000000001 0.0000000001226
10.2400000000000 0.0000000001243
10.2400000000000 0.0000000001243
10.2400000000000 0.0000000001243
10.2400000000000 0.0000000001243
10.2400000000000 0.0000000001243
10.2400000000001 0.0000000001243
10.3200000000001 0.0000000001238
10.4000000000000 0.0000000001233
10.4000000000001 0.0000000001233
10.4800000000001 0.0000000001238
10.5600000000000 0.0000000001243
10.5600000000000 0.0000000001243
10.5600000000001 0.0000000001243
10.6400000000001 0.0000000001285
10.7200000000000 0.0000000001327
10.7200000000001 0.0000000001327
10.8000000000001 0.0000000001327
10.8800000000000 0.0000000001327
10.8800000000000 0.0000000001327
10.8800000000000 0.0000000001327
11.0400000000000 0.0000000001335
11.2000000000000 0.0000000001424
11.2000000000000 0.0000000001424
11.3599999999999 0.0000000001585
11.5199999999999 0.0000000001766
11.5200000000000 0.0000000001766
11.5200000000000 0.0000000001766
11.5200000000000 0.0000000001766
11.6799999999999 0.0000000001825
11.8399999999999 0.0000000001743
11.8400000000000 0.0000000001743
11.9999999999999 0.0000000001603
12.1599999999999 0.0000000001551
12.1600000000000 0.0000000001551
12.1600000000000 0.0000000001551
12.3199999999999 0.0000000001632
12.4799999999999 0.0000000001707
12.4800000000000 0.0000000001707
12.6399999999999 0.0000000001746
12.7999999999999 0.0000000001866
12.8000000000000 0.0000000001866
12.8000000000000 0.0000000001866
12.8000000000000 0.0000000001866
12.8000000000000 0.0000000001866
12.9599999999999 0.0000000001928
13.1199999999999 0.0000000001617
13.1200000000000 0.0000000001617
13.2799999999999 0.0000000001383
13.4399999999999 0.0000000001473
13.4400000000000 0.0000000001473
13.4400000000000 0.0000000001473
13.5999999999999 0.0000000001649
13.7599999999999 0.0000000001852
13.7600000000000 0.0000000001852
13.9199999999999 0.0000000002061
14.0799999999999 0.0000000002312
14.0800000000000 0.0000000002312
14.0800000000000 0.0000000002312
14.0800000000000 0.0000000002312
14.2399999999999 0.0000000002729
14.3999999999999 0.0000000003272
14.3999999999999 0.0000000003272
14.5599999999999 0.0000000004049
14.7199999999999 0.0000000004830
14.7199999999999 0.0000000004830
14.7200000000000 0.0000000004830
14.8799999999999 0.0000000005519
15.0399999999999 0.0000000006148
15.0399999999999 0.0000000006148
15.1999999999999 0.0000000006142
15.3599999999999 0.0000000006136
15.3599999999999 0.0000000006136
15.3600000000000 0.0000000006136
15.3600000000000 0.0000000006136
15.3600000000000 0.0000000006136
15.5199999999999 0.0000000005554
15.6799999999999 0.0000000004631
15.9999999999999 0.0000000001754
16.0000000000000 0.0000000001754
16.3199999999999 0.0000000001000
16.6400000000000 0.0000000001006
16.6400000000000 0.0000000001006
16.6400000000001 0.0000000001006
16.9600000000001 0.0000000001045
17.2800000000000 0.0000000001087
17.2800000000001 0.0000000001087
17.6000000000001 0.0000000001140
17.9200000000000 0.0000000001215
17.9200000000000 0.0000000001215
17.9200000000000 0.0000000001215
17.9200000000001 0.0000000001215
18.2400000000001 0.0000000001273
18.5600000000000 0.0000000001317
18.5600000000001 0.0000000001317
18.8800000000001 0.0000000001541
19.2000000000000 0.0000000002948
19.2000000000000 0.0000000002948
19.2000000000001 0.0000000002948
19.5200000000001 0.0000000005961
19.8400000000000 0.0000000006494
19.8400000000001 0.0000000006494
20.1600000000001 0.0000000005109
20.4800000000000 0.0000000003722
20.4800000000000 0.0000000003722
20.4800000000000 0.0000000003722
20.4800000000001 0.0000000003722
20.8000000000001 0.0000000002409
21.1200000000000 0.0000000001136
21.1200000000001 0.0000000001136
21.4400000000001 0.0000000001071
21.7600000000000 0.0000000001000
21.7600000000000 0.0000000001000
21.7600000000001 0.0000000001000
22.0800000000001 0.0000000001160
22.4000000000000 0.0000000001478
22.4000000000002 0.0000000001478
22.7200000000002 0.0000000003623
23.0400000000000 0.0000000005775
23.0400000000000 0.0000000005775
23.0400000000000 0.0000000005775
23.6800000000000 0.0000000005096
24.3200000000000 0.0000000001149
24.3200000000000 0.0000000001149
24.9600000000000 0.0000000001000
25.6000000000000 0.0000000001066
25.6000000000000 0.0000000001066
25.6000000000000 0.0000000001066
26.2400000000000 0.0000000001945
26.8800000000000 0.0000000005113
26.8800000000000 0.0000000005113
27.5200000000000 0.0000000004144
28.1600000000000 0.0000000001119
28.1600000000000 0.0000000001119
28.1600000000000 0.0000000001119
28.8000000000000 0.0000000001000
29.4400000000000 0.0000000001048
29.4400000000000 0.0000000001048
30.0800000000000 0.0000000001363
30.7200000000000 0.0000000001460
30.7200000000000 0.0000000001460
30.7200000000000 0.0000000001460
31.3600000000000 0.0000000001267
32.0000000000000 0.0000000001268
32.0000000000000 0.0000000001268
32.6400000000000 0.0000000001491
33.2800000000000 0.0000000001723
33.2800000000000 0.0000000001723
33.2800000000000 0.0000000001723
33.9200000000000 0.0000000001967
34.5600000000000 0.0000000002213
34.5600000000000 0.0000000002213
35.2000000000000 0.0000000001848
35.8400000000000 0.0000000001483
35.8400000000000 0.0000000001483
35.8400000000000 0.0000000001483
36.4800000000000 0.0000000001212
37.1200000000000 0.0000000001000
37.1200000000000 0.0000000001000
37.7600000000000 0.0000000001026
38.4000000000000 0.0000000001053
38.4000000000000 0.0000000001053
39.6800000000000 0.0000000001397
40.9600000000000 0.0000000001000
40.9600000000000 0.0000000001000
42.2400000000000 0.0000000001012
43.5200000000000 0.0000000001910
43.5200000000000 0.0000000001910
44.8000000000000 0.0000000001959
46.0800000000000 0.0000000001000
46.0800000000000 0.0000000001000
47.3600000000000 0.0000000001130
48.6400000000000 0.0000000001122
48.6400000000000 0.0000000001122
49.9200000000000 0.0000000001000
51.2000000000000 0.0000000001706
51.2000000000000 0.0000000001706
52.4800000000000 0.0000000001273
53.7600000000000 0.0000000001000
53.7600000000000 0.0000000001000
55.0400000000000 0.0000000001607
56.3200000000000 0.0000000001363
56.3200000000000 0.0000000001363
57.6000000000000 0.0000000001000
58.8800000000000 0.0000000001528
58.8800000000000 0.0000000001528
60.1600000000000 0.0000000001460
61.4400000000000 0.0000000001000
61.4400000000000 0.0000000001000
62.7200000000000 0.0000000001372
64.0000000000000 0.0000000001554
64.0000000000000 0.0000000001554
65.2800000000000 0.0000000001000
66.5600000000000 0.0000000001164
66.5600000000000 0.0000000001164
67.8400000000000 0.0000000001689
69.1200000000000 0.0000000001000
69.1200000000000 0.0000000001000
70.4000000000000 0.0000000001026
71.6800000000000 0.0000000001642
71.6800000000000 0.0000000001642
72.9600000000000 0.0000000001094
74.2400000000000 0.0000000001000
74.2400000000000 0.0000000001000
75.5200000000000 0.0000000001436
76.8000000000000 0.0000000001265
76.8000000000000 0.0000000001265
78.0800000000000 0.0000000001000
79.3600000000000 0.0000000001296
79.3600000000000 0.0000000001296
80.6400000000000 0.0000000001352
81.9200000000000 0.0000000001000
81.9200000000000 0.0000000001000
83.2000000000000 0.0000000001180
84.4800000000000 0.0000000001379
84.4800000000000 0.0000000001379
85.7600000000000 0.0000000001000
87.0400000000000 0.0000000001079
87.0400000000000 0.0000000001079
88.3200000000000 0.0000000001420
89.6000000000000 0.0000000001000
89.6000000000000 0.0000000001000
90.8800000000000 0.0000000001035
92.1600000000000 0.0000000001382
92.1600000000000 0.0000000001382
93.4400000000000 0.0000000001000
94.7200000000000 0.0000000001042
94.7200000000000 0.0000000001042
96.0000000000000 0.0000000001285
97.2800000000000 0.0000000001000
97.2800000000000 0.0000000001000
98.5600000000000 0.0000000001111
99.8400000000000 0.0000000001228
99.8400000000000 0.0000000001228
101.1200000000000 0.0000000001000
102.4000000000000 0.0000000001180
102.4000000000000 0.0000000001180
103.6800000000000 0.0000000001171
104.9600000000000 0.0000000001000
104.9600000000000 0.0000000001000
106.2400000000000 0.0000000001226
107.5200000000000 0.0000000001155
107.5200000000000 0.0000000001155
108.8000000000000 0.0000000001000
110.0800000000000 0.0000000001175
110.0800000000000 0.0000000001175
111.3600000000000 0.0000000001201
112.6400000000000 0.0000000001000
112.6400000000000 0.0000000001000
113.9200000000000 0.0000000001046
115.2000000000000 0.0000000001303
115.2000000000000 0.0000000001303
116.4800000000000 0.0000000001029
117.7600000000000 0.0000000001000
117.7600000000000 0.0000000001000
119.0400000000000 0.0000000001095
120.3200000000000 0.0000000001256
120.3200000000000 0.0000000001256
121.6000000000000 0.0000000001053
122.8800000000000 0.0000000001000
122.8800000000000 0.0000000001000
124.1600000000000 0.0000000001028
125.4400000000000 0.0000000001173
125.4400000000000 0.0000000001173
126.7200000000000 0.0000000001201
128.0000000000000 0.0000000001026
128.0000000000000 0.0000000001026
129.2800000000000 0.0000000001013
130.5600000000000 0.0000000001000
130.5600000000000 0.0000000001000
131.8400000000000 0.0000000001049
133.1200000000000 0.0000000001098
133.1200000000000 0.0000000001098
134.4000000000000 0.0000000001066
135.6800000000000 0.0000000001035
135.6800000000000 0.0000000001035
136.9600000000000 0.0000000001014
138.2400000000000 0.0000000001000
138.2400000000000 0.0000000001000
139.5200000000000 0.0000000001041
140.8000000000000 0.0000000001082
143.3600000000000 0.0000000001039
145.9200000000000 0.0000000001000
148.4800000000000 0.0000000001054
151.0400000000000 0.0000000001051
153.6000000000000 0.0000000001000
156.1600000000000 0.0000000001012
158.7200000000000 0.0000000001062
161.2800000000000 0.0000000001023
163.8400000000000 0.0000000001000
166.4000000000000 0.0000000001014
168.9600000000000 0.0000000001075
171.5200000000000 0.0000000001000
174.0800000000000 0.0000000001002
176.6400000000000 0.0000000001080
179.2000000000000 0.0000000001001
181.7600000000000 0.0000000001000
184.3200000000000 0.0000000001074
186.8800000000000 0.0000000001003
189.4400000000000 0.0000000001000
192.0000000000000 0.0000000001057
194.5600000000000 0.0000000001012
197.1200000000000 0.0000000001000
199.6800000000000 0.0000000001031
202.2400000000000 0.0000000001030
204.8000000000000 0.0000000001000
207.3600000000000 0.0000000001006
209.9200000000000 0.0000000001040
212.4800000000000 0.0000000001007
215.0400000000000 0.0000000001000
217.6000000000000 0.0000000001035
220.1600000000000 0.0000000001009
222.7200000000000 0.0000000001000
225.2800000000000 0.0000000001030
227.8400000000000 0.0000000001000
230.4000000000000 0.0000000001009
232.9600000000000 0.0000000001015
235.5200000000000 0.0000000001000
238.0800000000000 0.0000000001022
240.6400000000000 0.0000000001000
243.2000000000000 0.0000000001023
245.7600000000000 0.0000000001001
248.3200000000000 0.0000000001000
250.8800000000000 0.0000000001010
253.4400000000000 0.0000000001000
256.0000000000000 0.0000000001012
258.5600000000000 0.0000000001000
261.1200000000000 0.0000000001015
263.6800000000000 0.0000000001000
266.2400000000000 0.0000000001016
268.8000000000000 0.0000000001000
271.3600000000000 0.0000000001005
273.9200000000000 0.0000000001005
276.4800000000000 0.0000000001000
279.0400000000000 0.0000000001007
281.6000000000000 0.0000000001000
284.1600000000000 0.0000000001010
286.7200000000000 0.0000000001000
289.2800000000000 0.0000000001013
291.8400000000000 0.0000000001000
294.4000000000000 0.0000000001017
296.9600000000000 0.0000000001000
299.5200000000000 0.0000000001004
302.0800000000000 0.0000000001004
304.6400000000000 0.0000000001000
307.2000000000000 0.0000000001003
309.7600000000000 0.0000000001000
312.3200000000000 0.0000000001002
314.8800000000000 0.0000000001000
317.4400000000000 0.0000000001000
