# x lapse
-317.4400000000000 0.9943290017563
-314.8800000000000 0.9942833371920
-312.3200000000000 0.9942369301185
-309.7600000000000 0.9941897573685
-307.2000000000000 0.9941417885585
-304.6400000000000 0.9940929804654
-302.0800000000000 0.9940433190935
-299.5200000000000 0.9939929847275
-296.9600000000000 0.9939426157760
-294.4000000000000 0.9938934537961
-291.8400000000000 0.9938469526222
-289.2800000000000 0.9938035917685
-286.7200000000000 0.9937615042417
-284.1600000000000 0.9937164575204
-281.6000000000000 0.9936642186293
-279.0400000000000 0.9936039065942
-276.4800000000000 0.9935389363325
-273.9200000000000 0.9934739710318
-271.3600000000000 0.9934108834798
-268.8000000000000 0.9933482057661
-266.2400000000000 0.9932841828022
-263.6800000000000 0.9932189841954
-261.1200000000000 0.9931535326812
-258.5600000000000 0.9930876500085
-256.0000000000000 0.9930204768147
-253.4400000000000 0.9929518152670
-250.8800000000000 0.9928819502890
-248.3200000000000 0.9928107532089
-245.7600000000000 0.9927379142717
-243.2000000000000 0.9926635542679
-240.6400000000000 0.9925878429083
-238.0800000000000 0.9925106026412
-235.5200000000000 0.9924317816149
-232.9600000000000 0.9923515583302
-230.4000000000000 0.9922698678320
-227.8400000000000 0.9921866045055
-225.2800000000000 0.9921018595171
-222.7200000000000 0.9920155932569
-220.1600000000000 0.9919277677409
-217.6000000000000 0.9918384856229
-215.0400000000000 0.9917476999122
-212.4800000000000 0.9916553701971
-209.9200000000000 0.9915615770040
-207.3600000000000 0.9914664006029
-204.8000000000000 0.9913700078769
-202.2400000000000 0.9912725173891
-199.6800000000000 0.9911740081759
-197.1200000000000 0.9910746975282
-194.5600000000000 0.9909748797439
-192.0000000000000 0.9908749538644
-189.4400000000000 0.9907753524422
-186.8800000000000 0.9906765647424
-184.3200000000000 0.9905792448029
-181.7600000000000 0.9904841628907
-179.2000000000000 0.9903922215315
-176.6400000000000 0.9903044282547
-174.0800000000000 0.9902219225473
-171.5200000000000 0.9901458245850
-168.9600000000000 0.9900771115026
-166.4000000000000 0.9900163848421
-163.8400000000000 0.9899633880371
-161.2800000000000 0.9899165003611
-158.7200000000000 0.9898719116881
-156.1600000000000 0.9898229017897
-153.6000000000000 0.9897592432243
-151.0400000000000 0.9896672189586
-148.4800000000000 0.9895306699268
-145.9200000000000 0.9893333961546
-143.3600000000000 0.9890624709942
-140.8000000000000 0.9887115059126
-139.5200000000000 0.9885062506607
-138.2400000000000 0.9882831920560
-138.2400000000000 0.9882831920560
-136.9600000000000 0.9880433456150
-135.6800000000000 0.9877898001519
-135.6800000000000 0.9877898001519
-134.4000000000000 0.9875247967441
-133.1200000000000 0.9872518941176
-133.1200000000000 0.9872518941176
-131.8400000000000 0.9869743628011
-130.5600000000000 0.9866953084641
-130.5600000000000 0.9866953084641
-129.2800000000000 0.9864180538579
-128.0000000000000 0.9861452182650
-128.0000000000000 0.9861452182650
-126.7200000000000 0.9858798158969
-125.4400000000000 0.9856239847181
-125.4400000000000 0.9856239847181
-124.1600000000000 0.9853791832489
-122.8800000000000 0.9851465186219
-122.8800000000000 0.9851465186219
-121.6000000000000 0.9849267570511
-120.3200000000000 0.9847201181630
-120.3200000000000 0.9847201181630
-119.0400000000000 0.9845262117303
-117.7600000000000 0.9843440821034
-117.7600000000000 0.9843440821034
-116.4800000000000 0.9841724771415
-115.2000000000000 0.9840099974953
-115.2000000000000 0.9840099974953
-113.9200000000000 0.9838549917380
-112.6400000000000 0.9837056561151
-112.6400000000000 0.9837056561151
-111.3600000000000 0.9835601079221
-110.0800000000000 0.9834163143433
-110.0800000000000 0.9834163143433
-108.8000000000000 0.9832722666011
-107.5200000000000 0.9831261775565
-107.5200000000000 0.9831261775565
-106.2400000000000 0.9829764255633
-104.9600000000000 0.9828214402758
-104.9600000000000 0.9828214402758
-103.6800000000000 0.9826597807325
-102.4000000000000 0.9824902419572
-102.4000000000000 0.9824902419572
-101.1200000000000 0.9823117622854
-99.8400000000000 0.9821235053459
-99.8400000000000 0.9821235053459
-98.5600000000000 0.9819249363123
-97.2800000000000 0.9817155810172
-97.2800000000000 0.9817155810172
-96.0000000000000 0.9814950725854
-94.7200000000000 0.9812632687079
-94.7200000000000 0.9812632687079
-93.4400000000000 0.9810201336046
-92.1600000000000 0.9807657393150
-92.1600000000000 0.9807657393150
-90.8800000000000 0.9805002096992
-89.6000000000000 0.9802236529132
-89.6000000000000 0.9802236529132
-88.3200000000000 0.9799362253475
-87.0400000000000 0.9796381128845
-87.0400000000000 0.9796381128845
-85.7600000000000 0.9793294530694
-84.4800000000000 0.9790103430109
-84.4800000000000 0.9790103430109
-83.2000000000000 0.9786808572047
-81.9200000000000 0.9783409549406
-81.9200000000000 0.9783409549406
-80.6400000000000 0.9779905343021
-79.3600000000000 0.9776294615358
-79.3600000000000 0.9776294615358
-78.0800000000000 0.9772574775199
-76.8000000000000 0.9768742465072
-76.8000000000000 0.9768742465072
-75.5200000000000 0.9764793033687
-74.2400000000000 0.9760721151247
-74.2400000000000 0.9760721151247
-72.9600000000000 0.9756520837482
-71.6800000000000 0.9752184413250
-71.6800000000000 0.9752184413250
-70.4000000000000 0.9747703801310
-69.1200000000000 0.9743069897307
-69.1200000000000 0.9743069897307
-67.8400000000000 0.9738272772714
-66.5600000000000 0.9733301379166
-66.5600000000000 0.9733301379166
-65.2800000000000 0.9728143020095
-64.0000000000000 0.9722785191179
-64.0000000000000 0.9722785191179
-62.7200000000000 0.9717214021786
-61.4400000000000 0.9711414415055
-61.4400000000000 0.9711414415055
-60.1600000000001 0.9705370244449
-58.8800000000001 0.9699063160886
-58.8800000000000 0.9699063160886
-57.6000000000001 0.9692474536386
-56.3200000000001 0.9685584402149
-56.3200000000000 0.9685584402149
-55.0400000000000 0.9678370590733
-53.7600000000000 0.9670808865562
-53.7600000000000 0.9670808865562
-52.4800000000000 0.9662872553103
-51.2000000000000 0.9654533562759
-51.2000000000000 0.9654533562759
-49.9200000000000 0.9645760787303
-48.6400000000000 0.9636519228906
-48.6400000000000 0.9636519228906
-47.3600000000000 0.9626771052943
-46.0800000000000 0.9616473995915
-46.0800000000000 0.9616473995915
-44.8000000000000 0.9605580036318
-43.5200000000000 0.9594037177355
-43.5200000000000 0.9594037177355
-42.2400000000000 0.9581786275919
-40.9600000000000 0.9568760339859
-40.9600000000000 0.9568760339859
-39.6800000000000 0.9554884792702
-38.4000000000000 0.9540072896430
-38.4000000000000 0.9540072896430
-37.7600000000000 0.9532286670675
-37.1200000000000 0.9524228217400
-37.1200000000000 0.9524228217400
-36.4800000000000 0.9515884491495
-35.8400000000000 0.9507238500964
-35.8400000000000 0.9507238500964
-35.8400000000000 0.9507238500964
-35.2000000000000 0.9498275482895
-34.5600000000000 0.9488975704925
-34.5600000000000 0.9488975704925
-33.9200000000000 0.9479322223748
-33.2800000000000 0.9469291909280
-33.2800000000000 0.9469291909280
-33.2800000000000 0.9469291909280
-32.6400000000000 0.9458865175246
-32.0000000000000 0.9448014446917
-32.0000000000000 0.9448014446917
-31.3600000000000 0.9436714770332
-30.7200000000000 0.9424938696906
-30.7200000000000 0.9424938696906
-30.7200000000000 0.9424938696906
-30.0800000000000 0.9412655834358
-29.4400000000000 0.9399832110058
-29.4400000000000 0.9399832110058
-28.8000000000000 0.9386430840456
-28.1600000000000 0.9372413426020
-28.1600000000000 0.9372413426020
-28.1600000000000 0.9372413426020
-27.5200000000000 0.9357736668728
-26.8800000000000 0.9342351554563
-26.8800000000000 0.9342351554563
-26.2400000000000 0.9326206720098
-25.6000000000000 0.9309245206923
-25.6000000000000 0.9309245206923
-25.6000000000000 0.9309245206923
-24.9600000000000 0.9291402465552
-24.3200000000000 0.9272609875710
-24.3200000000000 0.9272609875710
-23.6800000000000 0.9252790748281
-23.0400000000000 0.9231858033548
-23.0400000000000 0.9231858033548
-23.0400000000000 0.9231858033548
-22.7199999999999 0.9220944588839
-22.4000000000000 0.9209715219957
-22.3999999999999 0.9209715219957
-22.0799999999999 0.9198157177962
-21.7600000000000 0.9186255111844
-21.7600000000000 0.9186255111844
-21.7599999999999 0.9186255111844
-21.4399999999999 0.9173995414345
-21.1200000000000 0.9161360105262
-21.1199999999999 0.9161360105262
-20.7999999999999 0.9148333362380
-20.4800000000000 0.9134895104478
-20.4800000000000 0.9134895104478
-20.4800000000000 0.9134895104478
-20.4799999999999 0.9134895104478
-20.1599999999999 0.9121027641117
-19.8400000000000 0.9106707977729
-19.8400000000000 0.9106707977729
-19.5199999999999 0.9091914917926
-19.2000000000000 0.9076625376723
-19.2000000000000 0.9076625376723
-19.1999999999999 0.9076625376723
-18.8800000000000 0.9060814089310
-18.5600000000000 0.9044454368075
-18.5600000000000 0.9044454368075
-18.2400000000000 0.9027517989506
-17.9200000000000 0.9009974072923
-17.9200000000000 0.9009974072923
-17.9200000000000 0.9009974072923
-17.9200000000000 0.9009974072923
-17.6000000000000 0.8991789756137
-17.2800000000000 0.8972929889329
-17.2800000000000 0.8972929889329
-16.9600000000000 0.8953356955890
-16.6400000000000 0.8933030654463
-16.6400000000000 0.8933030654463
-16.6400000000000 0.8933030654463
-16.3199999999999 0.8911907426127
-16.0000000000000 0.8889940562969
-15.9999999999999 0.8889940562969
-15.6799999999999 0.8867078969431
-15.5200000000000 0.8855295823814
-15.3600000000000 0.8843268095093
-15.3600000000000 0.8843268095093
-15.3600000000000 0.8843268095093
-15.3600000000000 0.8843268095093
-15.3599999999999 0.8843268095093
-15.2000000000000 0.8830988912396
-15.0400000000000 0.8818449836716
-15.0399999999999 0.8818449836716
-14.8800000000000 0.8805643167044
-14.7200000000000 0.8792559818509
-14.7200000000000 0.8792559818509
-14.7199999999999 0.8792559818509
-14.5600000000000 0.8779191365331
-14.4000000000000 0.8765528129243
-14.3999999999999 0.8765528129243
-14.2400000000000 0.8751561205925
-14.0800000000000 0.8737279847757
-14.0800000000000 0.8737279847757
-14.0800000000000 0.8737279847757
-14.0800000000000 0.8737279847757
-13.9200000000000 0.8722673963618
-13.7600000000000 0.8707732679685
-13.7600000000000 0.8707732679685
-13.6000000000000 0.8692444657671
-13.4400000000000 0.8676798097276
-13.4400000000000 0.8676798097276
-13.4400000000000 0.8676798097276
-13.2800000000000 0.8660780595144
-13.1200000000000 0.8644379066024
-13.1200000000000 0.8644379066024
-12.9600000000000 0.8627579818105
-12.8000000000000 0.8610368615985
-12.8000000000000 0.8610368615985
-12.8000000000000 0.8610368615985
-12.8000000000000 0.8610368615985
-12.8000000000000 0.8610368615985
-12.6400000000000 0.8592730619787
-12.4800000000000 0.8574650301700
-12.4800000000000 0.8574650301700
-12.3200000000000 0.8556111387858
-12.1600000000000 0.8537096787370
-12.1600000000000 0.8537096787370
-12.1600000000000 0.8537096787370
-12.0000000000000 0.8517588544896
-11.8400000000000 0.8497567854068
-11.8400000000000 0.8497567854068
-11.6800000000000 0.8477015058635
-11.5200000000000 0.8455909500717
-11.5200000000000 0.8455909500717
-11.5200000000000 0.8455909500717
-11.5200000000000 0.8455909500717
-11.3600000000000 0.8434229285378
-11.2000000000000 0.8411951283235
-11.2000000000000 0.8411951283235
-11.0400000000001 0.8389051321628
-10.8800000000001 0.8365504156027
-10.8800000000000 0.8365504156027
-10.8800000000000 0.8365504156027
-10.8000000000001 0.8353479663585
-10.7200000000001 0.8341283203820
-10.7200000000001 0.8341283203820
-10.6400000000001 0.8328911357806
-10.5600000000001 0.8316360299626
-10.5600000000001 0.8316360299626
-10.5600000000000 0.8316360299626
-10.4800000000001 0.8303626399647
-10.4000000000001 0.8290705650089
-10.4000000000001 0.8290705650089
-10.3200000000001 0.8277594238445
-10.2400000000001 0.8264287949257
-10.2400000000001 0.8264287949257
-10.2400000000000 0.8264287949257
-10.2400000000000 0.8264287949257
-10.2400000000000 0.8264287949257
-10.2400000000000 0.8264287949257
-10.1600000000001 0.8250782797120
-10.0800000000001 0.8237074279374
-10.0800000000001 0.8237074279374
-10.0000000000001 0.8223158072154
-9.9200000000001 0.8209029653677
-9.9200000000001 0.8209029653677
-9.9200000000000 0.8209029653677
-9.8400000000001 0.8194684359019
-9.7600000000001 0.8180117393589
-9.7600000000001 0.8180117393589
-9.6800000000001 0.8165323832394
-9.6000000000001 0.8150298613604
-9.6000000000001 0.8150298613604
-9.6000000000001 0.8150298613604
-9.6000000000000 0.8150298613604
-9.5200000000001 0.8135036529959
-9.4400000000001 0.8119532220724
-9.4400000000001 0.8119532220724
-9.3600000000001 0.8103780165596
-9.2800000000001 0.8087774680460
-9.2800000000001 0.8087774680460
-9.2800000000001 0.8087774680460
-9.2000000000001 0.8071509913998
-9.1200000000001 0.8054979844070
-9.1200000000001 0.8054979844070
-9.0400000000001 0.8038178273015
-8.9600000000001 0.8021098822558
-8.9600000000001 0.8021098822558
-8.9600000000001 0.8021098822558
-8.9600000000000 0.8021098822558
-8.9600000000000 0.8021098822558
-8.8800000000001 0.8003734928809
-8.8000000000001 0.7986079837230
-8.8000000000001 0.7986079837230
-8.7200000000001 0.7968126596465
-8.6400000000001 0.7949868049562
-8.6400000000001 0.7949868049562
-8.6400000000001 0.7949868049562
-8.5600000000001 0.7931296821929
-8.4800000000001 0.7912405307621
-8.4800000000001 0.7912405307621
-8.4000000000001 0.7893185657456
-8.3200000000001 0.7873629771983
-8.3200000000001 0.7873629771983
-8.3200000000001 0.7873629771983
-8.3200000000000 0.7873629771983
-8.2400000000001 0.7853729299350
-8.1600000000001 0.7833475634836
-8.1600000000001 0.7833475634836
-8.0800000000001 0.7812859916877
-8.0000000000001 0.7791873016531
-8.0000000000000 0.7791873016531
-8.0000000000000 0.7791873016531
-7.9200000000000 0.7770505522007
-7.8400000000001 0.7748747722805
-7.8400000000000 0.7748747722805
-7.7600000000001 0.7726589596843
-7.6800000000001 0.7704020800020
-7.6800000000001 0.7704020800020
-7.6800000000001 0.7704020800020
-7.6800000000000 0.7704020800020
-7.6800000000000 0.7704020800020
-7.6800000000000 0.7704020800020
-7.6000000000001 0.7681030655011
-7.5200000000001 0.7657608136794
-7.5200000000001 0.7657608136794
-7.4400000000001 0.7633741855689
-7.3600000000001 0.7609420041845
-7.3600000000001 0.7609420041845
-7.3600000000001 0.7609420041845
-7.2800000000000 0.7584630534850
-7.2000000000001 0.7559360778508
-7.2000000000000 0.7559360778508
-7.1200000000000 0.7533597816320
-7.0400000000001 0.7507328282241
-7.0400000000000 0.7507328282241
-7.0400000000000 0.7507328282241
-7.0400000000000 0.7507328282241
-6.9600000000000 0.7480538384052
-6.8800000000001 0.7453213880864
-6.8800000000000 0.7453213880864
-6.8000000000000 0.7425340058704
-6.7200000000001 0.7396901707502
-6.7200000000001 0.7396901707502
-6.7200000000001 0.7396901707502
-6.6400000000000 0.7367883100542
-6.5600000000000 0.7338267975802
-6.5600000000000 0.7338267975802
-6.4800000000000 0.7308039519034
-6.4000000000000 0.7277180348450
-6.4000000000000 0.7277180348450
-6.4000000000000 0.7277180348450
-6.4000000000000 0.7277180348450
-6.4000000000000 0.7277180348450
-6.3600000000000 0.7261508669067
-6.3200000000000 0.7245672498967
-6.3200000000000 0.7245672498967
-6.2800000000000 0.7229669556420
-6.2400000000000 0.7213497402647
-6.2400000000000 0.7213497402647
-6.2400000000000 0.7213497402647
-6.2000000000000 0.7197153679219
-6.1600000000000 0.7180635863360
-6.1600000000000 0.7180635863360
-6.1200000000000 0.7163941516475
-6.0800000000000 0.7147068027600
-6.0800000000000 0.7147068027600
-6.0800000000000 0.7147068027600
-6.0800000000000 0.7147068027600
-6.0400000000000 0.7130012877040
-6.0000000000000 0.7112773352388
-6.0000000000000 0.7112773352388
-5.9600000000000 0.7095346805141
-5.9200000000000 0.7077730523885
-5.9200000000000 0.7077730523885
-5.9200000000000 0.7077730523885
-5.8800000000000 0.7059921741820
-5.8400000000000 0.7041917644936
-5.8400000000000 0.7041917644936
-5.8000000000000 0.7023715372755
-5.7600000000000 0.7005312017894
-5.7600000000000 0.7005312017894
-5.7600000000000 0.7005312017894
-5.7600000000000 0.7005312017894
-5.7600000000000 0.7005312017894
-5.7200000000000 0.6986704625180
-5.6800000000000 0.6967890190540
-5.6800000000000 0.6967890190540
-5.6400000000000 0.6948865659714
-5.6000000000000 0.6929627926901
-5.6000000000000 0.6929627926901
-5.6000000000000 0.6929627926901
-5.5600000000000 0.6910173833452
-5.5200000000000 0.6890500166700
-5.5200000000000 0.6890500166700
-5.4800000000000 0.6870603659015
-5.4400000000000 0.6850480987074
-5.4400000000000 0.6850480987074
-5.4400000000000 0.6850480987074
-5.4400000000000 0.6850480987074
-5.4000000000000 0.6830128771334
-5.3600000000000 0.6809543575590
-5.3600000000000 0.6809543575590
-5.3200000000000 0.6788721906531
-5.2800000000000 0.6767660213183
-5.2800000000000 0.6767660213183
-5.2800000000000 0.6767660213183
-5.2400000000000 0.6746354886173
-5.2000000000000 0.6724802256770
-5.2000000000000 0.6724802256770
-5.1600000000000 0.6702998595747
-5.1200000000000 0.6680940112115
-5.1200000000000 0.6680940112115
-5.1200000000000 0.6680940112115
-5.1200000000000 0.6680940112115
-5.1200000000000 0.6680940112115
-5.1200000000000 0.6680940112115
-5.1200000000000 0.6680940112115
-5.0800000000000 0.6658622951831
-5.0400000000000 0.6636043196575
-5.0400000000000 0.6636043196575
-5.0000000000000 0.6613196862665
-4.9600000000000 0.6590079900161
-4.9600000000000 0.6590079900161
-4.9600000000000 0.6590079900161
-4.9200000000000 0.6566688192109
-4.8800000000000 0.6543017553909
-4.8800000000000 0.6543017553909
-4.8400000000000 0.6519063732715
-4.8000000000000 0.6494822406832
-4.8000000000000 0.6494822406832
-4.8000000000000 0.6494822406832
-4.8000000000000 0.6494822406832
-4.7600000000000 0.6470289185080
-4.7200000000000 0.6445459606100
-4.7200000000000 0.6445459606100
-4.6800000000000 0.6420329137616
-4.6400000000000 0.6394893175649
-4.6400000000000 0.6394893175649
-4.6400000000000 0.6394893175649
-4.6000000000000 0.6369147043677
-4.5600000000000 0.6343085991753
-4.5600000000000 0.6343085991753
-4.5200000000000 0.6316705195585
-4.4800000000000 0.6289999755615
-4.4800000000000 0.6289999755615
-4.4800000000000 0.6289999755615
-4.4800000000000 0.6289999755615
-4.4800000000000 0.6289999755615
-4.4400000000000 0.6262964696102
-4.4000000000000 0.6235594964224
-4.4000000000000 0.6235594964224
-4.3600000000000 0.6207885429226
-4.3200000000000 0.6179830881638
-4.3200000000000 0.6179830881638
-4.3200000000000 0.6179830881638
-4.2800000000000 0.6151426032597
-4.2400000000000 0.6122665513325
-4.2400000000000 0.6122665513325
-4.2000000000000 0.6093543874739
-4.1600000000000 0.6064055587184
-4.1600000000000 0.6064055587184
-4.1600000000000 0.6064055587184
-4.1600000000000 0.6064055587184
-4.1200000000000 0.6034195040245
-4.0800000000000 0.6003956542552
-4.0800000000000 0.6003956542552
-4.0400000000000 0.5973334321548
-4.0000000000000 0.5942322523195
-4.0000000000000 0.5942322523195
-4.0000000000000 0.5942322523195
-3.9600000000000 0.5910915211641
-3.9200000000000 0.5879106368882
-3.9200000000000 0.5879106368882
-3.8800000000000 0.5846889894529
-3.8400000000000 0.5814259605723
-3.8400000000000 0.5814259605723
-3.8400000000000 0.5814259605723
-3.8400000000000 0.5814259605723
-3.8400000000000 0.5814259605723
-3.8400000000000 0.5814259605723
-3.8000000000000 0.5781209237296
-3.7600000000000 0.5747732442138
-3.7600000000000 0.5747732442138
-3.7200000000000 0.5713822791836
-3.6800000000000 0.5679473777416
-3.6800000000000 0.5679473777416
-3.6800000000000 0.5679473777416
-3.6400000000000 0.5644678810234
-3.6000000000000 0.5609431222709
-3.6000000000000 0.5609431222709
-3.5600000000000 0.5573724269026
-3.5200000000000 0.5537551125611
-3.5200000000000 0.5537551125611
-3.5200000000000 0.5537551125611
-3.5200000000000 0.5537551125611
-3.4800000000000 0.5500904891625
-3.4400000000000 0.5463778589477
-3.4400000000000 0.5463778589477
-3.4000000000000 0.5426165165530
-3.3600000000000 0.5388057491106
-3.3600000000000 0.5388057491106
-3.3600000000000 0.5388057491106
-3.3200000000000 0.5349448363944
-3.2800000000000 0.5310330510027
-3.2800000000000 0.5310330510027
-3.2400000000000 0.5270696585903
-3.2000000000000 0.5230539181433
-3.2000000000000 0.5230539181433
-3.2000000000000 0.5230539181433
-3.2000000000000 0.5230539181433
-3.2000000000000 0.5230539181433
-3.1800000000001 0.5210261842277
-3.1600000000001 0.5189850822791
-3.1600000000000 0.5189850822791
-3.1400000000001 0.5169305184762
-3.1200000000001 0.5148623975683
-3.1200000000000 0.5148623975683
-3.1200000000000 0.5148623975683
-3.1000000000001 0.5127806249986
-3.0800000000001 0.5106851048634
-3.0800000000000 0.5106851048634
-3.0600000000001 0.5085757419247
-3.0400000000001 0.5064524396291
-3.0400000000000 0.5064524396291
-3.0400000000000 0.5064524396291
-3.0400000000000 0.5064524396291
-3.0200000000001 0.5043151022309
-3.0000000000001 0.5021636320692
-3.0000000000000 0.5021636320692
-2.9800000000001 0.4999979315638
-2.9600000000001 0.4978179047265
-2.9600000000000 0.4978179047265
-2.9600000000000 0.4978179047265
-2.9400000000001 0.4956234542415
-2.9200000000001 0.4934144824280
-2.9200000000000 0.4934144824280
-2.9000000000001 0.4911908913698
-2.8800000000001 0.4889525829168
-2.8800000000000 0.4889525829168
-2.8800000000000 0.4889525829168
-2.8800000000000 0.4889525829168
-2.8800000000000 0.4889525829168
-2.8600000000001 0.4866994587106
-2.8400000000001 0.4844314201947
-2.8400000000000 0.4844314201947
-2.8200000000001 0.4821483686260
-2.8000000000001 0.4798502050882
-2.8000000000000 0.4798502050882
-2.8000000000000 0.4798502050882
-2.7800000000001 0.4775368305054
-2.7600000000001 0.4752081456574
-2.7600000000000 0.4752081456574
-2.7400000000001 0.4728640511963
-2.7200000000001 0.4705044476644
-2.7200000000000 0.4705044476644
-2.7200000000000 0.4705044476644
-2.7200000000000 0.4705044476644
-2.7000000000001 0.4681292355138
-2.6800000000001 0.4657383151272
-2.6800000000000 0.4657383151272
-2.6600000000001 0.4633315868395
-2.6400000000001 0.4609089509610
-2.6400000000000 0.4609089509610
-2.6400000000000 0.4609089509610
-2.6200000000001 0.4584703078009
-2.6000000000001 0.4560155576923
-2.6000000000000 0.4560155576923
-2.5800000000001 0.4535446010173
-2.5600000000001 0.4510573382314
-2.5600000000000 0.4510573382314
-2.5600000000000 0.4510573382314
-2.5600000000000 0.4510573382314
-2.5600000000000 0.4510573382314
-2.5600000000000 0.4510573382314
-2.5600000000000 0.4510573382314
-2.5600000000000 0.4510573382314
-2.5400000000001 0.4485536698904
-2.5200000000001 0.4460334966791
-2.5200000000000 0.4460334966791
-2.5000000000001 0.4434967194415
-2.4800000000001 0.4409432392119
-2.4800000000000 0.4409432392119
-2.4800000000000 0.4409432392119
-2.4600000000001 0.4383729572480
-2.4400000000001 0.4357857750650
-2.4400000000000 0.4357857750650
-2.4200000000001 0.4331815944720
-2.4000000000001 0.4305603176086
-2.4000000000000 0.4305603176086
-2.4000000000000 0.4305603176086
-2.4000000000000 0.4305603176086
-2.3800000000001 0.4279218469830
-2.3600000000001 0.4252660855117
-2.3600000000000 0.4252660855117
-2.3400000000001 0.4225929365574
-2.3200000000001 0.4199023039687
-2.3200000000000 0.4199023039687
-2.3200000000000 0.4199023039687
-2.3000000000001 0.4171940921177
-2.2800000000001 0.4144682059376
-2.2800000000000 0.4144682059376
-2.2599999999999 0.4117245509605
-2.2400000000000 0.4089630333561
-2.2400000000000 0.4089630333561
-2.2400000000000 0.4089630333561
-2.2400000000000 0.4089630333561
-2.2399999999999 0.4089630333561
-2.2199999999999 0.4061835599720
-2.2000000000000 0.4033860383773
-2.1999999999999 0.4033860383773
-2.1799999999999 0.4005703769105
-2.1600000000000 0.3977364847326
-2.1600000000000 0.3977364847326
-2.1599999999999 0.3977364847326
-2.1399999999999 0.3948842718846
-2.1200000000000 0.3920136493521
-2.1199999999999 0.3920136493521
-2.0999999999999 0.3891245291297
-2.0800000000000 0.3862168242892
-2.0800000000000 0.3862168242892
-2.0800000000000 0.3862168242892
-2.0799999999999 0.3862168242892
-2.0599999999999 0.3832904490476
-2.0400000000000 0.3803453188366
-2.0399999999999 0.3803453188366
-2.0199999999999 0.3773813503692
-2.0000000000000 0.3743984617057
-2.0000000000000 0.3743984617057
-2.0000000000000 0.3743984617057
-1.9800000000000 0.3713965723187
-1.9600000000000 0.3683756031611
-1.9600000000000 0.3683756031611
-1.9399999999999 0.3653354767360
-1.9200000000000 0.3622761171730
-1.9200000000000 0.3622761171730
-1.9200000000000 0.3622761171730
-1.9200000000000 0.3622761171730
-1.9200000000000 0.3622761171730
-1.9199999999999 0.3622761171730
-1.8999999999999 0.3591974503114
-1.8800000000000 0.3560994037896
-1.8799999999999 0.3560994037896
-1.8599999999999 0.3529819071400
-1.8400000000000 0.3498448918892
-1.8400000000000 0.3498448918892
-1.8399999999999 0.3498448918892
-1.8200000000000 0.3466882916626
-1.8000000000000 0.3435120422954
-1.8000000000000 0.3435120422954
-1.7800000000000 0.3403160819469
-1.7600000000000 0.3371003512191
-1.7600000000000 0.3371003512191
-1.7600000000000 0.3371003512191
-1.7600000000000 0.3371003512191
-1.7400000000000 0.3338647932776
-1.7200000000000 0.3306093539744
-1.7200000000000 0.3306093539744
-1.7000000000000 0.3273339819716
-1.6800000000000 0.3240386288694
-1.6800000000000 0.3240386288694
-1.6800000000000 0.3240386288694
-1.6600000000000 0.3207232493400
-1.6400000000000 0.3173878012711
-1.6400000000000 0.3173878012711
-1.6200000000000 0.3140322459229
-1.6000000000000 0.3106565480989
-1.6000000000000 0.3106565480989
-1.6000000000000 0.3106565480989
-1.6000000000000 0.3106565480989
-1.6000000000000 0.3106565480989
-1.5800000000000 0.3072606763326
-1.5600000000000 0.3038446030886
-1.5600000000000 0.3038446030886
-1.5400000000000 0.3004083049749
-1.5200000000000 0.2969517629682
-1.5200000000000 0.2969517629682
-1.5200000000000 0.2969517629682
-1.5000000000000 0.2934749626499
-1.4800000000000 0.2899778944548
-1.4800000000000 0.2899778944548
-1.4600000000000 0.2864605539310
-1.4400000000000 0.2829229420100
-1.4400000000000 0.2829229420100
-1.4400000000000 0.2829229420100
-1.4400000000000 0.2829229420100
-1.4200000000000 0.2793650652787
-1.4000000000000 0.2757869362479
-1.4000000000000 0.2757869362479
-1.3800000000000 0.2721885736190
-1.3600000000000 0.2685700025603
-1.3600000000000 0.2685700025603
-1.3600000000000 0.2685700025603
-1.3400000000000 0.2649312549993
-1.3200000000000 0.2612723699457
-1.3200000000000 0.2612723699457
-1.3000000000000 0.2575933938557
-1.2800000000000 0.2538943810513
-1.2800000000000 0.2538943810513
-1.2800000000000 0.2538943810513
-1.2800000000000 0.2538943810513
-1.2800000000000 0.2538943810513
-1.2800000000000 0.2538943810513
-1.2800000000000 0.2538943810513
-1.2600000000000 0.2501753941913
-1.2400000000000 0.2464365047901
-1.2400000000000 0.2464365047901
-1.2200000000000 0.2426777937697
-1.2000000000000 0.2388993520324
-1.2000000000000 0.2388993520324
-1.2000000000000 0.2388993520324
-1.1800000000000 0.2351012810525
-1.1600000000000 0.2312836934725
-1.1600000000000 0.2312836934725
-1.1400000000000 0.2274467136869
-1.1200000000000 0.2235904784098
-1.1200000000000 0.2235904784098
-1.1200000000000 0.2235904784098
-1.1200000000000 0.2235904784098
-1.1000000000000 0.2197151372344
-1.0800000000000 0.2158208532525
-1.0800000000000 0.2158208532525
-1.0600000000000 0.2119078038109
-1.0400000000000 0.2079761814412
-1.0400000000000 0.2079761814412
-1.0400000000000 0.2079761814412
-1.0200000000000 0.2040261949431
-1.0000000000000 0.2000580705597
-1.0000000000000 0.2000580705597
-0.9800000000000 0.1960720531893
-0.9600000000000 0.1920684076049
-0.9600000000000 0.1920684076049
-0.9600000000000 0.1920684076049
-0.9600000000000 0.1920684076049
-0.9600000000000 0.1920684076049
-0.9400000000000 0.1880474196576
-0.9200000000000 0.1840093974425
-0.9200000000000 0.1840093974425
-0.9000000000000 0.1799546724540
-0.8800000000000 0.1758836008587
-0.8800000000000 0.1758836008587
-0.8800000000000 0.1758836008587
-0.8600000000000 0.1717965650668
-0.8400000000000 0.1676939756260
-0.8400000000000 0.1676939756260
-0.8200000000000 0.1635762732987
-0.8000000000000 0.1594439311393
-0.8000000000000 0.1594439311393
-0.8000000000000 0.1594439311393
-0.8000000000000 0.1594439311393
-0.7800000000000 0.1552974566262
-0.7600000000000 0.1511373941495
-0.7600000000000 0.1511373941495
-0.7400000000000 0.1469643281300
-0.7200000000000 0.1427788867168
-0.7200000000000 0.1427788867168
-0.7200000000000 0.1427788867168
-0.7000000000000 0.1385817455325
-0.6800000000000 0.1343736309501
-0.6800000000000 0.1343736309501
-0.6600000000000 0.1301553230686
-0.6400000000000 0.1259276594120
-0.6400000000000 0.1259276594120
-0.6400000000000 0.1259276594120
-0.6400000000000 0.1259276594120
-0.6400000000000 0.1259276594120
-0.6400000000000 0.1259276594120
-0.6200000000000 0.1216915402887
-0.6000000000000 0.1174479353845
-0.6000000000000 0.1174479353845
-0.5800000000000 0.1131978898816
-0.5600000000000 0.1089425292898
-0.5600000000000 0.1089425292898
-0.5600000000000 0.1089425292898
-0.5400000000000 0.1046830648075
-0.5200000000000 0.1004208025303
-0.5200000000000 0.1004208025303
-0.5000000000000 0.0961571573562
-0.4800000000000 0.0918936675453
-0.4800000000000 0.0918936675453
-0.4800000000000 0.0918936675453
-0.4800000000000 0.0918936675453
-0.4600000000000 0.0876320055281
-0.4400000000000 0.0833739877173
-0.4400000000000 0.0833739877173
-0.4200000000000 0.0791215907659
-0.4000000000000 0.0748769752408
-0.4000000000000 0.0748769752408
-0.4000000000000 0.0748769752408
-0.3800000000000 0.0706425100388
-0.3600000000000 0.0664207947844
-0.3600000000000 0.0664207947844
-0.3400000000000 0.0622146888686
-0.3200000000000 0.0580273592347
-0.3200000000000 0.0580273592347
-0.3200000000000 0.0580273592347
-0.3200000000000 0.0580273592347
-0.3200000000000 0.0580273592347
-0.3000000000000 0.0538623419148
-0.2800000000000 0.0497235985237
-0.2800000000000 0.0497235985237
-0.2600000000000 0.0456155773520
-0.2400000000000 0.0415433109191
-0.2400000000000 0.0415433109191
-0.2400000000000 0.0415433109191
-0.2200000000000 0.0375125506442
-0.2000000000000 0.0335299405879
-0.2000000000000 0.0335299405879
-0.1800000000000 0.0296032623998
-0.1600000000000 0.0257417694234
-0.1600000000000 0.0257417694234
-0.1600000000000 0.0257417694234
-0.1600000000000 0.0257417694234
-0.1400000000000 0.0219566541147
-0.1200000000000 0.0182617986044
-0.1200000000000 0.0182617986044
-0.1000000000000 0.0146749627442
-0.0800000000000 0.0112204106192
-0.0800000000000 0.0112204106192
-0.0800000000000 0.0112204106192
-0.0600000000000 0.0079305756581
-0.0400000000000 0.0048725925378
-0.0400000000000 0.0048725925378
-0.0200000000000 0.0021297736962
0.0000000000000 0.0000020316674
0.0000000000000 0.0000020316674
0.0000000000000 0.0000020316674
0.0000000000000 0.0000020316674
0.0000000000000 0.0000020316674
0.0000000000000 0.0000020316674
0.0000000000000 0.0000020316674
0.0000000000000 0.0000020316674
0.0200000000000 0.0021287766054
0.0400000000000 0.0048715448312
0.0400000000000 0.0048715448312
0.0600000000000 0.0079294040235
0.0800000000000 0.0112191740048
0.0800000000000 0.0112191740048
0.0800000000000 0.0112191740048
0.1000000000000 0.0146736719581
0.1200000000000 0.0182604647052
0.1200000000000 0.0182604647052
0.1400000000000 0.0219552843757
0.1600000000000 0.0257403695971
0.1600000000000 0.0257403695971
0.1600000000000 0.0257403695971
0.1600000000000 0.0257403695971
0.1800000000000 0.0296018371282
0.2000000000000 0.0335284936338
0.2000000000000 0.0335284936338
0.2200000000000 0.0375110850803
0.2400000000000 0.0415418292021
0.2400000000000 0.0415418292021
0.2400000000000 0.0415418292021
0.2600000000000 0.0456140816292
0.2800000000000 0.0497220909539
0.2800000000000 0.0497220909539
0.3000000000000 0.0538608244177
0.3200000000000 0.0580258332178
0.3200000000000 0.0580258332178
0.3200000000000 0.0580258332178
0.3200000000000 0.0580258332178
0.3200000000000 0.0580258332178
0.3400000000000 0.0622131555854
0.3600000000000 0.0664192556649
0.3600000000000 0.0664192556649
0.3800000000000 0.0706409663917
0.4000000000000 0.0748754279019
0.4000000000000 0.0748754279019
0.4000000000000 0.0748754279019
0.4200000000000 0.0791200402922
0.4400000000000 0.0833724348172
0.4400000000000 0.0833724348172
0.4600000000000 0.0876304511587
0.4800000000000 0.0918921126678
0.4800000000000 0.0918921126678
0.4800000000000 0.0918921126678
0.4800000000000 0.0918921126678
0.5000000000000 0.0961556027144
0.5200000000000 0.1004192486418
0.5200000000000 0.1004192486418
0.5400000000000 0.1046815120583
0.5600000000000 0.1089409780133
0.5600000000000 0.1089409780133
0.5600000000000 0.1089409780133
0.5800000000000 0.1131963404346
0.6000000000000 0.1174463882186
0.6000000000000 0.1174463882186
0.6200000000000 0.1216899959319
0.6400000000000 0.1259261183939
0.6400000000000 0.1259261183939
0.6400000000000 0.1259261183939
0.6400000000000 0.1259261183939
0.6400000000000 0.1259261183939
0.6400000000000 0.1259261183939
0.6600000000000 0.1301537858603
0.6800000000000 0.1343720979366
0.6800000000000 0.1343720979366
0.7000000000000 0.1385802170022
0.7200000000000 0.1427773628583
0.7200000000000 0.1427773628583
0.7200000000000 0.1427773628583
0.7400000000000 0.1469628090593
0.7600000000000 0.1511358799539
0.7600000000000 0.1511358799539
0.7800000000000 0.1552959474128
0.8000000000000 0.1594424270678
0.8000000000000 0.1594424270678
0.8000000000000 0.1594424270678
0.8000000000000 0.1594424270678
0.8200000000000 0.1635747745901
0.8400000000000 0.1676924825359
0.8400000000000 0.1676924825359
0.8600000000000 0.1717950778536
0.8800000000000 0.1758821197588
0.8800000000000 0.1758821197588
0.8800000000000 0.1758821197588
0.9000000000000 0.1799531976727
0.9200000000000 0.1840079291470
0.9200000000000 0.1840079291470
0.9400000000000 0.1880459579765
0.9600000000000 0.1920669526339
0.9600000000000 0.1920669526339
0.9600000000000 0.1920669526339
0.9600000000000 0.1920669526339
0.9600000000000 0.1920669526339
0.9800000000000 0.1960706049945
1.0000000000000 0.2000566291844
1.0000000000000 0.2000566291844
1.0200000000000 0.2040247604187
1.0400000000000 0.2079747537973
1.0400000000000 0.2079747537973
1.0400000000000 0.2079747537973
1.0600000000000 0.2119063830836
1.0800000000000 0.2158194394883
1.0800000000000 0.2158194394883
1.1000000000000 0.2197137304892
1.1200000000000 0.2235890787422
1.1200000000000 0.2235890787422
1.1200000000000 0.2235890787422
1.1200000000000 0.2235890787422
1.1400000000000 0.2274453211512
1.1600000000000 0.2312823081164
1.1600000000000 0.2312823081164
1.1800000000000 0.2350999029186
1.2000000000000 0.2388979811600
1.2000000000000 0.2388979811600
1.2000000000000 0.2388979811600
1.2200000000000 0.2426764302025
1.2400000000000 0.2464351485788
1.2400000000000 0.2464351485788
1.2600000000000 0.2501740453939
1.2800000000000 0.2538930397305
1.2800000000000 0.2538930397305
1.2800000000000 0.2538930397305
1.2800000000000 0.2538930397305
1.2800000000000 0.2538930397305
1.2800000000000 0.2538930397305
1.2800000000000 0.2538930397305
1.3000000000000 0.2575920600738
1.3200000000000 0.2612710437573
1.3200000000000 0.2612710437573
1.3400000000000 0.2649299364446
1.3600000000000 0.2685686916602
1.3600000000000 0.2685686916602
1.3600000000000 0.2685686916602
1.3800000000001 0.2721872703760
1.4000000000000 0.2757856406485
1.4000000000001 0.2757856406485
1.4200000000000 0.2793637772986
1.4400000000000 0.2829216616215
1.4400000000000 0.2829216616215
1.4400000000000 0.2829216616215
1.4400000000000 0.2829216616215
1.4600000000001 0.2864592811105
1.4800000000000 0.2899766291863
1.4800000000001 0.2899766291863
1.5000000000001 0.2934737049243
1.5200000000000 0.2969505127829
1.5200000000000 0.2969505127829
1.5200000000001 0.2969505127829
1.5400000000001 0.3004070623322
1.5600000000000 0.3038433679938
1.5600000000001 0.3038433679938
1.5800000000001 0.3072594487910
1.6000000000000 0.3106553281128
1.6000000000000 0.3106553281128
1.6000000000000 0.3106553281128
1.6000000000000 0.3106553281128
1.6000000000001 0.3106553281128
1.6200000000001 0.3140310334895
1.6400000000000 0.3173865963810
1.6400000000001 0.3173865963810
1.6600000000001 0.3207220519765
1.6800000000000 0.3240374390090
1.6800000000000 0.3240374390090
1.6800000000001 0.3240374390090
1.7000000000001 0.3273327995846
1.7200000000000 0.3306081790264
1.7200000000001 0.3306081790264
1.7400000000001 0.3338636257323
1.7600000000000 0.3370991910405
1.7600000000000 0.3370991910405
1.7600000000000 0.3370991910405
1.7600000000001 0.3370991910405
1.7800000000001 0.3403149291011
1.8000000000001 0.3435108967506
1.8000000000001 0.3435108967506
1.8200000000001 0.3466871533887
1.8400000000000 0.3498437608571
1.8400000000001 0.3498437608571
1.8400000000001 0.3498437608571
1.8600000000001 0.3529807833209
1.8800000000001 0.3560982871542
1.8800000000001 0.3560982871542
1.9000000000001 0.3591963408293
1.9200000000000 0.3622750148121
1.9200000000000 0.3622750148121
1.9200000000000 0.3622750148121
1.9200000000000 0.3622750148121
1.9200000000000 0.3622750148121
1.9200000000001 0.3622750148121
1.9400000000001 0.3653343814614
1.9600000000000 0.3683745149351
1.9600000000001 0.3683745149351
1.9800000000001 0.3713954911021
2.0000000000000 0.3743973874599
2.0000000000001 0.3743973874599
2.0000000000001 0.3743973874599
2.0200000000001 0.3773802830583
2.0400000000001 0.3803442584276
2.0400000000001 0.3803442584276
2.0600000000001 0.3832893955107
2.0800000000000 0.3862157775966
2.0800000000000 0.3862157775966
2.0800000000001 0.3862157775966
2.0800000000001 0.3862157775966
2.1000000000001 0.3891234892548
2.1200000000001 0.3920126162685
2.1200000000001 0.3920126162685
2.1400000000001 0.3948832455666
2.1600000000000 0.3977354651548
2.1600000000001 0.3977354651548
2.1600000000001 0.3977354651548
2.1800000000001 0.4005693640476
2.2000000000001 0.4033850322016
2.2000000000001 0.4033850322016
2.2200000000001 0.4061825604536
2.2400000000000 0.4089620404624
2.2400000000000 0.4089620404624
2.2400000000000 0.4089620404624
2.2400000000001 0.4089620404624
2.2400000000001 0.4089620404624
2.2600000000001 0.4117235646573
2.2800000000001 0.4144672261890
2.2800000000001 0.4144672261890
2.3000000000000 0.4171931188866
2.3200000000000 0.4199013372168
2.3200000000000 0.4199013372168
2.3200000000001 0.4199013372168
2.3400000000000 0.4225919762455
2.3600000000000 0.4252651315995
2.3600000000001 0.4252651315995
2.3800000000000 0.4279208994297
2.4000000000000 0.4305593763721
2.4000000000000 0.4305593763721
2.4000000000000 0.4305593763721
2.4000000000001 0.4305593763721
2.4200000000000 0.4331806595102
2.4400000000000 0.4357848463347
2.4400000000001 0.4357848463347
2.4600000000000 0.4383720347057
2.4800000000000 0.4409423228135
2.4800000000000 0.4409423228135
2.4800000000001 0.4409423228135
2.5000000000000 0.4434958091421
2.5200000000000 0.4460325924332
2.5200000000001 0.4460325924332
2.5400000000000 0.4485527716513
2.5600000000000 0.4510564459515
2.5600000000000 0.4510564459515
2.5600000000000 0.4510564459515
2.5600000000000 0.4510564459515
2.5600000000000 0.4510564459515
2.5600000000000 0.4510564459515
2.5600000000000 0.4510564459515
2.5600000000001 0.4510564459515
2.5800000000000 0.4535437146485
2.6000000000000 0.4560146771866
2.6000000000001 0.4560146771866
2.6200000000000 0.4584694331116
2.6400000000000 0.4609080820443
2.6400000000000 0.4609080820443
2.6400000000001 0.4609080820443
2.6600000000000 0.4633307236540
2.6800000000000 0.4657374576334
2.6800000000001 0.4657374576334
2.7000000000000 0.4681283836744
2.7200000000000 0.4705036014438
2.7200000000000 0.4705036014438
2.7200000000000 0.4705036014438
2.7200000000001 0.4705036014438
2.7400000000000 0.4728632105608
2.7600000000000 0.4752073105747
2.7600000000000 0.4752073105747
2.7800000000000 0.4775360009440
2.8000000000000 0.4798493810174
2.8000000000000 0.4798493810174
2.8000000000000 0.4798493810174
2.8200000000000 0.4821475500152
2.8400000000000 0.4844306070128
2.8400000000000 0.4844306070128
2.8600000000000 0.4866986509255
2.8800000000000 0.4889517804952
2.8800000000000 0.4889517804952
2.8800000000000 0.4889517804952
2.8800000000000 0.4889517804952
2.8800000000000 0.4889517804952
2.9000000000000 0.4911900942768
2.9200000000000 0.4934136906266
2.9200000000000 0.4934136906266
2.9400000000000 0.4956226676932
2.9600000000000 0.4978171233913
2.9600000000000 0.4978171233913
2.9600000000000 0.4978171233913
2.9800000000000 0.4999971554003
3.0000000000000 0.5021628610354
3.0000000000000 0.5021628610354
3.0200000000000 0.5043143362848
3.0400000000000 0.5064516787285
3.0400000000000 0.5064516787285
3.0400000000000 0.5064516787285
3.0400000000000 0.5064516787285
3.0600000000000 0.5085749860272
3.0800000000000 0.5106843539276
3.0800000000000 0.5106843539276
3.1000000000000 0.5127798789836
3.1200000000000 0.5148616564343
3.1200000000000 0.5148616564343
3.1200000000000 0.5148616564343
3.1400000000000 0.5169297821843
3.1600000000000 0.5189843507908
3.1600000000000 0.5189843507908
3.1800000000000 0.5210254575053
3.2000000000000 0.5230531961490
3.2000000000000 0.5230531961490
3.2000000000000 0.5230531961490
3.2000000000000 0.5230531961490
3.2000000000000 0.5230531961490
3.2400000000000 0.5270689459392
3.2800000000000 0.5310323475426
3.2800000000000 0.5310323475426
3.3200000000000 0.5349441419725
3.3600000000000 0.5388050635752
3.3600000000000 0.5388050635752
3.3600000000000 0.5388050635752
3.4000000000000 0.5426158397582
3.4400000000000 0.5463771907548
3.4400000000000 0.5463771907548
3.4800000000000 0.5500898294401
3.5200000000000 0.5537544611862
3.5200000000000 0.5537544611862
3.5200000000000 0.5537544611862
3.5200000000000 0.5537544611862
3.5600000000000 0.5573717837610
3.6000000000000 0.5609424872571
3.6000000000000 0.5609424872571
3.6400000000000 0.5644672540359
3.6800000000000 0.5679467586812
3.6800000000000 0.5679467586812
3.6800000000000 0.5679467586812
3.7200000000000 0.5713816679475
3.7600000000000 0.5747726406963
3.7600000000000 0.5747726406963
3.8000000000000 0.5781203278163
3.8400000000000 0.5814253721426
3.8400000000000 0.5814253721426
3.8400000000000 0.5814253721426
3.8400000000000 0.5814253721426
3.8400000000000 0.5814253721426
3.8400000000000 0.5814253721426
3.8800000000000 0.5846884083813
3.9200000000000 0.5879100630472
3.9200000000000 0.5879100630472
3.9600000000000 0.5910909544264
4.0000000000000 0.5942316925637
4.0000000000000 0.5942316925637
4.0000000000000 0.5942316925637
4.0400000000000 0.5973328792668
4.0800000000000 0.6003951081297
4.0800000000000 0.6003951081297
4.1200000000000 0.6034189645636
4.1600000000000 0.6064050258303
4.1600000000000 0.6064050258303
4.1600000000000 0.6064050258303
4.1600000000000 0.6064050258303
4.2000000000000 0.6093538610709
4.2400000000000 0.6122660313285
4.2400000000000 0.6122660313285
4.2800000000000 0.6151420895676
4.3200000000000 0.6179825806947
4.3200000000000 0.6179825806947
4.3200000000001 0.6179825806947
4.3600000000000 0.6207880415865
4.4000000000000 0.6235590011290
4.4000000000000 0.6235590011290
4.4400000000000 0.6262959802724
4.4800000000000 0.6289994920987
4.4800000000000 0.6289994920987
4.4800000000000 0.6289994920987
4.4800000000000 0.6289994920987
4.4800000000001 0.6289994920987
4.5200000000000 0.6316700418988
4.5600000000000 0.6343081272568
4.5600000000000 0.6343081272568
4.6000000000000 0.6369142381368
4.6400000000000 0.6394888569728
4.6400000000000 0.6394888569728
4.6400000000001 0.6394888569728
4.6800000000000 0.6420324587599
4.7199999999999 0.6445455111456
4.7200000000000 0.6445455111456
4.7600000000000 0.6470284745187
4.7999999999999 0.6494818020940
4.8000000000000 0.6494818020940
4.8000000000000 0.6494818020940
4.8000000000001 0.6494818020940
4.8400000000000 0.6519059399925
4.8799999999999 0.6543013273184
4.8800000000000 0.6543013273184
4.9200000000000 0.6566683962292
4.9599999999999 0.6590075720015
4.9600000000000 0.6590075720015
4.9600000000001 0.6590075720015
5.0000000000000 0.6613192730923
5.0399999999999 0.6636039111988
5.0400000000000 0.6636039111988
5.0800000000000 0.6658618913211
5.1199999999999 0.6680936118365
5.1200000000000 0.6680936118365
5.1200000000000 0.6680936118365
5.1200000000000 0.6680936118365
5.1200000000000 0.6680936118365
5.1200000000000 0.6680936118365
5.1200000000001 0.6680936118365
5.1600000000000 0.6702994645882
5.1999999999999 0.6724798349922
5.2000000000000 0.6724798349922
5.2400000000000 0.6746351021583
5.2799999999999 0.6767656390189
5.2800000000000 0.6767656390189
5.2800000000001 0.6767656390189
5.3200000000000 0.6788718124559
5.3599999999999 0.6809539834150
5.3600000000000 0.6809539834150
5.4000000000000 0.6830125070011
5.4399999999999 0.6850477325524
5.4400000000000 0.6850477325524
5.4400000000000 0.6850477325524
5.4400000000001 0.6850477325524
5.4800000000000 0.6870600036962
5.5199999999999 0.6890496583931
5.5200000000000 0.6890496583931
5.5600000000000 0.6910170289803
5.5999999999999 0.6929624422237
5.6000000000000 0.6929624422237
5.6000000000001 0.6929624422237
5.6400000000000 0.6948862193893
5.6799999999999 0.6967886763375
5.6800000000000 0.6967886763375
5.7200000000000 0.6986701236399
5.7599999999999 0.7005308667109
5.7600000000000 0.7005308667109
5.7600000000000 0.7005308667109
5.7600000000000 0.7005308667109
5.7600000000001 0.7005308667109
5.8000000000000 0.7023712059448
5.8399999999999 0.7041914368450
5.8400000000000 0.7041914368450
5.8800000000000 0.7059918501372
5.9199999999999 0.7077727318584
5.9200000000000 0.7077727318584
5.9200000000001 0.7077727318584
5.9600000000000 0.7095343634029
5.9999999999999 0.7112770214483
6.0000000000000 0.7112770214483
6.0400000000000 0.7130009771392
6.0799999999999 0.7147064953336
6.0800000000000 0.7147064953336
6.0800000000000 0.7147064953336
6.0800000000001 0.7147064953336
6.1200000000000 0.7163938472757
6.1599999999999 0.7180632849504
6.1600000000000 0.7180632849504
6.2000000000000 0.7197150694666
6.2399999999999 0.7213494446973
6.2400000000000 0.7213494446973
6.2400000000001 0.7213494446973
6.2800000000000 0.7229666629349
6.3199999999999 0.7245669600304
6.3200000000000 0.7245669600304
6.3600000000000 0.7261505798747
6.3999999999999 0.7277177506406
6.4000000000000 0.7277177506406
6.4000000000000 0.7277177506406
6.4000000000000 0.7277177506406
6.4000000000001 0.7277177506406
6.4799999999999 0.7308036733469
6.5599999999999 0.7338265246315
6.5600000000001 0.7338265246315
6.6399999999999 0.7367880426210
6.7199999999999 0.7396899086762
6.7200000000001 0.7396899086762
6.7200000000001 0.7396899086762
6.7999999999999 0.7425337489433
6.8799999999999 0.7453211360612
6.8800000000000 0.7453211360612
6.9599999999999 0.7480535910318
7.0399999999999 0.7507325852770
7.0400000000000 0.7507325852770
7.0400000000000 0.7507325852770
7.0400000000000 0.7507325852770
7.1199999999999 0.7533595429347
7.1999999999999 0.7559358432896
7.2000000000000 0.7559358432896
7.2799999999999 0.7584628230045
7.3599999999999 0.7609417777621
7.3600000000000 0.7609417777621
7.3600000000001 0.7609417777621
7.4399999999999 0.7633739631712
7.5199999999999 0.7657605952214
7.5200000000000 0.7657605952214
7.5999999999999 0.7681028508502
7.6799999999999 0.7704018690004
7.6800000000000 0.7704018690004
7.6800000000000 0.7704018690004
7.6800000000000 0.7704018690004
7.6800000000000 0.7704018690004
7.6800000000001 0.7704018690004
7.7599999999999 0.7726587521698
7.8400000000000 0.7748745681111
7.8400000000001 0.7748745681111
7.9200000000001 0.7770503512708
8.0000000000000 0.7791871038948
8.0000000000000 0.7791871038948
8.0000000000001 0.7791871038948
8.0800000000001 0.7812857970691
8.1600000000000 0.7833473720055
8.1600000000001 0.7833473720055
8.2400000000001 0.7853727416221
8.3200000000000 0.7873627920831
8.3200000000000 0.7873627920831
8.3200000000001 0.7873627920831
8.3200000000001 0.7873627920831
8.4000000000001 0.7893183838421
8.4800000000000 0.7912403520365
8.4800000000001 0.7912403520365
8.5600000000001 0.7931295065427
8.6400000000000 0.7949866322101
8.6400000000001 0.7949866322101
8.6400000000001 0.7949866322101
8.7200000000001 0.7968124896031
8.8000000000000 0.7986078162033
8.8000000000001 0.7986078162033
8.8800000000001 0.8003733277533
8.9600000000000 0.8021097194502
8.9600000000000 0.8021097194502
8.9600000000000 0.8021097194502
8.9600000000001 0.8021097194502
8.9600000000001 0.8021097194502
9.0400000000001 0.8038176667924
9.1200000000000 0.8054978261783
9.1200000000001 0.8054978261783
9.2000000000001 0.8071508354189
9.2800000000000 0.8087773142630
9.2800000000001 0.8087773142630
9.2800000000001 0.8087773142630
9.3600000000001 0.8103778649273
9.4400000000000 0.8119530725679
9.4400000000001 0.8119530725679
9.5200000000001 0.8135035056233
9.6000000000000 0.8150297161305
9.6000000000000 0.8150297161305
9.6000000000001 0.8150297161305
9.6000000000001 0.8150297161305
9.6800000000001 0.8165322401377
9.7600000000000 0.8180115983238
9.7600000000001 0.8180115983238
9.8400000000001 0.8194682968295
9.9200000000000 0.8209028281405
9.9200000000000 0.8209028281405
9.9200000000001 0.8209028281405
10.0000000000001 0.8223156717424
10.0800000000000 0.8237072941831
10.0800000000001 0.8237072941831
10.1600000000001 0.8250781476957
10.2400000000000 0.8264286646784
10.2400000000000 0.8264286646784
10.2400000000000 0.8264286646784
10.2400000000000 0.8264286646784
10.2400000000000 0.8264286646784
10.2400000000001 0.8264286646784
10.3200000000001 0.8277592954526
10.4000000000000 0.8290704384820
10.4000000000001 0.8290704384820
10.4800000000001 0.8303625152542
10.5600000000000 0.8316359070197
10.5600000000000 0.8316359070197
10.5600000000001 0.8316359070197
10.6400000000001 0.8328910145302
10.7200000000000 0.8341282007693
10.7200000000001 0.8341282007693
10.8000000000001 0.8353478483363
10.8800000000000 0.8365502991358
10.8800000000000 0.8365502991358
10.8800000000000 0.8365502991358
11.0400000000000 0.8389050187450
11.2000000000000 0.8411950178477
11.2000000000000 0.8411950178477
11.3599999999999 0.8434228207351
11.5199999999999 0.8455908447083
11.5200000000000 0.8455908447083
11.5200000000000 0.8455908447083
11.5200000000000 0.8455908447083
11.6799999999999 0.8477014029447
11.8399999999999 0.8497566849522
11.8400000000000 0.8497566849522
11.9999999999999 0.8517587562716
12.1599999999999 0.8537095823801
12.1600000000000 0.8537095823801
12.1600000000000 0.8537095823801
12.3199999999999 0.8556110440314
12.4799999999999 0.8574649369545
12.4800000000000 0.8574649369545
12.6399999999999 0.8592729703619
12.7999999999999 0.8610367717747
12.8000000000000 0.8610367717747
12.8000000000000 0.8610367717747
12.8000000000000 0.8610367717747
12.8000000000000 0.8610367717747
12.9599999999999 0.8627578939983
13.1199999999999 0.8644378208552
13.1200000000000 0.8644378208552
13.2799999999999 0.8660779758827
13.4399999999999 0.8676797283933
13.4400000000000 0.8676797283933
13.4400000000000 0.8676797283933
13.5999999999999 0.8692443867477
13.7599999999999 0.8707731910085
13.7600000000000 0.8707731910085
13.9199999999999 0.8722673211943
14.0799999999999 0.8737279111500
14.0800000000000 0.8737279111500
14.0800000000000 0.8737279111500
14.0800000000000 0.8737279111500
14.2399999999999 0.8751560481961
14.3999999999999 0.8765527416499
14.3999999999999 0.8765527416499
14.5599999999999 0.8779190665011
14.7199999999999 0.8792559130533
14.7199999999999 0.8792559130533
14.7200000000000 0.8792559130533
14.8799999999999 0.8805642490714
15.0399999999999 0.8818449171611
15.0399999999999 0.8818449171611
15.1999999999999 0.8830988257772
15.3599999999999 0.8843267451373
15.3599999999999 0.8843267451373
15.3600000000000 0.8843267451373
15.3600000000000 0.8843267451373
15.3600000000000 0.8843267451373
15.5199999999999 0.8855295193064
15.6799999999999 0.8867078351974
15.9999999999999 0.8889939969493
16.0000000000000 0.8889939969493
16.3199999999999 0.8911906853227
16.6400000000000 0.8933030100681
16.6400000000000 0.8933030100681
16.6400000000001 0.8933030100681
16.9600000000001 0.8953356414259
17.2800000000000 0.8972929361106
17.2800000000001 0.8972929361106
17.6000000000001 0.8991789245848
17.9200000000000 0.9009973581598
17.9200000000000 0.9009973581598
17.9200000000000 0.9009973581598
17.9200000000001 0.9009973581598
18.2400000000001 0.9027517517791
18.5600000000000 0.9044453909135
18.5600000000001 0.9044453909135
18.8800000000001 0.9060813638778
19.2000000000000 0.9076624940087
19.2000000000000 0.9076624940087
19.2000000000001 0.9076624940087
19.5200000000001 0.9091914495924
19.8400000000000 0.9106707564590
19.8400000000001 0.9106707564590
20.1600000000001 0.9121027236388
20.4800000000000 0.9134894709589
20.4800000000000 0.9134894709589
20.4800000000000 0.9134894709589
20.4800000000001 0.9134894709589
20.8000000000001 0.9148332985427
21.1200000000000 0.9161359745314
21.1200000000001 0.9161359745314
21.4400000000001 0.9173995060861
21.7600000000000 0.9186254762717
21.7600000000000 0.9186254762717
21.7600000000001 0.9186254762717
22.0800000000001 0.9198156837484
22.4000000000000 0.9209714888919
22.4000000000002 0.9209714888919
22.7200000000002 0.9220944266633
23.0400000000000 0.9231857719663
23.0400000000000 0.9231857719663
23.0400000000000 0.9231857719663
23.6800000000000 0.9252790448389
24.3200000000000 0.9272609587528
24.3200000000000 0.9272609587528
24.9600000000000 0.9291402187637
25.6000000000000 0.9309244947305
25.6000000000000 0.9309244947305
25.6000000000000 0.9309244947305
26.2400000000000 0.9326206474384
26.8800000000000 0.9342351311714
26.8800000000000 0.9342351311714
27.5200000000000 0.9357736433982
28.1600000000000 0.9372413204341
28.1600000000000 0.9372413204341
28.1600000000000 0.9372413204341
28.8000000000000 0.9386430624753
29.4400000000000 0.9399831903087
29.4400000000000 0.9399831903087
30.0800000000000 0.9412655639783
30.7200000000000 0.9424938505597
30.7200000000000 0.9424938505597
30.7200000000000 0.9424938505597
31.3600000000000 0.9436714580724
32.0000000000000 0.9448014268271
32.0000000000000 0.9448014268271
32.6400000000000 0.9458865001826
33.2800000000000 0.9469291741057
33.2800000000000 0.9469291741057
33.2800000000000 0.9469291741057
33.9200000000000 0.9479322061959
34.5600000000000 0.9488975549134
34.5600000000000 0.9488975549134
35.2000000000000 0.9498275330672
35.8400000000000 0.9507238352107
35.8400000000000 0.9507238352107
35.8400000000000 0.9507238352107
36.4800000000000 0.9515884347957
37.1200000000000 0.9524228079351
37.1200000000000 0.9524228079351
37.7600000000000 0.9532286536961
38.4000000000000 0.9540072766685
38.4000000000000 0.9540072766685
39.6800000000000 0.9554884670839
40.9600000000000 0.9568760222651
40.9600000000000 0.9568760222651
42.2400000000000 0.9581786168043
43.5200000000000 0.9594037072478
43.5200000000000 0.9594037072478
44.8000000000000 0.9605579937662
46.0800000000000 0.9616473904442
46.0800000000000 0.9616473904442
47.3600000000000 0.9626770964304
48.6400000000000 0.9636519144134
48.6400000000000 0.9636519144134
49.9200000000000 0.9645760707692
51.2000000000000 0.9654533486915
51.2000000000000 0.9654533486915
52.4800000000000 0.9662872479983
53.7600000000000 0.9670808797564
53.7600000000000 0.9670808797564
55.0400000000000 0.9678370526837
56.3200000000000 0.9685584339419
56.3200000000000 0.9685584339419
57.6000000000000 0.9692474474971
58.8800000000000 0.9699063104325
58.8800000000000 0.9699063104325
60.1600000000000 0.9705370190295
61.4400000000000 0.9711414357980
61.4400000000000 0.9711414357980
62.7200000000000 0.9717213967333
64.0000000000000 0.9722785140668
64.0000000000000 0.9722785140668
65.2800000000000 0.9728142969361
66.5600000000000 0.9733301328636
66.5600000000000 0.9733301328636
67.8400000000000 0.9738272722805
69.1200000000000 0.9743069849749
69.1200000000000 0.9743069849749
70.4000000000000 0.9747703755073
71.6800000000000 0.9752184367830
71.6800000000000 0.9752184367830
72.9600000000000 0.9756520794217
74.2400000000000 0.9760721108443
74.2400000000000 0.9760721108443
75.5200000000000 0.9764792993617
76.8000000000000 0.9768742427090
76.8000000000000 0.9768742427090
78.0800000000000 0.9772574735530
79.3600000000000 0.9776294577716
79.3600000000000 0.9776294577716
80.6400000000000 0.9779905308134
81.9200000000000 0.9783409514535
81.9200000000000 0.9783409514535
83.2000000000000 0.9786808537951
84.4800000000000 0.9790103396614
84.4800000000000 0.9790103396614
85.7600000000000 0.9793294499834
87.0400000000000 0.9796381100425
87.0400000000000 0.9796381100425
88.3200000000000 0.9799362223438
89.6000000000000 0.9802236500533
89.6000000000000 0.9802236500533
90.8800000000000 0.9805002072142
92.1600000000000 0.9807657370017
92.1600000000000 0.9807657370017
93.4400000000000 0.9810201314608
94.7200000000000 0.9812632665717
94.7200000000000 0.9812632665717
96.0000000000000 0.9814950705608
97.2800000000000 0.9817155793313
97.2800000000000 0.9817155793313
98.5600000000000 0.9819249347215
99.8400000000000 0.9821235037940
99.8400000000000 0.9821235037940
101.1200000000000 0.9823117608148
102.4000000000000 0.9824902406213
102.4000000000000 0.9824902406213
103.6800000000000 0.9826597797473
104.9600000000000 0.9828214394086
104.9600000000000 0.9828214394086
106.2400000000000 0.9829764247148
107.5200000000000 0.9831261771148
107.5200000000000 0.9831261771148
108.8000000000000 0.9832722664145
110.0800000000000 0.9834163142536
110.0800000000000 0.9834163142536
111.3600000000000 0.9835601083604
112.6400000000000 0.9837056569223
112.6400000000000 0.9837056569223
113.9200000000000 0.9838549923956
115.2000000000000 0.9840099982964
115.2000000000000 0.9840099982964
116.4800000000000 0.9841724785132
117.7600000000000 0.9843440838469
117.7600000000000 0.9843440838469
119.0400000000000 0.9845262135122
120.3200000000000 0.9847201199593
120.3200000000000 0.9847201199593
121.6000000000000 0.9849267590225
122.8800000000000 0.9851465207266
122.8800000000000 0.9851465207266
124.1600000000000 0.9853791853160
125.4400000000000 0.9856239867654
125.4400000000000 0.9856239867654
126.7200000000000 0.9858798178952
128.0000000000000 0.9861452202287
128.0000000000000 0.9861452202287
129.2800000000000 0.9864180561978
130.5600000000000 0.9866953111722
130.5600000000000 0.9866953111722
131.8400000000000 0.9869743654946
133.1200000000000 0.9872518966782
133.1200000000000 0.9872518966782
134.4000000000000 0.9875247992486
135.6800000000000 0.9877898025115
135.6800000000000 0.9877898025115
136.9600000000000 0.9880433475806
138.2400000000000 0.9882831935579
138.2400000000000 0.9882831935579
139.5200000000000 0.9885062517495
140.8000000000000 0.9887115066563
143.3600000000000 0.9890624714249
145.9200000000000 0.9893333966211
148.4800000000000 0.9895306704455
151.0400000000000 0.9896672191985
153.6000000000000 0.9897592434595
156.1600000000000 0.9898229024666
158.7200000000000 0.9898719124707
161.2800000000000 0.9899165010619
163.8400000000000 0.9899633888726
166.4000000000000 0.9900163856692
168.9600000000000 0.9900771120261
171.5200000000000 0.9901458247178
174.0800000000000 0.9902219224764
176.6400000000000 0.9903044283854
179.2000000000000 0.9903922218624
181.7600000000000 0.9904841630720
184.3200000000000 0.9905792448740
186.8800000000000 0.9906765648707
189.4400000000000 0.9907753524917
192.0000000000000 0.9908749537688
194.5600000000000 0.9909748796518
197.1200000000000 0.9910746974740
199.6800000000000 0.9911740080946
202.2400000000000 0.9912725173481
204.8000000000000 0.9913700079530
207.3600000000000 0.9914664006959
209.9200000000000 0.9915615769872
212.4800000000000 0.9916553700964
215.0400000000000 0.9917476998339
217.6000000000000 0.9918384856151
220.1600000000000 0.9919277677762
222.7200000000000 0.9920155932909
225.2800000000000 0.9921018595297
227.8400000000000 0.9921866045017
230.4000000000000 0.9922698678203
232.9600000000000 0.9923515583103
235.5200000000000 0.9924317815894
238.0800000000000 0.9925106026274
240.6400000000000 0.9925878429211
243.2000000000000 0.9926635542986
245.7600000000000 0.9927379142993
248.3200000000000 0.9928107532263
250.8800000000000 0.9928819503048
253.4400000000000 0.9929518152869
256.0000000000000 0.9930204768339
258.5600000000000 0.9930876500209
261.1200000000000 0.9931535326872
263.6800000000000 0.9932189841988
266.2400000000000 0.9932841828052
268.8000000000000 0.9933482057683
271.3600000000000 0.9934108834807
273.9200000000000 0.9934739710318
276.4800000000000 0.9935389363322
279.0400000000000 0.9936039065940
281.6000000000000 0.9936642186292
284.1600000000000 0.9937164575203
286.7200000000000 0.9937615042417
289.2800000000000 0.9938035917684
291.8400000000000 0.9938469526222
294.4000000000000 0.9938934537961
296.9600000000000 0.9939426157760
299.5200000000000 0.9939929847275
302.0800000000000 0.9940433190935
304.6400000000000 0.9940929804654
307.2000000000000 0.9941417885585
309.7600000000000 0.9941897573685
312.3200000000000 0.9942369301185
314.8800000000000 0.9942833371920
317.4400000000000 0.9943290017563
