# x ham
-317.4400000000000 -0.0000000064849
-314.8800000000000 -0.0000000047970
-312.3200000000000 -0.0000000051189
-309.7600000000000 -0.0000000050792
-307.2000000000000 -0.0000000050522
-304.6400000000000 -0.0000000050581
-302.0800000000000 -0.0000000049858
-299.5200000000000 -0.0000000049467
-296.9600000000000 -0.0000000050449
-294.4000000000000 -0.0000000047891
-291.8400000000000 -0.0000000056526
-289.2800000000000 -0.0000000055169
-286.7200000000000 -0.0000000035709
-284.1600000000000 -0.0000000003832
-281.6000000000000 0.0000000000031
-279.0400000000000 -0.0000000068736
-276.4800000000000 -0.0000000182496
-273.9200000000000 -0.0000000209119
-271.3600000000000 -0.0000000036455
-268.8000000000000 0.0000000194847
-266.2400000000000 0.0000000168849
-263.6800000000000 -0.0000000138921
-261.1200000000000 -0.0000000347899
-258.5600000000000 -0.0000000162511
-256.0000000000000 0.0000000146428
-253.4400000000000 0.0000000129248
-250.8800000000000 -0.0000000141783
-248.3200000000000 -0.0000000189396
-245.7600000000000 -0.0000000001160
-243.2000000000000 0.0000000050601
-240.6400000000000 -0.0000000092145
-238.0800000000000 -0.0000000136036
-235.5200000000000 -0.0000000003001
-232.9600000000000 -0.0000000007261
-230.4000000000000 -0.0000000116549
-227.8400000000000 -0.0000000054712
-225.2800000000000 0.0000000014943
-222.7200000000000 -0.0000000074319
-220.1600000000000 -0.0000000071090
-217.6000000000000 -0.0000000002738
-215.0400000000000 -0.0000000081305
-212.4800000000000 -0.0000000067893
-209.9200000000000 -0.0000000030071
-207.3600000000000 -0.0000000081180
-204.8000000000000 -0.0000000050680
-202.2400000000000 -0.0000000037519
-199.6800000000000 -0.0000000042604
-197.1200000000000 -0.0000000026050
-194.5600000000000 -0.0000000063598
-192.0000000000000 -0.0000000057125
-189.4400000000000 -0.0000000069461
-186.8800000000000 -0.0000000064379
-184.3200000000000 -0.0000000035784
-181.7600000000000 -0.0000000055383
-179.2000000000000 -0.0000000025535
-176.6400000000000 -0.0000000049469
-174.0800000000000 -0.0000000041391
-171.5200000000000 -0.0000000084736
-168.9600000000000 -0.0000000059727
-166.4000000000000 -0.0000000026815
-163.8400000000000 -0.0000000024400
-161.2800000000000 -0.0000000020159
-158.7200000000000 -0.0000000047493
-156.1600000000000 -0.0000000068844
-153.6000000000000 -0.0000000022238
-151.0400000000000 0.0000000007349
-148.4800000000000 0.0000000001825
-145.9200000000000 -0.0000000058773
-143.3600000000000 -0.0000000093626
-140.8000000000000 -0.0000000093289
-139.5200000000000 -0.0000000067086
-138.2400000000000 -0.0000000037633
-138.2400000000000 -0.0000000037633
-136.9600000000000 -0.0000000006940
-135.6800000000000 -0.0000000011290
-135.6800000000000 -0.0000000011290
-134.4000000000000 -0.0000000147070
-133.1200000000000 -0.0000000235976
-133.1200000000000 -0.0000000235976
-131.8400000000000 -0.0000000056483
-130.5600000000000 0.0000000165358
-130.5600000000000 0.0000000165358
-129.2800000000000 0.0000000278253
-128.0000000000000 0.0000002470924
-128.0000000000000 0.0000000279456
-126.7200000000000 -0.0000000614665
-125.4400000000000 -0.0000000212749
-125.4400000000000 -0.0000000027594
-124.1600000000000 -0.0000000167185
-122.8800000000000 0.0000000195898
-122.8800000000000 0.0000000021371
-121.6000000000000 -0.0000000023067
-120.3200000000000 0.0000000061462
-120.3200000000000 -0.0000000164536
-119.0400000000000 0.0000000037303
-117.7600000000000 -0.0000000053175
-117.7600000000000 0.0000000099642
-116.4800000000000 -0.0000000038119
-115.2000000000000 -0.0000000091363
-115.2000000000000 -0.0000000123172
-113.9200000000000 -0.0000000121714
-112.6400000000000 -0.0000000169828
-112.6400000000000 0.0000000041025
-111.3600000000000 0.0000000109706
-110.0800000000000 0.0000000176045
-110.0800000000000 0.0000000009136
-108.8000000000000 -0.0000000207698
-107.5200000000000 -0.0000000409284
-107.5200000000000 -0.0000000107270
-106.2400000000000 0.0000000013278
-104.9600000000000 0.0000000170506
-104.9600000000000 0.0000000164960
-103.6800000000000 0.0000000006516
-102.4000000000000 -0.0000000187111
-102.4000000000000 -0.0000000075111
-101.1200000000000 -0.0000000002252
-99.8400000000000 0.0000000186630
-99.8400000000000 0.0000000024894
-98.5600000000000 0.0000000129674
-97.2800000000000 -0.0000000045329
-97.2800000000000 0.0000000171365
-96.0000000000000 0.0000000045524
-94.7200000000000 0.0000000199356
-94.7200000000000 0.0000000204929
-93.4400000000000 0.0000000271227
-92.1600000000000 0.0000000120217
-92.1600000000000 0.0000000159157
-90.8800000000000 -0.0000000046054
-89.6000000000000 0.0000000362243
-89.6000000000000 0.0000000372086
-88.3200000000000 0.0000000472715
-87.0400000000000 -0.0000000030405
-87.0400000000000 0.0000000076550
-85.7600000000000 0.0000000210360
-84.4800000000000 0.0000000697352
-84.4800000000000 0.0000000448641
-83.2000000000000 0.0000000163907
-81.9200000000000 0.0000000332488
-81.9200000000000 0.0000000172856
-80.6400000000000 0.0000000933668
-79.3600000000000 0.0000000385966
-79.3600000000000 0.0000000341104
-78.0800000000000 0.0000000269287
-76.8000000000000 0.0000000845157
-76.8000000000000 0.0000001268831
-75.5200000000000 0.0000000326966
-74.2400000000000 0.0000000987948
-74.2400000000000 0.0000000895657
-72.9600000000000 0.0000001410817
-71.6800000000000 0.0000000539417
-71.6800000000000 0.0000001118369
-70.4000000000000 0.0000002011650
-69.1200000000000 0.0000001545519
-69.1200000000000 0.0000000959685
-67.8400000000000 0.0000002156262
-66.5600000000000 0.0000001826055
-66.5600000000000 0.0000001983871
-65.2800000000000 0.0000002339114
-64.0000000000000 0.0000002649983
-64.0000000000000 0.0000002663741
-62.7200000000000 0.0000003216982
-61.4400000000000 0.0000003478491
-61.4400000000000 0.0000003124194
-60.1600000000001 0.0000004651190
-58.8800000000001 0.0000003954204
-58.8800000000000 0.0000004458915
-57.6000000000001 0.0000005984396
-56.3200000000001 0.0000006181800
-56.3200000000000 0.0000006124313
-55.0400000000000 0.0000007047135
-53.7600000000000 0.0000008708506
-53.7600000000000 0.0000009096384
-52.4800000000000 0.0000009948709
-51.2000000000000 0.0000011267526
-51.2000000000000 0.0000011314976
-49.9200000000000 0.0000013395303
-48.6400000000000 0.0000016165698
-48.6400000000000 0.0000015937908
-47.3600000000000 0.0000018511125
-46.0800000000000 0.0000021710216
-46.0800000000000 0.0000021526760
-44.8000000000000 0.0000025538780
-43.5200000000000 0.0000029913862
-43.5200000000000 0.0000029828143
-42.2400000000000 0.0000034898391
-40.9600000000000 0.0000041057634
-40.9600000000000 0.0000041587098
-39.6800000000000 0.0000049063458
-38.4000000000000 0.0000057501956
-38.4000000000000 0.0000057762397
-37.7600000000000 0.0000061763917
-37.1200000000000 0.0000067150624
-37.1200000000000 0.0000067150624
-36.4800000000000 0.0000077264536
-35.8400000000000 0.0000084587097
-35.8400000000000 0.0000075973095
-35.8400000000000 0.0000084587097
-35.2000000000000 0.0000070811704
-34.5600000000000 0.0000071904961
-34.5600000000000 0.0000071904961
-33.9200000000000 0.0000147804591
-33.2800000000000 0.0000208290646
-33.2800000000000 0.0000143325158
-33.2800000000000 0.0000208290646
-32.6400000000000 0.0000144268596
-32.0000000000000 0.0000072299920
-32.0000000000000 0.0000132679266
-31.3600000000000 0.0000114035422
-30.7200000000000 0.0000138227868
-30.7200000000000 0.0000169380668
-30.7200000000000 0.0000145112600
-30.0800000000000 0.0000183737920
-29.4400000000000 0.0000199415998
-29.4400000000000 0.0000199832100
-28.8000000000000 0.0000216640751
-28.1600000000000 0.0000240233191
-28.1600000000000 0.0000243807498
-28.1600000000000 0.0000240033723
-27.5200000000000 0.0000264490454
-26.8800000000000 0.0000292077851
-26.8800000000000 0.0000291291842
-26.2400000000000 0.0000323764254
-25.6000000000000 0.0000359274430
-25.6000000000000 0.0000355555381
-25.6000000000000 0.0000354682545
-24.9600000000000 0.0000394566337
-24.3200000000000 0.0000442231456
-24.3200000000000 0.0000442507647
-23.6800000000000 0.0000488617698
-23.0400000000000 0.0000543167995
-23.0400000000000 0.0000544118401
-23.0400000000000 0.0000545043732
-22.7199999999999 0.0000572830003
-22.4000000000000 0.0000605967017
-22.3999999999999 0.0000605967017
-22.0799999999999 0.0000657764820
-21.7600000000000 0.0000653180700
-21.7600000000000 0.0000696871012
-21.7599999999999 0.0000696871012
-21.4399999999999 0.0000649009281
-21.1200000000000 0.0000657186732
-21.1199999999999 0.0000657186732
-20.7999999999999 0.0000940981047
-20.4800000000000 0.0001008665624
-20.4800000000000 0.0001196404184
-20.4800000000000 0.0000900106533
-20.4799999999999 0.0001196404184
-20.1599999999999 0.0001102364089
-19.8400000000000 0.0000929750475
-19.8400000000000 0.0001223218691
-19.5199999999999 0.0001137007896
-19.2000000000000 0.0000840379774
-19.2000000000000 0.0000926278550
-19.1999999999999 0.0001035405720
-18.8800000000000 0.0001066946806
-18.5600000000000 0.0001199391317
-18.5600000000000 0.0001177205933
-18.2400000000000 0.0001323173409
-17.9200000000000 0.0001404952378
-17.9200000000000 0.0001414998882
-17.9200000000000 0.0001392037361
-17.9200000000000 0.0001367460666
-17.6000000000000 0.0001482630443
-17.2800000000000 0.0001577641152
-17.2800000000000 0.0001579284503
-16.9600000000000 0.0001685984761
-16.6400000000000 0.0001802249178
-16.6400000000000 0.0001800245315
-16.6400000000000 0.0001803212749
-16.3199999999999 0.0001926582636
-16.0000000000000 0.0002073500700
-15.9999999999999 0.0002065928008
-15.6799999999999 0.0002215117582
-15.5200000000000 0.0002286950308
-15.3600000000000 0.0002369185465
-15.3600000000000 0.0002363817762
-15.3600000000000 0.0002373370875
-15.3600000000000 0.0002440411816
-15.3599999999999 0.0002363817762
-15.2000000000000 0.0002462387282
-15.0400000000000 0.0002553285159
-15.0399999999999 0.0002553285159
-14.8800000000000 0.0002579713764
-14.7200000000000 0.0002727278503
-14.7200000000000 0.0002640612198
-14.7199999999999 0.0002640612198
-14.5600000000000 0.0002874479408
-14.4000000000000 0.0003105838222
-14.3999999999999 0.0003105838222
-14.2400000000000 0.0003155817357
-14.0800000000000 0.0003198331503
-14.0800000000000 0.0003410127864
-14.0800000000000 0.0003173098088
-14.0800000000000 0.0003208057558
-13.9200000000000 0.0003526411416
-13.7600000000000 0.0003627319638
-13.7600000000000 0.0003376736890
-13.6000000000000 0.0003758801288
-13.4400000000000 0.0003680248779
-13.4400000000000 0.0003683144066
-13.4400000000000 0.0003914066486
-13.2800000000000 0.0004080048074
-13.1200000000000 0.0003996480787
-13.1200000000000 0.0004238935267
-12.9600000000000 0.0004367646007
-12.8000000000000 0.0004180324268
-12.8000000000000 0.0004450051960
-12.8000000000000 0.0004177976583
-12.8000000000000 0.0004204403260
-12.8000000000000 0.0004393802788
-12.6400000000000 0.0004496115041
-12.4800000000000 0.0004549145458
-12.4800000000000 0.0004379757868
-12.3200000000000 0.0004661738834
-12.1600000000000 0.0004809288875
-12.1600000000000 0.0004828668026
-12.1600000000000 0.0004857796650
-12.0000000000000 0.0005116307344
-11.8400000000000 0.0005388092779
-11.8400000000000 0.0005390175390
-11.6800000000000 0.0005632200429
-11.5200000000000 0.0005845104813
-11.5200000000000 0.0005837728297
-11.5200000000000 0.0005840218916
-11.5200000000000 0.0005787392333
-11.3600000000000 0.0006056431052
-11.2000000000000 0.0006296006031
-11.2000000000000 0.0006281412372
-11.0400000000001 0.0006569667621
-10.8800000000001 0.0006863373948
-10.8800000000000 0.0006844938204
-10.8800000000000 0.0006833982916
-10.8000000000001 0.0007008916626
-10.7200000000001 0.0007156589714
-10.7200000000001 0.0007156589714
-10.6400000000001 0.0007314007773
-10.5600000000001 0.0007467339320
-10.5600000000001 0.0007467339320
-10.5600000000000 0.0007433182055
-10.4800000000001 0.0007585709340
-10.4000000000001 0.0007727862982
-10.4000000000001 0.0007727862982
-10.3200000000001 0.0007978828923
-10.2400000000001 0.0008228881559
-10.2400000000001 0.0008228881559
-10.2400000000000 0.0008118973645
-10.2400000000000 0.0008153178296
-10.2400000000000 0.0008727048432
-10.2400000000000 0.0008125805324
-10.1600000000001 0.0008364380629
-10.0800000000001 0.0008482098773
-10.0800000000001 0.0008701133107
-10.0000000000001 0.0008889135560
-9.9200000000001 0.0008840869945
-9.9200000000001 0.0009055402382
-9.9200000000000 0.0008833145563
-9.8400000000001 0.0009237194477
-9.7600000000001 0.0009234038084
-9.7600000000001 0.0009429285972
-9.6800000000001 0.0009625951024
-9.6000000000001 0.0009635384065
-9.6000000000001 0.0009826566982
-9.6000000000001 0.0009616976536
-9.6000000000000 0.0009615795072
-9.5200000000001 0.0010032761256
-9.4400000000001 0.0010059584188
-9.4400000000001 0.0010246159054
-9.3600000000001 0.0010467733110
-9.2800000000001 0.0010515665596
-9.2800000000001 0.0010505968485
-9.2800000000001 0.0010697708569
-9.2000000000001 0.0010935585975
-9.1200000000001 0.0011000996018
-9.1200000000001 0.0011180380454
-9.0400000000001 0.0011430987635
-8.9600000000001 0.0011507705362
-8.9600000000001 0.0011686551752
-8.9600000000001 0.0011465061924
-8.9600000000000 0.0011460030606
-8.9600000000000 0.0011452393539
-8.8800000000001 0.0011946721847
-8.8000000000001 0.0012034834299
-8.8000000000001 0.0012211724760
-8.7200000000001 0.0012482257398
-8.6400000000001 0.0012589605583
-8.6400000000001 0.0012569907256
-8.6400000000001 0.0012759225284
-8.5600000000001 0.0013043482565
-8.4800000000001 0.0013169457008
-8.4800000000001 0.0013335641088
-8.4000000000001 0.0013636017074
-8.3200000000001 0.0013774996234
-8.3200000000001 0.0013944640152
-8.3200000000001 0.0013734138161
-8.3200000000000 0.0013747889765
-8.2400000000001 0.0014261294128
-8.1600000000001 0.0014420813867
-8.1600000000001 0.0014585610895
-8.0800000000001 0.0014917213665
-8.0000000000001 0.0015097395631
-8.0000000000000 0.0015255907805
-8.0000000000000 0.0015086693424
-7.9200000000000 0.0015601847850
-7.8400000000001 0.0015792199175
-7.8400000000000 0.0015955647269
-7.7600000000001 0.0016318196952
-7.6800000000001 0.0016528450689
-7.6800000000001 0.0016690437250
-7.6800000000001 0.0016486950221
-7.6800000000000 0.0016497141547
-7.6800000000000 0.0016361096088
-7.6800000000000 0.0016942778297
-7.6000000000001 0.0017073185349
-7.5200000000001 0.0017313779931
-7.5200000000001 0.0017467134076
-7.4400000000001 0.0017872932765
-7.3600000000001 0.0018134491329
-7.3600000000001 0.0018107003960
-7.3600000000001 0.0018291198016
-7.2800000000000 0.0018722317292
-7.2000000000001 0.0018999713329
-7.2000000000000 0.0019166030016
-7.1200000000000 0.0019620947578
-7.0400000000001 0.0019910433006
-7.0400000000000 0.0019888783471
-7.0400000000000 0.0020084334260
-7.0400000000000 0.0019852073787
-6.9600000000000 0.0020552554597
-6.8800000000001 0.0020853387924
-6.8800000000000 0.0021022184577
-6.8000000000000 0.0021491414377
-6.7200000000001 0.0021829970084
-6.7200000000001 0.0021819705603
-6.7200000000001 0.0021961159458
-6.6400000000000 0.0022435368940
-6.5600000000000 0.0022920265055
-6.5600000000000 0.0022842149178
-6.4800000000000 0.0023422384566
-6.4000000000000 0.0023882527298
-6.4000000000000 0.0023947128358
-6.4000000000000 0.0023825044695
-6.4000000000000 0.0023060172118
-6.4000000000000 0.0023899497481
-6.3600000000000 0.0024216899802
-6.3200000000000 0.0024493257532
-6.3200000000000 0.0024493257532
-6.2800000000000 0.0024781888321
-6.2400000000000 0.0025070691620
-6.2400000000000 0.0025070691620
-6.2400000000000 0.0025009169136
-6.2000000000000 0.0025335984890
-6.1600000000000 0.0025618200871
-6.1600000000000 0.0025618200871
-6.1200000000000 0.0025978418073
-6.0800000000000 0.0026331016648
-6.0800000000000 0.0026157863760
-6.0800000000000 0.0026331016648
-6.0800000000000 0.0026211461902
-6.0400000000000 0.0026580523427
-6.0000000000000 0.0026817576884
-6.0000000000000 0.0027213990074
-5.9600000000000 0.0027524580531
-5.9200000000000 0.0027793818619
-5.9200000000000 0.0027430766082
-5.9200000000000 0.0027353121336
-5.8800000000000 0.0028080582312
-5.8400000000000 0.0028377485770
-5.8400000000000 0.0028037100075
-5.8000000000000 0.0028676992417
-5.7600000000000 0.0028544692221
-5.7600000000000 0.0028650325227
-5.7600000000000 0.0028978748690
-5.7600000000000 0.0028408751954
-5.7600000000000 0.0028583449684
-5.7200000000000 0.0029283162935
-5.6800000000000 0.0029272661365
-5.6800000000000 0.0029590419449
-5.6400000000000 0.0029900706010
-5.6000000000000 0.0029906545743
-5.6000000000000 0.0030214177641
-5.6000000000000 0.0029849865056
-5.5600000000000 0.0030530941902
-5.5200000000000 0.0030552133895
-5.5200000000000 0.0030850934090
-5.4800000000000 0.0031173927087
-5.4400000000000 0.0031128476701
-5.4400000000000 0.0031208301128
-5.4400000000000 0.0031499746303
-5.4400000000000 0.0031154191312
-5.4000000000000 0.0031828368122
-5.3600000000000 0.0031873970846
-5.3600000000000 0.0032159775250
-5.3200000000000 0.0032493771283
-5.2800000000000 0.0032547650038
-5.2800000000000 0.0032829967920
-5.2800000000000 0.0032488780779
-5.2400000000000 0.0033167999337
-5.2000000000000 0.0033227492038
-5.2000000000000 0.0033507697919
-5.1600000000000 0.0033849107068
-5.1200000000000 0.0033912564125
-5.1200000000000 0.0033812995403
-5.1200000000000 0.0034192270291
-5.1200000000000 0.0033502799094
-5.1200000000000 0.0029258673062
-5.1200000000000 0.0039675036514
-5.1200000000000 0.0033846909207
-5.0800000000000 0.0034537015617
-5.0400000000000 0.0034882938579
-5.0400000000000 0.0034601223028
-5.0000000000000 0.0035229561809
-4.9600000000000 0.0035291121495
-4.9600000000000 0.0035576481718
-4.9600000000000 0.0035218558509
-4.9200000000000 0.0035923471290
-4.8800000000000 0.0035980899526
-4.8800000000000 0.0036270269256
-4.8400000000000 0.0036616543491
-4.8000000000000 0.0036669580561
-4.8000000000000 0.0036549663744
-4.8000000000000 0.0036961873578
-4.8000000000000 0.0036590142669
-4.7600000000000 0.0037305797815
-4.7200000000000 0.0037355783811
-4.7200000000000 0.0037647921465
-4.6800000000000 0.0037987912548
-4.6400000000000 0.0038037879911
-4.6400000000000 0.0038325438678
-4.6400000000000 0.0037955604988
-4.6000000000000 0.0038660144465
-4.5600000000000 0.0038991662460
-4.5600000000000 0.0038712987826
-4.5200000000000 0.0039319698186
-4.4800000000000 0.0039377209003
-4.4800000000000 0.0039644095577
-4.4800000000000 0.0039222615708
-4.4800000000000 0.0038428388080
-4.4800000000000 0.0039299368315
-4.4400000000000 0.0039964938466
-4.4000000000000 0.0040028145069
-4.4000000000000 0.0040282439619
-4.3600000000000 0.0040596957351
-4.3200000000000 0.0040908799113
-4.3200000000000 0.0040665574331
-4.3200000000000 0.0040595864864
-4.2800000000000 0.0041218112404
-4.2400000000000 0.0041289578392
-4.2400000000000 0.0041524416732
-4.2000000000000 0.0041827117735
-4.1600000000000 0.0041896582200
-4.1600000000000 0.0041728426091
-4.1600000000000 0.0042125298478
-4.1600000000000 0.0041828280922
-4.1200000000000 0.0042417968366
-4.0800000000000 0.0042703929458
-4.0800000000000 0.0042479934428
-4.0400000000000 0.0042982130220
-4.0000000000000 0.0043032167217
-4.0000000000000 0.0043251914285
-4.0000000000000 0.0042961133985
-3.9600000000000 0.0043512968965
-3.9200000000000 0.0043548992159
-3.9200000000000 0.0043765831541
-3.8800000000000 0.0044011206559
-3.8400000000000 0.0044032588269
-3.8400000000000 0.0043818391463
-3.8400000000000 0.0044249623387
-3.8400000000000 0.0041842590537
-3.8400000000000 0.0017356270185
-3.8400000000000 0.0043964580340
-3.8000000000000 0.0044481575668
-3.7600000000000 0.0044487390098
-3.7600000000000 0.0044707086968
-3.7200000000000 0.0044925547680
-3.6800000000000 0.0044913581995
-3.6800000000000 0.0045135821287
-3.6800000000000 0.0044844389247
-3.6400000000000 0.0045336183301
-3.6000000000000 0.0045524605493
-3.6000000000000 0.0045304056633
-3.5600000000000 0.0045699041008
-3.5200000000000 0.0045645546231
-3.5200000000000 0.0045315387433
-3.5200000000000 0.0045857658530
-3.5200000000000 0.0045570342328
-3.4800000000000 0.0045998990585
-3.4400000000000 0.0045923661053
-3.4400000000000 0.0046122000571
-3.4000000000000 0.0046226155871
-3.3600000000000 0.0046127538104
-3.3600000000000 0.0046311380576
-3.3600000000000 0.0046049695919
-3.3200000000000 0.0046377957217
-3.2800000000000 0.0046426514575
-3.2800000000000 0.0046252549704
-3.2400000000000 0.0046457984220
-3.2000000000000 0.0046473895288
-3.2000000000000 0.0046301931949
-3.2000000000000 0.0046222861365
-3.2000000000000 0.0040482734531
-3.2000000000000 0.0045823751470
-3.1800000000001 0.0046475635076
-3.1600000000001 0.0046474464556
-3.1600000000000 0.0046474464556
-3.1400000000001 0.0046473454138
-3.1200000000001 0.0046467093168
-3.1200000000000 0.0046283545591
-3.1200000000000 0.0046467093168
-3.1000000000001 0.0046443616082
-3.0800000000001 0.0046424858021
-3.0800000000000 0.0046424858021
-3.0600000000001 0.0046446554561
-3.0400000000001 0.0046455238831
-3.0400000000000 0.0046224803025
-3.0400000000000 0.0046455238831
-3.0400000000000 0.0046129249180
-3.0200000000001 0.0046386072136
-3.0000000000001 0.0047279186040
-3.0000000000000 0.0046308905521
-2.9800000000001 0.0047199578070
-2.9600000000001 0.0047121261845
-2.9600000000000 0.0046057516569
-2.9600000000000 0.0046275286967
-2.9400000000001 0.0047060484752
-2.9200000000001 0.0047003114502
-2.9200000000000 0.0046189010948
-2.9000000000001 0.0046940622648
-2.8800000000001 0.0046870788668
-2.8800000000000 0.0045842176549
-2.8800000000000 0.0046068851592
-2.8800000000000 0.0045733070958
-2.8800000000000 0.0045053550646
-2.8600000000001 0.0046791915294
-2.8400000000001 0.0046702579099
-2.8400000000000 0.0045911298768
-2.8200000000001 0.0046602107571
-2.8000000000001 0.0046490445690
-2.8000000000000 0.0045714722150
-2.8000000000000 0.0045482488900
-2.7800000000001 0.0046367906790
-2.7600000000001 0.0046235098083
-2.7600000000000 0.0045478012439
-2.7400000000001 0.0046092695723
-2.7200000000001 0.0045941231203
-2.7200000000000 0.0045203369492
-2.7200000000000 0.0044981031814
-2.7200000000000 0.0044877763359
-2.7000000000001 0.0045781125589
-2.6800000000001 0.0045612940330
-2.6800000000000 0.0044896837475
-2.6600000000001 0.0045437684741
-2.6400000000001 0.0045256620058
-2.6400000000000 0.0044361562608
-2.6400000000000 0.0044565236844
-2.6200000000001 0.0045070894323
-2.6000000000001 0.0044881273711
-2.6000000000000 0.0044214175181
-2.5800000000001 0.0044688048817
-2.5600000000001 0.0044491123899
-2.5600000000000 0.0043657510410
-2.5600000000000 0.0043537972275
-2.5600000000000 0.0026186278052
-2.5600000000000 -0.3933534608306
-2.5600000000000 0.0097839529313
-2.5600000000000 0.0043845792448
-2.5600000000000 0.0042326795935
-2.5400000000001 0.0044290063296
-2.5200000000001 0.0044084104423
-2.5200000000000 0.0043457762090
-2.5000000000001 0.0043872295505
-2.4800000000001 0.0043653679080
-2.4800000000000 0.0042860836495
-2.4800000000000 0.0043043499715
-2.4600000000001 0.0043427414273
-2.4400000000001 0.0043192822027
-2.4400000000000 0.0042595318326
-2.4200000000001 0.0042949378222
-2.4000000000001 0.0042696693605
-2.4000000000000 0.0041925491110
-2.4000000000000 0.0041761267310
-2.4000000000000 0.0042107852924
-2.3800000000001 0.0042434615896
-2.3600000000001 0.0042163282586
-2.3600000000000 0.0041580831751
-2.3400000000001 0.0041883126541
-2.3200000000001 0.0041594701684
-2.3200000000000 0.0040840167864
-2.3200000000000 0.0041019945075
-2.3000000000001 0.0041298533219
-2.2800000000001 0.0040995021143
-2.2800000000000 0.0040432589398
-2.2599999999999 0.0040684250216
-2.2400000000000 0.0039648549383
-2.2400000000000 0.0039467038343
-2.2400000000000 0.0039822176680
-2.2400000000000 0.0037125157778
-2.2399999999999 0.0040366086990
-2.2199999999999 0.0040040144225
-2.2000000000000 0.0039187896844
-2.1999999999999 0.0039705821551
-2.1799999999999 0.0039362572913
-2.1600000000000 0.0038364651383
-2.1600000000000 0.0038526385646
-2.1599999999999 0.0039010288692
-2.1399999999999 0.0038649441738
-2.1200000000000 0.0037834175933
-2.1199999999999 0.0038280924271
-2.0999999999999 0.0037906193319
-2.0800000000000 0.0036962661557
-2.0800000000000 0.0036696662943
-2.0800000000000 0.0037111485269
-2.0799999999999 0.0037526721391
-2.0599999999999 0.0037143891816
-2.0400000000000 0.0036363015704
-2.0399999999999 0.0036758844180
-2.0199999999999 0.0036372387586
-2.0000000000000 0.0035446984404
-2.0000000000000 0.0035594542941
-2.0000000000000 0.0035984843407
-1.9800000000000 0.0035595892951
-1.9600000000000 0.0034808853098
-1.9600000000000 0.0035204457389
-1.9399999999999 0.0034808866599
-1.9200000000000 0.0033848145997
-1.9200000000000 0.0033478985554
-1.9200000000000 -0.0029025483702
-1.9200000000000 0.0028560405749
-1.9200000000000 0.0034003671393
-1.9199999999999 0.0034407044001
-1.8999999999999 0.0033997267943
-1.8800000000000 0.0033174750920
-1.8799999999999 0.0033578582439
-1.8599999999999 0.0033151491854
-1.8400000000000 0.0032170991845
-1.8400000000000 0.0032323865066
-1.8399999999999 0.0032717939854
-1.8200000000000 0.0032281182903
-1.8000000000000 0.0031464022146
-1.8000000000000 0.0031844871431
-1.7800000000000 0.0031411611372
-1.7600000000000 0.0030454894067
-1.7600000000000 0.0029897778384
-1.7600000000000 0.0030608212152
-1.7600000000000 0.0030981851727
-1.7400000000000 0.0030553025183
-1.7200000000000 0.0029745726896
-1.7200000000000 0.0030120420658
-1.7000000000000 0.0029679300352
-1.6800000000000 0.0028683942753
-1.6800000000000 0.0028851387661
-1.6800000000000 0.0029227500846
-1.6600000000000 0.0028768019329
-1.6400000000000 0.0027939481047
-1.6400000000000 0.0028308779306
-1.6200000000000 0.0027859903097
-1.6000000000000 0.0026922920396
-1.6000000000000 0.0026061062086
-1.6000000000000 0.0014579422112
-1.6000000000000 0.0027072775742
-1.6000000000000 0.0027428654383
-1.5800000000000 0.0027015194355
-1.5600000000000 0.0026265942473
-1.5600000000000 0.0026610297162
-1.5400000000000 0.0026199124095
-1.5200000000000 0.0025224833103
-1.5200000000000 0.0025431138439
-1.5200000000000 0.0025768818354
-1.5000000000000 0.0025316531743
-1.4800000000000 0.0024516647254
-1.4800000000000 0.0024853072371
-1.4600000000000 0.0024399589549
-1.4400000000000 0.0023487888502
-1.4400000000000 0.0022123756807
-1.4400000000000 0.0023631521208
-1.4400000000000 0.0023977846658
-1.4200000000000 0.0023599649429
-1.4000000000000 0.0022895402934
-1.4000000000000 0.0023260319768
-1.3800000000000 0.0022941089335
-1.3600000000000 0.0022022954870
-1.3600000000000 0.0022246980748
-1.3600000000000 0.0022617371566
-1.3400000000000 0.0022269297244
-1.3200000000000 0.0021889542778
-1.3200000000000 0.0021542930285
-1.3000000000000 0.0021485563760
-1.2800000000000 0.0020521102680
-1.2800000000000 -0.0012536702839
-1.2800000000000 -0.6423884874587
-1.2800000000000 0.0180200817731
-1.2800000000000 0.0018135304040
-1.2800000000000 0.0021076556378
-1.2800000000000 0.0020771926881
-1.2600000000000 0.0020687074426
-1.2400000000000 0.0020070625506
-1.2400000000000 0.0020339295271
-1.2200000000000 0.0020046881726
-1.2000000000000 0.0019290069345
-1.2000000000000 0.0019555921653
-1.2000000000000 0.0019811234285
-1.1800000000000 0.0019622848953
-1.1600000000000 0.0019204558173
-1.1600000000000 0.0019465919016
-1.1400000000000 0.0019324885855
-1.1200000000000 0.0018511357626
-1.1200000000000 0.0014030254835
-1.1200000000000 0.0019189121464
-1.1200000000000 0.0018915843012
-1.1000000000000 0.0019054976528
-1.0800000000000 0.0018924603911
-1.0800000000000 0.0018634295270
-1.0600000000000 0.0018804154130
-1.0400000000000 0.0017902927825
-1.0400000000000 0.0018391427532
-1.0400000000000 0.0018701123743
-1.0200000000000 0.0018625866801
-1.0000000000000 0.0018277547743
-1.0000000000000 0.0018585720626
-0.9800000000000 0.0018588020578
-0.9600000000000 0.0017689679254
-0.9600000000000 0.0008794671667
-0.9600000000000 -0.0087976646136
-0.9600000000000 0.0018351363030
-0.9600000000000 0.0018629410595
-0.9400000000000 0.0018699848234
-0.9200000000000 0.0018537592642
-0.9200000000000 0.0018782454436
-0.9000000000000 0.0018873039990
-0.8800000000000 0.0017823102564
-0.8800000000000 0.0018746229056
-0.8800000000000 0.0018984834234
-0.8600000000000 0.0019141251567
-0.8400000000000 0.0019098245625
-0.8400000000000 0.0019367598126
-0.8200000000000 0.0019669973438
-0.8000000000000 0.0018222478161
-0.8000000000000 0.0019715168272
-0.8000000000000 -0.0001189262361
-0.8000000000000 0.0020031024459
-0.7800000000000 0.0020427419409
-0.7600000000000 0.0020504116670
-0.7600000000000 0.0020845568863
-0.7400000000000 0.0021287490059
-0.7200000000000 0.0019026525923
-0.7200000000000 0.0021413772873
-0.7200000000000 0.0021762877877
-0.7000000000000 0.0022283761027
-0.6800000000000 0.0022483249070
-0.6800000000000 0.0022857761578
-0.6600000000000 0.0023486463443
-0.6400000000000 0.0019794436573
-0.6400000000000 0.0023742109212
-0.6400000000000 -0.8361214250557
-0.6400000000000 -0.0028688484364
-0.6400000000000 0.0200695102955
-0.6400000000000 0.0024170499750
-0.6200000000000 0.0024903208279
-0.6000000000000 0.0025169779716
-0.6000000000000 0.0025682172159
-0.5800000000000 0.0026513838070
-0.5600000000000 0.0019690967426
-0.5600000000000 0.0026785505723
-0.5600000000000 0.0027414982919
-0.5400000000000 0.0028396585413
-0.5200000000000 0.0028613269688
-0.5200000000000 0.0029447634275
-0.5000000000000 0.0030549336901
-0.4800000000000 0.0016855700902
-0.4800000000000 0.0030573106764
-0.4800000000000 -0.0122591863754
-0.4800000000000 0.0031700865806
-0.4600000000000 0.0032926801437
-0.4400000000000 0.0032665945054
-0.4400000000000 0.0034256315699
-0.4200000000000 0.0035695321363
-0.4000000000000 0.0005660831099
-0.4000000000000 0.0034792640523
-0.4000000000000 0.0037213646102
-0.3800000000000 0.0038771461985
-0.3600000000000 0.0036561606068
-0.3600000000000 0.0040365920049
-0.3400000000000 0.0042053617547
-0.3200000000000 -0.0031400084858
-0.3200000000000 0.0037671965749
-0.3200000000000 0.0073088530826
-0.3200000000000 -0.9367140386722
-0.3200000000000 0.0043896030344
-0.3000000000000 0.0045892020341
-0.2800000000000 0.0037017344753
-0.2800000000000 0.0048012160908
-0.2600000000000 0.0050281604424
-0.2400000000000 -0.0155800197065
-0.2400000000000 0.0031763977680
-0.2400000000000 0.0052761745663
-0.2200000000000 0.0055493658417
-0.2000000000000 0.0014707770768
-0.2000000000000 0.0058541983466
-0.1800000000000 0.0062026441634
-0.1600000000000 -0.0035717526770
-0.1600000000000 -0.0160707297204
-0.1600000000000 -0.9637928897715
-0.1600000000000 0.0065558620843
-0.1400000000000 0.0069148857240
-0.1200000000000 -0.0180828601047
-0.1200000000000 0.0064556997660
-0.1000000000000 0.0060784700737
-0.0800000000000 -0.0448002870633
-0.0800000000000 -0.9518420360533
-0.0800000000000 -0.0006635701644
-0.0600000000000 -0.0313255862751
-0.0400000000000 -0.9413969480852
-0.0400000000000 0.0187678256664
-0.0200000000000 -0.9327677033523
0.0000000000000 0.0054982363562
0.0000000000000 0.0088328456734
0.0000000000000 0.0049399884047
0.0000000000000 0.0377613193690
0.0000000000000 0.0214294161168
0.0000000000000 0.0715946955142
0.0000000000000 0.0066293963994
0.0000000000000 0.0131089064799
0.0200000000000 -0.9319553502465
0.0400000000000 0.0186789790947
0.0400000000000 -0.9411948232578
0.0600000000000 -0.0313532413140
0.0800000000000 -0.0006655968187
0.0800000000000 -0.0448799225579
0.0800000000000 -0.9517149313237
0.1000000000000 0.0060775959112
0.1200000000000 0.0064547018352
0.1200000000000 -0.0180863813321
0.1400000000000 0.0069148305193
0.1600000000000 0.0065557563242
0.1600000000000 -0.9637274658413
0.1600000000000 -0.0035732064634
0.1600000000000 -0.0161043036051
0.1800000000000 0.0062026241658
0.2000000000000 0.0058542000061
0.2000000000000 0.0014702341253
0.2200000000000 0.0055493622278
0.2400000000000 0.0052761464948
0.2400000000000 0.0031761462618
0.2400000000000 -0.0155817658523
0.2600000000000 0.0050282059120
0.2800000000000 0.0048013340068
0.2800000000000 0.0037017325697
0.3000000000000 0.0045893289441
0.3200000000000 0.0043896792716
0.3200000000000 -0.9366821420911
0.3200000000000 0.0072935356477
0.3200000000000 -0.0031405000902
0.3200000000000 0.0037672296390
0.3400000000000 0.0042053981477
0.3600000000000 0.0040365902698
0.3600000000000 0.0036561463697
0.3800000000000 0.0038770807647
0.4000000000000 0.0037212765647
0.4000000000000 0.0034791919135
0.4000000000000 0.0005658827022
0.4200000000000 0.0035694967119
0.4400000000000 0.0034256903574
0.4400000000000 0.0032665652406
0.4600000000000 0.0032927926624
0.4800000000000 0.0031701852865
0.4800000000000 -0.0122600332398
0.4800000000000 0.0016853754430
0.4800000000000 0.0030572988251
0.5000000000000 0.0030549940283
0.5200000000000 0.0029448164759
0.5200000000000 0.0028613324846
0.5400000000000 0.0028396473230
0.5600000000000 0.0027415131071
0.5600000000000 0.0026785226818
0.5600000000000 0.0019690396894
0.5800000000000 0.0026514121899
0.6000000000000 0.0025682111424
0.6000000000000 0.0025169599130
0.6200000000000 0.0024902852747
0.6400000000000 0.0024170259214
0.6400000000000 0.0200630608751
0.6400000000000 -0.0028689850393
0.6400000000000 -0.8361072486719
0.6400000000000 0.0023742813396
0.6400000000000 0.0019795258439
0.6600000000000 0.0023487572237
0.6800000000000 0.0022858726693
0.6800000000000 0.0022484771587
0.7000000000000 0.0022285036656
0.7200000000000 0.0021763727938
0.7200000000000 0.0021414643831
0.7200000000000 0.0019027688366
0.7400000000000 0.0021288034583
0.7600000000000 0.0020846091766
0.7600000000000 0.0020504344637
0.7800000000000 0.0020428615540
0.8000000000000 0.0020031495243
0.8000000000000 -0.0001191018191
0.8000000000000 0.0019715047108
0.8000000000000 0.0018221932903
0.8200000000000 0.0019670939452
0.8400000000000 0.0019369411827
0.8400000000000 0.0019099526816
0.8600000000000 0.0019141790284
0.8800000000000 0.0018984863585
0.8800000000000 0.0018746154231
0.8800000000000 0.0017822610800
0.9000000000000 0.0018872619751
0.9200000000000 0.0018781666551
0.9200000000000 0.0018536554189
0.9400000000000 0.0018698667099
0.9600000000000 0.0018629542160
0.9600000000000 -0.0087979161261
0.9600000000000 0.0008793717615
0.9600000000000 0.0017689034541
0.9600000000000 0.0018351098152
0.9800000000000 0.0018587749853
1.0000000000000 0.0018585110770
1.0000000000000 0.0018277355498
1.0200000000000 0.0018624928243
1.0400000000000 0.0018700789310
1.0400000000000 0.0017904138872
1.0400000000000 0.0018392124340
1.0600000000000 0.0018803627068
1.0800000000000 0.0018924231759
1.0800000000000 0.0018634552312
1.1000000000000 0.0019054612936
1.1200000000000 0.0019188575558
1.1200000000000 0.0014030193451
1.1200000000000 0.0018511392680
1.1200000000000 0.0018915656838
1.1400000000000 0.0019324016113
1.1600000000000 0.0019464810716
1.1600000000000 0.0019203827104
1.1800000000000 0.0019621814473
1.2000000000000 0.0019810636739
1.2000000000000 0.0019289889861
1.2000000000000 0.0019555397352
1.2200000000000 0.0020046707974
1.2400000000000 0.0020339335987
1.2400000000000 0.0020070415544
1.2600000000000 0.0020687267183
1.2800000000000 0.0021076795700
1.2800000000000 0.0018134637566
1.2800000000000 -0.6423832125910
1.2800000000000 -0.0012538360295
1.2800000000000 0.0180176141418
1.2800000000000 0.0020520888484
1.2800000000000 0.0020772051382
1.3000000000000 0.0021485682578
1.3200000000000 0.0021889390446
1.3200000000000 0.0021542822997
1.3400000000000 0.0022268744023
1.3600000000000 0.0022616592027
1.3600000000000 0.0022022417070
1.3600000000000 0.0022246241681
1.3800000000001 0.0022940275903
1.4000000000000 0.0022894518869
1.4000000000001 0.0023259628374
1.4200000000000 0.0023599283351
1.4400000000000 0.0022122799554
1.4400000000000 0.0023487396709
1.4400000000000 0.0023631379146
1.4400000000000 0.0023978082132
1.4600000000001 0.0024400188838
1.4800000000000 0.0024516974114
1.4800000000001 0.0024853842470
1.5000000000001 0.0025317213230
1.5200000000000 0.0025224578851
1.5200000000000 0.0025431148286
1.5200000000001 0.0025769162695
1.5400000000001 0.0026198898967
1.5600000000000 0.0026265353769
1.5600000000001 0.0026609522684
1.5800000000001 0.0027014076221
1.6000000000000 0.0014578701793
1.6000000000000 0.0026060187031
1.6000000000000 0.0026922043719
1.6000000000000 0.0027071960088
1.6000000000001 0.0027427391956
1.6200000000001 0.0027858622621
1.6400000000000 0.0027938958229
1.6400000000001 0.0028307694326
1.6600000000001 0.0028767218766
1.6800000000000 0.0028683606604
1.6800000000000 0.0028851148153
1.6800000000001 0.0029226963789
1.7000000000001 0.0029679071177
1.7200000000000 0.0029745737995
1.7200000000001 0.0030120487402
1.7400000000001 0.0030553325053
1.7600000000000 0.0030454949532
1.7600000000000 0.0029897833205
1.7600000000000 0.0030608416599
1.7600000000001 0.0030982263377
1.7800000000001 0.0031412030862
1.8000000000001 0.0031464257870
1.8000000000001 0.0031845151951
1.8200000000001 0.0032281216562
1.8400000000000 0.0032171018804
1.8400000000001 0.0032323902815
1.8400000000001 0.0032717683586
1.8600000000001 0.0033150976217
1.8800000000001 0.0033174708175
1.8800000000001 0.0033577961817
1.9000000000001 0.0033996670461
1.9200000000000 0.0028560685010
1.9200000000000 0.0033848370657
1.9200000000000 0.0033479230584
1.9200000000000 -0.0029025660173
1.9200000000000 0.0034003729721
1.9200000000001 0.0034406637306
1.9400000000001 0.0034808757526
1.9600000000000 0.0034809070548
1.9600000000001 0.0035204635669
1.9800000000001 0.0035596301399
2.0000000000000 0.0035447221539
2.0000000000001 0.0035594850990
2.0000000000001 0.0035985379192
2.0200000000001 0.0036372965403
2.0400000000001 0.0036363298726
2.0400000000001 0.0036759375539
2.0600000000001 0.0037144405210
2.0800000000000 0.0036962866148
2.0800000000000 0.0036696954678
2.0800000000001 0.0037111778318
2.0800000000001 0.0037527297221
2.1000000000001 0.0037906796317
2.1200000000001 0.0037834308831
2.1200000000001 0.0038281600547
2.1400000000001 0.0038650166217
2.1600000000000 0.0038364468933
2.1600000000001 0.0038526595127
2.1600000000001 0.0039011157999
2.1800000000001 0.0039363414310
2.2000000000001 0.0039188119565
2.2000000000001 0.0039706661616
2.2200000000001 0.0040040936183
2.2400000000000 0.0039648358541
2.2400000000000 0.0037124815466
2.2400000000000 0.0039466708590
2.2400000000001 0.0039822290697
2.2400000000001 0.0040366840615
2.2600000000001 0.0040684942219
2.2800000000001 0.0040432660814
2.2800000000001 0.0040995623939
2.3000000000000 0.0041299072647
2.3200000000000 0.0040840118553
2.3200000000000 0.0041595087070
2.3200000000001 0.0041019952931
2.3400000000000 0.0041883368315
2.3600000000000 0.0042163313688
2.3600000000001 0.0041580647249
2.3800000000000 0.0042434501741
2.4000000000000 0.0041925337159
2.4000000000000 0.0042696498479
2.4000000000000 0.0041761356376
2.4000000000001 0.0042107622248
2.4200000000000 0.0042949104820
2.4400000000000 0.0043192487647
2.4400000000001 0.0042595075805
2.4600000000000 0.0043427004793
2.4800000000000 0.0042860887185
2.4800000000000 0.0043653225586
2.4800000000001 0.0043043330128
2.5000000000000 0.0043871828059
2.5200000000000 0.0044083615260
2.5200000000001 0.0043457655260
2.5400000000000 0.0044289593090
2.5600000000000 0.0043657772137
2.5600000000000 0.0042326784883
2.5600000000000 0.0044490707395
2.5600000000000 0.0097832376846
2.5600000000000 0.0026186435134
2.5600000000000 -0.3933518239165
2.5600000000000 0.0043538131923
2.5600000000001 0.0043845783719
2.5800000000000 0.0044687693832
2.6000000000000 0.0044880964730
2.6000000000001 0.0044214154506
2.6200000000000 0.0045070618537
2.6400000000000 0.0044361542793
2.6400000000000 0.0045256344160
2.6400000000001 0.0044565112554
2.6600000000000 0.0045437384661
2.6800000000000 0.0045612574080
2.6800000000001 0.0044896534839
2.7000000000000 0.0045780645305
2.7200000000000 0.0044980602754
2.7200000000000 0.0045940609318
2.7200000000000 0.0044877448629
2.7200000000001 0.0045202819399
2.7400000000000 0.0046091920627
2.7600000000000 0.0046234220807
2.7600000000000 0.0045477269378
2.7800000000000 0.0046366960078
2.8000000000000 0.0045481920893
2.8000000000000 0.0046489503321
2.8000000000000 0.0045713951603
2.8200000000000 0.0046601216920
2.8400000000000 0.0046701797865
2.8400000000000 0.0045910690781
2.8600000000000 0.0046791265251
2.8800000000000 0.0045841857895
2.8800000000000 0.0045053241674
2.8800000000000 0.0046870252121
2.8800000000000 0.0046068438571
2.8800000000000 0.0045732579950
2.9000000000000 0.0046940230663
2.9200000000000 0.0047002838585
2.9200000000000 0.0046188815213
2.9400000000000 0.0047060314695
2.9600000000000 0.0047121188726
2.9600000000000 0.0046057521189
2.9600000000000 0.0046275263376
2.9800000000000 0.0047199581702
3.0000000000000 0.0047279235319
3.0000000000000 0.0046308992250
3.0200000000000 0.0046386215040
3.0400000000000 0.0046455422130
3.0400000000000 0.0046224978943
3.0400000000000 0.0046455422130
3.0400000000000 0.0046129209149
3.0600000000000 0.0046446738909
3.0800000000000 0.0046425025405
3.0800000000000 0.0046425025405
3.1000000000000 0.0046443765012
3.1200000000000 0.0046283587522
3.1200000000000 0.0046467213015
3.1200000000000 0.0046467213015
3.1400000000000 0.0046473528653
3.1600000000000 0.0046474483446
3.1600000000000 0.0046474483446
3.1800000000000 0.0046475591295
3.2000000000000 0.0046301729902
3.2000000000000 0.0045823451785
3.2000000000000 0.0040482684266
3.2000000000000 0.0046473784285
3.2000000000000 0.0046222594012
3.2400000000000 0.0046457735839
3.2800000000000 0.0046252131619
3.2800000000000 0.0046426161519
3.3200000000000 0.0046377552402
3.3600000000000 0.0046127094992
3.3600000000000 0.0046310986033
3.3600000000000 0.0046049261967
3.4000000000000 0.0046225827072
3.4400000000000 0.0045923346022
3.4400000000000 0.0046121772925
3.4800000000000 0.0045998897340
3.5200000000000 0.0045645341249
3.5200000000000 0.0045314677202
3.5200000000000 0.0045857691561
3.5200000000000 0.0045569798534
3.5600000000000 0.0045699130901
3.6000000000000 0.0045303951170
3.6000000000000 0.0045524729069
3.6400000000000 0.0045336332893
3.6800000000000 0.0044913601199
3.6800000000000 0.0045135918586
3.6800000000000 0.0044844159909
3.7200000000000 0.0044925573384
3.7600000000000 0.0044487345536
3.7600000000000 0.0044707045020
3.8000000000000 0.0044481437620
3.8400000000000 0.0044032500032
3.8400000000000 0.0041842246736
3.8400000000000 0.0017355996379
3.8400000000000 0.0044249324571
3.8400000000000 0.0043818150902
3.8400000000000 0.0043964602645
3.8800000000000 0.0044010803692
3.9200000000000 0.0043548796766
3.9200000000000 0.0043765528569
3.9600000000000 0.0043512590570
4.0000000000000 0.0043031888345
4.0000000000000 0.0043251399861
4.0000000000000 0.0042961002728
4.0400000000000 0.0042981643773
4.0800000000000 0.0042479934982
4.0800000000000 0.0042703566844
4.1200000000000 0.0042417750839
4.1600000000000 0.0041896796615
4.1600000000000 0.0041728444056
4.1600000000000 0.0042125148284
4.1600000000000 0.0041828567002
4.2000000000000 0.0041826978836
4.2400000000000 0.0041289768047
4.2400000000000 0.0041524343027
4.2800000000000 0.0041218089686
4.3200000000000 0.0040665811074
4.3200000000000 0.0040908817169
4.3200000000001 0.0040596327016
4.3600000000000 0.0040596990636
4.4000000000000 0.0040028207999
4.4000000000000 0.0040282486632
4.4400000000000 0.0039964964166
4.4800000000000 0.0039377093090
4.4800000000000 0.0038428028014
4.4800000000000 0.0039644082528
4.4800000000000 0.0039222959842
4.4800000000001 0.0039299334692
4.5200000000000 0.0039319619128
4.5600000000000 0.0038712742389
4.5600000000000 0.0038991544703
4.6000000000000 0.0038660004030
4.6400000000000 0.0038037620105
4.6400000000000 0.0038325289874
4.6400000000001 0.0037955348502
4.6800000000000 0.0037987764612
4.7199999999999 0.0037355574984
4.7200000000000 0.0037647777180
4.7600000000000 0.0037305660303
4.7999999999999 0.0036669445211
4.8000000000000 0.0036961733852
4.8000000000000 0.0036549804072
4.8000000000001 0.0036590012774
4.8400000000000 0.0036616402578
4.8799999999999 0.0035980828596
4.8800000000000 0.0036270111298
4.9200000000000 0.0035923299010
4.9599999999999 0.0035291089717
4.9600000000000 0.0035576293925
4.9600000000001 0.0035218757472
5.0000000000000 0.0035229336243
5.0399999999999 0.0034601226290
5.0400000000000 0.0034882681715
5.0800000000000 0.0034536720559
5.1199999999999 0.0033912545958
5.1200000000000 0.0034191947909
5.1200000000000 0.0029258711609
5.1200000000000 0.0039673000428
5.1200000000000 0.0033503248922
5.1200000000000 0.0033813636997
5.1200000000001 0.0033847221509
5.1600000000000 0.0033848744924
5.1999999999999 0.0033227395759
5.2000000000000 0.0033507275659
5.2400000000000 0.0033167516553
5.2799999999999 0.0032547487597
5.2800000000000 0.0032829465203
5.2800000000001 0.0032488867390
5.3200000000000 0.0032493307454
5.3599999999999 0.0031873766106
5.3600000000000 0.0032159413124
5.4000000000000 0.0031828109794
5.4399999999999 0.0031208111169
5.4400000000000 0.0031499530796
5.4400000000000 0.0031128351705
5.4400000000001 0.0031154026538
5.4800000000000 0.0031173672866
5.5199999999999 0.0030551882016
5.5200000000000 0.0030850587028
5.5600000000000 0.0030530535274
5.5999999999999 0.0029906285151
5.6000000000000 0.0030213803766
5.6000000000001 0.0029849788832
5.6400000000000 0.0029900454263
5.6799999999999 0.0029272575803
5.6800000000000 0.0029590323544
5.7200000000000 0.0029283186649
5.7599999999999 0.0028650359780
5.7600000000000 0.0028978829174
5.7600000000000 0.0028408720638
5.7600000000000 0.0028545318642
5.7600000000001 0.0028583577341
5.8000000000000 0.0028677111156
5.8399999999999 0.0028037210600
5.8400000000000 0.0028377650592
5.8800000000000 0.0028080839123
5.9199999999999 0.0027430982560
5.9200000000000 0.0027794182807
5.9200000000001 0.0027353246410
5.9600000000000 0.0027524972313
5.9999999999999 0.0026817850950
6.0000000000000 0.0027214417381
6.0400000000000 0.0026580772153
6.0799999999999 0.0026331221097
6.0800000000000 0.0026331221097
6.0800000000000 0.0026158305732
6.0800000000001 0.0026211487842
6.1200000000000 0.0025978575847
6.1599999999999 0.0025618311414
6.1600000000000 0.0025618311414
6.2000000000000 0.0025336056590
6.2399999999999 0.0025070728096
6.2400000000000 0.0025070728096
6.2400000000001 0.0025009218194
6.2800000000000 0.0024781891317
6.3199999999999 0.0024493229058
6.3200000000000 0.0024493229058
6.3600000000000 0.0024216841207
6.3999999999999 0.0023947041899
6.4000000000000 0.0023060382743
6.4000000000000 0.0023824994321
6.4000000000000 0.0023883151404
6.4000000000001 0.0023899550906
6.4799999999999 0.0023422251201
6.5599999999999 0.0022920104789
6.5600000000001 0.0022842197111
6.6399999999999 0.0022435210414
6.7199999999999 0.0021961024868
6.7200000000001 0.0021819079072
6.7200000000001 0.0021829773059
6.7999999999999 0.0021491329356
6.8799999999999 0.0021022159302
6.8800000000000 0.0020853124530
6.9599999999999 0.0020552557792
7.0399999999999 0.0020084345413
7.0400000000000 0.0019910317362
7.0400000000000 0.0019852749499
7.0400000000000 0.0019888292432
7.1199999999999 0.0019620968843
7.1999999999999 0.0019166046359
7.2000000000000 0.0018999727172
7.2799999999999 0.0018722337176
7.3599999999999 0.0018291170615
7.3600000000000 0.0018134493098
7.3600000000001 0.0018107185609
7.4399999999999 0.0017872888283
7.5199999999999 0.0017467075903
7.5200000000000 0.0017313602361
7.5999999999999 0.0017073124639
7.6799999999999 0.0016690378753
7.6800000000000 0.0016528460884
7.6800000000000 0.0016942875623
7.6800000000000 0.0016361002656
7.6800000000000 0.0016496625060
7.6800000000001 0.0016486848528
7.7599999999999 0.0016318145968
7.8400000000000 0.0015792158630
7.8400000000001 0.0015955611358
7.9200000000001 0.0015601833337
8.0000000000000 0.0015097308813
8.0000000000000 0.0015086521684
8.0000000000001 0.0015255905485
8.0800000000001 0.0014917228567
8.1600000000000 0.0014420807213
8.1600000000001 0.0014585626660
8.2400000000001 0.0014261301282
8.3200000000000 0.0013774878339
8.3200000000000 0.0013747997591
8.3200000000001 0.0013733859522
8.3200000000001 0.0013944634517
8.4000000000001 0.0013635998314
8.4800000000000 0.0013169549958
8.4800000000001 0.0013335609395
8.5600000000001 0.0013043437441
8.6400000000000 0.0012589587670
8.6400000000001 0.0012570163615
8.6400000000001 0.0012759168459
8.7200000000001 0.0012482199368
8.8000000000000 0.0012034685540
8.8000000000001 0.0012211686504
8.8800000000001 0.0011946711679
8.9600000000000 0.0011507779128
8.9600000000000 0.0011452267632
8.9600000000000 0.0011459732890
8.9600000000001 0.0011465326685
8.9600000000001 0.0011686555205
9.0400000000001 0.0011430969894
9.1200000000000 0.0011001034569
9.1200000000001 0.0011180314506
9.2000000000001 0.0010935472246
9.2800000000000 0.0010515560168
9.2800000000001 0.0010505851775
9.2800000000001 0.0010697570691
9.3600000000001 0.0010467599804
9.4400000000000 0.0010059551476
9.4400000000001 0.0010246044885
9.5200000000001 0.0010032674931
9.6000000000000 0.0009635418289
9.6000000000000 0.0009616020762
9.6000000000001 0.0009617266887
9.6000000000001 0.0009826514036
9.6800000000001 0.0009625941684
9.7600000000000 0.0009233972052
9.7600000000001 0.0009429332470
9.8400000000001 0.0009237276138
9.9200000000000 0.0008832937625
9.9200000000000 0.0008840840253
9.9200000000001 0.0009055464232
10.0000000000001 0.0008889143867
10.0800000000000 0.0008482033354
10.0800000000001 0.0008701139879
10.1600000000001 0.0008364345789
10.2400000000000 0.0008727013187
10.2400000000000 0.0008228881321
10.2400000000000 0.0008125884504
10.2400000000000 0.0008118957305
10.2400000000000 0.0008153284622
10.2400000000001 0.0008228881321
10.3200000000001 0.0007978832920
10.4000000000000 0.0007727859199
10.4000000000001 0.0007727859199
10.4800000000001 0.0007585688397
10.5600000000000 0.0007467304601
10.5600000000000 0.0007433199441
10.5600000000001 0.0007467304601
10.6400000000001 0.0007313982087
10.7200000000000 0.0007156578538
10.7200000000001 0.0007156578538
10.8000000000001 0.0007008914227
10.8800000000000 0.0006845111170
10.8800000000000 0.0006863375670
10.8800000000000 0.0006834097992
11.0400000000000 0.0006569655630
11.2000000000000 0.0006296019671
11.2000000000000 0.0006281450384
11.3599999999999 0.0006056417437
11.5199999999999 0.0005845054559
11.5200000000000 0.0005787467544
11.5200000000000 0.0005840288721
11.5200000000000 0.0005837636602
11.6799999999999 0.0005632188439
11.8399999999999 0.0005388079440
11.8400000000000 0.0005390213000
11.9999999999999 0.0005116259905
12.1599999999999 0.0004857769515
12.1600000000000 0.0004828495892
12.1600000000000 0.0004809137721
12.3199999999999 0.0004661730460
12.4799999999999 0.0004549117998
12.4800000000000 0.0004379657230
12.6399999999999 0.0004496097063
12.7999999999999 0.0004450030029
12.8000000000000 0.0004393864922
12.8000000000000 0.0004204346173
12.8000000000000 0.0004180392692
12.8000000000000 0.0004178074048
12.9599999999999 0.0004367616522
13.1199999999999 0.0004238921384
13.1200000000000 0.0003996354579
13.2799999999999 0.0004080052433
13.4399999999999 0.0003914050813
13.4400000000000 0.0003680159513
13.4400000000000 0.0003683231412
13.5999999999999 0.0003758780876
13.7599999999999 0.0003627318647
13.7600000000000 0.0003376638604
13.9199999999999 0.0003526417555
14.0799999999999 0.0003410066387
14.0800000000000 0.0003198311057
14.0800000000000 0.0003173093747
14.0800000000000 0.0003208030551
14.2399999999999 0.0003155857626
14.3999999999999 0.0003105891338
14.3999999999999 0.0003105891338
14.5599999999999 0.0002874450050
14.7199999999999 0.0002640505144
14.7199999999999 0.0002640505144
14.7200000000000 0.0002727090671
14.8799999999999 0.0002579643178
15.0399999999999 0.0002553273790
15.0399999999999 0.0002553273790
15.1999999999999 0.0002462395760
15.3599999999999 0.0002363828217
15.3599999999999 0.0002363828217
15.3600000000000 0.0002369207259
15.3600000000000 0.0002440395959
15.3600000000000 0.0002373229164
15.5199999999999 0.0002286937154
15.6799999999999 0.0002215080769
15.9999999999999 0.0002065912626
16.0000000000000 0.0002073440445
16.3199999999999 0.0001926599576
16.6400000000000 0.0001800221419
16.6400000000000 0.0001802376221
16.6400000000001 0.0001803271856
16.9600000000001 0.0001685991407
17.2800000000000 0.0001579181475
17.2800000000001 0.0001577596903
17.6000000000001 0.0001482614079
17.9200000000000 0.0001415139694
17.9200000000000 0.0001392039544
17.9200000000000 0.0001367452255
17.9200000000001 0.0001404994688
18.2400000000001 0.0001323173910
18.5600000000000 0.0001177219838
18.5600000000001 0.0001199375072
18.8800000000001 0.0001066994799
19.2000000000000 0.0000926291767
19.2000000000000 0.0000840390842
19.2000000000001 0.0001035415786
19.5200000000001 0.0001136978916
19.8400000000000 0.0000929757264
19.8400000000001 0.0001223193078
20.1600000000001 0.0001102367186
20.4800000000000 0.0001196404253
20.4800000000000 0.0001008655762
20.4800000000000 0.0000900095183
20.4800000000001 0.0001196404253
20.8000000000001 0.0000940981302
21.1200000000000 0.0000657187839
21.1200000000001 0.0000657187839
21.4400000000001 0.0000649009044
21.7600000000000 0.0000696870724
21.7600000000000 0.0000653200574
21.7600000000001 0.0000696870724
22.0800000000001 0.0000657772572
22.4000000000000 0.0000605978109
22.4000000000002 0.0000605978109
22.7200000000002 0.0000572819206
23.0400000000000 0.0000543170832
23.0400000000000 0.0000544090511
23.0400000000000 0.0000545032086
23.6800000000000 0.0000488639574
24.3200000000000 0.0000442511610
24.3200000000000 0.0000442232384
24.9600000000000 0.0000394563704
25.6000000000000 0.0000359283016
25.6000000000000 0.0000354720315
25.6000000000000 0.0000355574989
26.2400000000000 0.0000323747980
26.8800000000000 0.0000291291746
26.8800000000000 0.0000292058519
27.5200000000000 0.0000264492051
28.1600000000000 0.0000243801122
28.1600000000000 0.0000240006756
28.1600000000000 0.0000240224515
28.8000000000000 0.0000216619369
29.4400000000000 0.0000199881640
29.4400000000000 0.0000199427770
30.0800000000000 0.0000183756342
30.7200000000000 0.0000145102674
30.7200000000000 0.0000169365642
30.7200000000000 0.0000138227107
31.3600000000000 0.0000114029729
32.0000000000000 0.0000132690799
32.0000000000000 0.0000072310624
32.6400000000000 0.0000144268099
33.2800000000000 0.0000143323737
33.2800000000000 0.0000208278609
33.2800000000000 0.0000208278609
33.9200000000000 0.0000147800666
34.5600000000000 0.0000071910827
34.5600000000000 0.0000071910827
35.2000000000000 0.0000070813796
35.8400000000000 0.0000084583637
35.8400000000000 0.0000075973254
35.8400000000000 0.0000084583637
36.4800000000000 0.0000077262425
37.1200000000000 0.0000067150835
37.1200000000000 0.0000067150835
37.7600000000000 0.0000061763306
38.4000000000000 0.0000057762353
38.4000000000000 0.0000057500614
39.6800000000000 0.0000049066503
40.9600000000000 0.0000041053704
40.9600000000000 0.0000041585944
42.2400000000000 0.0000034900039
43.5200000000000 0.0000029914102
43.5200000000000 0.0000029827873
44.8000000000000 0.0000025535372
46.0800000000000 0.0000021712866
46.0800000000000 0.0000021530595
47.3600000000000 0.0000018510900
48.6400000000000 0.0000016163563
48.6400000000000 0.0000015935648
49.9200000000000 0.0000013395554
51.2000000000000 0.0000011315395
51.2000000000000 0.0000011267076
52.4800000000000 0.0000009950265
53.7600000000000 0.0000008707334
53.7600000000000 0.0000009095346
55.0400000000000 0.0000007044797
56.3200000000000 0.0000006126359
56.3200000000000 0.0000006184013
57.6000000000000 0.0000005985295
58.8800000000000 0.0000003952860
58.8800000000000 0.0000004457099
60.1600000000000 0.0000004652512
61.4400000000000 0.0000003122712
61.4400000000000 0.0000003478587
62.7200000000000 0.0000003215626
64.0000000000000 0.0000002666447
64.0000000000000 0.0000002651168
65.2800000000000 0.0000002338002
66.5600000000000 0.0000001825059
66.5600000000000 0.0000001983095
67.8400000000000 0.0000002157860
69.1200000000000 0.0000001545129
69.1200000000000 0.0000000959186
70.4000000000000 0.0000002011479
71.6800000000000 0.0000001118588
71.6800000000000 0.0000000539153
72.9600000000000 0.0000001410670
74.2400000000000 0.0000000896463
74.2400000000000 0.0000000988407
75.5200000000000 0.0000000325827
76.8000000000000 0.0000001269225
76.8000000000000 0.0000000845043
78.0800000000000 0.0000000270730
79.3600000000000 0.0000000339163
79.3600000000000 0.0000000384980
80.6400000000000 0.0000000933706
81.9200000000000 0.0000000333573
81.9200000000000 0.0000000174382
83.2000000000000 0.0000000162814
84.4800000000000 0.0000000448413
84.4800000000000 0.0000000697323
85.7600000000000 0.0000000210633
87.0400000000000 -0.0000000030521
87.0400000000000 0.0000000076458
88.3200000000000 0.0000000473173
89.6000000000000 0.0000000361507
89.6000000000000 0.0000000371777
90.8800000000000 -0.0000000045882
92.1600000000000 0.0000000120766
92.1600000000000 0.0000000159214
93.4400000000000 0.0000000270469
94.7200000000000 0.0000000206040
94.7200000000000 0.0000000199870
96.0000000000000 0.0000000045736
97.2800000000000 0.0000000169405
97.2800000000000 -0.0000000046273
98.5600000000000 0.0000000130306
99.8400000000000 0.0000000026544
99.8400000000000 0.0000000187090
101.1200000000000 -0.0000000003038
102.4000000000000 -0.0000000075720
102.4000000000000 -0.0000000186902
103.6800000000000 0.0000000006770
104.9600000000000 0.0000000164527
104.9600000000000 0.0000000170270
106.2400000000000 0.0000000013565
107.5200000000000 -0.0000000107093
107.5200000000000 -0.0000000408824
108.8000000000000 -0.0000000207958
110.0800000000000 0.0000000009152
110.0800000000000 0.0000000175575
111.3600000000000 0.0000000109514
112.6400000000000 0.0000000041280
112.6400000000000 -0.0000000168925
113.9200000000000 -0.0000000121240
115.2000000000000 -0.0000000092089
115.2000000000000 -0.0000000124851
116.4800000000000 -0.0000000038462
117.7600000000000 -0.0000000052263
117.7600000000000 0.0000000101690
119.0400000000000 0.0000000037350
120.3200000000000 -0.0000000166102
120.3200000000000 0.0000000060738
121.6000000000000 -0.0000000022873
122.8800000000000 0.0000000196257
122.8800000000000 0.0000000021707
124.1600000000000 -0.0000000167543
125.4400000000000 -0.0000000211667
125.4400000000000 -0.0000000027479
126.7200000000000 -0.0000000614089
128.0000000000000 0.0000002469878
128.0000000000000 0.0000000278046
129.2800000000000 0.0000000277916
130.5600000000000 0.0000000166224
130.5600000000000 0.0000000166224
131.8400000000000 -0.0000000056260
133.1200000000000 -0.0000000236555
133.1200000000000 -0.0000000236555
134.4000000000000 -0.0000000147188
135.6800000000000 -0.0000000010852
135.6800000000000 -0.0000000010852
136.9600000000000 -0.0000000006794
138.2400000000000 -0.0000000037884
138.2400000000000 -0.0000000037884
139.5200000000000 -0.0000000067305
140.8000000000000 -0.0000000093355
143.3600000000000 -0.0000000093413
145.9200000000000 -0.0000000058809
148.4800000000000 0.0000000001647
151.0400000000000 0.0000000007499
153.6000000000000 -0.0000000022230
156.1600000000000 -0.0000000068889
158.7200000000000 -0.0000000047463
161.2800000000000 -0.0000000020238
163.8400000000000 -0.0000000024364
166.4000000000000 -0.0000000026706
168.9600000000000 -0.0000000059843
171.5200000000000 -0.0000000084768
174.0800000000000 -0.0000000041281
176.6400000000000 -0.0000000049503
179.2000000000000 -0.0000000025593
181.7600000000000 -0.0000000055337
184.3200000000000 -0.0000000035759
186.8800000000000 -0.0000000064422
189.4400000000000 -0.0000000069470
192.0000000000000 -0.0000000057089
194.5600000000000 -0.0000000063594
197.1200000000000 -0.0000000026073
199.6800000000000 -0.0000000042608
202.2400000000000 -0.0000000037510
204.8000000000000 -0.0000000050676
207.3600000000000 -0.0000000081181
209.9200000000000 -0.0000000030072
212.4800000000000 -0.0000000067895
215.0400000000000 -0.0000000081304
217.6000000000000 -0.0000000002736
220.1600000000000 -0.0000000071089
222.7200000000000 -0.0000000074322
225.2800000000000 0.0000000014941
227.8400000000000 -0.0000000054710
230.4000000000000 -0.0000000116547
232.9600000000000 -0.0000000007263
235.5200000000000 -0.0000000003003
238.0800000000000 -0.0000000136034
240.6400000000000 -0.0000000092144
243.2000000000000 0.0000000050601
245.7600000000000 -0.0000000001160
248.3200000000000 -0.0000000189396
250.8800000000000 -0.0000000141783
253.4400000000000 0.0000000129249
256.0000000000000 0.0000000146428
258.5600000000000 -0.0000000162512
261.1200000000000 -0.0000000347899
263.6800000000000 -0.0000000138921
266.2400000000000 0.0000000168849
268.8000000000000 0.0000000194847
271.3600000000000 -0.0000000036455
273.9200000000000 -0.0000000209120
276.4800000000000 -0.0000000182495
279.0400000000000 -0.0000000068736
281.6000000000000 0.0000000000031
284.1600000000000 -0.0000000003832
286.7200000000000 -0.0000000035709
289.2800000000000 -0.0000000055169
291.8400000000000 -0.0000000056526
294.4000000000000 -0.0000000047891
296.9600000000000 -0.0000000050449
299.5200000000000 -0.0000000049467
302.0800000000000 -0.0000000049859
304.6400000000000 -0.0000000050580
307.2000000000000 -0.0000000050522
309.7600000000000 -0.0000000050792
312.3200000000000 -0.0000000051189
314.8800000000000 -0.0000000047970
317.4400000000000 -0.0000000064849
