# x ham
-317.4400000000000 -0.0000000065203
-314.8800000000000 -0.0000000047449
-312.3200000000000 -0.0000000051539
-309.7600000000000 -0.0000000050406
-307.2000000000000 -0.0000000052612
-304.6400000000000 -0.0000000057876
-302.0800000000000 -0.0000000057408
-299.5200000000000 -0.0000000045962
-296.9600000000000 -0.0000000020318
-294.4000000000000 0.0000000008340
-291.8400000000000 -0.0000000027412
-289.2800000000000 -0.0000000124790
-286.7200000000000 -0.0000000202166
-284.1600000000000 -0.0000000127992
-281.6000000000000 0.0000000089509
-279.0400000000000 0.0000000208442
-276.4800000000000 0.0000000027017
-273.9200000000000 -0.0000000275140
-271.3600000000000 -0.0000000299607
-268.8000000000000 -0.0000000000702
-266.2400000000000 0.0000000175612
-263.6800000000000 -0.0000000002544
-261.1200000000000 -0.0000000205555
-258.5600000000000 -0.0000000114203
-256.0000000000000 0.0000000058143
-253.4400000000000 0.0000000011503
-250.8800000000000 -0.0000000130093
-248.3200000000000 -0.0000000077740
-245.7600000000000 0.0000000022029
-243.2000000000000 -0.0000000050756
-240.6400000000000 -0.0000000115464
-238.0800000000000 -0.0000000037090
-235.5200000000000 -0.0000000011403
-232.9600000000000 -0.0000000102889
-230.4000000000000 -0.0000000051315
-227.8400000000000 -0.0000000008048
-225.2800000000000 -0.0000000082826
-222.7200000000000 -0.0000000033762
-220.1600000000000 -0.0000000019555
-217.6000000000000 -0.0000000084861
-215.0400000000000 -0.0000000044298
-212.4800000000000 -0.0000000045715
-209.9200000000000 -0.0000000082049
-207.3600000000000 -0.0000000031766
-204.8000000000000 -0.0000000066765
-202.2400000000000 -0.0000000059001
-199.6800000000000 -0.0000000011727
-197.1200000000000 -0.0000000055886
-194.5600000000000 -0.0000000041708
-192.0000000000000 -0.0000000059782
-189.4400000000000 -0.0000000079527
-186.8800000000000 -0.0000000048995
-184.3200000000000 -0.0000000052295
-181.7600000000000 -0.0000000036711
-179.2000000000000 -0.0000000028213
-176.6400000000000 -0.0000000030741
-174.0800000000000 -0.0000000053261
-171.5200000000000 -0.0000000070371
-168.9600000000000 -0.0000000034885
-166.4000000000000 -0.0000000038531
-163.8400000000000 0.0000000018867
-161.2800000000000 -0.0000000032003
-158.7200000000000 -0.0000000036670
-156.1600000000000 -0.0000000102971
-153.6000000000000 -0.0000000079039
-151.0400000000000 -0.0000000075939
-148.4800000000000 -0.0000000051340
-145.9200000000000 -0.0000000038523
-143.3600000000000 -0.0000000033344
-140.8000000000000 0.0000000108542
-139.5200000000000 0.0000000118429
-138.2400000000000 0.0000000097532
-138.2400000000000 0.0000000097532
-136.9600000000000 0.0000000027702
-135.6800000000000 -0.0000000006852
-135.6800000000000 -0.0000000006852
-134.4000000000000 0.0000000184779
-133.1200000000000 0.0000000264352
-133.1200000000000 0.0000000264352
-131.8400000000000 -0.0000000286395
-130.5600000000000 -0.0000000736490
-130.5600000000000 -0.0000000736490
-129.2800000000000 -0.0000000223712
-128.0000000000000 -0.0000000720583
-128.0000000000000 0.0000000339935
-126.7200000000000 0.0000001257288
-125.4400000000000 -0.0000000253965
-125.4400000000000 -0.0000000400581
-124.1600000000000 -0.0000000213540
-122.8800000000000 0.0000000054241
-122.8800000000000 -0.0000000006919
-121.6000000000000 0.0000000008569
-120.3200000000000 0.0000000064550
-120.3200000000000 0.0000000068488
-119.0400000000000 -0.0000000035974
-117.7600000000000 -0.0000000103574
-117.7600000000000 -0.0000000303789
-116.4800000000000 -0.0000000058239
-115.2000000000000 -0.0000000086503
-115.2000000000000 0.0000000052345
-113.9200000000000 -0.0000000056441
-112.6400000000000 0.0000000186325
-112.6400000000000 0.0000000127955
-111.3600000000000 0.0000000107322
-110.0800000000000 -0.0000000213011
-110.0800000000000 -0.0000000071698
-108.8000000000000 -0.0000000173456
-107.5200000000000 0.0000000236344
-107.5200000000000 0.0000000065296
-106.2400000000000 0.0000000126509
-104.9600000000000 -0.0000000087298
-104.9600000000000 0.0000000135652
-103.6800000000000 0.0000000005428
-102.4000000000000 -0.0000000101757
-102.4000000000000 -0.0000000151229
-101.1200000000000 -0.0000000004432
-99.8400000000000 0.0000000201499
-99.8400000000000 0.0000000214323
-98.5600000000000 0.0000000218407
-97.2800000000000 -0.0000000092472
-97.2800000000000 -0.0000000140380
-96.0000000000000 -0.0000000061880
-94.7200000000000 0.0000000274840
-94.7200000000000 0.0000000428557
-93.4400000000000 0.0000000348880
-92.1600000000000 0.0000000076153
-92.1600000000000 0.0000000251761
-90.8800000000000 0.0000000021033
-89.6000000000000 0.0000000418864
-89.6000000000000 0.0000000437242
-88.3200000000000 0.0000000436924
-87.0400000000000 0.0000000027447
-87.0400000000000 0.0000000216947
-85.7600000000000 0.0000000228282
-84.4800000000000 0.0000000745330
-84.4800000000000 0.0000000441556
-83.2000000000000 0.0000000220385
-81.9200000000000 0.0000000080277
-81.9200000000000 0.0000000071649
-80.6400000000000 0.0000000940865
-79.3600000000000 0.0000000327324
-79.3600000000000 0.0000000382073
-78.0800000000000 0.0000000242976
-76.8000000000000 0.0000000604455
-76.8000000000000 0.0000001274784
-75.5200000000000 0.0000000386319
-74.2400000000000 0.0000000967358
-74.2400000000000 0.0000000992746
-72.9600000000000 0.0000001468418
-71.6800000000000 0.0000000681171
-71.6800000000000 0.0000001277879
-70.4000000000000 0.0000002099639
-69.1200000000000 0.0000001921285
-69.1200000000000 0.0000001134357
-67.8400000000000 0.0000002489802
-66.5600000000000 0.0000002021072
-66.5600000000000 0.0000002394764
-65.2800000000000 0.0000002636492
-64.0000000000000 0.0000003377517
-64.0000000000000 0.0000002965005
-62.7200000000000 0.0000003510585
-61.4400000000000 0.0000004215089
-61.4400000000000 0.0000003732587
-60.1600000000001 0.0000005204621
-58.8800000000001 0.0000004467760
-58.8800000000000 0.0000005170219
-57.6000000000001 0.0000006666397
-56.3200000000001 0.0000006938091
-56.3200000000000 0.0000007175287
-55.0400000000000 0.0000007797761
-53.7600000000000 0.0000009309435
-53.7600000000000 0.0000009825507
-52.4800000000000 0.0000010819479
-51.2000000000000 0.0000012311175
-51.2000000000000 0.0000012279320
-49.9200000000000 0.0000014644637
-48.6400000000000 0.0000017302650
-48.6400000000000 0.0000016998178
-47.3600000000000 0.0000019977492
-46.0800000000000 0.0000022882570
-46.0800000000000 0.0000023232410
-44.8000000000000 0.0000026952527
-43.5200000000000 0.0000031894464
-43.5200000000000 0.0000031454337
-42.2400000000000 0.0000037066947
-40.9600000000000 0.0000043764111
-40.9600000000000 0.0000043512634
-39.6800000000000 0.0000051408939
-38.4000000000000 0.0000060491303
-38.4000000000000 0.0000060501459
-37.7600000000000 0.0000065343459
-37.1200000000000 0.0000071125237
-37.1200000000000 0.0000071125237
-36.4800000000000 0.0000080756435
-35.8400000000000 0.0000087644582
-35.8400000000000 0.0000079244507
-35.8400000000000 0.0000087644582
-35.2000000000000 0.0000074204817
-34.5600000000000 0.0000076334117
-34.5600000000000 0.0000076334117
-33.9200000000000 0.0000154949859
-33.2800000000000 0.0000217405992
-33.2800000000000 0.0000149250991
-33.2800000000000 0.0000217405992
-32.6400000000000 0.0000151473378
-32.0000000000000 0.0000076818663
-32.0000000000000 0.0000141771007
-31.3600000000000 0.0000118644879
-30.7200000000000 0.0000141922222
-30.7200000000000 0.0000174569582
-30.7200000000000 0.0000148113734
-30.0800000000000 0.0000190950292
-29.4400000000000 0.0000206127995
-29.4400000000000 0.0000209431458
-28.8000000000000 0.0000225850966
-28.1600000000000 0.0000250033654
-28.1600000000000 0.0000252874180
-28.1600000000000 0.0000249277148
-27.5200000000000 0.0000275541616
-26.8800000000000 0.0000303042722
-26.8800000000000 0.0000302521943
-26.2400000000000 0.0000334553846
-25.6000000000000 0.0000371210842
-25.6000000000000 0.0000368152491
-25.6000000000000 0.0000369421247
-24.9600000000000 0.0000408257855
-24.3200000000000 0.0000452949940
-24.3200000000000 0.0000454468926
-23.6800000000000 0.0000502554627
-23.0400000000000 0.0000557985781
-23.0400000000000 0.0000559996581
-23.0400000000000 0.0000560441709
-22.7199999999999 0.0000589253592
-22.4000000000000 0.0000623294806
-22.3999999999999 0.0000623294806
-22.0799999999999 0.0000678018305
-21.7600000000000 0.0000676173509
-21.7600000000000 0.0000719010387
-21.7599999999999 0.0000719010387
-21.4399999999999 0.0000667530969
-21.1200000000000 0.0000672457272
-21.1199999999999 0.0000672457272
-20.7999999999999 0.0000958577501
-20.4800000000000 0.0001032811915
-20.4800000000000 0.0001219418621
-20.4800000000000 0.0000923009048
-20.4799999999999 0.0001219418621
-20.1599999999999 0.0001135419250
-19.8400000000000 0.0000970632634
-19.8400000000000 0.0001266812253
-19.5199999999999 0.0001193783224
-19.2000000000000 0.0000871296023
-19.2000000000000 0.0000951261570
-19.1999999999999 0.0001088193947
-18.8800000000000 0.0001093392679
-18.5600000000000 0.0001211869114
-18.5600000000000 0.0001182208133
-18.2400000000000 0.0001344719799
-17.9200000000000 0.0001438234555
-17.9200000000000 0.0001444729567
-17.9200000000000 0.0001417805299
-17.9200000000000 0.0001394145293
-17.6000000000000 0.0001517066860
-17.2800000000000 0.0001610905357
-17.2800000000000 0.0001610447690
-16.9600000000000 0.0001720870007
-16.6400000000000 0.0001837305312
-16.6400000000000 0.0001840321382
-16.6400000000000 0.0001839724098
-16.3199999999999 0.0001966086081
-16.0000000000000 0.0002100305780
-15.9999999999999 0.0002102932359
-15.6799999999999 0.0002254185931
-15.5200000000000 0.0002330179171
-15.3600000000000 0.0002408961314
-15.3600000000000 0.0002411242030
-15.3600000000000 0.0002410456441
-15.3600000000000 0.0002483833409
-15.3599999999999 0.0002411242030
-15.2000000000000 0.0002511236787
-15.0400000000000 0.0002603052549
-15.0399999999999 0.0002603052549
-14.8800000000000 0.0002631824313
-14.7200000000000 0.0002780809738
-14.7200000000000 0.0002694676690
-14.7199999999999 0.0002694676690
-14.5600000000000 0.0002928625714
-14.4000000000000 0.0003159132120
-14.3999999999999 0.0003159132120
-14.2400000000000 0.0003207735406
-14.0800000000000 0.0003243864075
-14.0800000000000 0.0003462419320
-14.0800000000000 0.0003223215322
-14.0800000000000 0.0003250758387
-13.9200000000000 0.0003573964998
-13.7600000000000 0.0003672575238
-13.7600000000000 0.0003422683796
-13.6000000000000 0.0003801139178
-13.4400000000000 0.0003730447270
-13.4400000000000 0.0003732133737
-13.4400000000000 0.0003952920774
-13.2800000000000 0.0004119097190
-13.1200000000000 0.0004064369212
-13.1200000000000 0.0004293042070
-12.9600000000000 0.0004461816759
-12.8000000000000 0.0004276041221
-12.8000000000000 0.0004603527943
-12.8000000000000 0.0004321543081
-12.8000000000000 0.0004361395686
-12.8000000000000 0.0004470725249
-12.6400000000000 0.0004700379267
-12.4800000000000 0.0004759916175
-12.4800000000000 0.0004543461792
-12.3200000000000 0.0004821750898
-12.1600000000000 0.0004824528209
-12.1600000000000 0.0004857326095
-12.1600000000000 0.0004937533259
-12.0000000000000 0.0005136042238
-11.8400000000000 0.0005401913703
-11.8400000000000 0.0005383327737
-11.6800000000000 0.0005687798547
-11.5200000000000 0.0005951408813
-11.5200000000000 0.0005954285961
-11.5200000000000 0.0005927251097
-11.5200000000000 0.0005863834178
-11.3600000000000 0.0006185624232
-11.2000000000000 0.0006415546479
-11.2000000000000 0.0006408546016
-11.0400000000001 0.0006669102305
-10.8800000000001 0.0006954872278
-10.8800000000000 0.0006938338660
-10.8800000000000 0.0006938165833
-10.8000000000001 0.0007104103511
-10.7200000000001 0.0007258482977
-10.7200000000001 0.0007258482977
-10.6400000000001 0.0007424155203
-10.5600000000001 0.0007585438818
-10.5600000000001 0.0007585438818
-10.5600000000000 0.0007557030438
-10.4800000000001 0.0007708980090
-10.4000000000001 0.0007853940631
-10.4000000000001 0.0007853940631
-10.3200000000001 0.0008104084464
-10.2400000000001 0.0008352250616
-10.2400000000001 0.0008352250616
-10.2400000000000 0.0008231090291
-10.2400000000000 0.0008275076254
-10.2400000000000 0.0008842221656
-10.2400000000000 0.0008237870532
-10.1600000000001 0.0008487181802
-10.0800000000001 0.0008604930984
-10.0800000000001 0.0008819781676
-10.0000000000001 0.0009013071686
-9.9200000000001 0.0008965784939
-9.9200000000001 0.0009181951252
-9.9200000000000 0.0008948757006
-9.8400000000001 0.0009368694632
-9.7600000000001 0.0009372546710
-9.7600000000001 0.0009567117690
-9.6800000000001 0.0009770153970
-9.6000000000001 0.0009788038634
-9.6000000000001 0.0009976088063
-9.6000000000001 0.0009779146553
-9.6000000000000 0.0009765946679
-9.5200000000001 0.0010185854817
-9.4400000000001 0.0010215109598
-9.4400000000001 0.0010401022430
-9.3600000000001 0.0010623051343
-9.2800000000001 0.0010670790659
-9.2800000000001 0.0010643966733
-9.2800000000001 0.0010852899609
-9.2000000000001 0.0011090854033
-9.1200000000001 0.0011160187379
-9.1200000000001 0.0011336486844
-9.0400000000001 0.0011588885203
-8.9600000000001 0.0011673938679
-8.9600000000001 0.0011847023948
-8.9600000000001 0.0011659587692
-8.9600000000000 0.0011641913332
-8.9600000000000 0.0011615606397
-8.8800000000001 0.0012110147563
-8.8000000000001 0.0012208232537
-8.8000000000001 0.0012378064640
-8.7200000000001 0.0012651205461
-8.6400000000001 0.0012763699412
-8.6400000000001 0.0012738736041
-8.6400000000001 0.0012930476046
-8.5600000000001 0.0013217001101
-8.4800000000001 0.0013346517431
-8.4800000000001 0.0013511828047
-8.4000000000001 0.0013815644918
-8.3200000000001 0.0013967961590
-8.3200000000001 0.0014128612021
-8.3200000000001 0.0013956795130
-8.3200000000000 0.0013941421429
-8.2400000000001 0.0014450410012
-8.1600000000001 0.0014623769278
-8.1600000000001 0.0014780455140
-8.0800000000001 0.0015118186661
-8.0000000000001 0.0015304880968
-8.0000000000000 0.0015463265129
-8.0000000000000 0.0015276246263
-7.9200000000000 0.0015815661040
-7.8400000000001 0.0016020320854
-7.8400000000000 0.0016175565808
-7.7600000000001 0.0016543262564
-7.6800000000001 0.0016769778749
-7.6800000000001 0.0063245595248
-7.6800000000001 0.0016750872004
-7.6800000000000 0.0016686205316
-7.6800000000000 0.0016581105271
-7.6800000000000 0.0017109105519
-7.6000000000001 0.0063465128825
-7.5200000000001 0.0017546267292
-7.5200000000001 0.0063691021797
-7.4400000000001 0.0063923827200
-7.3600000000001 0.0018362646797
-7.3600000000001 0.0018325960705
-7.3600000000001 0.0064164158724
-7.2800000000000 0.0064412723796
-7.2000000000001 0.0019227424775
-7.2000000000000 0.0064670334485
-7.1200000000000 0.0064937820768
-7.0400000000001 0.0020137658872
-7.0400000000000 0.0020105758178
-7.0400000000000 0.0065215873151
-7.0400000000000 0.0020100402078
-6.9600000000000 0.0065504837226
-6.8800000000001 0.0021095144588
-6.8800000000000 0.0065804406887
-6.8000000000000 0.0066113265718
-6.7200000000001 0.0022106284071
-6.7200000000001 0.0022067062557
-6.7200000000001 0.0066428752542
-6.6400000000000 0.0066747009743
-6.5600000000000 0.0067063776192
-6.5600000000000 0.0023157264492
-6.4800000000000 0.0067375575390
-6.4000000000000 0.0024185098998
-6.4000000000000 0.0067681962770
-6.4000000000000 0.0024117190805
-6.4000000000000 0.0023345871902
-6.4000000000000 0.0024230381877
-6.3600000000000 0.0067831922297
-6.3200000000000 0.0067982762439
-6.3200000000000 0.0067982762439
-6.2800000000000 0.0068140889855
-6.2400000000000 0.0068296194730
-6.2400000000000 0.0068296194730
-6.2400000000000 0.0025326365114
-6.2000000000000 0.0068426826003
-6.1600000000000 0.0068574414071
-6.1600000000000 0.0068574414071
-6.1200000000000 0.0068801097092
-6.0800000000000 0.0069023500713
-6.0800000000000 0.0026487670049
-6.0800000000000 0.0069023500713
-6.0800000000000 0.0026512999093
-6.0400000000000 0.0069149593093
-6.0000000000000 0.0069267484854
-6.0000000000000 0.0027441787844
-5.9600000000000 0.0027747963525
-5.9200000000000 0.0028023510964
-5.9200000000000 0.0069650966536
-5.9200000000000 0.0027673442277
-5.8800000000000 0.0028324050437
-5.8400000000000 0.0028639960127
-5.8400000000000 0.0070041359203
-5.8000000000000 0.0028960358988
-5.7600000000000 0.0028922668119
-5.7600000000000 0.0070437771847
-5.7600000000000 0.0029282845006
-5.7600000000000 0.0028783055306
-5.7600000000000 0.0028943278343
-5.7200000000000 0.0029606718853
-5.6800000000000 0.0070833295957
-5.6800000000000 0.0029931026769
-5.6400000000000 0.0030255130668
-5.6000000000000 0.0071224972742
-5.6000000000000 0.0030578709631
-5.6000000000000 0.0030233994779
-5.5600000000000 0.0030901697608
-5.5200000000000 0.0071611507443
-5.5200000000000 0.0031224456775
-5.4800000000000 0.0031547751205
-5.4400000000000 0.0031513559859
-5.4400000000000 0.0071995634089
-5.4400000000000 0.0031872468521
-5.4400000000000 0.0031541614665
-5.4000000000000 0.0032199358917
-5.3600000000000 0.0072381924728
-5.3600000000000 0.0032528929919
-5.3200000000000 0.0032861502534
-5.2800000000000 0.0072772086011
-5.2800000000000 0.0033197251122
-5.2800000000000 0.0032876985565
-5.2400000000000 0.0033536172492
-5.2000000000000 0.0073165352440
-5.2000000000000 0.0033878004342
-5.1600000000000 0.0034222245859
-5.1200000000000 0.0073559096420
-5.1200000000000 0.0034183364905
-5.1200000000000 0.0034568306262
-5.1200000000000 0.0033875663882
-5.1200000000000 0.0029599541404
-5.1200000000000 0.0039783593663
-5.1200000000000 0.0034238994263
-5.0800000000000 0.0034915659449
-5.0400000000000 0.0035263862675
-5.0400000000000 0.0073949666335
-5.0000000000000 0.0035612481513
-4.9600000000000 0.0074333642820
-4.9600000000000 0.0035961074087
-4.9600000000000 0.0035615564309
-4.9200000000000 0.0036309267507
-4.8800000000000 0.0074708956287
-4.8800000000000 0.0036656825756
-4.8400000000000 0.0037003638171
-4.8000000000000 0.0075075232010
-4.8000000000000 0.0036939540361
-4.8000000000000 0.0037349603634
-4.8000000000000 0.0036995644661
-4.7600000000000 0.0037694515634
-4.7200000000000 0.0075431835881
-4.7200000000000 0.0038037992816
-4.6800000000000 0.0038379554902
-4.6400000000000 0.0075776149129
-4.6400000000000 0.0038718671901
-4.6400000000000 0.0038367027579
-4.6000000000000 0.0039054809467
-4.5600000000000 0.0039387480281
-4.5600000000000 0.0039117689700
-4.5200000000000 0.0039716324712
-4.4800000000000 0.0039781644980
-4.4800000000000 0.0040041176245
-4.4800000000000 0.0039631005961
-4.4800000000000 0.0038847274433
-4.4800000000000 0.0039706937009
-4.4400000000000 0.0040362109104
-4.4000000000000 0.0040431889963
-4.4000000000000 0.0040679412212
-4.3600000000000 0.0040993509987
-4.3200000000000 0.0041304816348
-4.3200000000000 0.0041069251020
-4.3200000000000 0.0041002751148
-4.2800000000000 0.0041613617999
-4.2400000000000 0.0041695404491
-4.2400000000000 0.0041919930568
-4.2000000000000 0.0042223453391
-4.1600000000000 0.0042309775604
-4.1600000000000 0.0042157564336
-4.1600000000000 0.0042523592314
-4.1600000000000 0.0042250678606
-4.1200000000000 0.0042819533930
-4.0800000000000 0.0043110331952
-4.0800000000000 0.0042907647404
-4.0400000000000 0.0043395089610
-4.0000000000000 0.0043481772412
-4.0000000000000 0.0043673126155
-4.0000000000000 0.0043422555063
-3.9600000000000 0.0043944096897
-3.9200000000000 0.0044025999605
-3.9200000000000 0.0044207856341
-3.8800000000000 0.0044464480511
-3.8400000000000 0.0044536948189
-3.8400000000000 0.0044329507663
-3.8400000000000 0.0044713890667
-3.8400000000000 0.0042321724166
-3.8400000000000 0.0017622061006
-3.8400000000000 0.0044476076085
-3.8000000000000 0.0044955703611
-3.7600000000000 0.0045011629115
-3.7600000000000 0.0045189154581
-3.7200000000000 0.0045413037012
-3.6800000000000 0.0045444955147
-3.6800000000000 0.0045625785319
-3.6800000000000 0.0045378871381
-3.6400000000000 0.0045825813501
-3.6000000000000 0.0046011652615
-3.6000000000000 0.0045829971542
-3.5600000000000 0.0046182235694
-3.5200000000000 0.0046160949431
-3.5200000000000 0.0045858561377
-3.5200000000000 0.0046337025099
-3.5200000000000 0.0046095915048
-3.4800000000000 0.0046475905313
-3.4400000000000 0.0046434577439
-3.4400000000000 0.0046599020156
-3.4000000000000 0.0046706524614
-3.3600000000000 0.0046646463369
-3.3600000000000 0.0046798264574
-3.3600000000000 0.0046585631524
-3.3200000000000 0.0046873527925
-3.2800000000000 0.0046931140442
-3.2800000000000 0.0046787059878
-3.2400000000000 0.0046969405873
-3.2000000000000 0.0046986908440
-3.2000000000000 0.0046842682313
-3.2000000000000 0.0046773315938
-3.2000000000000 0.0040915377342
-3.2000000000000 0.0046369340334
-3.1800000000001 0.0046986609244
-3.1600000000001 0.0046981231169
-3.1600000000000 0.0046981231169
-3.1400000000001 0.0046973502530
-3.1200000000001 0.0046958102716
-3.1200000000000 0.0046801666158
-3.1200000000000 0.0046958102716
-3.1000000000001 0.0046923323274
-3.0800000000001 0.0046891056057
-3.0800000000000 0.0046891056057
-3.0600000000001 0.0046896735915
-3.0400000000001 0.0046888025400
-3.0400000000000 0.0046686988920
-3.0400000000000 0.0046888025400
-3.0400000000000 0.0046602959923
-3.0200000000001 0.0046801054163
-3.0000000000001 0.0047652379228
-3.0000000000000 0.0046705855765
-2.9800000000001 0.0047552870117
-2.9600000000001 0.0047456046491
-2.9600000000000 0.0046453374297
-2.9600000000000 0.0046637007815
-2.9400000000001 0.0047378649549
-2.9200000000001 0.0047305991668
-2.9200000000000 0.0046520542918
-2.9000000000001 0.0047229570463
-2.8800000000001 0.0047147986869
-2.8800000000000 0.0046192944853
-2.8800000000000 0.0046379096048
-2.8800000000000 0.0046095107940
-2.8800000000000 0.0045427180756
-2.8600000000001 0.0047060400510
-2.8400000000001 0.0046965584786
-2.8400000000000 0.0046212895615
-2.8200000000001 0.0046862761395
-2.8000000000001 0.0046751446454
-2.8000000000000 0.0046017956706
-2.8000000000000 0.0045829322908
-2.7800000000001 0.0046631285566
-2.7600000000001 0.0046502033022
-2.7600000000000 0.0045790645205
-2.7400000000001 0.0046364004899
-2.7200000000001 0.0046217826863
-2.7200000000000 0.0045529307023
-2.7200000000000 0.0045348684837
-2.7200000000000 0.0045238138931
-2.7000000000001 0.0046064160776
-2.6800000000001 0.0045903281844
-2.6800000000000 0.0045234670551
-2.6600000000001 0.0045735077272
-2.6400000000001 0.0045559660331
-2.6400000000000 0.0044739139648
-2.6400000000000 0.0044909549611
-2.6200000000001 0.0045377619426
-2.6000000000001 0.0045190048248
-2.6000000000000 0.0044557731895
-2.5800000000001 0.0044997929395
-2.5600000000001 0.0044801608086
-2.5600000000000 0.0044013273899
-2.5600000000000 0.0043900391828
-2.5600000000000 0.0026481960400
-2.5600000000000 -0.3940730655066
-2.5600000000000 0.0098400639411
-2.5600000000000 0.0044181973233
-2.5600000000000 0.0042690400603
-2.5400000000001 0.0044600763877
-2.5200000000001 0.0044394737110
-2.5200000000000 0.0043782443330
-2.5000000000001 0.0044182885234
-2.4800000000001 0.0043964713276
-2.4800000000000 0.0043179876730
-2.4800000000000 0.0043357060641
-2.4600000000001 0.0043739789068
-2.4400000000001 0.0043507558677
-2.4400000000000 0.0042901785202
-2.4200000000001 0.0043267267382
-2.4000000000001 0.0043018076503
-2.4000000000000 0.0042227383430
-2.4000000000000 0.0042084334064
-2.4000000000000 0.0042412389373
-2.3800000000001 0.0042759282743
-2.3600000000001 0.0042490491569
-2.3600000000000 0.0041887425076
-2.3400000000001 0.0042211654190
-2.3200000000001 0.0041922991693
-2.3200000000000 0.0041145812195
-2.3200000000000 0.0041328421954
-2.3000000000001 0.0041624828991
-2.2800000000001 0.0041317430573
-2.2800000000000 0.0040737465897
-2.2599999999999 0.0041000891816
-2.2400000000000 0.0039942898942
-2.2400000000000 0.0039763845918
-2.2400000000000 0.0040115392988
-2.2400000000000 0.0037419681577
-2.2399999999999 0.0040675149689
-2.2199999999999 0.0040340088201
-2.2000000000000 0.0039462207286
-2.1999999999999 0.0039995678661
-2.1799999999999 0.0039642064388
-2.1600000000000 0.0038620155086
-2.1600000000000 0.0038778135329
-2.1599999999999 0.0039279800637
-2.1399999999999 0.0038909706427
-2.1200000000000 0.0038065105024
-2.1199999999999 0.0038532950545
-2.0999999999999 0.0038150923768
-2.0800000000000 0.0037182145916
-2.0800000000000 0.0036931641739
-2.0800000000000 0.0037326850122
-2.0799999999999 0.0037765157360
-2.0599999999999 0.0037377067047
-2.0400000000000 0.0036568269691
-2.0399999999999 0.0036987599286
-2.0199999999999 0.0036597260669
-2.0000000000000 0.0035648891183
-2.0000000000000 0.0035791286793
-2.0000000000000 0.0036205766970
-1.9800000000000 0.0035812161979
-1.9600000000000 0.0034994165409
-1.9600000000000 0.0035415155439
-1.9399999999999 0.0035013465109
-1.9200000000000 0.0034030041468
-1.9200000000000 0.0033657147326
-1.9200000000000 -0.0029040077257
-1.9200000000000 0.0028726392214
-1.9200000000000 0.0034175866923
-1.9199999999999 0.0034606166414
-1.8999999999999 0.0034192922193
-1.8800000000000 0.0033340081143
-1.8799999999999 0.0033774040156
-1.8599999999999 0.0033350303672
-1.8400000000000 0.0032345320145
-1.8400000000000 0.0032493399100
-1.8399999999999 0.0032922604949
-1.8200000000000 0.0032491518151
-1.8000000000000 0.0031638214632
-1.8000000000000 0.0032056998416
-1.7800000000000 0.0031618420770
-1.7600000000000 0.0030617216426
-1.7600000000000 0.0030076693072
-1.7600000000000 0.0030769150779
-1.7600000000000 0.0031175043075
-1.7400000000000 0.0030726593214
-1.7200000000000 0.0029882606221
-1.7200000000000 0.0030273702560
-1.7000000000000 0.0029817830197
-1.6800000000000 0.0028849873219
-1.6800000000000 0.0028987903227
-1.6800000000000 0.0029360732545
-1.6600000000000 0.0028903725487
-1.6400000000000 0.0028098279811
-1.6400000000000 0.0028447265583
-1.6200000000000 0.0027991208109
-1.6000000000000 0.0027073593204
-1.6000000000000 0.0026240203439
-1.6000000000000 0.0014700563751
-1.6000000000000 0.0027214605669
-1.6000000000000 0.0027535587773
-1.5800000000000 0.0027081538007
-1.5600000000000 0.0026333658800
-1.5600000000000 0.0026631692775
-1.5400000000000 0.0026189909452
-1.5200000000000 0.0025323773252
-1.5200000000000 0.0025469173866
-1.5200000000000 0.0025760060252
-1.5000000000000 0.0025344382032
-1.4800000000000 0.0024643884500
-1.4800000000000 0.0024941825403
-1.4600000000000 0.0024547248764
-1.4400000000000 0.0023676982301
-1.4400000000000 0.0022268718739
-1.4400000000000 0.0023849836308
-1.4400000000000 0.0024152642272
-1.4200000000000 0.0023750464632
-1.4000000000000 0.0023047724589
-1.4000000000000 0.0023338155505
-1.3800000000000 0.0022921429924
-1.3600000000000 0.0022082941002
-1.3600000000000 0.0022247957503
-1.3600000000000 0.0022513738543
-1.3400000000000 0.0022130519782
-1.3200000000000 0.0021782234363
-1.3200000000000 0.0021530736932
-1.3000000000000 0.0021468642531
-1.2800000000000 0.0020699693649
-1.2800000000000 -0.0012504442293
-1.2800000000000 -0.6431835759922
-1.2800000000000 0.0180786804398
-1.2800000000000 0.0018309848397
-1.2800000000000 0.0021179440179
-1.2800000000000 0.0020921844319
-1.2600000000000 0.0020899277295
-1.2400000000000 0.0020349788036
-1.2400000000000 0.0020616268219
-1.2200000000000 0.0020326553290
-1.2000000000000 0.0019478926197
-1.2000000000000 0.0019772895140
-1.2000000000000 0.0020035072903
-1.1800000000000 0.0019753112391
-1.1600000000000 0.0019241630308
-1.1600000000000 0.0019494285578
-1.1400000000000 0.0019270883412
-1.1200000000000 0.0018486946466
-1.1200000000000 0.0014082411090
-1.1200000000000 0.0019091003977
-1.1200000000000 0.0018838624802
-1.1000000000000 0.0018955151815
-1.0800000000000 0.0018854741349
-1.0800000000000 0.0018589902198
-1.0600000000000 0.0018770531289
-1.0400000000000 0.0017873550902
-1.0400000000000 0.0018400894374
-1.0400000000000 0.0018681034542
-1.0200000000000 0.0018574121072
-1.0000000000000 0.0018186504133
-1.0000000000000 0.0018461606783
-0.9800000000000 0.0018380595860
-0.9600000000000 0.0017493491300
-0.9600000000000 0.0008771857340
-0.9600000000000 -0.0088064228136
-0.9600000000000 0.0018124272654
-0.9600000000000 0.0018378959468
-0.9400000000000 0.0018486222177
-0.9200000000000 0.0018434859791
-0.9200000000000 0.0018690687465
-0.9000000000000 0.0018942597023
-0.8800000000000 0.0017879149163
-0.8800000000000 0.0018909889864
-0.8800000000000 0.0019182904548
-0.8600000000000 0.0019381570749
-0.8400000000000 0.0019287986013
-0.8400000000000 0.0019555933966
-0.8200000000000 0.0019755314760
-0.8000000000000 0.0018346798177
-0.8000000000000 0.0019761526256
-0.8000000000000 -0.0001207428761
-0.8000000000000 0.0020025728517
-0.7800000000000 0.0020382584426
-0.7600000000000 0.0020515736885
-0.7600000000000 0.0020807851950
-0.7400000000000 0.0021274401639
-0.7200000000000 0.0019092647002
-0.7200000000000 0.0021447911747
-0.7200000000000 0.0021771769500
-0.7000000000000 0.0022307392646
-0.6800000000000 0.0022534737532
-0.6800000000000 0.0022891865357
-0.6600000000000 0.0023526070950
-0.6400000000000 0.0019781639748
-0.6400000000000 0.0023795748113
-0.6400000000000 -0.8367155113291
-0.6400000000000 -0.0028732577780
-0.6400000000000 0.0200812241337
-0.6400000000000 0.0024203961561
-0.6200000000000 0.0024927262835
-0.6000000000000 0.0025212644144
-0.6000000000000 0.0025709349293
-0.5800000000000 0.0026564218522
-0.5600000000000 0.0019726849584
-0.5600000000000 0.0026846684549
-0.5600000000000 0.0027489529207
-0.5400000000000 0.0028468758039
-0.5200000000000 0.0028671076155
-0.5200000000000 0.0029489775830
-0.5000000000000 0.0030564460191
-0.4800000000000 0.0016885239600
-0.4800000000000 0.0030615654678
-0.4800000000000 -0.0122648139018
-0.4800000000000 0.0031721001111
-0.4600000000000 0.0032981587931
-0.4400000000000 0.0032748272496
-0.4400000000000 0.0034344030387
-0.4200000000000 0.0035784589023
-0.4000000000000 0.0005799614422
-0.4000000000000 0.0034931802470
-0.4000000000000 0.0037280591198
-0.3800000000000 0.0038834420360
-0.3600000000000 0.0036759164372
-0.3600000000000 0.0040468026489
-0.3400000000000 0.0042195815305
-0.3200000000000 -0.0031373841130
-0.3200000000000 0.0037788175054
-0.3200000000000 0.0072923660463
-0.3200000000000 -0.9370122435498
-0.3200000000000 0.0044015637506
-0.3000000000000 0.0045929814675
-0.2800000000000 0.0036961722909
-0.2800000000000 0.0047970969013
-0.2600000000000 0.0050207732529
-0.2400000000000 -0.0155971839630
-0.2400000000000 0.0031672733951
-0.2400000000000 0.0052716338893
-0.2200000000000 0.0055548776011
-0.2000000000000 0.0014824059213
-0.2000000000000 0.0058736109749
-0.1800000000000 0.0062245986160
-0.1600000000000 -0.0035677947180
-0.1600000000000 -0.0161033036263
-0.1600000000000 -0.9639007399502
-0.1600000000000 0.0065614745307
-0.1400000000000 0.0069081083688
-0.1200000000000 -0.0181019803118
-0.1200000000000 0.0064516267740
-0.1000000000000 0.0060748478140
-0.0800000000000 -0.0448398864270
-0.0800000000000 -0.9518728162529
-0.0800000000000 -0.0006697907085
-0.0600000000000 -0.0313433707303
-0.0400000000000 -0.9414000865836
-0.0400000000000 0.0187120880758
-0.0200000000000 -0.9327265487691
0.0000000000000 0.0055149739776
0.0000000000000 0.0088495729255
0.0000000000000 0.0049565318581
0.0000000000000 0.0377776727669
0.0000000000000 0.0214459465566
0.0000000000000 0.0716101658028
0.0000000000000 0.0066461803197
0.0000000000000 0.0131255395990
0.0200000000000 -0.9317517582938
0.0400000000000 0.0185920394744
0.0400000000000 -0.9411458707726
0.0600000000000 -0.0313730695393
0.0800000000000 -0.0006725062811
0.0800000000000 -0.0449341777449
0.0800000000000 -0.9517166928306
0.1000000000000 0.0060737717348
0.1200000000000 0.0064505216393
0.1200000000000 -0.0181064029598
0.1400000000000 0.0069080731590
0.1600000000000 0.0065613946765
0.1600000000000 -0.9638205417891
0.1600000000000 -0.0035695105828
0.1600000000000 -0.0161437782021
0.1800000000000 0.0062246121153
0.2000000000000 0.0058736570465
0.2000000000000 0.0014817840553
0.2200000000000 0.0055549641250
0.2400000000000 0.0052717021298
0.2400000000000 0.0031670603421
0.2400000000000 -0.0155992479359
0.2600000000000 0.0050208352534
0.2800000000000 0.0047971486435
0.2800000000000 0.0036960947381
0.3000000000000 0.0045930401750
0.3200000000000 0.0044016334943
0.3200000000000 -0.9369731965387
0.3200000000000 0.0072738360026
0.3200000000000 -0.0031379909574
0.3200000000000 0.0037788393701
0.3400000000000 0.0042196686264
0.3600000000000 0.0040468939167
0.3600000000000 0.0036759820387
0.3800000000000 0.0038835762232
0.4000000000000 0.0037281639126
0.4000000000000 0.0034932518588
0.4000000000000 0.0005797588920
0.4200000000000 0.0035784798957
0.4400000000000 0.0034343270672
0.4400000000000 0.0032747396402
0.4600000000000 0.0032980482615
0.4800000000000 0.0031720302700
0.4800000000000 -0.0122656223266
0.4800000000000 0.0016884074912
0.4800000000000 0.0030615104278
0.5000000000000 0.0030564471493
0.5200000000000 0.0029490228046
0.5200000000000 0.0028671696053
0.5400000000000 0.0028469526630
0.5600000000000 0.0027490894206
0.5600000000000 0.0026847757130
0.5600000000000 0.0019727626939
0.5800000000000 0.0026564494514
0.6000000000000 0.0025709554460
0.6000000000000 0.0025212776241
0.6200000000000 0.0024927713794
0.6400000000000 0.0024204369886
0.6400000000000 0.0200734105437
0.6400000000000 -0.0028734190580
0.6400000000000 -0.8366982254950
0.6400000000000 0.0023796337466
0.6400000000000 0.0019782228268
0.6600000000000 0.0023526266490
0.6800000000000 0.0022891804189
0.6800000000000 0.0022534761544
0.7000000000000 0.0022307148057
0.7200000000000 0.0021771512765
0.7200000000000 0.0021447830873
0.7200000000000 0.0019092603849
0.7400000000000 0.0021274035599
0.7600000000000 0.0020807148018
0.7600000000000 0.0020515508669
0.7800000000000 0.0020382061170
0.8000000000000 0.0020025372534
0.8000000000000 -0.0001207188624
0.8000000000000 0.0019761354848
0.8000000000000 0.0018347000265
0.8200000000000 0.0019754709620
0.8400000000000 0.0019555590861
0.8400000000000 0.0019287434484
0.8600000000000 0.0019381427254
0.8800000000000 0.0019182555342
0.8800000000000 0.0018909619898
0.8800000000000 0.0017878963428
0.9000000000000 0.0018942314071
0.9200000000000 0.0018690504476
0.9200000000000 0.0018434949738
0.9400000000000 0.0018486187531
0.9600000000000 0.0018379326973
0.9600000000000 -0.0088066641066
0.9600000000000 0.0008771570085
0.9600000000000 0.0017494232582
0.9600000000000 0.0018125011622
0.9800000000000 0.0018381275460
1.0000000000000 0.0018462247454
1.0000000000000 0.0018187374765
1.0200000000000 0.0018574499460
1.0400000000000 0.0018680809229
1.0400000000000 0.0017873523512
1.0400000000000 0.0018400979677
1.0600000000000 0.0018770073850
1.0800000000000 0.0018853946571
1.0800000000000 0.0018589277396
1.1000000000000 0.0018954602727
1.1200000000000 0.0019090597502
1.1200000000000 0.0014081714764
1.1200000000000 0.0018486377632
1.1200000000000 0.0018838337729
1.1400000000000 0.0019271133488
1.1600000000000 0.0019494839251
1.1600000000000 0.0019242245245
1.1800000000000 0.0019753764481
1.2000000000000 0.0020035354535
1.2000000000000 0.0019479093843
1.2000000000000 0.0019773484081
1.2200000000000 0.0020326477480
1.2400000000000 0.0020615795949
1.2400000000000 0.0020349932202
1.2600000000000 0.0020898540189
1.2800000000000 0.0021178550634
1.2800000000000 0.0018309837562
1.2800000000000 -0.6431770087801
1.2800000000000 -0.0012504862360
1.2800000000000 0.0180758574686
1.2800000000000 0.0020699697720
1.2800000000000 0.0020921668850
1.3000000000000 0.0021467985344
1.3200000000000 0.0021781788525
1.3200000000000 0.0021530663927
1.3400000000000 0.0022130426510
1.3600000000000 0.0022513761959
1.3600000000000 0.0022082902800
1.3600000000000 0.0022248067614
1.3800000000001 0.0022921502679
1.4000000000000 0.0023047783268
1.4000000000001 0.0023338143338
1.4200000000000 0.0023750331320
1.4400000000000 0.0022268185484
1.4400000000000 0.0023676634964
1.4400000000000 0.0023849596732
1.4400000000000 0.0024152349253
1.4600000000001 0.0024546762585
1.4800000000000 0.0024643320775
1.4800000000001 0.0024941182832
1.5000000000001 0.0025343617519
1.5200000000000 0.0025323145219
1.5200000000000 0.0025468521922
1.5200000000001 0.0025759213214
1.5400000000001 0.0026189108741
1.5600000000000 0.0026333351470
1.5600000000001 0.0026631083087
1.5800000000001 0.0027081178369
1.6000000000000 0.0014700586827
1.6000000000000 0.0026240356816
1.6000000000000 0.0027073750408
1.6000000000000 0.0027214671136
1.6000000000001 0.0027535509090
1.6200000000001 0.0027991303925
1.6400000000000 0.0028098512336
1.6400000000001 0.0028447418276
1.6600000000001 0.0028903793865
1.6800000000000 0.0028850057108
1.6800000000000 0.0028987915167
1.6800000000001 0.0029360630497
1.7000000000001 0.0029817528002
1.7200000000000 0.0029882263451
1.7200000000001 0.0030273242789
1.7400000000001 0.0030726058934
1.7600000000000 0.0030617172685
1.7600000000000 0.0030077079598
1.7600000000000 0.0030768685320
1.7600000000001 0.0031174516560
1.7800000000001 0.0031617966121
1.8000000000001 0.0031637935845
1.8000000000001 0.0032056631151
1.8200000000001 0.0032491226106
1.8400000000000 0.0032345660225
1.8400000000001 0.0032493322488
1.8400000000001 0.0032922331469
1.8600000000001 0.0033349987150
1.8800000000001 0.0033339963996
1.8800000000001 0.0033773637076
1.9000000000001 0.0034192415827
1.9200000000000 0.0028726124636
1.9200000000000 0.0034029990706
1.9200000000000 0.0033656994628
1.9200000000000 -0.0029041078224
1.9200000000000 0.0034175525152
1.9200000000001 0.0034605566595
1.9400000000001 0.0035012790376
1.9600000000000 0.0034993573275
1.9600000000001 0.0035414430768
1.9800000000001 0.0035811408990
2.0000000000000 0.0035648239680
2.0000000000001 0.0035790572411
2.0000000000001 0.0036205022962
2.0200000000001 0.0036596576613
2.0400000000001 0.0036567701800
2.0400000000001 0.0036987003287
2.0600000000001 0.0037376572388
2.0800000000000 0.0037182083925
2.0800000000000 0.0036932090029
2.0800000000001 0.0037326607362
2.0800000000001 0.0037764882338
2.1000000000001 0.0038150813401
2.1200000000001 0.0038065090701
2.1200000000001 0.0038532919607
2.1400000000001 0.0038909663266
2.1600000000000 0.0038620167416
2.1600000000001 0.0038778137523
2.1600000000001 0.0039279659965
2.1800000000001 0.0039641805485
2.2000000000001 0.0039461965479
2.2000000000001 0.0039995298917
2.2200000000001 0.0040339662749
2.2400000000000 0.0039942554322
2.2400000000000 0.0037419460436
2.2400000000000 0.0039763503384
2.2400000000001 0.0040115031762
2.2400000000001 0.0040674731444
2.2600000000001 0.0041000540307
2.2800000000001 0.0040737121053
2.2800000000001 0.0041317180325
2.3000000000000 0.0041624682332
2.3200000000000 0.0041145518904
2.3200000000000 0.0041922953268
2.3200000000001 0.0041328212442
2.3400000000000 0.0042211735781
2.3600000000000 0.0042490568367
2.3600000000001 0.0041886996308
2.3800000000000 0.0042759450639
2.4000000000000 0.0042226814140
2.4000000000000 0.0043018207835
2.4000000000000 0.0042083372859
2.4000000000001 0.0042412183805
2.4200000000000 0.0043267476855
2.4400000000000 0.0043507735637
2.4400000000001 0.0042901898753
2.4600000000000 0.0043739922912
2.4800000000000 0.0043179911965
2.4800000000000 0.0043964837688
2.4800000000001 0.0043357187038
2.5000000000000 0.0044183017450
2.5200000000000 0.0044394848946
2.5200000000001 0.0043782489416
2.5400000000000 0.0044600851735
2.5600000000000 0.0044012983654
2.5600000000000 0.0042690023055
2.5600000000000 0.0044801586517
2.5600000000000 0.0098391480071
2.5600000000000 0.0026481447582
2.5600000000000 -0.3940711436370
2.5600000000000 0.0043900047404
2.5600000000001 0.0044181803629
2.5800000000000 0.0044997732242
2.6000000000000 0.0045189688423
2.6000000000001 0.0044557294108
2.6200000000000 0.0045377124358
2.6400000000000 0.0044738683843
2.6400000000000 0.0045559160992
2.6400000000001 0.0044909059764
2.6600000000000 0.0045734711928
2.6800000000000 0.0045903086734
2.6800000000001 0.0045234429199
2.7000000000000 0.0046064185404
2.7200000000000 0.0045348773989
2.7200000000000 0.0046217964579
2.7200000000000 0.0045238246674
2.7200000000001 0.0045529362631
2.7400000000000 0.0046364208141
2.7600000000000 0.0046502271997
2.7600000000000 0.0045790810196
2.7800000000000 0.0046631500691
2.8000000000000 0.0045829534894
2.8000000000000 0.0046751655248
2.8000000000000 0.0046018141948
2.8200000000000 0.0046862938059
2.8400000000000 0.0046965719713
2.8400000000000 0.0046213031144
2.8600000000000 0.0047060439742
2.8800000000000 0.0046193032159
2.8800000000000 0.0045427113297
2.8800000000000 0.0047147903256
2.8800000000000 0.0046379087172
2.8800000000000 0.0046095185987
2.9000000000000 0.0047229347616
2.9200000000000 0.0047305666689
2.9200000000000 0.0046520372140
2.9400000000000 0.0047378253290
2.9600000000000 0.0047455571207
2.9600000000000 0.0046453253457
2.9600000000000 0.0046636705030
2.9800000000000 0.0047552278038
3.0000000000000 0.0047651664466
3.0000000000000 0.0046705359836
3.0200000000000 0.0046800473131
3.0400000000000 0.0046887377601
3.0400000000000 0.0046686736537
3.0400000000000 0.0046887377601
3.0400000000000 0.0046602824508
3.0600000000000 0.0046896051367
3.0800000000000 0.0046890361800
3.0800000000000 0.0046890361800
3.1000000000000 0.0046922651119
3.1200000000000 0.0046801490988
3.1200000000000 0.0046957472915
3.1200000000000 0.0046957472915
3.1400000000000 0.0046972925961
3.1600000000000 0.0046980716936
3.1600000000000 0.0046980716936
3.1800000000000 0.0046986159109
3.2000000000000 0.0046842654589
3.2000000000000 0.0046369383696
3.2000000000000 0.0040915342794
3.2000000000000 0.0046986531486
3.2000000000000 0.0046773375553
3.2400000000000 0.0046969217132
3.2800000000000 0.0046787241573
3.2800000000000 0.0046931140069
3.3200000000000 0.0046873660153
3.3600000000000 0.0046646747494
3.3600000000000 0.0046798457956
3.3600000000000 0.0046585791396
3.4000000000000 0.0046706751137
3.4400000000000 0.0046434876692
3.4400000000000 0.0046599200866
3.4800000000000 0.0046476006306
3.5200000000000 0.0046161118315
3.5200000000000 0.0045858549327
3.5200000000000 0.0046336989644
3.5200000000000 0.0046096066546
3.5600000000000 0.0046182043146
3.6000000000000 0.0045829842852
3.6000000000000 0.0046011275556
3.6400000000000 0.0045825255103
3.6800000000000 0.0045444565127
3.6800000000000 0.0045625091475
3.6800000000000 0.0045378596447
3.7200000000000 0.0045412261406
3.7600000000000 0.0045011166505
3.7600000000000 0.0045188359452
3.8000000000000 0.0044954871253
3.8400000000000 0.0044536523958
3.8400000000000 0.0042321696342
3.8400000000000 0.0017621950670
3.8400000000000 0.0044713147774
3.8400000000000 0.0044329244257
3.8400000000000 0.0044475620422
3.8800000000000 0.0044463863719
3.9200000000000 0.0044025703901
3.9200000000000 0.0044207355407
3.9600000000000 0.0043943691992
4.0000000000000 0.0043481635935
4.0000000000000 0.0043672853842
4.0000000000000 0.0043422456053
4.0400000000000 0.0043394936426
4.0800000000000 0.0042907620150
4.0800000000000 0.0043110295282
4.1200000000000 0.0042819602159
4.1600000000000 0.0042309742009
4.1600000000000 0.0042157510855
4.1600000000000 0.0042523732009
4.1600000000000 0.0042250543741
4.2000000000000 0.0042223649464
4.2400000000000 0.0041695408245
4.2400000000000 0.0041920204535
4.2800000000000 0.0041613980172
4.3200000000000 0.0041069289235
4.3200000000000 0.0041305240492
4.3200000000001 0.0041002543143
4.3600000000000 0.0040993959279
4.4000000000000 0.0040431939998
4.4000000000000 0.0040679868135
4.4400000000000 0.0040362574263
4.4800000000000 0.0039781759539
4.4800000000000 0.0038847118663
4.4800000000000 0.0040041652035
4.4800000000000 0.0039630921142
4.4800000000001 0.0039706831998
4.5200000000000 0.0039716796061
4.5600000000000 0.0039117848425
4.5600000000000 0.0039387932581
4.6000000000000 0.0039055223476
4.6400000000000 0.0038441896231
4.6400000000000 0.0038719012490
4.6400000000001 0.0038366995066
4.6800000000000 0.0038379788018
4.7199999999999 0.0037757675937
4.7200000000000 0.0038038094292
4.7600000000000 0.0037694478642
4.7999999999999 0.0037069050488
4.8000000000000 0.0037349439327
4.8000000000000 0.0036939464839
4.8000000000001 0.0036995561371
4.8400000000000 0.0037003357980
4.8799999999999 0.0036378392790
4.8800000000000 0.0036656456456
4.9200000000000 0.0036308832306
4.9599999999999 0.0035686149415
4.9600000000000 0.0035960592525
4.9600000000001 0.0035615445689
5.0000000000000 0.0035611970231
5.0399999999999 0.0034992424142
5.0400000000000 0.0035263340612
5.0800000000000 0.0034915149168
5.1199999999999 0.0034299087306
5.1200000000000 0.0034567833305
5.1200000000000 0.0029599472988
5.1200000000000 0.0039781166462
5.1200000000000 0.0033875993772
5.1200000000000 0.0034183810484
5.1200000000001 0.0034238902902
5.1600000000000 0.0034221839492
5.1999999999999 0.0033609365450
5.2000000000000 0.0033877690950
5.2400000000000 0.0033535969279
5.2799999999999 0.0032926628971
5.2800000000000 0.0033197161946
5.2800000000001 0.0032876996571
5.3200000000000 0.0032861519239
5.3599999999999 0.0032253235464
5.3600000000000 0.0032529035815
5.4000000000000 0.0032199531335
5.4399999999999 0.0031589713501
5.4400000000000 0.0031872692930
5.4400000000000 0.0031513710831
5.4400000000001 0.0031541699788
5.4800000000000 0.0031548016309
5.5199999999999 0.0030934216896
5.5200000000000 0.0031224756425
5.5600000000000 0.0030902021309
5.5999999999999 0.0030281936589
5.6000000000000 0.0030579038488
5.6000000000001 0.0030234196881
5.6400000000000 0.0030255434621
5.6799999999999 0.0029629967181
5.6800000000000 0.0029931276436
5.7200000000000 0.0029606897995
5.7599999999999 0.0028979463576
5.7600000000000 0.0029282965687
5.7600000000000 0.0028783343598
5.7600000000000 0.0028923421476
5.7600000000001 0.0028943410607
5.8000000000000 0.0028960450464
5.8399999999999 0.0028333284312
5.8400000000000 0.0028640046588
5.8800000000000 0.0028324148676
5.9199999999999 0.0027698136458
5.9200000000000 0.0028023615589
5.9200000000001 0.0027673472635
5.9600000000000 0.0027748014745
5.9999999999999 0.0027074757307
6.0000000000000 0.0027441850835
6.0400000000000 0.0026838664565
6.0799999999999 0.0026595533935
6.0800000000000 0.0026595533935
6.0800000000000 0.0026488308028
6.0800000000001 0.0026513005004
6.1200000000000 0.0026257265765
6.1599999999999 0.0025915851673
6.1600000000000 0.0025915851673
6.2000000000000 0.0025654633584
6.2399999999999 0.0025411460924
6.2400000000000 0.0025411460924
6.2400000000001 0.0025326418453
6.2800000000000 0.0025144682851
6.3199999999999 0.0024876142082
6.3200000000000 0.0024876142082
6.3600000000000 0.0024615939928
6.3999999999999 0.0024357649769
6.4000000000000 0.0023346076197
6.4000000000000 0.0024116958649
6.4000000000000 0.0024185731626
6.4000000000001 0.0024230543381
6.4799999999999 0.0023837626897
6.5599999999999 0.0023316134386
6.5600000000001 0.0023157366148
6.6399999999999 0.0022793499360
6.7199999999999 0.0022273085677
6.7200000000001 0.0022067282301
6.7200000000001 0.0022106390419
6.7999999999999 0.0021759052423
6.8799999999999 0.0021255152264
6.8800000000000 0.0021095104457
6.9599999999999 0.0020763950868
7.0399999999999 0.0020286685578
7.0400000000000 0.0020137461603
7.0400000000000 0.0020100602106
7.0400000000000 0.0020105044243
7.1199999999999 0.0019823552493
7.1999999999999 0.0019374129381
7.2000000000000 0.0019227189342
7.2799999999999 0.0018937634445
7.3599999999999 0.0018513121904
7.3600000000000 0.0018362460389
7.3600000000001 0.0018324882193
7.4399999999999 0.0018099758187
7.5199999999999 0.0017696737983
7.5200000000000 0.0017546325242
7.5999999999999 0.0017303375576
7.6799999999999 0.0016919047900
7.6800000000000 0.0016769815656
7.6800000000000 0.0017109140750
7.6800000000000 0.0016581144232
7.6800000000000 0.0016686240095
7.6800000000001 0.0016751235844
7.7599999999999 0.0016543246916
7.8400000000000 0.0016020136959
7.8400000000001 0.0016175555263
7.9200000000001 0.0015815661210
8.0000000000000 0.0015304744213
8.0000000000000 0.0015275799145
8.0000000000001 0.0015463285046
8.0800000000001 0.0015118155995
8.1600000000000 0.0014623728735
8.1600000000001 0.0014780416391
8.2400000000001 0.0014450369966
8.3200000000000 0.0013967942991
8.3200000000000 0.0013941322197
8.3200000000001 0.0013956763251
8.3200000000001 0.0014128570255
8.4000000000001 0.0013815604291
8.4800000000000 0.0013346500549
8.4800000000001 0.0013511796156
8.5600000000001 0.0013216971481
8.6400000000000 0.0012763675779
8.6400000000001 0.0012738796723
8.6400000000001 0.0012930441993
8.7200000000001 0.0012651164267
8.8000000000000 0.0012208178348
8.8000000000001 0.0012378015812
8.8800000000001 0.0012110094526
8.9600000000000 0.0011673844122
8.9600000000000 0.0011615575617
8.9600000000000 0.0011642148866
8.9600000000001 0.0011659311806
8.9600000000001 0.0011846973569
9.0400000000001 0.0011588839812
9.1200000000000 0.0011160179657
9.1200000000001 0.0011336440153
9.2000000000001 0.0011090811077
9.2800000000000 0.0010670778727
9.2800000000001 0.0010644140350
9.2800000000001 0.0010852864642
9.3600000000001 0.0010623053433
9.4400000000000 0.0010215166875
9.4400000000001 0.0010401071080
9.5200000000001 0.0010185911767
9.6000000000000 0.0009788057365
9.6000000000000 0.0009765655543
9.6000000000001 0.0009779110941
9.6000000000001 0.0009976118817
9.6800000000001 0.0009770160130
9.7600000000000 0.0009372498134
9.7600000000001 0.0009567120969
9.8400000000001 0.0009368690000
9.9200000000000 0.0008948675034
9.9200000000000 0.0008965779373
9.9200000000001 0.0009181936449
10.0000000000001 0.0009013075306
10.0800000000000 0.0008604956271
10.0800000000001 0.0008819878709
10.1600000000001 0.0008487172309
10.2400000000000 0.0008842190367
10.2400000000000 0.0008352207338
10.2400000000000 0.0008238551674
10.2400000000000 0.0008231032306
10.2400000000000 0.0008275289039
10.2400000000001 0.0008352207338
10.3200000000001 0.0008104055698
10.4000000000000 0.0007853936159
10.4000000000001 0.0007853936159
10.4800000000001 0.0007708982835
10.5600000000000 0.0007585444034
10.5600000000000 0.0007557174169
10.5600000000001 0.0007585444034
10.6400000000001 0.0007424161984
10.7200000000000 0.0007258489039
10.7200000000001 0.0007258489039
10.8000000000001 0.0007104106448
10.8800000000000 0.0006938353239
10.8800000000000 0.0006954869748
10.8800000000000 0.0006937917829
11.0400000000000 0.0006669081879
11.2000000000000 0.0006415523142
11.2000000000000 0.0006408462460
11.3599999999999 0.0006185592328
11.5199999999999 0.0005951351580
11.5200000000000 0.0005863839217
11.5200000000000 0.0005927171262
11.5200000000000 0.0005953993475
11.6799999999999 0.0005687745684
11.8399999999999 0.0005401887295
11.8400000000000 0.0005383212009
11.9999999999999 0.0005136012785
12.1599999999999 0.0004937503719
12.1600000000000 0.0004857104791
12.1600000000000 0.0004824348099
12.3199999999999 0.0004821744250
12.4799999999999 0.0004759916588
12.4800000000000 0.0004543531601
12.6399999999999 0.0004700369824
12.7999999999999 0.0004603515793
12.8000000000000 0.0004470734616
12.8000000000000 0.0004361369749
12.8000000000000 0.0004276108530
12.8000000000000 0.0004321497903
12.9599999999999 0.0004461805625
13.1199999999999 0.0004293020256
13.1200000000000 0.0004064319778
13.2799999999999 0.0004119055653
13.4399999999999 0.0003952876170
13.4400000000000 0.0003730456424
13.4400000000000 0.0003732020775
13.5999999999999 0.0003801109247
13.7599999999999 0.0003672552248
13.7600000000000 0.0003422519359
13.9199999999999 0.0003573957894
14.0799999999999 0.0003462463594
14.0800000000000 0.0003243867001
14.0800000000000 0.0003223260651
14.0800000000000 0.0003250749276
14.2399999999999 0.0003207772756
14.3999999999999 0.0003159132218
14.3999999999999 0.0003159132218
14.5599999999999 0.0002928611373
14.7199999999999 0.0002694652374
14.7199999999999 0.0002694652374
14.7200000000000 0.0002780776174
14.8799999999999 0.0002631792331
15.0399999999999 0.0002603018713
15.0399999999999 0.0002603018713
15.1999999999999 0.0002511215975
15.3599999999999 0.0002411230265
15.3599999999999 0.0002411230265
15.3600000000000 0.0002408918657
15.3600000000000 0.0002483849115
15.3600000000000 0.0002410515306
15.5199999999999 0.0002330145482
15.6799999999999 0.0002254132834
15.9999999999999 0.0002102921472
16.0000000000000 0.0002100378758
16.3199999999999 0.0001966116274
16.6400000000000 0.0001840379333
16.6400000000000 0.0001837407494
16.6400000000001 0.0001839733132
16.9600000000001 0.0001720897692
17.2800000000000 0.0001610575389
17.2800000000001 0.0001610917562
17.6000000000001 0.0001517084433
17.9200000000000 0.0001444711452
17.9200000000000 0.0001417834265
17.9200000000000 0.0001394137794
17.9200000000001 0.0001438217418
18.2400000000001 0.0001344693635
18.5600000000000 0.0001182393426
18.5600000000001 0.0001211917324
18.8800000000001 0.0001093411183
19.2000000000000 0.0000951212698
19.2000000000000 0.0000871219714
19.2000000000001 0.0001088157285
19.5200000000001 0.0001193771211
19.8400000000000 0.0000970665625
19.8400000000001 0.0001266844942
20.1600000000001 0.0001135430132
20.4800000000000 0.0001219395735
20.4800000000000 0.0001032802621
20.4800000000000 0.0000923005903
20.4800000000001 0.0001219395735
20.8000000000001 0.0000958557337
21.1200000000000 0.0000672450413
21.1200000000001 0.0000672450413
21.4400000000001 0.0000667541585
21.7600000000000 0.0000719032316
21.7600000000000 0.0000676189708
21.7600000000001 0.0000719032316
22.0800000000001 0.0000678023992
22.4000000000000 0.0000623283474
22.4000000000002 0.0000623283474
22.7200000000002 0.0000589252400
23.0400000000000 0.0000557983211
23.0400000000000 0.0000560007830
23.0400000000000 0.0000560465218
23.6800000000000 0.0000502551022
24.3200000000000 0.0000454461447
24.3200000000000 0.0000452933945
24.9600000000000 0.0000408262160
25.6000000000000 0.0000371215104
25.6000000000000 0.0000369451585
25.6000000000000 0.0000368161315
26.2400000000000 0.0000334557304
26.8800000000000 0.0000302513307
26.8800000000000 0.0000303025078
27.5200000000000 0.0000275547290
28.1600000000000 0.0000252865913
28.1600000000000 0.0000249290408
28.1600000000000 0.0000250035514
28.8000000000000 0.0000225847944
29.4400000000000 0.0000209462826
29.4400000000000 0.0000206143213
30.0800000000000 0.0000190964475
30.7200000000000 0.0000148082547
30.7200000000000 0.0000174561385
30.7200000000000 0.0000141901211
31.3600000000000 0.0000118639126
32.0000000000000 0.0000141770540
32.0000000000000 0.0000076832004
32.6400000000000 0.0000151478167
33.2800000000000 0.0000149248369
33.2800000000000 0.0000217398258
33.2800000000000 0.0000217398258
33.9200000000000 0.0000154947620
34.5600000000000 0.0000076339142
34.5600000000000 0.0000076339142
35.2000000000000 0.0000074207114
35.8400000000000 0.0000087642678
35.8400000000000 0.0000079246642
35.8400000000000 0.0000087642678
36.4800000000000 0.0000080754625
37.1200000000000 0.0000071124300
37.1200000000000 0.0000071124300
37.7600000000000 0.0000065342044
38.4000000000000 0.0000060500859
38.4000000000000 0.0000060489656
39.6800000000000 0.0000051410221
40.9600000000000 0.0000043762989
40.9600000000000 0.0000043511672
42.2400000000000 0.0000037067867
43.5200000000000 0.0000031894067
43.5200000000000 0.0000031454439
44.8000000000000 0.0000026950217
46.0800000000000 0.0000022883510
46.0800000000000 0.0000023235167
47.3600000000000 0.0000019976337
48.6400000000000 0.0000017301590
48.6400000000000 0.0000016997279
49.9200000000000 0.0000014646257
51.2000000000000 0.0000012278504
51.2000000000000 0.0000012310190
52.4800000000000 0.0000010819120
53.7600000000000 0.0000009309252
53.7600000000000 0.0000009825255
55.0400000000000 0.0000007796811
56.3200000000000 0.0000007177656
56.3200000000000 0.0000006939933
57.6000000000000 0.0000006666468
58.8800000000000 0.0000004464669
58.8800000000000 0.0000005166883
60.1600000000000 0.0000005207072
61.4400000000000 0.0000003734285
61.4400000000000 0.0000004216849
62.7200000000000 0.0000003507708
64.0000000000000 0.0000002966105
64.0000000000000 0.0000003377794
65.2800000000000 0.0000002636194
66.5600000000000 0.0000002019753
66.5600000000000 0.0000002393994
67.8400000000000 0.0000002491513
69.1200000000000 0.0000001921307
69.1200000000000 0.0000001134083
70.4000000000000 0.0000002099205
71.6800000000000 0.0000001277649
71.6800000000000 0.0000000681197
72.9600000000000 0.0000001468563
74.2400000000000 0.0000000993425
74.2400000000000 0.0000000968143
75.5200000000000 0.0000000385053
76.8000000000000 0.0000001274857
76.8000000000000 0.0000000604176
78.0800000000000 0.0000000244059
79.3600000000000 0.0000000380919
79.3600000000000 0.0000000326625
80.6400000000000 0.0000000941225
81.9200000000000 0.0000000080728
81.9200000000000 0.0000000072342
83.2000000000000 0.0000000219399
84.4800000000000 0.0000000442050
84.4800000000000 0.0000000745678
85.7600000000000 0.0000000228361
87.0400000000000 0.0000000027261
87.0400000000000 0.0000000216279
88.3200000000000 0.0000000437287
89.6000000000000 0.0000000418291
89.6000000000000 0.0000000437386
90.8800000000000 0.0000000021445
92.1600000000000 0.0000000076359
92.1600000000000 0.0000000251521
93.4400000000000 0.0000000348138
94.7200000000000 0.0000000429398
94.7200000000000 0.0000000275401
96.0000000000000 -0.0000000061912
97.2800000000000 -0.0000000141188
97.2800000000000 -0.0000000092696
98.5600000000000 0.0000000218786
99.8400000000000 0.0000000214454
99.8400000000000 0.0000000200889
101.1200000000000 -0.0000000004130
102.4000000000000 -0.0000000151171
102.4000000000000 -0.0000000101179
103.6800000000000 0.0000000004488
104.9600000000000 0.0000000135904
104.9600000000000 -0.0000000086631
106.2400000000000 0.0000000127249
107.5200000000000 0.0000000064388
107.5200000000000 0.0000000234781
108.8000000000000 -0.0000000173469
110.0800000000000 -0.0000000070855
110.0800000000000 -0.0000000211203
111.3600000000000 0.0000000106837
112.6400000000000 0.0000000127607
112.6400000000000 0.0000000184893
113.9200000000000 -0.0000000056062
115.2000000000000 -0.0000000086399
115.2000000000000 0.0000000053491
116.4800000000000 -0.0000000058263
117.7600000000000 -0.0000000103939
117.7600000000000 -0.0000000305199
119.0400000000000 -0.0000000035949
120.3200000000000 0.0000000070341
120.3200000000000 0.0000000065211
121.6000000000000 0.0000000008155
122.8800000000000 0.0000000052396
122.8800000000000 -0.0000000007410
124.1600000000000 -0.0000000212819
125.4400000000000 -0.0000000252509
125.4400000000000 -0.0000000400650
126.7200000000000 0.0000001256477
128.0000000000000 -0.0000000717789
128.0000000000000 0.0000000339846
129.2800000000000 -0.0000000224321
130.5600000000000 -0.0000000737281
130.5600000000000 -0.0000000737281
131.8400000000000 -0.0000000286618
133.1200000000000 0.0000000264729
133.1200000000000 0.0000000264729
134.4000000000000 0.0000000185007
135.6800000000000 -0.0000000006921
135.6800000000000 -0.0000000006921
136.9600000000000 0.0000000027590
138.2400000000000 0.0000000097450
138.2400000000000 0.0000000097450
139.5200000000000 0.0000000118426
140.8000000000000 0.0000000108600
143.3600000000000 -0.0000000033432
145.9200000000000 -0.0000000038352
148.4800000000000 -0.0000000051386
151.0400000000000 -0.0000000076127
153.6000000000000 -0.0000000078849
156.1600000000000 -0.0000000102939
158.7200000000000 -0.0000000036829
161.2800000000000 -0.0000000031934
163.8400000000000 0.0000000018903
166.4000000000000 -0.0000000038559
168.9600000000000 -0.0000000034845
171.5200000000000 -0.0000000070455
174.0800000000000 -0.0000000053269
176.6400000000000 -0.0000000030615
179.2000000000000 -0.0000000028275
181.7600000000000 -0.0000000036785
184.3200000000000 -0.0000000052214
186.8800000000000 -0.0000000048979
189.4400000000000 -0.0000000079589
192.0000000000000 -0.0000000059771
194.5600000000000 -0.0000000041665
197.1200000000000 -0.0000000055908
199.6800000000000 -0.0000000011755
202.2400000000000 -0.0000000058977
204.8000000000000 -0.0000000066747
207.3600000000000 -0.0000000031781
209.9200000000000 -0.0000000082061
212.4800000000000 -0.0000000045710
215.0400000000000 -0.0000000044292
217.6000000000000 -0.0000000084860
220.1600000000000 -0.0000000019556
222.7200000000000 -0.0000000033763
225.2800000000000 -0.0000000082827
227.8400000000000 -0.0000000008046
230.4000000000000 -0.0000000051313
232.9600000000000 -0.0000000102891
235.5200000000000 -0.0000000011405
238.0800000000000 -0.0000000037089
240.6400000000000 -0.0000000115462
243.2000000000000 -0.0000000050756
245.7600000000000 0.0000000022027
248.3200000000000 -0.0000000077741
250.8800000000000 -0.0000000130092
253.4400000000000 0.0000000011503
256.0000000000000 0.0000000058143
258.5600000000000 -0.0000000114204
261.1200000000000 -0.0000000205554
263.6800000000000 -0.0000000002543
266.2400000000000 0.0000000175611
268.8000000000000 -0.0000000000702
271.3600000000000 -0.0000000299607
273.9200000000000 -0.0000000275140
276.4800000000000 0.0000000027018
279.0400000000000 0.0000000208441
281.6000000000000 0.0000000089510
284.1600000000000 -0.0000000127992
286.7200000000000 -0.0000000202166
289.2800000000000 -0.0000000124790
291.8400000000000 -0.0000000027412
294.4000000000000 0.0000000008339
296.9600000000000 -0.0000000020318
299.5200000000000 -0.0000000045962
302.0800000000000 -0.0000000057409
304.6400000000000 -0.0000000057876
307.2000000000000 -0.0000000052612
309.7600000000000 -0.0000000050406
312.3200000000000 -0.0000000051539
314.8800000000000 -0.0000000047449
317.4400000000000 -0.0000000065203
