# z phi
-317.4400000000000 0.0000000017402
-314.8800000000000 0.0000000033585
-312.3200000000000 0.0000000048767
-309.7600000000000 0.0000000064849
-307.2000000000000 0.0000000080001
-304.6400000000000 0.0000000086753
-302.0800000000000 0.0000000076023
-299.5200000000000 0.0000000054472
-296.9600000000000 0.0000000062168
-294.4000000000000 0.0000000153845
-291.8400000000000 0.0000000323123
-289.2800000000000 0.0000000413413
-286.7200000000000 0.0000000147873
-284.1600000000000 -0.0000000609115
-281.6000000000000 -0.0000001513345
-279.0400000000000 -0.0000001767467
-276.4800000000000 -0.0000000755068
-273.9200000000000 0.0000001199856
-271.3600000000000 0.0000002861315
-268.8000000000000 0.0000003122460
-266.2400000000000 0.0000001984104
-263.6800000000000 0.0000000271155
-261.1200000000000 -0.0000001430070
-258.5600000000000 -0.0000002996712
-256.0000000000000 -0.0000004074483
-253.4400000000000 -0.0000004076421
-250.8800000000000 -0.0000003023424
-248.3200000000000 -0.0000001519023
-245.7600000000000 0.0000000151005
-243.2000000000000 0.0000002022960
-240.6400000000000 0.0000003760483
-238.0800000000000 0.0000004811009
-235.5200000000000 0.0000004965682
-232.9600000000000 0.0000004300221
-230.4000000000000 0.0000003027623
-227.8400000000000 0.0000001517219
-225.2800000000000 0.0000000088624
-222.7200000000000 -0.0000001082393
-220.1600000000000 -0.0000001894887
-217.6000000000000 -0.0000002453569
-215.0400000000000 -0.0000003016332
-212.4800000000000 -0.0000003686052
-209.9200000000000 -0.0000004347170
-207.3600000000000 -0.0000004770048
-204.8000000000000 -0.0000004720849
-202.2400000000000 -0.0000004079549
-199.6800000000000 -0.0000002840649
-197.1200000000000 -0.0000001100939
-194.5600000000000 0.0000000912311
-192.0000000000000 0.0000002858170
-189.4400000000000 0.0000004336184
-186.8800000000000 0.0000005046973
-184.3200000000000 0.0000004961910
-181.7600000000000 0.0000004279477
-179.2000000000000 0.0000003194878
-176.6400000000000 0.0000001745905
-174.0800000000000 -0.0000000088592
-171.5200000000000 -0.0000002256408
-168.9600000000000 -0.0000004709522
-166.4000000000000 -0.0000007543470
-163.8400000000000 -0.0000010908540
-161.2800000000000 -0.0000014796709
-158.7200000000000 -0.0000018858554
-156.1600000000000 -0.0000022016531
-153.6000000000000 -0.0000021839420
-151.0400000000000 -0.0000013692490
-148.4800000000000 0.0000009960069
-145.9200000000000 0.0000058628514
-143.3600000000000 0.0000140056177
-140.8000000000000 0.0000254134211
-139.5200000000000 0.0000319644414
-138.2400000000000 0.0000386438192
-138.2400000000000 0.0000386438192
-136.9600000000000 0.0000450078194
-135.6800000000000 0.0000504898146
-135.6800000000000 0.0000504898146
-134.4000000000000 0.0000544873905
-133.1200000000000 0.0000563693962
-133.1200000000000 0.0000563693962
-131.8400000000000 0.0000555419888
-130.5600000000000 0.0000515034231
-130.5600000000000 0.0000515034231
-129.2800000000000 0.0000438651419
-128.0000000000000 0.0000324437152
-128.0000000000000 0.0000324437152
-126.7200000000000 0.0000172238989
-125.4400000000000 -0.0000015889920
-125.4400000000000 -0.0000015889920
-124.1600000000000 -0.0000235877554
-122.8800000000000 -0.0000481845859
-122.8800000000000 -0.0000481845859
-121.6000000000000 -0.0000746408935
-120.3200000000000 -0.0001021005823
-120.3200000000000 -0.0001021005823
-119.0400000000000 -0.0001296306691
-117.7600000000000 -0.0001562708233
-117.7600000000000 -0.0001562708233
-116.4800000000000 -0.0001810834495
-115.2000000000000 -0.0002031939041
-115.2000000000000 -0.0002031939041
-113.9200000000000 -0.0002218186750
-112.6400000000000 -0.0002362867844
-112.6400000000000 -0.0002362867844
-111.3600000000000 -0.0002460584242
-110.0800000000000 -0.0002507377790
-110.0800000000000 -0.0002507377790
-108.8000000000000 -0.0002500747829
-107.5200000000000 -0.0002439569859
-107.5200000000000 -0.0002439569859
-106.2400000000000 -0.0002323981207
-104.9600000000000 -0.0002155277739
-104.9600000000000 -0.0002155277739
-103.6800000000000 -0.0001935813700
-102.4000000000000 -0.0001668867099
-102.4000000000000 -0.0001668867099
-101.1200000000000 -0.0001358459707
-99.8400000000000 -0.0001009186877
-99.8400000000000 -0.0001009186877
-98.5600000000000 -0.0000626103220
-97.2800000000000 -0.0000214624885
-97.2800000000000 -0.0000214624885
-96.0000000000000 0.0000219590843
-94.7200000000000 0.0000670763667
-94.7200000000000 0.0000670763667
-93.4400000000000 0.0001133094021
-92.1600000000000 0.0001600861543
-92.1600000000000 0.0001600861543
-90.8800000000000 0.0002068503699
-89.6000000000000 0.0002530684992
-89.6000000000000 0.0002530684992
-88.3200000000000 0.0002982381171
-87.0400000000000 0.0003418951749
-87.0400000000000 0.0003418951749
-85.7600000000000 0.0003836183952
-84.4800000000000 0.0004230330032
-84.4800000000000 0.0004230330032
-83.2000000000000 0.0004598131340
-81.9200000000000 0.0004936820834
-81.9200000000000 0.0004936820834
-80.6400000000000 0.0005244124419
-79.3600000000000 0.0005518258147
-79.3600000000000 0.0005518258147
-78.0800000000000 0.0005757906316
-76.8000000000000 0.0005962183701
-76.8000000000000 0.0005962183701
-75.5200000000000 0.0006130587717
-74.2400000000000 0.0006262961922
-74.2400000000000 0.0006262961922
-72.9600000000000 0.0006359481380
-71.6800000000000 0.0006420616087
-71.6800000000000 0.0006420616087
-70.4000000000000 0.0006447062134
-69.1200000000000 0.0006439704367
-69.1200000000000 0.0006439704367
-67.8400000000000 0.0006399618381
-66.5600000000000 0.0006328052964
-66.5600000000000 0.0006328052964
-65.2800000000000 0.0006226382744
-64.0000000000000 0.0006096067878
-64.0000000000000 0.0006096067878
-62.7200000000000 0.0005938652376
-61.4400000000000 0.0005755775255
-61.4400000000000 0.0005755775255
-60.1600000000000 0.0005549137270
-58.8800000000000 0.0005320452619
-58.8800000000000 0.0005320452619
-57.6000000000000 0.0005071429847
-56.3200000000000 0.0004803771674
-56.3200000000000 0.0004803771674
-55.0400000000000 0.0004519185306
-53.7600000000000 0.0004219346158
-53.7600000000000 0.0004219346158
-52.4800000000000 0.0003905830838
-51.2000000000000 0.0003580142771
-51.2000000000000 0.0003580142771
-49.9200000000000 0.0003243761299
-48.6400000000000 0.0002898080653
-48.6400000000000 0.0002898080653
-47.3600000000000 0.0002544361643
-46.0800000000000 0.0002183789267
-46.0800000000000 0.0002183789267
-44.8000000000000 0.0001817467619
-43.5200000000000 0.0001446392313
-43.5200000000000 0.0001446392313
-42.2400000000000 0.0001071528881
-40.9600000000000 0.0000693722343
-40.9600000000000 0.0000693722343
-39.6800000000000 0.0000313685340
-38.4000000000000 -0.0000067833926
-38.4000000000000 -0.0000067833926
-37.7600000000000 -0.0000258977892
-37.1200000000000 -0.0000450281525
-37.1200000000000 -0.0000450281525
-36.4800000000000 -0.0000641674695
-35.8400000000000 -0.0000833080594
-35.8400000000000 -0.0000833080594
-35.8400000000000 -0.0000833080594
-35.2000000000000 -0.0001024425027
-34.5600000000000 -0.0001215690374
-34.5600000000000 -0.0001215690374
-33.9200000000000 -0.0001406864325
-33.2800000000000 -0.0001597855849
-33.2800000000000 -0.0001597855849
-33.2800000000000 -0.0001597855849
-32.6400000000000 -0.0001788576649
-32.0000000000000 -0.0001979031401
-32.0000000000000 -0.0001979031401
-31.3600000000000 -0.0002169218120
-30.7200000000000 -0.0002359096418
-30.7200000000000 -0.0002359096418
-30.7200000000000 -0.0002359096418
-30.0800000000000 -0.0002548596373
-29.4400000000000 -0.0002737654201
-29.4400000000000 -0.0002737654201
-28.8000000000000 -0.0002926270121
-28.1600000000000 -0.0003114477252
-28.1600000000000 -0.0003114477252
-28.1600000000000 -0.0003114477252
-27.5200000000000 -0.0003302257886
-26.8800000000000 -0.0003489531891
-26.8800000000000 -0.0003489531891
-26.2400000000000 -0.0003676237654
-25.6000000000000 -0.0003862390926
-25.6000000000000 -0.0003862390926
-25.6000000000000 -0.0003862390926
-24.9600000000000 -0.0004048028007
-24.3200000000000 -0.0004233111128
-24.3200000000000 -0.0004233111128
-23.6800000000000 -0.0004417540423
-23.0400000000000 -0.0004601243317
-23.0400000000000 -0.0004601243317
-23.0400000000000 -0.0004601243317
-22.7200000000000 -0.0004692818975
-22.4000000000000 -0.0004784215984
-22.4000000000000 -0.0004784215984
-22.0800000000000 -0.0004875438325
-21.7600000000000 -0.0004966483875
-21.7600000000000 -0.0004966483875
-21.7600000000000 -0.0004966483875
-21.4400000000000 -0.0005057347809
-21.1200000000000 -0.0005148012141
-21.1200000000000 -0.0005148012141
-20.8000000000000 -0.0005238457400
-20.4800000000000 -0.0005328665814
-20.4800000000000 -0.0005328665814
-20.4800000000000 -0.0005328665814
-20.4800000000000 -0.0005328665814
-20.1600000000000 -0.0005418620040
-19.8400000000000 -0.0005508317247
-19.8400000000000 -0.0005508317247
-19.5200000000000 -0.0005597755067
-19.2000000000000 -0.0005686927096
-19.2000000000000 -0.0005686927096
-19.2000000000000 -0.0005686927096
-18.8800000000000 -0.0005775824531
-18.5600000000000 -0.0005864433516
-18.5600000000000 -0.0005864433516
-18.2400000000000 -0.0005952734199
-17.9200000000000 -0.0006040700301
-17.9200000000000 -0.0006040700301
-17.9200000000000 -0.0006040700301
-17.9200000000000 -0.0006040700301
-17.6000000000000 -0.0006128301110
-17.2800000000000 -0.0006215505934
-17.2800000000000 -0.0006215505934
-16.9600000000000 -0.0006302288325
-16.6400000000000 -0.0006388626091
-16.6400000000000 -0.0006388626091
-16.6400000000000 -0.0006388626091
-16.3200000000000 -0.0006474495841
-16.0000000000000 -0.0006559867074
-16.0000000000000 -0.0006559867074
-15.6800000000000 -0.0006644701357
-15.5200000000000 -0.0006686903440
-15.3600000000000 -0.0006728954041
-15.3600000000000 -0.0006728954041
-15.3600000000000 -0.0006728954041
-15.3600000000000 -0.0006728954041
-15.3600000000000 -0.0006728954041
-15.2000000000000 -0.0006770846535
-15.0400000000000 -0.0006812573569
-15.0400000000000 -0.0006812573569
-14.8800000000000 -0.0006854127438
-14.7200000000000 -0.0006895499844
-14.7200000000000 -0.0006895499844
-14.7200000000000 -0.0006895499844
-14.5600000000000 -0.0006936682348
-14.4000000000000 -0.0006977666759
-14.4000000000000 -0.0006977666759
-14.2400000000000 -0.0007018444890
-14.0800000000000 -0.0007059009391
-14.0800000000000 -0.0007059009391
-14.0800000000000 -0.0007059009391
-14.0800000000000 -0.0007059009391
-13.9200000000000 -0.0007099352861
-13.7600000000000 -0.0007139467500
-13.7600000000000 -0.0007139467500
-13.6000000000000 -0.0007179345287
-13.4400000000000 -0.0007218977383
-13.4400000000000 -0.0007218977383
-13.4400000000000 -0.0007218977383
-13.2800000000000 -0.0007258353849
-13.1200000000000 -0.0007297463513
-13.1200000000000 -0.0007297463513
-12.9600000000000 -0.0007336293998
-12.8000000000000 -0.0007374831853
-12.8000000000000 -0.0007374831853
-12.8000000000000 -0.0007374831853
-12.8000000000000 -0.0007374831853
-12.8000000000000 -0.0007374831853
-12.6400000000000 -0.0007413062677
-12.4800000000000 -0.0007450971167
-12.4800000000000 -0.0007450971167
-12.3200000000000 -0.0007488541053
-12.1600000000000 -0.0007525754986
-12.1600000000000 -0.0007525754986
-12.1600000000000 -0.0007525754986
-12.0000000000000 -0.0007562594418
-11.8400000000000 -0.0007599039569
-11.8400000000000 -0.0007599039569
-11.6800000000000 -0.0007635069494
-11.5200000000000 -0.0007670662222
-11.5200000000000 -0.0007670662222
-11.5200000000000 -0.0007670662222
-11.5200000000000 -0.0007670662222
-11.3600000000000 -0.0007705794930
-11.2000000000000 -0.0007740444050
-11.2000000000000 -0.0007740444050
-11.0400000000000 -0.0007774585266
-10.8800000000000 -0.0007808193344
-10.8800000000000 -0.0007808193344
-10.8800000000000 -0.0007808193344
-10.8000000000000 -0.0007824789245
-10.7200000000000 -0.0007841241823
-10.7200000000000 -0.0007841241823
-10.6400000000000 -0.0007857547521
-10.5600000000000 -0.0007873702663
-10.5600000000000 -0.0007873702663
-10.5600000000000 -0.0007873702663
-10.4800000000000 -0.0007889703440
-10.4000000000000 -0.0007905545905
-10.4000000000000 -0.0007905545905
-10.3200000000000 -0.0007921225961
-10.2400000000000 -0.0007936739345
-10.2400000000000 -0.0007936739345
-10.2400000000000 -0.0007936739345
-10.2400000000000 -0.0007936739345
-10.2400000000000 -0.0007936739345
-10.2400000000000 -0.0007936739345
-10.1600000000000 -0.0007952081630
-10.0800000000000 -0.0007967248223
-10.0800000000000 -0.0007967248223
-10.0000000000000 -0.0007982234361
-9.9200000000000 -0.0007997035044
-9.9200000000000 -0.0007997035044
-9.9200000000000 -0.0007997035044
-9.8400000000000 -0.0008011645121
-9.7600000000000 -0.0008026059253
-9.7600000000000 -0.0008026059253
-9.6800000000000 -0.0008040271909
-9.6000000000000 -0.0008054277363
-9.6000000000000 -0.0008054277363
-9.6000000000000 -0.0008054277363
-9.6000000000000 -0.0008054277363
-9.5200000000000 -0.0008068069685
-9.4400000000000 -0.0008081642737
-9.4400000000000 -0.0008081642737
-9.3600000000000 -0.0008094990163
-9.2800000000000 -0.0008108105387
-9.2800000000000 -0.0008108105387
-9.2800000000000 -0.0008108105387
-9.2000000000000 -0.0008120981604
-9.1200000000000 -0.0008133611775
-9.1200000000000 -0.0008133611775
-9.0400000000000 -0.0008145988621
-8.9600000000000 -0.0008158104611
-8.9600000000000 -0.0008158104611
-8.9600000000000 -0.0008158104611
-8.9600000000000 -0.0008158104611
-8.9600000000000 -0.0008158104611
-8.8800000000000 -0.0008169951963
-8.8000000000000 -0.0008181522623
-8.8000000000000 -0.0008181522623
-8.7200000000000 -0.0008192808265
-8.6400000000000 -0.0008203800271
-8.6400000000000 -0.0008203800271
-8.6400000000000 -0.0008203800271
-8.5600000000000 -0.0008214489720
-8.4800000000000 -0.0008224867380
-8.4800000000000 -0.0008224867380
-8.4000000000000 -0.0008234923685
-8.3200000000000 -0.0008244648721
-8.3200000000000 -0.0008244648721
-8.3200000000000 -0.0008244648721
-8.3200000000000 -0.0008244648721
-8.2400000000000 -0.0008254032205
-8.1600000000000 -0.0008263063458
-8.1600000000000 -0.0008263063458
-8.0800000000000 -0.0008271731378
-8.0000000000000 -0.0008280024412
-8.0000000000000 -0.0008280024412
-8.0000000000000 -0.0008280024412
-7.9200000000000 -0.0008287930525
-7.8400000000000 -0.0008295437175
-7.8400000000000 -0.0008295437175
-7.7600000000000 -0.0008302531286
-7.6800000000000 -0.0008309199224
-7.6800000000000 -0.0008309199224
-7.6800000000000 -0.0008309199224
-7.6800000000000 -0.0008309199224
-7.6800000000000 -0.0008309199224
-7.6800000000000 -0.0008309199224
-7.6000000000000 -0.0008315426769
-7.5200000000000 -0.0008321199091
-7.5200000000000 -0.0008321199091
-7.4400000000000 -0.0008326500725
-7.3600000000000 -0.0008331315545
-7.3600000000000 -0.0008331315545
-7.3600000000000 -0.0008331315545
-7.2800000000000 -0.0008335626739
-7.2000000000000 -0.0008339416775
-7.2000000000000 -0.0008339416775
-7.1200000000000 -0.0008342667375
-7.0400000000000 -0.0008345359478
-7.0400000000000 -0.0008345359478
-7.0400000000000 -0.0008345359478
-7.0400000000000 -0.0008345359478
-6.9600000000000 -0.0008347473204
-6.8800000000000 -0.0008348987814
-6.8800000000000 -0.0008348987814
-6.8000000000000 -0.0008349881667
-6.7200000000000 -0.0008350132178
-6.7200000000000 -0.0008350132178
-6.7200000000000 -0.0008350132178
-6.6400000000000 -0.0008349715768
-6.5600000000000 -0.0008348607817
-6.5600000000000 -0.0008348607817
-6.4800000000000 -0.0008346782613
-6.4000000000000 -0.0008344213304
-6.4000000000000 -0.0008344213304
-6.4000000000000 -0.0008344213304
-6.4000000000000 -0.0008344213304
-6.4000000000000 -0.0008344213304
-6.3600000000000 -0.0008342640892
-6.3200000000000 -0.0008340871835
-6.3200000000000 -0.0008340871835
-6.2800000000000 -0.0008338902429
-6.2400000000000 -0.0008336728887
-6.2400000000000 -0.0008336728887
-6.2400000000000 -0.0008336728887
-6.2000000000000 -0.0008334347333
-6.1600000000000 -0.0008331753807
-6.1600000000000 -0.0008331753807
-6.1200000000000 -0.0008328944254
-6.0800000000000 -0.0008325914528
-6.0800000000000 -0.0008325914528
-6.0800000000000 -0.0008325914528
-6.0800000000000 -0.0008325914528
-6.0400000000000 -0.0008322660384
-6.0000000000000 -0.0008319177480
-6.0000000000000 -0.0008319177480
-5.9600000000000 -0.0008315461373
-5.9200000000000 -0.0008311507502
-5.9200000000000 -0.0008311507502
-5.9200000000000 -0.0008311507502
-5.8800000000000 -0.0008307311204
-5.8400000000000 -0.0008302867699
-5.8400000000000 -0.0008302867699
-5.8000000000000 -0.0008298172092
-5.7600000000000 -0.0008293219362
-5.7600000000000 -0.0008293219362
-5.7600000000000 -0.0008293219362
-5.7600000000000 -0.0008293219362
-5.7600000000000 -0.0008293219362
-5.7200000000000 -0.0008288004367
-5.6800000000000 -0.0008282521832
-5.6800000000000 -0.0008282521832
-5.6400000000000 -0.0008276766348
-5.6000000000000 -0.0008270732366
-5.6000000000000 -0.0008270732366
-5.6000000000000 -0.0008270732366
-5.5600000000000 -0.0008264414198
-5.5200000000000 -0.0008257806004
-5.5200000000000 -0.0008257806004
-5.4800000000000 -0.0008250901794
-5.4400000000000 -0.0008243695422
-5.4400000000000 -0.0008243695422
-5.4400000000000 -0.0008243695422
-5.4400000000000 -0.0008243695422
-5.4000000000000 -0.0008236180578
-5.3600000000000 -0.0008228350788
-5.3600000000000 -0.0008228350788
-5.3200000000000 -0.0008220199405
-5.2800000000000 -0.0008211719608
-5.2800000000000 -0.0008211719608
-5.2800000000000 -0.0008211719608
-5.2400000000000 -0.0008202904390
-5.2000000000000 -0.0008193746561
-5.2000000000000 -0.0008193746561
-5.1600000000000 -0.0008184238732
-5.1200000000000 -0.0008174377364
-5.1200000000000 -0.0008174377364
-5.1200000000000 -0.0008174373319
-5.1200000000000 -0.0008174373319
-5.1200000000000 -0.0008174373319
-5.1200000000000 -0.0008174373319
-5.1200000000000 -0.0008174373319
-5.0800000000000 -0.0008164142528
-5.0400000000000 -0.0008153538351
-5.0400000000000 -0.0008153538351
-5.0000000000000 -0.0008142552560
-4.9600000000000 -0.0008131176698
-4.9600000000000 -0.0008131176698
-4.9600000000000 -0.0008131176698
-4.9200000000000 -0.0008119402069
-4.8800000000000 -0.0008107219732
-4.8800000000000 -0.0008107219732
-4.8400000000000 -0.0008094620490
-4.8000000000000 -0.0008081594883
-4.8000000000000 -0.0008081594883
-4.8000000000000 -0.0008081594883
-4.8000000000000 -0.0008081594883
-4.7600000000000 -0.0008068133176
-4.7200000000000 -0.0008054225349
-4.7200000000000 -0.0008054225349
-4.6800000000000 -0.0008039861089
-4.6400000000000 -0.0008025029776
-4.6400000000000 -0.0008025029776
-4.6400000000000 -0.0008025029776
-4.6000000000000 -0.0008009720474
-4.5600000000000 -0.0007993921916
-4.5600000000000 -0.0007993921916
-4.5200000000000 -0.0007977622497
-4.4800000000000 -0.0007960810256
-4.4800000000000 -0.0007960810256
-4.4800000000000 -0.0007960810256
-4.4800000000000 -0.0007960810256
-4.4800000000000 -0.0007960810256
-4.4400000000000 -0.0007943472867
-4.4000000000000 -0.0007925597623
-4.4000000000000 -0.0007925597623
-4.3600000000000 -0.0007907171422
-4.3200000000000 -0.0007888180754
-4.3200000000000 -0.0007888180754
-4.3200000000000 -0.0007888180754
-4.2800000000000 -0.0007868611684
-4.2400000000000 -0.0007848449837
-4.2400000000000 -0.0007848449837
-4.2000000000000 -0.0007827680381
-4.1800000000000 -0.0007817063035
-4.1600000000000 -0.0007806288008
-4.1600000000000 -0.0007806288008
-4.1600000000000 -0.0007806288008
-4.1600000000000 -0.0007806288008
-4.1600000000000 -0.0007806288008
-4.1400000000000 -0.0007795353310
-4.1200000000000 -0.0007784256919
-4.1200000000000 -0.0007784256919
-4.1000000000000 -0.0007772996778
-4.0800000000000 -0.0007761570799
-4.0800000000000 -0.0007761570799
-4.0800000000000 -0.0007761570799
-4.0600000000000 -0.0007749976860
-4.0400000000000 -0.0007738212804
-4.0400000000000 -0.0007738212804
-4.0200000000000 -0.0007726276436
-4.0000000000000 -0.0007714165529
-4.0000000000000 -0.0007714165529
-4.0000000000000 -0.0007714165529
-4.0000000000000 -0.0007714165529
-3.9800000000000 -0.0007701877818
-3.9600000000000 -0.0007689410997
-3.9600000000000 -0.0007689410997
-3.9400000000000 -0.0007676762725
-3.9200000000000 -0.0007663930621
-3.9200000000000 -0.0007663930621
-3.9200000000000 -0.0007663930621
-3.9000000000000 -0.0007650912263
-3.8800000000000 -0.0007637705189
-3.8800000000000 -0.0007637705189
-3.8600000000000 -0.0007624306893
-3.8400000000000 -0.0007610714830
-3.8400000000000 -0.0007610714830
-3.8400000000000 -0.0007610714830
-3.8400000000000 -0.0007610714830
-3.8400000000000 -0.0007610714830
-3.8400000000000 -0.0007610714830
-3.8400000000000 -0.0007610714830
-3.8200000000000 -0.0007596926407
-3.8000000000000 -0.0007582938989
-3.8000000000000 -0.0007582938989
-3.7800000000000 -0.0007568749894
-3.7600000000000 -0.0007554356395
-3.7600000000000 -0.0007554356395
-3.7600000000000 -0.0007554356395
-3.7400000000000 -0.0007539755714
-3.7200000000000 -0.0007524945027
-3.7200000000000 -0.0007524945027
-3.7000000000000 -0.0007509921459
-3.6800000000000 -0.0007494682083
-3.6800000000000 -0.0007494682083
-3.6800000000000 -0.0007494682083
-3.6800000000000 -0.0007494682083
-3.6600000000000 -0.0007479223922
-3.6400000000000 -0.0007463543944
-3.6400000000000 -0.0007463543944
-3.6200000000000 -0.0007447639061
-3.6000000000000 -0.0007431506133
-3.6000000000000 -0.0007431506133
-3.6000000000000 -0.0007431506133
-3.5800000000000 -0.0007415141959
-3.5600000000000 -0.0007398543282
-3.5600000000000 -0.0007398543282
-3.5400000000000 -0.0007381706783
-3.5200000000000 -0.0007364629085
-3.5200000000000 -0.0007364629085
-3.5200000000000 -0.0007364629085
-3.5200000000000 -0.0007364629085
-3.5200000000000 -0.0007364629085
-3.5000000000000 -0.0007347306746
-3.4800000000000 -0.0007329736260
-3.4800000000000 -0.0007329736260
-3.4600000000000 -0.0007311914058
-3.4400000000000 -0.0007293836501
-3.4400000000000 -0.0007293836501
-3.4400000000000 -0.0007293836501
-3.4200000000000 -0.0007275499883
-3.4000000000000 -0.0007256900428
-3.4000000000000 -0.0007256900428
-3.3800000000000 -0.0007238034289
-3.3600000000000 -0.0007218897545
-3.3600000000000 -0.0007218897545
-3.3600000000000 -0.0007218897545
-3.3600000000000 -0.0007218897545
-3.3400000000000 -0.0007199486199
-3.3200000000000 -0.0007179796179
-3.3200000000000 -0.0007179796179
-3.3000000000000 -0.0007159823332
-3.2800000000000 -0.0007139563426
-3.2800000000000 -0.0007139563426
-3.2800000000000 -0.0007139563426
-3.2600000000000 -0.0007119012147
-3.2400000000000 -0.0007098165096
-3.2400000000000 -0.0007098165096
-3.2200000000000 -0.0007077017787
-3.2000000000000 -0.0007055565645
-3.2000000000000 -0.0007055565645
-3.2000000000000 -0.0007055565645
-3.2000000000000 -0.0007055565645
-3.2000000000000 -0.0007055565645
-3.2000000000000 -0.0007055565645
-3.1800000000000 -0.0007033804005
-3.1600000000000 -0.0007011728108
-3.1600000000000 -0.0007011728108
-3.1400000000000 -0.0006989333101
-3.1200000000000 -0.0006966614031
-3.1200000000000 -0.0006966614031
-3.1200000000000 -0.0006966614031
-3.1000000000000 -0.0006943565847
-3.0800000000000 -0.0006920183392
-3.0800000000000 -0.0006920183392
-3.0600000000000 -0.0006896461405
-3.0400000000000 -0.0006872394518
-3.0400000000000 -0.0006872394518
-3.0400000000000 -0.0006872394518
-3.0400000000000 -0.0006872394518
-3.0200000000000 -0.0006847977249
-3.0000000000000 -0.0006823204002
-3.0000000000000 -0.0006823204002
-2.9800000000000 -0.0006798069065
-2.9600000000000 -0.0006772566604
-2.9600000000000 -0.0006772566604
-2.9600000000000 -0.0006772566604
-2.9400000000000 -0.0006746690664
-2.9200000000000 -0.0006720435158
-2.9200000000000 -0.0006720435158
-2.9000000000000 -0.0006693793873
-2.8800000000000 -0.0006666760458
-2.8800000000000 -0.0006666760458
-2.8800000000000 -0.0006666760458
-2.8800000000000 -0.0006666760458
-2.8800000000000 -0.0006666760458
-2.8600000000000 -0.0006639328425
-2.8400000000000 -0.0006611491145
-2.8400000000000 -0.0006611491145
-2.8200000000000 -0.0006583241842
-2.8000000000000 -0.0006554573589
-2.8000000000000 -0.0006554573589
-2.8000000000000 -0.0006554573589
-2.7800000000000 -0.0006525479305
-2.7600000000000 -0.0006495951749
-2.7600000000000 -0.0006495951749
-2.7400000000000 -0.0006465983516
-2.7200000000000 -0.0006435567034
-2.7200000000000 -0.0006435567034
-2.7200000000000 -0.0006435567034
-2.7200000000000 -0.0006435567034
-2.7000000000000 -0.0006404694554
-2.6800000000000 -0.0006373358150
-2.6800000000000 -0.0006373358150
-2.6600000000000 -0.0006341549712
-2.6400000000000 -0.0006309260938
-2.6400000000000 -0.0006309260938
-2.6400000000000 -0.0006309260938
-2.6200000000000 -0.0006276483331
-2.6000000000000 -0.0006243208191
-2.6000000000000 -0.0006243208191
-2.5800000000000 -0.0006209426612
-2.5600000000000 -0.0006175138640
-2.5600000000000 -0.0006175129471
-2.5600000000000 -0.0006175129471
-2.5600000000000 -0.0006175129471
-2.5600000000000 -0.0006175138640
-2.5600000000000 -0.0006175129471
-2.5600000000000 -0.0006175138640
-2.5600000000000 -0.0006175129471
-2.5400000000000 -0.0006140307424
-2.5200000000000 -0.0006104950898
-2.5200000000000 -0.0006104950898
-2.5000000000000 -0.0006069050084
-2.4800000000000 -0.0006032594932
-2.4800000000000 -0.0006032594932
-2.4800000000000 -0.0006032594932
-2.4600000000000 -0.0005995575136
-2.4400000000000 -0.0005957980134
-2.4400000000000 -0.0005957980134
-2.4200000000000 -0.0005919799095
-2.4000000000000 -0.0005881020910
-2.4000000000000 -0.0005881020910
-2.4000000000000 -0.0005881020910
-2.4000000000000 -0.0005881020910
-2.3800000000000 -0.0005841634184
-2.3600000000000 -0.0005801627226
-2.3600000000000 -0.0005801627226
-2.3400000000000 -0.0005760988039
-2.3200000000000 -0.0005719704308
-2.3200000000000 -0.0005719704308
-2.3200000000000 -0.0005719704308
-2.3000000000000 -0.0005677763393
-2.2800000000000 -0.0005635152313
-2.2800000000000 -0.0005635152313
-2.2600000000000 -0.0005591857736
-2.2400000000000 -0.0005547865967
-2.2400000000000 -0.0005547865967
-2.2400000000000 -0.0005547865967
-2.2400000000000 -0.0005547865967
-2.2400000000000 -0.0005547865967
-2.2200000000000 -0.0005503162934
-2.2000000000000 -0.0005457734175
-2.2000000000000 -0.0005457734175
-2.1800000000000 -0.0005411564824
-2.1600000000000 -0.0005364639596
-2.1600000000000 -0.0005364639596
-2.1600000000000 -0.0005364639596
-2.1400000000000 -0.0005316942770
-2.1200000000000 -0.0005268458176
-2.1200000000000 -0.0005268458176
-2.1000000000000 -0.0005219169173
-2.0800000000000 -0.0005169058637
-2.0800000000000 -0.0005169058637
-2.0800000000000 -0.0005169058637
-2.0800000000000 -0.0005169058637
-2.0600000000000 -0.0005118108939
-2.0400000000000 -0.0005066301924
-2.0400000000000 -0.0005066301924
-2.0200000000000 -0.0005013618894
-2.0000000000000 -0.0004960040584
-2.0000000000000 -0.0004960040584
-2.0000000000000 -0.0004960040584
-1.9800000000000 -0.0004905547141
-1.9600000000000 -0.0004850118098
-1.9600000000000 -0.0004850118098
-1.9400000000000 -0.0004793732349
-1.9200000000000 -0.0004736368125
-1.9200000000000 -0.0004736368125
-1.9200000000000 -0.0004736368125
-1.9200000000000 -0.0004736368125
-1.9200000000000 -0.0004736368125
-1.9200000000000 -0.0004736368125
-1.9000000000000 -0.0004678002965
-1.8800000000000 -0.0004618613684
-1.8800000000000 -0.0004618613684
-1.8600000000000 -0.0004558176347
-1.8400000000000 -0.0004496666230
-1.8400000000000 -0.0004496666230
-1.8400000000000 -0.0004496666230
-1.8200000000000 -0.0004434057793
-1.8000000000000 -0.0004370324638
-1.8000000000000 -0.0004370324638
-1.7800000000000 -0.0004305439472
-1.7600000000000 -0.0004239374068
-1.7600000000000 -0.0004239374068
-1.7600000000000 -0.0004239374068
-1.7600000000000 -0.0004239374068
-1.7400000000000 -0.0004172099222
-1.7200000000000 -0.0004103584706
-1.7200000000000 -0.0004103584706
-1.7000000000000 -0.0004033799223
-1.6800000000000 -0.0003962710355
-1.6800000000000 -0.0003962710355
-1.6800000000000 -0.0003962710355
-1.6600000000000 -0.0003890284512
-1.6400000000000 -0.0003816486870
-1.6400000000000 -0.0003816486870
-1.6200000000000 -0.0003741281320
-1.6000000000000 -0.0003664630396
-1.6000000000000 -0.0003664630396
-1.6000000000000 -0.0003664630396
-1.6000000000000 -0.0003664630396
-1.6000000000000 -0.0003664630396
-1.5800000000000 -0.0003586495214
-1.5600000000000 -0.0003506835396
-1.5600000000000 -0.0003506835396
-1.5400000000000 -0.0003425608999
-1.5200000000000 -0.0003342772428
-1.5200000000000 -0.0003342772428
-1.5200000000000 -0.0003342772428
-1.5000000000000 -0.0003258280356
-1.4800000000000 -0.0003172085628
-1.4800000000000 -0.0003172085628
-1.4600000000000 -0.0003084139165
-1.4400000000000 -0.0002994389856
-1.4400000000000 -0.0002994390083
-1.4400000000000 -0.0002994389856
-1.4400000000000 -0.0002994389856
-1.4200000000000 -0.0002902784453
-1.4000000000000 -0.0002809267444
-1.4000000000000 -0.0002809267444
-1.3800000000000 -0.0002713780928
-1.3600000000000 -0.0002616264480
-1.3600000000000 -0.0002616264480
-1.3600000000000 -0.0002616264480
-1.3400000000000 -0.0002516654999
-1.3200000000000 -0.0002414886551
-1.3200000000000 -0.0002414886551
-1.3000000000000 -0.0002310890203
-1.2800000000000 -0.0002204593833
-1.2800000000000 -0.0002204593833
-1.2800000000000 -0.0002204593833
-1.2800000000000 -0.0002204593833
-1.2800000000000 -0.0002204593833
-1.2800000000000 -0.0002204593833
-1.2800000000000 -0.0002204593833
-1.2600000000000 -0.0002095921937
-1.2400000000000 -0.0001984795414
-1.2400000000000 -0.0001984795414
-1.2200000000000 -0.0001871131336
-1.2000000000000 -0.0001754842699
-1.2000000000000 -0.0001754842699
-1.2000000000000 -0.0001754842699
-1.1800000000000 -0.0001635838152
-1.1600000000000 -0.0001514021706
-1.1600000000000 -0.0001514021706
-1.1400000000000 -0.0001389292413
-1.1200000000000 -0.0001261544027
-1.1200000000000 -0.0001261544027
-1.1200000000000 -0.0001261544027
-1.1200000000000 -0.0001261544027
-1.1000000000000 -0.0001130664627
-1.0800000000000 -0.0000996536208
-1.0800000000000 -0.0000996536208
-1.0600000000000 -0.0000859034239
-1.0400000000000 -0.0000718027180
-1.0400000000000 -0.0000718027180
-1.0400000000000 -0.0000718027180
-1.0200000000000 -0.0000573375953
-1.0000000000000 -0.0000424933361
-1.0000000000000 -0.0000424933361
-0.9800000000000 -0.0000272543457
-0.9600000000000 -0.0000116040844
-0.9600000000000 -0.0000116040844
-0.9600000000000 -0.0000116040844
-0.9600000000000 -0.0000116040844
-0.9600000000000 -0.0000116040844
-0.9400000000000 0.0000044750091
-0.9200000000000 0.0000210016026
-0.9200000000000 0.0000210016026
-0.9000000000000 0.0000379955641
-0.8800000000000 0.0000554780662
-0.8800000000000 0.0000554780662
-0.8800000000000 0.0000554780662
-0.8600000000000 0.0000734717014
-0.8400000000000 0.0000920006115
-0.8400000000000 0.0000920006115
-0.8200000000000 0.0001110906321
-0.8000000000000 0.0001307694537
-0.8000000000000 0.0001307694537
-0.8000000000000 0.0001307694537
-0.8000000000000 0.0001307694537
-0.7800000000000 0.0001510668041
-0.7600000000000 0.0001720146529
-0.7600000000000 0.0001720146529
-0.7400000000000 0.0001936474433
-0.7200000000000 0.0002160023546
-0.7200000000000 0.0002160023546
-0.7200000000000 0.0002160023546
-0.7000000000000 0.0002391196011
-0.6800000000000 0.0002630427731
-0.6800000000000 0.0002630427731
-0.6600000000000 0.0002878192270
-0.6400000000000 0.0003135005336
-0.6400000000000 0.0003135005336
-0.6400000000000 0.0003135005336
-0.6400000000000 0.0003135005336
-0.6400000000000 0.0003135005336
-0.6400000000000 0.0003135005336
-0.6200000000000 0.0003401429951
-0.6000000000000 0.0003678082418
-0.6000000000000 0.0003678082418
-0.5800000000000 0.0003965639266
-0.5600000000000 0.0004264845341
-0.5600000000000 0.0004264845341
-0.5600000000000 0.0004264845341
-0.5400000000000 0.0004576523302
-0.5200000000000 0.0004901584820
-0.5200000000000 0.0004901584820
-0.5000000000000 0.0005241043881
-0.4800000000000 0.0005596032680
-0.4800000000000 0.0005596032680
-0.4800000000000 0.0005596032680
-0.4800000000000 0.0005596032680
-0.4600000000000 0.0005967820756
-0.4400000000000 0.0006357838190
-0.4400000000000 0.0006357838190
-0.4200000000000 0.0006767703940
-0.4000000000000 0.0007199260750
-0.4000000000000 0.0007199260750
-0.4000000000000 0.0007199260750
-0.3800000000000 0.0007654618514
-0.3600000000000 0.0008136208719
-0.3600000000000 0.0008136208719
-0.3400000000000 0.0008646853605
-0.3200000000000 0.0009189854688
-0.3200000000000 0.0009189854688
-0.3200000000000 0.0009189854688
-0.3200000000000 0.0009189854688
-0.3200000000000 0.0009189854688
-0.3000000000000 0.0009769107500
-0.2800000000000 0.0010389258048
-0.2800000000000 0.0010389258048
-0.2600000000000 0.0011055913375
-0.2400000000000 0.0011775890375
-0.2400000000000 0.0011775890375
-0.2400000000000 0.0011775890375
-0.2200000000000 0.0012557630541
-0.2000000000000 0.0013412056303
-0.2000000000000 0.0013412056303
-0.1800000000000 0.0014352930596
-0.1600000000000 0.0015396486814
-0.1600000000000 0.0015396486814
-0.1600000000000 0.0015396486814
-0.1600000000000 0.0015396486814
-0.1400000000000 0.0016568994291
-0.1200000000000 0.0017917333570
-0.1200000000000 0.0017917333570
-0.1000000000000 0.0019472059195
-0.0800000000000 0.0021236501108
-0.0800000000000 0.0021236501108
-0.0800000000000 0.0021236501108
-0.0600000000000 0.0023463233868
-0.0400000000000 0.0026730210631
-0.0400000000000 0.0026730210631
-0.0200000000000 0.0030607434587
0.0000000000000 0.0032565098711
0.0000000000000 0.0032565098711
0.0000000000000 0.0032565098711
0.0000000000000 0.0032565098711
0.0000000000000 0.0032565098711
0.0000000000000 0.0032565098711
0.0000000000000 0.0032565098711
0.0000000000000 0.0032565098711
0.0200000000000 0.0030708763543
0.0400000000000 0.0026813245183
0.0400000000000 0.0026813245183
0.0600000000000 0.0023494770562
0.0800000000000 0.0021248017150
0.0800000000000 0.0021248017150
0.0800000000000 0.0021248017150
0.1000000000000 0.0019481760955
0.1200000000000 0.0017924946290
0.1200000000000 0.0017924946290
0.1400000000000 0.0016573871818
0.1600000000000 0.0015399897601
0.1600000000000 0.0015399897601
0.1600000000000 0.0015399897601
0.1600000000000 0.0015399897601
0.1800000000000 0.0014355540160
0.2000000000000 0.0013414033808
0.2000000000000 0.0013414033808
0.2200000000000 0.0012559130824
0.2400000000000 0.0011777046428
0.2400000000000 0.0011777046428
0.2400000000000 0.0011777046428
0.2600000000000 0.0011056808498
0.2800000000000 0.0010389950238
0.2800000000000 0.0010389950238
0.3000000000000 0.0009769640897
0.3200000000000 0.0009190262352
0.3200000000000 0.0009190262352
0.3200000000000 0.0009190262352
0.3200000000000 0.0009190262352
0.3200000000000 0.0009190262352
0.3400000000000 0.0008647160557
0.3600000000000 0.0008136434328
0.3600000000000 0.0008136434328
0.3800000000000 0.0007654777949
0.4000000000000 0.0007199366013
0.4000000000000 0.0007199366013
0.4000000000000 0.0007199366013
0.4200000000000 0.0006767764626
0.4400000000000 0.0006357862035
0.4400000000000 0.0006357862035
0.4600000000000 0.0005967814049
0.4800000000000 0.0005596000571
0.4800000000000 0.0005596000571
0.4800000000000 0.0005596000571
0.4800000000000 0.0005596000571
0.5000000000000 0.0005240990614
0.5200000000000 0.0004901513914
0.5200000000000 0.0004901513914
0.5400000000000 0.0004576437686
0.5600000000000 0.0004264747468
0.5600000000000 0.0004264747468
0.5600000000000 0.0004264747468
0.5800000000000 0.0003965531198
0.6000000000000 0.0003677965895
0.6000000000000 0.0003677965895
0.6200000000000 0.0003401306448
0.6400000000000 0.0003134876106
0.6400000000000 0.0003134876106
0.6400000000000 0.0003134876106
0.6400000000000 0.0003134876106
0.6400000000000 0.0003134876106
0.6400000000000 0.0003134876106
0.6600000000000 0.0002878058381
0.6800000000000 0.0002630290096
0.6800000000000 0.0002630290096
0.7000000000000 0.0002391055411
0.7200000000000 0.0002159880651
0.7200000000000 0.0002159880651
0.7200000000000 0.0002159880651
0.7400000000000 0.0001936329819
0.7600000000000 0.0001720000692
0.7600000000000 0.0001720000692
0.7800000000000 0.0001510521408
0.8000000000000 0.0001307547476
0.8000000000000 0.0001307547476
0.8000000000000 0.0001307547476
0.8000000000000 0.0001307547476
0.8200000000000 0.0001110759149
0.8400000000000 0.0000919859107
0.8400000000000 0.0000919859107
0.8600000000000 0.0000734570405
0.8800000000000 0.0000554634655
0.8800000000000 0.0000554634655
0.8800000000000 0.0000554634655
0.9000000000000 0.0000379810412
0.9200000000000 0.0000209871722
0.9200000000000 0.0000209871722
0.9400000000000 0.0000044606842
0.9600000000000 -0.0000116182931
0.9600000000000 -0.0000116182931
0.9600000000000 -0.0000116182931
0.9600000000000 -0.0000116182931
0.9600000000000 -0.0000116182931
0.9800000000000 -0.0000272684289
1.0000000000000 -0.0000425072861
1.0000000000000 -0.0000425072861
1.0200000000000 -0.0000573514055
1.0400000000000 -0.0000718163830
1.0400000000000 -0.0000718163862
1.0400000000000 -0.0000718163830
1.0600000000000 -0.0000859169392
1.0800000000000 -0.0000996669828
1.0800000000000 -0.0000996669828
1.1000000000000 -0.0001130796685
1.1200000000000 -0.0001261674501
1.1200000000000 -0.0001261674524
1.1200000000000 -0.0001261674524
1.1200000000000 -0.0001261674501
1.1400000000000 -0.0001389421285
1.1600000000000 -0.0001514148966
1.1600000000000 -0.0001514148966
1.1800000000000 -0.0001635963793
1.2000000000000 -0.0001754966717
1.2000000000000 -0.0001754966734
1.2000000000000 -0.0001754966717
1.2200000000000 -0.0001871253731
1.2400000000000 -0.0001984916189
1.2400000000000 -0.0001984916189
1.2600000000000 -0.0002096041099
1.2800000000000 -0.0002204711402
1.2800000000000 -0.0002204711389
1.2800000000000 -0.0002204711402
1.2800000000000 -0.0002204711389
1.2800000000000 -0.0002204711402
1.2800000000000 -0.0002204711402
1.2800000000000 -0.0002204711402
1.3000000000000 -0.0002311006164
1.3200000000000 -0.0002415000929
1.3200000000000 -0.0002415000929
1.3400000000000 -0.0002516767805
1.3600000000000 -0.0002616375730
1.3600000000000 -0.0002616375730
1.3600000000000 -0.0002616375740
1.3800000000000 -0.0002713890638
1.4000000000000 -0.0002809375628
1.4000000000000 -0.0002809375628
1.4200000000000 -0.0002902891130
1.4400000000000 -0.0002994495050
1.4400000000000 -0.0002994495050
1.4400000000000 -0.0002994495042
1.4400000000000 -0.0002994495042
1.4600000000000 -0.0003084242878
1.4800000000000 -0.0003172187888
1.4800000000000 -0.0003172187888
1.5000000000000 -0.0003258381181
1.5200000000000 -0.0003342871836
1.5200000000000 -0.0003342871842
1.5200000000000 -0.0003342871836
1.5400000000000 -0.0003425707010
1.5600000000000 -0.0003506932029
1.5600000000000 -0.0003506932029
1.5800000000000 -0.0003586590488
1.6000000000000 -0.0003664724336
1.6000000000000 -0.0003664724336
1.6000000000000 -0.0003664724336
1.6000000000000 -0.0003664724331
1.6000000000000 -0.0003664724331
1.6200000000000 -0.0003741373936
1.6400000000000 -0.0003816578186
1.6400000000000 -0.0003816578186
1.6600000000000 -0.0003890374546
1.6800000000000 -0.0003962799132
1.6800000000000 -0.0003962799128
1.6800000000000 -0.0003962799128
1.7000000000000 -0.0004033886753
1.7200000000000 -0.0004103671013
1.7200000000000 -0.0004103671013
1.7400000000000 -0.0004172184324
1.7600000000000 -0.0004239458075
1.7600000000000 -0.0004239457986
1.7600000000000 -0.0004239457984
1.7600000000000 -0.0004239457984
1.7800000000000 -0.0004305522219
1.8000000000000 -0.0004370406235
1.8000000000000 -0.0004370406235
1.8200000000000 -0.0004434138258
1.8400000000000 -0.0004496745582
1.8400000000000 -0.0004496745580
1.8400000000000 -0.0004496745580
1.8600000000000 -0.0004558254599
1.8800000000000 -0.0004618690856
1.8800000000000 -0.0004618690856
1.9000000000000 -0.0004678079074
1.9200000000000 -0.0004736443187
1.9200000000000 -0.0004736443246
1.9200000000000 -0.0004736443189
1.9200000000000 -0.0004736443187
1.9200000000000 -0.0004736443246
1.9200000000000 -0.0004736443246
1.9400000000000 -0.0004793806381
1.9600000000000 -0.0004850191116
1.9600000000000 -0.0004850191116
1.9800000000000 -0.0004905619162
2.0000000000000 -0.0004960111623
2.0000000000000 -0.0004960111625
2.0000000000000 -0.0004960111623
2.0200000000000 -0.0005013688967
2.0400000000000 -0.0005066371045
2.0400000000000 -0.0005066371045
2.0600000000000 -0.0005118177124
2.0800000000000 -0.0005169125903
2.0800000000000 -0.0005169125902
2.0800000000000 -0.0005169125902
2.0800000000000 -0.0005169125941
2.1000000000000 -0.0005219235531
2.1200000000000 -0.0005268523641
2.1200000000000 -0.0005268523641
2.1400000000000 -0.0005317007357
2.1600000000000 -0.0005364703317
2.1600000000000 -0.0005364703318
2.1600000000000 -0.0005364703317
2.1800000000000 -0.0005411627694
2.2000000000000 -0.0005457796206
2.2000000000000 -0.0005457796206
2.2200000000000 -0.0005503224139
2.2400000000000 -0.0005547926358
2.2400000000000 -0.0005547926359
2.2400000000000 -0.0005547926385
2.2400000000000 -0.0005547926358
2.2400000000000 -0.0005547926385
2.2600000000000 -0.0005591917327
2.2800000000000 -0.0005635211115
2.2800000000000 -0.0005635211115
2.3000000000000 -0.0005677821419
2.3200000000000 -0.0005719761570
2.3200000000000 -0.0005719761570
2.3200000000000 -0.0005719761570
2.3400000000000 -0.0005761044547
2.3600000000000 -0.0005801682993
2.3600000000000 -0.0005801682993
2.3800000000000 -0.0005841689221
2.4000000000000 -0.0005881075228
2.4000000000000 -0.0005881075247
2.4000000000000 -0.0005881075229
2.4000000000000 -0.0005881075228
2.4200000000000 -0.0005919852706
2.4400000000000 -0.0005958033048
2.4400000000000 -0.0005958033048
2.4600000000000 -0.0005995627363
2.4800000000000 -0.0006032646483
2.4800000000000 -0.0006032646483
2.4800000000000 -0.0006032646483
2.5000000000000 -0.0006069100970
2.5200000000000 -0.0006105001127
2.5200000000000 -0.0006105001127
2.5400000000000 -0.0006140357008
2.5600000000000 -0.0006175178432
2.5600000000000 -0.0006175178432
2.5600000000000 -0.0006175178419
2.5600000000000 -0.0006175178432
2.5600000000000 -0.0006175178419
2.5600000000000 -0.0006175178432
2.5600000000000 -0.0006175178419
2.5600000000000 -0.0006175178432
2.5800000000000 -0.0006209474934
2.6000000000000 -0.0006243255896
2.6000000000000 -0.0006243255896
2.6200000000000 -0.0006276530427
2.6400000000000 -0.0006309307436
2.6400000000000 -0.0006309307436
2.6400000000000 -0.0006309307436
2.6600000000000 -0.0006341595620
2.6800000000000 -0.0006373403477
2.6800000000000 -0.0006373403477
2.7000000000000 -0.0006404739307
2.7200000000000 -0.0006435611223
2.7200000000000 -0.0006435611223
2.7200000000000 -0.0006435611232
2.7200000000000 -0.0006435611223
2.7400000000000 -0.0006466027149
2.7600000000000 -0.0006495994834
2.7600000000000 -0.0006495994834
2.7800000000000 -0.0006525521851
2.8000000000000 -0.0006554615603
2.8000000000000 -0.0006554615603
2.8000000000000 -0.0006554615603
2.8200000000000 -0.0006583283332
2.8400000000000 -0.0006611532119
2.8400000000000 -0.0006611532119
2.8600000000000 -0.0006639368890
2.8800000000000 -0.0006666800428
2.8800000000000 -0.0006666800421
2.8800000000000 -0.0006666800421
2.8800000000000 -0.0006666800428
2.8800000000000 -0.0006666800421
2.9000000000000 -0.0006693833342
2.9200000000000 -0.0006720474140
2.9200000000000 -0.0006720474140
2.9400000000000 -0.0006746729166
2.9600000000000 -0.0006772604634
2.9600000000000 -0.0006772604634
2.9600000000000 -0.0006772604634
2.9800000000000 -0.0006798106628
3.0000000000000 -0.0006823241105
3.0000000000000 -0.0006823241105
3.0200000000000 -0.0006848013899
3.0400000000000 -0.0006872430721
3.0400000000000 -0.0006872430722
3.0400000000000 -0.0006872430726
3.0400000000000 -0.0006872430721
3.0600000000000 -0.0006896497168
3.0800000000000 -0.0006920218720
3.0800000000000 -0.0006920218720
3.1000000000000 -0.0006943600746
3.1200000000000 -0.0006966648508
3.1200000000000 -0.0006966648509
3.1200000000000 -0.0006966648508
3.1400000000000 -0.0006989367161
3.1600000000000 -0.0007011761757
3.1600000000000 -0.0007011761757
3.1800000000000 -0.0007033837249
3.2000000000000 -0.0007055598489
3.2000000000000 -0.0007055598489
3.2000000000000 -0.0007055598493
3.2000000000000 -0.0007055598493
3.2000000000000 -0.0007055598489
3.2000000000000 -0.0007055598493
3.2200000000000 -0.0007077050237
3.2400000000000 -0.0007098197157
3.2400000000000 -0.0007098197157
3.2600000000000 -0.0007119043824
3.2800000000000 -0.0007139594725
3.2800000000000 -0.0007139594725
3.2800000000000 -0.0007139594725
3.3000000000000 -0.0007159854257
3.3200000000000 -0.0007179826735
3.3200000000000 -0.0007179826735
3.3400000000000 -0.0007199516392
3.3600000000000 -0.0007218927383
3.3600000000000 -0.0007218927380
3.3600000000000 -0.0007218927380
3.3600000000000 -0.0007218927380
3.3800000000000 -0.0007238063771
3.4000000000000 -0.0007256929561
3.4000000000000 -0.0007256929561
3.4200000000000 -0.0007275528671
3.4400000000000 -0.0007293864949
3.4400000000000 -0.0007293864949
3.4400000000000 -0.0007293864949
3.4600000000000 -0.0007311942171
3.4800000000000 -0.0007329764044
3.4800000000000 -0.0007329764044
3.5000000000000 -0.0007347334203
3.5200000000000 -0.0007364656223
3.5200000000000 -0.0007364656223
3.5200000000000 -0.0007364656221
3.5200000000000 -0.0007364656221
3.5200000000000 -0.0007364656221
3.5400000000000 -0.0007381733601
3.5600000000000 -0.0007398569786
3.5600000000000 -0.0007398569786
3.5800000000000 -0.0007415168154
3.6000000000000 -0.0007431532023
3.6000000000000 -0.0007431532023
3.6000000000000 -0.0007431532023
3.6200000000000 -0.0007447664651
3.6400000000000 -0.0007463569236
3.6400000000000 -0.0007463569236
3.6600000000000 -0.0007479248921
3.6800000000000 -0.0007494706793
3.6800000000000 -0.0007494706793
3.6800000000000 -0.0007494706795
3.6800000000000 -0.0007494706793
3.7000000000000 -0.0007509945883
3.7200000000000 -0.0007524969170
3.7200000000000 -0.0007524969170
3.7400000000000 -0.0007539779579
3.7600000000000 -0.0007554379985
3.7600000000000 -0.0007554379985
3.7600000000000 -0.0007554379985
3.7800000000000 -0.0007568773215
3.8000000000000 -0.0007582962042
3.8000000000000 -0.0007582962042
3.8200000000000 -0.0007596949197
3.8400000000000 -0.0007610737360
3.8400000000000 -0.0007610737361
3.8400000000000 -0.0007610738420
3.8400000000000 -0.0007610737361
3.8400000000000 -0.0007610738420
3.8400000000000 -0.0007610737360
3.8400000000000 -0.0007610737360
3.8600000000000 -0.0007624329167
3.8800000000000 -0.0007637727209
3.8800000000000 -0.0007637727209
3.9000000000000 -0.0007650934034
3.9200000000000 -0.0007663952145
3.9200000000000 -0.0007663952145
3.9200000000000 -0.0007663952145
3.9400000000000 -0.0007676784006
3.9600000000000 -0.0007689432037
3.9600000000000 -0.0007689432037
3.9800000000000 -0.0007701898621
4.0000000000000 -0.0007714186098
4.0000000000000 -0.0007714186098
4.0000000000000 -0.0007714186098
4.0000000000000 -0.0007714186099
4.0200000000000 -0.0007726296773
4.0400000000000 -0.0007738232912
4.0400000000000 -0.0007738232912
4.0600000000000 -0.0007749996743
4.0800000000000 -0.0007761590459
4.0800000000000 -0.0007761590459
4.0800000000000 -0.0007761590459
4.1000000000000 -0.0007773016217
4.1200000000000 -0.0007784276140
4.1200000000000 -0.0007784276140
4.1400000000000 -0.0007795372316
4.1600000000000 -0.0007806306802
4.1600000000000 -0.0007806306802
4.1600000000000 -0.0007806306802
4.1600000000000 -0.0007806306802
4.1600000000000 -0.0007806306802
4.1800000000000 -0.0007817081618
4.2000000000000 -0.0007827698757
4.2400000000000 -0.0007848467806
4.2400000000000 -0.0007848467806
4.2800000000000 -0.0007868629254
4.3200000000000 -0.0007888197936
4.3200000000000 -0.0007888197936
4.3200000000000 -0.0007888197936
4.3600000000000 -0.0007907188224
4.4000000000000 -0.0007925614054
4.4000000000000 -0.0007925614054
4.4400000000000 -0.0007943488936
4.4800000000000 -0.0007960825971
4.4800000000000 -0.0007960825972
4.4800000000000 -0.0007960825971
4.4800000000000 -0.0007960825972
4.4800000000000 -0.0007960825972
4.5200000000000 -0.0007977637866
4.5600000000000 -0.0007993936947
4.5600000000000 -0.0007993936947
4.6000000000000 -0.0008009735174
4.6400000000000 -0.0008025044153
4.6400000000000 -0.0008025044153
4.6400000000000 -0.0008025044153
4.6800000000000 -0.0008039875150
4.7200000000000 -0.0008054239100
4.7200000000000 -0.0008054239100
4.7600000000000 -0.0008068146625
4.8000000000000 -0.0008081608037
4.8000000000000 -0.0008081608037
4.8000000000000 -0.0008081608037
4.8000000000000 -0.0008081608037
4.8400000000000 -0.0008094633356
4.8800000000000 -0.0008107232316
4.8800000000000 -0.0008107232316
4.9200000000000 -0.0008119414378
4.9600000000000 -0.0008131188738
4.9600000000000 -0.0008131188737
4.9600000000000 -0.0008131188737
5.0000000000000 -0.0008142564336
5.0400000000000 -0.0008153549869
5.0400000000000 -0.0008153549869
5.0800000000000 -0.0008164153793
5.1200000000000 -0.0008174384337
5.1200000000000 -0.0008174384337
5.1200000000000 -0.0008174384337
5.1200000000000 -0.0008174384337
5.1200000000000 -0.0008174384337
5.1200000000000 -0.0008174384337
5.1200000000000 -0.0008174384337
5.1600000000000 -0.0008184249508
5.2000000000000 -0.0008193757099
5.2000000000000 -0.0008193757099
5.2400000000000 -0.0008202914697
5.2800000000000 -0.0008211729687
5.2800000000000 -0.0008211729687
5.2800000000000 -0.0008211729687
5.3200000000000 -0.0008220209261
5.3600000000000 -0.0008228360425
5.3600000000000 -0.0008228360425
5.4000000000000 -0.0008236190001
5.4400000000000 -0.0008243704636
5.4400000000000 -0.0008243704636
5.4400000000000 -0.0008243704636
5.4400000000000 -0.0008243704636
5.4800000000000 -0.0008250910803
5.5200000000000 -0.0008257814812
5.5200000000000 -0.0008257814812
5.5600000000000 -0.0008264422809
5.6000000000000 -0.0008270740785
5.6000000000000 -0.0008270740785
5.6000000000000 -0.0008270740785
5.6400000000000 -0.0008276774578
5.6800000000000 -0.0008282529878
5.6800000000000 -0.0008282529878
5.7200000000000 -0.0008288012233
5.7600000000000 -0.0008293227051
5.7600000000000 -0.0008293227051
5.7600000000000 -0.0008293227051
5.7600000000000 -0.0008293227051
5.7600000000000 -0.0008293227051
5.8000000000000 -0.0008298179608
5.8400000000000 -0.0008302875047
5.8400000000000 -0.0008302875047
5.8800000000000 -0.0008307318387
5.9200000000000 -0.0008311514525
5.9200000000000 -0.0008311514525
5.9200000000000 -0.0008311514525
5.9600000000000 -0.0008315468238
6.0000000000000 -0.0008319184192
6.0000000000000 -0.0008319184192
6.0400000000000 -0.0008322666945
6.0800000000000 -0.0008325920941
6.0800000000000 -0.0008325920941
6.0800000000000 -0.0008325920941
6.0800000000000 -0.0008325920941
6.1200000000000 -0.0008328950523
6.1600000000000 -0.0008331759934
6.1600000000000 -0.0008331759934
6.2000000000000 -0.0008334353321
6.2400000000000 -0.0008336734738
6.2400000000000 -0.0008336734738
6.2400000000000 -0.0008336734738
6.2800000000000 -0.0008338908147
6.3200000000000 -0.0008340877421
6.3200000000000 -0.0008340877421
6.3600000000000 -0.0008342646348
6.4000000000000 -0.0008344218633
6.4000000000000 -0.0008344218633
6.4000000000000 -0.0008344218633
6.4000000000000 -0.0008344218633
6.4000000000000 -0.0008344218633
6.4800000000000 -0.0008346787695
6.5600000000000 -0.0008348612661
6.5600000000000 -0.0008348612661
6.6400000000000 -0.0008349720384
6.7200000000000 -0.0008350136574
6.7200000000000 -0.0008350136574
6.7200000000000 -0.0008350136574
6.8000000000000 -0.0008349885852
6.8800000000000 -0.0008348991796
6.8800000000000 -0.0008348991796
6.9600000000000 -0.0008347476992
7.0400000000000 -0.0008345363079
7.0400000000000 -0.0008345363079
7.0400000000000 -0.0008345363079
7.0400000000000 -0.0008345363079
7.1200000000000 -0.0008342670797
7.2000000000000 -0.0008339420025
7.2000000000000 -0.0008339420025
7.2800000000000 -0.0008335629824
7.3600000000000 -0.0008331318471
7.3600000000000 -0.0008331318471
7.3600000000000 -0.0008331318471
7.4400000000000 -0.0008326503497
7.5200000000000 -0.0008321201714
7.5200000000000 -0.0008321201714
7.6000000000000 -0.0008315429249
7.6800000000000 -0.0008309201565
7.6800000000000 -0.0008309201565
7.6800000000000 -0.0008309201565
7.6800000000000 -0.0008309201565
7.6800000000000 -0.0008309201565
7.6800000000000 -0.0008309201565
7.7600000000000 -0.0008302533492
7.8400000000000 -0.0008295439250
7.8400000000000 -0.0008295439250
7.9200000000000 -0.0008287932472
8.0000000000000 -0.0008280026236
8.0000000000000 -0.0008280026236
8.0000000000000 -0.0008280026236
8.0800000000000 -0.0008271733083
8.1600000000000 -0.0008263065048
8.1600000000000 -0.0008263065048
8.2400000000000 -0.0008254033684
8.3200000000000 -0.0008244650093
8.3200000000000 -0.0008244650093
8.3200000000000 -0.0008244650093
8.3200000000000 -0.0008244650093
8.4000000000000 -0.0008234924956
8.4800000000000 -0.0008224868555
8.4800000000000 -0.0008224868555
8.5600000000000 -0.0008214490804
8.6400000000000 -0.0008203801267
8.6400000000000 -0.0008203801267
8.6400000000000 -0.0008203801267
8.7200000000000 -0.0008192809179
8.8000000000000 -0.0008181523457
8.8000000000000 -0.0008181523457
8.8800000000000 -0.0008169952719
8.9600000000000 -0.0008158105292
8.9600000000000 -0.0008158105292
8.9600000000000 -0.0008158105292
8.9600000000000 -0.0008158105292
8.9600000000000 -0.0008158105292
9.0400000000000 -0.0008145989225
9.1200000000000 -0.0008133612306
9.1200000000000 -0.0008133612306
9.2000000000000 -0.0008120982062
9.2800000000000 -0.0008108105775
9.2800000000000 -0.0008108105775
9.2800000000000 -0.0008108105775
9.3600000000000 -0.0008094990484
9.4400000000000 -0.0008081642995
9.4400000000000 -0.0008081642995
9.5200000000000 -0.0008068069884
9.6000000000000 -0.0008054277507
9.6000000000000 -0.0008054277507
9.6000000000000 -0.0008054277507
9.6000000000000 -0.0008054277507
9.6800000000000 -0.0008040272001
9.7600000000000 -0.0008026059295
9.7600000000000 -0.0008026059295
9.8400000000000 -0.0008011645116
9.9200000000000 -0.0007997034994
9.9200000000000 -0.0007997034994
9.9200000000000 -0.0007997034994
10.0000000000000 -0.0007982234268
10.0800000000000 -0.0007967248091
10.0800000000000 -0.0007967248091
10.1600000000000 -0.0007952081460
10.2400000000000 -0.0007936739147
10.2400000000000 -0.0007936739141
10.2400000000000 -0.0007936739141
10.2400000000000 -0.0007936739141
10.2400000000000 -0.0007936739147
10.2400000000000 -0.0007936739147
10.3200000000000 -0.0007921225724
10.4000000000000 -0.0007905545638
10.4000000000000 -0.0007905545638
10.4800000000000 -0.0007889703144
10.5600000000000 -0.0007873702338
10.5600000000000 -0.0007873702338
10.5600000000000 -0.0007873702338
10.6400000000000 -0.0007857547168
10.7200000000000 -0.0007841241442
10.7200000000000 -0.0007841241442
10.8000000000000 -0.0007824788837
10.8800000000000 -0.0007808192908
10.8800000000000 -0.0007808192908
10.8800000000000 -0.0007808192908
11.0400000000000 -0.0007774584777
11.2000000000000 -0.0007740443509
11.2000000000000 -0.0007740443509
11.3600000000000 -0.0007705794341
11.5200000000000 -0.0007670661589
11.5200000000000 -0.0007670661589
11.5200000000000 -0.0007670661589
11.5200000000000 -0.0007670661589
11.6800000000000 -0.0007635068821
11.8400000000000 -0.0007599038863
11.8400000000000 -0.0007599038863
12.0000000000000 -0.0007562593683
12.1600000000000 -0.0007525754225
12.1600000000000 -0.0007525754225
12.1600000000000 -0.0007525754225
12.3200000000000 -0.0007488540264
12.4800000000000 -0.0007450970346
12.4800000000000 -0.0007450970346
12.6400000000000 -0.0007413061824
12.8000000000000 -0.0007374830971
12.8000000000000 -0.0007374830971
12.8000000000000 -0.0007374830971
12.8000000000000 -0.0007374830971
12.8000000000000 -0.0007374830971
12.9600000000000 -0.0007336293095
13.1200000000000 -0.0007297462593
13.1200000000000 -0.0007297462593
13.2800000000000 -0.0007258352914
13.4400000000000 -0.0007218976436
13.4400000000000 -0.0007218976436
13.4400000000000 -0.0007218976436
13.6000000000000 -0.0007179344335
13.7600000000000 -0.0007139466552
13.7600000000000 -0.0007139466552
13.9200000000000 -0.0007099351921
14.0800000000000 -0.0007059008462
14.0800000000000 -0.0007059008462
14.0800000000000 -0.0007059008462
14.0800000000000 -0.0007059008462
14.2400000000000 -0.0007018443973
14.4000000000000 -0.0006977665857
14.4000000000000 -0.0006977665857
14.5600000000000 -0.0006936681466
14.7200000000000 -0.0006895498985
14.7200000000000 -0.0006895498985
14.7200000000000 -0.0006895498985
14.8800000000000 -0.0006854126604
15.0400000000000 -0.0006812572759
15.0400000000000 -0.0006812572759
15.2000000000000 -0.0006770845749
15.3600000000000 -0.0006728953277
15.3600000000000 -0.0006728953277
15.3600000000000 -0.0006728953277
15.3600000000000 -0.0006728953277
15.3600000000000 -0.0006728953277
15.5200000000000 -0.0006686902695
15.6800000000000 -0.0006644700626
16.0000000000000 -0.0006559866349
16.0000000000000 -0.0006559866349
16.3200000000000 -0.0006474495100
16.6400000000000 -0.0006388625335
16.6400000000000 -0.0006388625335
16.6400000000000 -0.0006388625302
16.9600000000000 -0.0006302287585
17.2800000000000 -0.0006215505259
17.2800000000000 -0.0006215505259
17.6000000000000 -0.0006128300536
17.9200000000000 -0.0006040699838
17.9200000000000 -0.0006040699838
17.9200000000000 -0.0006040699838
17.9200000000000 -0.0006040699838
18.2400000000000 -0.0005952733834
18.5600000000000 -0.0005864433219
18.5600000000000 -0.0005864433219
18.8800000000000 -0.0005775824267
19.2000000000000 -0.0005686926834
19.2000000000000 -0.0005686926834
19.2000000000000 -0.0005686926834
19.5200000000000 -0.0005597754789
19.8400000000000 -0.0005508316960
19.8400000000000 -0.0005508316960
20.1600000000000 -0.0005418619771
20.4800000000000 -0.0005328665599
20.4800000000000 -0.0005328665599
20.4800000000000 -0.0005328665599
20.4800000000000 -0.0005328665599
20.8000000000000 -0.0005238457282
21.1200000000000 -0.0005148012139
21.1200000000000 -0.0005148012139
21.4400000000000 -0.0005057347922
21.7600000000000 -0.0004966484080
21.7600000000000 -0.0004966484080
21.7600000000000 -0.0004966484080
22.0800000000000 -0.0004875438581
22.4000000000000 -0.0004784216264
22.4000000000000 -0.0004784216264
22.7200000000000 -0.0004692819267
23.0400000000000 -0.0004601243622
23.0400000000000 -0.0004601243154
23.0400000000000 -0.0004601243622
23.6800000000000 -0.0004417540791
24.3200000000000 -0.0004233111631
24.3200000000000 -0.0004233111631
24.9600000000000 -0.0004048028669
25.6000000000000 -0.0003862391702
25.6000000000000 -0.0003862391702
25.6000000000000 -0.0003862391702
26.2400000000000 -0.0003676238515
26.8800000000000 -0.0003489532849
26.8800000000000 -0.0003489532849
27.5200000000000 -0.0003302258957
28.1600000000000 -0.0003114478440
28.1600000000000 -0.0003114478440
28.1600000000000 -0.0003114478440
28.8000000000000 -0.0002926271430
29.4400000000000 -0.0002737655630
29.4400000000000 -0.0002737655630
30.0800000000000 -0.0002548597914
30.7200000000000 -0.0002359098060
30.7200000000000 -0.0002359098060
30.7200000000000 -0.0002359098060
31.3600000000000 -0.0002169219847
32.0000000000000 -0.0001979033209
32.0000000000000 -0.0001979033209
32.6400000000000 -0.0001788578554
33.2800000000000 -0.0001597857862
33.2800000000000 -0.0001597857862
33.2800000000000 -0.0001597857862
33.9200000000000 -0.0001406866452
34.5600000000000 -0.0001215692606
34.5600000000000 -0.0001215692606
35.2000000000000 -0.0001024427340
35.8400000000000 -0.0000833082990
35.8400000000000 -0.0000833082990
35.8400000000000 -0.0000833082990
36.4800000000000 -0.0000641677202
37.1200000000000 -0.0000450284136
37.1200000000000 -0.0000450284136
37.7600000000000 -0.0000258980565
38.4000000000000 -0.0000067836651
38.4000000000000 -0.0000067836651
39.6800000000000 0.0000313682456
40.9600000000000 0.0000693719298
40.9600000000000 0.0000693719298
42.2400000000000 0.0001071525742
43.5200000000000 0.0001446388957
43.5200000000000 0.0001446388957
44.8000000000000 0.0001817464122
46.0800000000000 0.0002183785741
46.0800000000000 0.0002183785741
47.3600000000000 0.0002544357986
48.6400000000000 0.0002898076866
48.6400000000000 0.0002898076866
49.9200000000000 0.0003243757517
51.2000000000000 0.0003580139036
51.2000000000000 0.0003580139036
52.4800000000000 0.0003905827130
53.7600000000000 0.0004219342484
53.7600000000000 0.0004219342484
55.0400000000000 0.0004519181689
56.3200000000000 0.0004803768139
56.3200000000000 0.0004803768139
57.6000000000000 0.0005071426427
58.8800000000000 0.0005320449344
58.8800000000000 0.0005320449344
60.1600000000000 0.0005549134157
61.4400000000000 0.0005755772310
61.4400000000000 0.0005755772310
62.7200000000000 0.0005938649604
64.0000000000000 0.0006096065311
64.0000000000000 0.0006096065311
65.2800000000000 0.0006226380440
66.5600000000000 0.0006328050974
66.5600000000000 0.0006328050974
67.8400000000000 0.0006399616725
69.1200000000000 0.0006439703027
69.1200000000000 0.0006439703027
70.4000000000000 0.0006447061067
71.6800000000000 0.0006420615260
71.6800000000000 0.0006420615260
72.9600000000000 0.0006359480778
74.2400000000000 0.0006262961512
74.2400000000000 0.0006262961512
75.5200000000000 0.0006130587453
76.8000000000000 0.0005962183579
76.8000000000000 0.0005962183579
78.0800000000000 0.0005757906365
79.3600000000000 0.0005518258367
79.3600000000000 0.0005518258367
80.6400000000000 0.0005244124758
81.9200000000000 0.0004936821224
81.9200000000000 0.0004936821224
83.2000000000000 0.0004598131733
84.4800000000000 0.0004230330417
84.4800000000000 0.0004230330417
85.7600000000000 0.0003836184350
87.0400000000000 0.0003418952172
87.0400000000000 0.0003418952172
88.3200000000000 0.0002982381592
89.6000000000000 0.0002530685339
89.6000000000000 0.0002530685339
90.8800000000000 0.0002068503894
92.1600000000000 0.0001600861578
92.1600000000000 0.0001600861578
93.4400000000000 0.0001133093973
94.7200000000000 0.0000670763613
94.7200000000000 0.0000670763613
96.0000000000000 0.0000219590793
97.2800000000000 -0.0000214624949
97.2800000000000 -0.0000214624949
98.5600000000000 -0.0000626103285
99.8400000000000 -0.0001009186915
99.8400000000000 -0.0001009186915
101.1200000000000 -0.0001358459723
102.4000000000000 -0.0001668867128
102.4000000000000 -0.0001668867128
103.6800000000000 -0.0001935813742
104.9600000000000 -0.0002155277718
104.9600000000000 -0.0002155277718
106.2400000000000 -0.0002323981033
107.5200000000000 -0.0002439569543
107.5200000000000 -0.0002439569543
108.8000000000000 -0.0002500747507
110.0800000000000 -0.0002507377606
110.0800000000000 -0.0002507377606
111.3600000000000 -0.0002460584214
112.6400000000000 -0.0002362867867
112.6400000000000 -0.0002362867867
113.9200000000000 -0.0002218186745
115.2000000000000 -0.0002031939040
115.2000000000000 -0.0002031939040
116.4800000000000 -0.0001810834568
117.7600000000000 -0.0001562708372
117.7600000000000 -0.0001562708372
119.0400000000000 -0.0001296306808
120.3200000000000 -0.0001021005856
120.3200000000000 -0.0001021005856
121.6000000000000 -0.0000746408893
122.8800000000000 -0.0000481845788
122.8800000000000 -0.0000481845788
124.1600000000000 -0.0000235877484
125.4400000000000 -0.0000015889855
125.4400000000000 -0.0000015889855
126.7200000000000 0.0000172239051
128.0000000000000 0.0000324437213
128.0000000000000 0.0000324437213
129.2800000000000 0.0000438651481
130.5600000000000 0.0000515034291
130.5600000000000 0.0000515034291
131.8400000000000 0.0000555419939
133.1200000000000 0.0000563693997
133.1200000000000 0.0000563693997
134.4000000000000 0.0000544873917
135.6800000000000 0.0000504898137
135.6800000000000 0.0000504898137
136.9600000000000 0.0000450078175
138.2400000000000 0.0000386438174
138.2400000000000 0.0000386438174
139.5200000000000 0.0000319644407
140.8000000000000 0.0000254134221
143.3600000000000 0.0000140056205
145.9200000000000 0.0000058628541
148.4800000000000 0.0000009960087
151.0400000000000 -0.0000013692475
153.6000000000000 -0.0000021839393
156.1600000000000 -0.0000022016497
158.7200000000000 -0.0000018858542
161.2800000000000 -0.0000014796746
163.8400000000000 -0.0000010908625
166.4000000000000 -0.0000007543566
168.9600000000000 -0.0000004709592
171.5200000000000 -0.0000002256444
174.0800000000000 -0.0000000088599
176.6400000000000 0.0000001745923
179.2000000000000 0.0000003194903
181.7600000000000 0.0000004279488
184.3200000000000 0.0000004961899
186.8800000000000 0.0000005046951
189.4400000000000 0.0000004336159
192.0000000000000 0.0000002858148
194.5600000000000 0.0000000912294
197.1200000000000 -0.0000001100944
199.6800000000000 -0.0000002840639
202.2400000000000 -0.0000004079523
204.8000000000000 -0.0000004720796
207.3600000000000 -0.0000004769919
209.9200000000000 -0.0000004346907
212.4800000000000 -0.0000003685784
215.0400000000000 -0.0000003016638
217.6000000000000 -0.0000002455186
220.1600000000000 -0.0000001897269
222.7200000000000 -0.0000001082073
225.2800000000000 0.0000000096612
227.8400000000000 0.0000001532413
230.4000000000000 0.0000003036594
232.9600000000000 0.0000004281339
235.5200000000000 0.0000004912630
238.0800000000000 0.0000004756317
240.6400000000000 0.0000003763327
243.2000000000000 0.0000002113481
245.7600000000000 0.0000000282756
248.3200000000000 -0.0000001443164
250.8800000000000 -0.0000003062977
253.4400000000000 -0.0000004198559
256.0000000000000 -0.0000004197243
258.5600000000000 -0.0000003071558
261.1200000000000 -0.0000001461362
263.6800000000000 0.0000000271961
266.2400000000000 0.0000002023872
268.8000000000000 0.0000003201017
271.3600000000000 0.0000002954284
273.9200000000000 0.0000001281283
276.4800000000000 -0.0000000693783
279.0400000000000 -0.0000001729237
281.6000000000000 -0.0000001505422
284.1600000000000 -0.0000000633396
286.7200000000000 0.0000000099431
289.2800000000000 0.0000000349720
291.8400000000000 0.0000000250870
294.4000000000000 0.0000000081769
296.9600000000000 -0.0000000001071
299.5200000000000 0.0000000004490
302.0800000000000 0.0000000041961
304.6400000000000 0.0000000071979
307.2000000000000 0.0000000086319
309.7600000000000 0.0000000090720
312.3200000000000 0.0000000089777
314.8800000000000 0.0000000083930
317.4400000000000 0.0000000072577
