# z lapse
-317.4400000000000 0.9947920132143
-314.8800000000000 0.9947498148930
-312.3200000000000 0.9947069259573
-309.7600000000000 0.9946633286401
-307.2000000000000 0.9946190051604
-304.6400000000000 0.9945739374900
-302.0800000000000 0.9945281064865
-299.5200000000000 0.9944814926657
-296.9600000000000 0.9944340767162
-294.4000000000000 0.9943858383326
-291.8400000000000 0.9943367558749
-289.2800000000000 0.9942868068079
-286.7200000000000 0.9942359673695
-284.1600000000000 0.9941842130239
-281.6000000000000 0.9941315188390
-279.0400000000000 0.9940778591843
-276.4800000000000 0.9940232079514
-273.9200000000000 0.9939675383719
-271.3600000000000 0.9939108220758
-268.8000000000000 0.9938530282549
-266.2400000000000 0.9937941246688
-263.6800000000000 0.9937340789791
-261.1200000000000 0.9936728581726
-258.5600000000000 0.9936104283987
-256.0000000000000 0.9935467547611
-253.4400000000000 0.9934817990864
-250.8800000000000 0.9934155203901
-248.3200000000000 0.9933478774323
-245.7600000000000 0.9932788288194
-243.2000000000000 0.9932083318171
-240.6400000000000 0.9931363406404
-238.0800000000000 0.9930628055748
-235.5200000000000 0.9929876750669
-232.9600000000000 0.9929108980868
-230.4000000000000 0.9928324218181
-227.8400000000000 0.9927521882678
-225.2800000000000 0.9926701359488
-222.7200000000000 0.9925862028475
-220.1600000000000 0.9925003253915
-217.6000000000000 0.9924124351200
-215.0400000000000 0.9923224581364
-212.4800000000000 0.9922303198274
-209.9200000000000 0.9921359437012
-207.3600000000000 0.9920392460550
-204.8000000000000 0.9919401391981
-202.2400000000000 0.9918385332282
-199.6800000000000 0.9917343327348
-197.1200000000000 0.9916274362896
-194.5600000000000 0.9915177385135
-192.0000000000000 0.9914051286445
-189.4400000000000 0.9912894881216
-186.8800000000000 0.9911706930197
-184.3200000000000 0.9910486136223
-181.7600000000000 0.9909231108346
-179.2000000000000 0.9907940383025
-176.6400000000000 0.9906612427289
-174.0800000000000 0.9905245603081
-171.5200000000000 0.9903838180230
-168.9600000000000 0.9902388324795
-166.4000000000000 0.9900894081287
-163.8400000000000 0.9899353381872
-161.2800000000000 0.9897764019876
-158.7200000000000 0.9896123656920
-156.1600000000000 0.9894429798212
-153.6000000000000 0.9892679779641
-151.0400000000000 0.9890870760869
-148.4800000000000 0.9888999700030
-145.9200000000000 0.9887063352270
-143.3600000000000 0.9885058241784
-140.8000000000000 0.9882980648460
-139.5200000000000 0.9881913430269
-138.2400000000000 0.9880826566865
-138.2400000000000 0.9880826566865
-136.9600000000000 0.9879719511001
-135.6800000000000 0.9878591694302
-135.6800000000000 0.9878591694302
-134.4000000000000 0.9877442526900
-133.1200000000000 0.9876271398471
-133.1200000000000 0.9876271398471
-131.8400000000000 0.9875077674904
-130.5600000000000 0.9873860696352
-130.5600000000000 0.9873860696352
-129.2800000000000 0.9872619776614
-128.0000000000000 0.9871354201873
-128.0000000000000 0.9871354201873
-126.7200000000000 0.9870063229230
-125.4400000000000 0.9868746085230
-125.4400000000000 0.9868746085230
-124.1600000000000 0.9867401964485
-122.8800000000000 0.9866030029654
-122.8800000000000 0.9866030029654
-121.6000000000000 0.9864629409225
-120.3200000000000 0.9863199194166
-120.3200000000000 0.9863199194166
-119.0400000000000 0.9861738435606
-117.7600000000000 0.9860246142895
-117.7600000000000 0.9860246142895
-116.4800000000000 0.9858721283708
-115.2000000000000 0.9857162780252
-115.2000000000000 0.9857162780252
-113.9200000000000 0.9855569502843
-112.6400000000000 0.9853940270342
-112.6400000000000 0.9853940270342
-111.3600000000000 0.9852273840047
-110.0800000000000 0.9850568877816
-110.0800000000000 0.9850568877816
-108.8000000000000 0.9848823925650
-107.5200000000000 0.9847037369400
-107.5200000000000 0.9847037369400
-106.2400000000000 0.9845207411360
-104.9600000000000 0.9843332074562
-104.9600000000000 0.9843332074562
-103.6800000000000 0.9841409283156
-102.4000000000000 0.9839437064275
-102.4000000000000 0.9839437064275
-101.1200000000000 0.9837413806186
-99.8400000000000 0.9835338350796
-99.8400000000000 0.9835338350796
-98.5600000000000 0.9833209725615
-97.2800000000000 0.9831026587720
-97.2800000000000 0.9831026587720
-96.0000000000000 0.9828786851754
-94.7200000000000 0.9826488178888
-94.7200000000000 0.9826488178888
-93.4400000000000 0.9824129280436
-92.1600000000000 0.9821710319082
-92.1600000000000 0.9821710319082
-90.8800000000000 0.9819230498932
-89.6000000000000 0.9816684581511
-89.6000000000000 0.9816684581511
-88.3200000000000 0.9814063643239
-87.0400000000000 0.9811361177398
-87.0400000000000 0.9811361177398
-85.7600000000000 0.9808576679128
-84.4800000000000 0.9805710529065
-84.4800000000000 0.9805710529065
-83.2000000000000 0.9802757754123
-81.9200000000000 0.9799710922050
-81.9200000000000 0.9799710922050
-80.6400000000000 0.9796566238093
-79.3600000000000 0.9793321445677
-79.3600000000000 0.9793321445677
-78.0800000000000 0.9789971029376
-76.8000000000000 0.9786508640372
-76.8000000000000 0.9786508640372
-75.5200000000000 0.9782929962951
-74.2400000000000 0.9779229639462
-74.2400000000000 0.9779229639462
-72.9600000000000 0.9775400423172
-71.6800000000000 0.9771435891199
-71.6800000000000 0.9771435891199
-70.4000000000000 0.9767329380334
-69.1200000000000 0.9763072607825
-69.1200000000000 0.9763072607825
-67.8400000000000 0.9758657250663
-66.5600000000000 0.9754074513106
-66.5600000000000 0.9754074513106
-65.2800000000000 0.9749314470974
-64.0000000000000 0.9744367003600
-64.0000000000000 0.9744367003600
-62.7200000000000 0.9739220794159
-61.4400000000000 0.9733863068137
-61.4400000000000 0.9733863068137
-60.1600000000000 0.9728280779857
-58.8800000000000 0.9722459824693
-58.8800000000000 0.9722459824693
-57.6000000000000 0.9716384281821
-56.3200000000000 0.9710036682290
-56.3200000000000 0.9710036682290
-55.0400000000000 0.9703398402637
-53.7600000000000 0.9696449440561
-53.7600000000000 0.9696449440561
-52.4800000000000 0.9689167175726
-51.2000000000000 0.9681526676297
-51.2000000000000 0.9681526676297
-49.9200000000000 0.9673501151428
-48.6400000000000 0.9665060770925
-48.6400000000000 0.9665060770925
-47.3600000000000 0.9656172125242
-46.0800000000000 0.9646798480351
-46.0800000000000 0.9646798480351
-44.8000000000000 0.9636899408657
-43.5200000000000 0.9626429279782
-43.5200000000000 0.9626429279782
-42.2400000000000 0.9615336840030
-40.9600000000000 0.9603565312710
-40.9600000000000 0.9603565312710
-39.6800000000000 0.9591050467767
-38.4000000000000 0.9577719220140
-38.4000000000000 0.9577719220140
-37.7600000000000 0.9570722149441
-37.1200000000000 0.9563489225617
-37.1200000000000 0.9563489225617
-36.4800000000000 0.9556008300009
-35.8400000000000 0.9548266389913
-35.8400000000000 0.9548266389913
-35.8400000000000 0.9548266389913
-35.2000000000000 0.9540249567080
-34.5600000000000 0.9531942965753
-34.5600000000000 0.9531942965753
-33.9200000000000 0.9523330593330
-33.2800000000000 0.9514395238959
-33.2800000000000 0.9514395238959
-33.2800000000000 0.9514395238959
-32.6400000000000 0.9505118342783
-32.0000000000000 0.9495479925547
-32.0000000000000 0.9495479925547
-31.3600000000000 0.9485458390028
-30.7200000000000 0.9475030465082
-30.7200000000000 0.9475030465082
-30.7200000000000 0.9475030465082
-30.0800000000000 0.9464171018336
-29.4400000000000 0.9452852559266
-29.4400000000000 0.9452852559266
-28.8000000000000 0.9441045359703
-28.1600000000000 0.9428717094237
-28.1600000000000 0.9428717094237
-28.1600000000000 0.9428717094237
-27.5200000000000 0.9415832268129
-26.8800000000000 0.9402352557956
-26.8800000000000 0.9402352557956
-26.2400000000000 0.9388235888371
-25.6000000000000 0.9373435610225
-25.6000000000000 0.9373435610225
-25.6000000000000 0.9373435610225
-24.9600000000000 0.9357900911019
-24.3200000000000 0.9341576115309
-24.3200000000000 0.9341576115309
-23.6800000000000 0.9324399165177
-23.0400000000000 0.9306301001693
-23.0400000000000 0.9306301001693
-23.0400000000000 0.9306301001693
-22.7200000000000 0.9296883025935
-22.4000000000000 0.9287205651345
-22.4000000000000 0.9287205651345
-22.0800000000000 0.9277258065746
-21.7600000000000 0.9267028783959
-21.7600000000000 0.9267028783959
-21.7600000000000 0.9267028783959
-21.4400000000000 0.9256505634065
-21.1200000000000 0.9245675688739
-21.1200000000000 0.9245675688739
-20.8000000000000 0.9234525242207
-20.4800000000000 0.9223039766872
-20.4800000000000 0.9223039766872
-20.4800000000000 0.9223039766872
-20.4800000000000 0.9223039766872
-20.1600000000000 0.9211203857382
-19.8400000000000 0.9199001288778
-19.8400000000000 0.9199001288778
-19.5200000000000 0.9186414835332
-19.2000000000000 0.9173426175928
-19.2000000000000 0.9173426175928
-19.2000000000000 0.9173426175928
-18.8800000000000 0.9160015850938
-18.5600000000000 0.9146163135731
-18.5600000000000 0.9146163135731
-18.2400000000000 0.9131845842076
-17.9200000000000 0.9117040141089
-17.9200000000000 0.9117040141089
-17.9200000000000 0.9117040141089
-17.9200000000000 0.9117040141089
-17.6000000000000 0.9101720381098
-17.2800000000000 0.9085858966208
-17.2800000000000 0.9085858966208
-16.9600000000000 0.9069426273862
-16.6400000000000 0.9052390555303
-16.6400000000000 0.9052390555303
-16.6400000000000 0.9052390555303
-16.3200000000000 0.9034717910425
-16.0000000000000 0.9016372137597
-16.0000000000000 0.9016372137597
-15.6800000000000 0.8997314380328
-15.5200000000000 0.8987505557796
-15.3600000000000 0.8977502802026
-15.3600000000000 0.8977502802026
-15.3600000000000 0.8977502802026
-15.3600000000000 0.8977502802026
-15.3600000000000 0.8977502802026
-15.2000000000000 0.8967300355310
-15.0400000000000 0.8956892219320
-15.0400000000000 0.8956892219320
-14.8800000000000 0.8946272133618
-14.7200000000000 0.8935433544776
-14.7200000000000 0.8935433544776
-14.7200000000000 0.8935433544776
-14.5600000000000 0.8924369606746
-14.4000000000000 0.8913073157438
-14.4000000000000 0.8913073157438
-14.2400000000000 0.8901536714520
-14.0800000000000 0.8889752479165
-14.0800000000000 0.8889752479165
-14.0800000000000 0.8889752479165
-14.0800000000000 0.8889752479165
-13.9200000000000 0.8877712304595
-13.7600000000000 0.8865407683699
-13.7600000000000 0.8865407683699
-13.6000000000000 0.8852829730751
-13.4400000000000 0.8839969160162
-13.4400000000000 0.8839969160162
-13.4400000000000 0.8839969160162
-13.2800000000000 0.8826816270554
-13.1200000000000 0.8813360932219
-13.1200000000000 0.8813360932219
-12.9600000000000 0.8799592572611
-12.8000000000000 0.8785500153093
-12.8000000000000 0.8785500153093
-12.8000000000000 0.8785500153093
-12.8000000000000 0.8785500153093
-12.8000000000000 0.8785500153093
-12.6400000000000 0.8771072133619
-12.4800000000000 0.8756296428500
-12.4800000000000 0.8756296428500
-12.3200000000000 0.8741160360505
-12.1600000000000 0.8725650618930
-12.1600000000000 0.8725650618930
-12.1600000000000 0.8725650618930
-12.0000000000000 0.8709753221942
-11.8400000000000 0.8693453478700
-11.8400000000000 0.8693453478700
-11.6800000000000 0.8676735944520
-11.5200000000000 0.8659584365002
-11.5200000000000 0.8659584365002
-11.5200000000000 0.8659584365002
-11.5200000000000 0.8659584365002
-11.3600000000000 0.8641981611755
-11.2000000000000 0.8623909616268
-11.2000000000000 0.8623909616268
-11.0400000000000 0.8605349307124
-10.8800000000000 0.8586280551313
-10.8800000000000 0.8586280551313
-10.8800000000000 0.8586280551313
-10.7200000000000 0.8566682093469
-10.5600000000000 0.8546531482800
-10.5600000000000 0.8546531482800
-10.4000000000000 0.8525804982859
-10.2400000000000 0.8504477469069
-10.2400000000000 0.8504477469069
-10.2400000000000 0.8504477469069
-10.2400000000000 0.8504477469069
-10.2400000000000 0.8504477469069
-10.0800000000000 0.8482522323561
-9.9200000000000 0.8459911332593
-9.9200000000000 0.8459911332593
-9.7600000000000 0.8436614580583
-9.6000000000000 0.8412600327888
-9.6000000000000 0.8412600327888
-9.6000000000000 0.8412600327888
-9.4400000000000 0.8387834865429
-9.2800000000000 0.8362282349634
-9.2800000000000 0.8362282349634
-9.1200000000000 0.8335904622335
-8.9600000000000 0.8308661013520
-8.9600000000000 0.8308661013520
-8.9600000000000 0.8308661013520
-8.9600000000000 0.8308661013520
-8.8000000000000 0.8280508123472
-8.6400000000000 0.8251399589883
-8.6400000000000 0.8251399589883
-8.4800000000000 0.8221285848095
-8.3200000000000 0.8190113874327
-8.3200000000000 0.8190113874327
-8.3200000000000 0.8190113874327
-8.1600000000000 0.8157826882891
-8.0000000000000 0.8124363959959
-8.0000000000000 0.8124363959959
-7.8400000000000 0.8089659647548
-7.6800000000000 0.8053643499834
-7.6800000000000 0.8053643499834
-7.6800000000000 0.8053643499834
-7.6800000000000 0.8053643499834
-7.6800000000000 0.8053643499834
-7.5200000000000 0.8016239609897
-7.3600000000000 0.7977366085137
-7.3600000000000 0.7977366085137
-7.2000000000000 0.7936934458023
-7.0400000000000 0.7894849029227
-7.0400000000000 0.7894849029227
-7.0400000000000 0.7894849029227
-6.8800000000000 0.7851006125468
-6.7200000000000 0.7805293239351
-6.7200000000000 0.7805293239351
-6.5600000000000 0.7757588039158
-6.4000000000000 0.7707757265012
-6.4000000000000 0.7707757265012
-6.4000000000000 0.7707757265012
-6.4000000000000 0.7707757265012
-6.2400000000000 0.7655655506426
-6.0800000000000 0.7601123805729
-6.0800000000000 0.7601123805729
-5.9200000000000 0.7543988038339
-5.7600000000000 0.7484057089419
-5.7600000000000 0.7484057089419
-5.7600000000000 0.7484057089419
-5.6000000000000 0.7421120864244
-5.4400000000000 0.7354948097116
-5.4400000000000 0.7354948097116
-5.2800000000000 0.7285284129104
-5.1200000000000 0.7211868329734
-5.1200000000000 0.7211851513006
-5.1200000000000 0.7211851513006
-5.1200000000000 0.7211851513006
-5.1200000000000 0.7211868329734
-4.9600000000000 0.7134373587764
-4.8000000000000 0.7052665246380
-4.8000000000000 0.7052665246380
-4.6400000000000 0.6966630358655
-4.4800000000000 0.6876184465867
-4.4800000000000 0.6876184465867
-4.4800000000000 0.6876184465867
-4.3200000000000 0.6781244052169
-4.1600000000000 0.6681743137783
-4.1600000000000 0.6681743137783
-4.0000000000000 0.6577632067302
-3.8400000000000 0.6468890094264
-3.8400000000000 0.6468890094264
-3.8400000000000 0.6468890094264
-3.8400000000000 0.6468890094264
-3.6800000000000 0.6355525213201
-3.5200000000000 0.6237587395752
-3.5200000000000 0.6237587395752
-3.3600000000000 0.6115173155250
-3.2000000000000 0.5988439108692
-3.2000000000000 0.5988439108692
-3.2000000000000 0.5988439108692
-3.0400000000000 0.5857609200484
-2.8800000000000 0.5722991512320
-2.8800000000000 0.5722991512320
-2.7200000000000 0.5584986225997
-2.5600000000000 0.5444108151943
-2.5600000000000 0.5444106893500
-2.5600000000000 0.5444108151943
-2.5600000000000 0.5444106893500
-2.5600000000000 0.5444108151943
-2.4000000000000 0.5300986310225
-2.2400000000000 0.5156401517117
-2.2400000000000 0.5156401517117
-2.0800000000000 0.5011271399289
-1.9200000000000 0.4866686998193
-1.9200000000000 0.4866686998193
-1.9200000000000 0.4866686998193
-1.7600000000000 0.4723893209344
-1.6000000000000 0.4584326113144
-1.6000000000000 0.4584326113144
-1.4400000000000 0.4449562000612
-1.2800000000000 0.4321365840344
-1.2800000000000 0.4321365840344
-1.2800000000000 0.4321365840344
-1.2800000000000 0.4321365840344
-1.1200000000000 0.4201585588871
-0.9600000000000 0.4092222294429
-0.9600000000000 0.4092222294429
-0.8000000000000 0.3995226954731
-0.6400000000000 0.3912614587263
-0.6400000000000 0.3912614587263
-0.6400000000000 0.3912614587263
-0.4800000000000 0.3846124754505
-0.3200000000000 0.3797434604313
-0.3200000000000 0.3797434604313
-0.1600000000000 0.3767634013825
0.0000000000000 0.3757638174848
0.0000000000000 0.3757638174848
0.0000000000000 0.3757638174848
0.0000000000000 0.3757638174848
0.0000000000000 0.3757638174848
0.1600000000000 0.3767634018185
0.3200000000000 0.3797434612925
0.3200000000000 0.3797434612925
0.4800000000000 0.3846124767235
0.6400000000000 0.3912614603836
0.6400000000000 0.3912614603836
0.6400000000000 0.3912614603836
0.8000000000000 0.3995226974807
0.9600000000000 0.4092222317566
0.9600000000000 0.4092222317566
1.1200000000000 0.4201585614619
1.2800000000000 0.4321365868303
1.2800000000000 0.4321365868303
1.2800000000000 0.4321365868303
1.2800000000000 0.4321365868303
1.4400000000000 0.4449562030397
1.6000000000000 0.4584326144329
1.6000000000000 0.4584326144329
1.7600000000000 0.4723893241533
1.9200000000000 0.4866687031040
1.9200000000000 0.4866687031040
1.9200000000000 0.4866687031040
2.0800000000000 0.5011271432492
2.2400000000000 0.5156401550395
2.2400000000000 0.5156401550395
2.4000000000000 0.5300986343358
2.5600000000000 0.5444106926304
2.5600000000000 0.5444106926304
2.5600000000000 0.5444106926304
2.5600000000000 0.5444106926304
2.5600000000000 0.5444106926304
2.7200000000000 0.5584986258316
2.8800000000000 0.5722991544008
2.8800000000000 0.5722991544008
3.0400000000000 0.5857609231425
3.2000000000000 0.5988439138801
3.2000000000000 0.5988439138801
3.2000000000000 0.5988439138801
3.3600000000000 0.6115173184464
3.5200000000000 0.6237587424035
3.5200000000000 0.6237587424035
3.6800000000000 0.6355525240525
3.8400000000000 0.6468890577165
3.8400000000000 0.6468890120620
3.8400000000000 0.6468890577165
3.8400000000000 0.6468890120620
4.0000000000000 0.6577632092687
4.1600000000000 0.6681743162207
4.1600000000000 0.6681743162207
4.3200000000000 0.6781244075636
4.4800000000000 0.6876184488396
4.4800000000000 0.6876184488396
4.4800000000000 0.6876184488396
4.6400000000000 0.6966630380254
4.8000000000000 0.7052665267065
4.8000000000000 0.7052665267065
4.9600000000000 0.7134373607529
5.1200000000000 0.7211851531851
5.1200000000000 0.7211851531851
5.1200000000000 0.7211851531851
5.1200000000000 0.7211851531851
5.1200000000000 0.7211851531851
5.2800000000000 0.7285284147074
5.4400000000000 0.7354948114269
5.4400000000000 0.7354948114269
5.6000000000000 0.7421120880638
5.7600000000000 0.7484057105105
5.7600000000000 0.7484057105105
5.7600000000000 0.7484057105105
5.9200000000000 0.7543988053366
6.0800000000000 0.7601123820140
6.0800000000000 0.7601123820140
6.2400000000000 0.7655655520262
6.4000000000000 0.7707757278310
6.4000000000000 0.7707757278310
6.4000000000000 0.7707757278310
6.4000000000000 0.7707757278310
6.5600000000000 0.7757588051952
6.7200000000000 0.7805293251673
6.7200000000000 0.7805293251673
6.8800000000000 0.7851006137346
7.0400000000000 0.7894849040686
7.0400000000000 0.7894849040686
7.0400000000000 0.7894849040686
7.2000000000000 0.7936934469087
7.3600000000000 0.7977366095826
7.3600000000000 0.7977366095826
7.5200000000000 0.8016239620232
7.6800000000000 0.8053643509835
7.6800000000000 0.8053643509835
7.6800000000000 0.8053643509835
7.6800000000000 0.8053643509835
7.6800000000000 0.8053643509835
7.8400000000000 0.8089659657232
8.0000000000000 0.8124363969342
8.0000000000000 0.8124363969342
8.1600000000000 0.8157826891987
8.3200000000000 0.8190113883150
8.3200000000000 0.8190113883150
8.3200000000000 0.8190113883150
8.4800000000000 0.8221285856657
8.6400000000000 0.8251399598195
8.6400000000000 0.8251399598195
8.8000000000000 0.8280508131547
8.9600000000000 0.8308661021369
8.9600000000000 0.8308661021369
8.9600000000000 0.8308661021369
8.9600000000000 0.8308661021369
9.1200000000000 0.8335904629970
9.2800000000000 0.8362282357065
9.2800000000000 0.8362282357065
9.4400000000000 0.8387834872665
9.6000000000000 0.8412600334937
9.6000000000000 0.8412600334937
9.6000000000000 0.8412600334937
9.7600000000000 0.8436614587454
9.9200000000000 0.8459911339293
9.9200000000000 0.8459911339293
10.0800000000000 0.8482522330096
10.2400000000000 0.8504477475358
10.2400000000000 0.8504477475445
10.2400000000000 0.8504477475358
10.2400000000000 0.8504477475445
10.2400000000000 0.8504477475358
10.4000000000000 0.8525804989081
10.5600000000000 0.8546531488874
10.5600000000000 0.8546531488874
10.7200000000000 0.8566682099402
10.8800000000000 0.8586280557109
10.8800000000000 0.8586280557109
10.8800000000000 0.8586280557109
11.0400000000000 0.8605349312790
11.2000000000000 0.8623909621809
11.2000000000000 0.8623909621809
11.3600000000000 0.8641981617175
11.5200000000000 0.8659584370304
11.5200000000000 0.8659584370304
11.5200000000000 0.8659584370304
11.5200000000000 0.8659584370304
11.6800000000000 0.8676735949709
11.8400000000000 0.8693453483779
11.8400000000000 0.8693453483779
12.0000000000000 0.8709753226913
12.1600000000000 0.8725650623795
12.1600000000000 0.8725650623795
12.1600000000000 0.8725650623795
12.3200000000000 0.8741160365267
12.4800000000000 0.8756296433162
12.4800000000000 0.8756296433162
12.6400000000000 0.8771072138184
12.8000000000000 0.8785500157563
12.8000000000000 0.8785500157563
12.8000000000000 0.8785500157563
12.8000000000000 0.8785500157563
12.8000000000000 0.8785500157563
12.9600000000000 0.8799592576990
13.1200000000000 0.8813360936509
13.1200000000000 0.8813360936509
13.2800000000000 0.8826816274758
13.4400000000000 0.8839969164282
13.4400000000000 0.8839969164282
13.4400000000000 0.8839969164282
13.6000000000000 0.8852829734789
13.7600000000000 0.8865407687657
13.7600000000000 0.8865407687657
13.9200000000000 0.8877712308475
14.0800000000000 0.8889752482968
14.0800000000000 0.8889752482968
14.0800000000000 0.8889752482968
14.0800000000000 0.8889752482968
14.2400000000000 0.8901536718247
14.4000000000000 0.8913073161091
14.4000000000000 0.8913073161091
14.5600000000000 0.8924369610327
14.7200000000000 0.8935433548286
14.7200000000000 0.8935433548286
14.7200000000000 0.8935433548286
14.8800000000000 0.8946272137060
15.0400000000000 0.8956892222695
15.0400000000000 0.8956892222695
15.2000000000000 0.8967300358618
15.3600000000000 0.8977502805268
15.3600000000000 0.8977502805268
15.3600000000000 0.8977502805268
15.3600000000000 0.8977502805268
15.3600000000000 0.8977502805268
15.5200000000000 0.8987505560973
15.6800000000000 0.8997314383440
16.0000000000000 0.9016372140581
16.0000000000000 0.9016372140581
16.3200000000000 0.9034717913283
16.6400000000000 0.9052390555736
16.6400000000000 0.9052390558038
16.6400000000000 0.9052390558038
16.9600000000000 0.9069426276478
17.2800000000000 0.9085858968706
17.2800000000000 0.9085858968706
17.6000000000000 0.9101720383482
17.9200000000000 0.9117040143366
17.9200000000000 0.9117040143366
17.9200000000000 0.9117040143366
17.9200000000000 0.9117040143366
18.2400000000000 0.9131845844250
18.5600000000000 0.9146163137807
18.5600000000000 0.9146163137807
18.8800000000000 0.9160015852918
19.2000000000000 0.9173426177812
19.2000000000000 0.9173426177812
19.2000000000000 0.9173426177812
19.5200000000000 0.9186414837118
19.8400000000000 0.9199001290467
19.8400000000000 0.9199001290467
20.1600000000000 0.9211203858976
20.4800000000000 0.9223039768374
20.4800000000000 0.9223039768374
20.4800000000000 0.9223039768374
20.4800000000000 0.9223039768374
20.8000000000000 0.9234525243625
21.1200000000000 0.9245675690081
21.1200000000000 0.9245675690081
21.4400000000000 0.9256505635339
21.7600000000000 0.9267028785169
21.7600000000000 0.9267028785169
21.7600000000000 0.9267028785169
22.0800000000000 0.9277258066893
22.4000000000000 0.9287205652429
22.4000000000000 0.9287205652429
22.7200000000000 0.9296883026954
23.0400000000000 0.9306301002648
23.0400000000000 0.9306301002648
23.0400000000000 0.9306301007860
23.6800000000000 0.9324399166023
24.3200000000000 0.9341576116082
24.3200000000000 0.9341576116082
24.9600000000000 0.9357900911755
25.6000000000000 0.9373435610946
25.6000000000000 0.9373435610946
25.6000000000000 0.9373435610946
26.2400000000000 0.9388235889092
26.8800000000000 0.9402352558695
26.8800000000000 0.9402352558695
27.5200000000000 0.9415832268905
28.1600000000000 0.9428717095068
28.1600000000000 0.9428717095068
28.1600000000000 0.9428717095068
28.8000000000000 0.9441045360608
29.4400000000000 0.9452852560259
29.4400000000000 0.9452852560259
30.0800000000000 0.9464171019426
30.7200000000000 0.9475030466271
30.7200000000000 0.9475030466271
30.7200000000000 0.9475030466271
31.3600000000000 0.9485458391311
32.0000000000000 0.9495479926914
32.0000000000000 0.9495479926914
32.6400000000000 0.9505118344219
33.2800000000000 0.9514395240447
33.2800000000000 0.9514395240447
33.2800000000000 0.9514395240447
33.9200000000000 0.9523330594850
34.5600000000000 0.9531942967284
34.5600000000000 0.9531942967284
35.2000000000000 0.9540249568599
35.8400000000000 0.9548266391396
35.8400000000000 0.9548266391396
35.8400000000000 0.9548266391396
36.4800000000000 0.9556008301434
37.1200000000000 0.9563489226963
37.1200000000000 0.9563489226963
37.7600000000000 0.9570722150689
38.4000000000000 0.9577719221273
38.4000000000000 0.9577719221273
39.6800000000000 0.9591050468630
40.9600000000000 0.9603565313276
40.9600000000000 0.9603565313276
42.2400000000000 0.9615336840295
43.5200000000000 0.9626429279763
43.5200000000000 0.9626429279763
44.8000000000000 0.9636899408390
46.0800000000000 0.9646798479887
46.0800000000000 0.9646798479887
47.3600000000000 0.9656172124643
48.6400000000000 0.9665060770256
48.6400000000000 0.9665060770256
49.9200000000000 0.9673501150762
51.2000000000000 0.9681526675709
51.2000000000000 0.9681526675709
52.4800000000000 0.9689167175300
53.7600000000000 0.9696449440388
53.7600000000000 0.9696449440388
55.0400000000000 0.9703398402814
56.3200000000000 0.9710036682923
56.3200000000000 0.9710036682923
57.6000000000000 0.9716384283010
58.8800000000000 0.9722459826495
58.8800000000000 0.9722459826495
60.1600000000000 0.9728280782226
61.4400000000000 0.9733863070868
61.4400000000000 0.9733863070868
62.7200000000000 0.9739220796882
64.0000000000000 0.9744367005845
64.0000000000000 0.9744367005845
65.2800000000000 0.9749314472304
66.5600000000000 0.9754074513244
66.5600000000000 0.9754074513244
67.8400000000000 0.9758657249574
69.1200000000000 0.9763072605719
69.1200000000000 0.9763072605719
70.4000000000000 0.9767329377588
71.6800000000000 0.9771435888249
71.6800000000000 0.9771435888249
72.9600000000000 0.9775400420411
74.2400000000000 0.9779229637177
74.2400000000000 0.9779229637177
75.5200000000000 0.9782929961311
76.8000000000000 0.9786508639440
76.8000000000000 0.9786508639440
78.0800000000000 0.9789971029137
79.3600000000000 0.9793321446064
79.3600000000000 0.9793321446064
80.6400000000000 0.9796566238995
81.9200000000000 0.9799710923330
81.9200000000000 0.9799710923330
83.2000000000000 0.9802757755653
84.4800000000000 0.9805710530731
84.4800000000000 0.9805710530731
85.7600000000000 0.9808576680818
87.0400000000000 0.9811361179007
87.0400000000000 0.9811361179007
88.3200000000000 0.9814063644668
89.6000000000000 0.9816684582640
89.6000000000000 0.9816684582640
90.8800000000000 0.9819230499640
92.1600000000000 0.9821710319301
92.1600000000000 0.9821710319301
93.4400000000000 0.9824129280155
94.7200000000000 0.9826488178109
94.7200000000000 0.9826488178109
96.0000000000000 0.9828786850533
97.2800000000000 0.9831026586250
97.2800000000000 0.9831026586250
98.5600000000000 0.9833209724215
99.8400000000000 0.9835338349747
99.8400000000000 0.9835338349747
101.1200000000000 0.9837413805583
102.4000000000000 0.9839437064027
102.4000000000000 0.9839437064027
103.6800000000000 0.9841409283099
104.9600000000000 0.9843332074569
104.9600000000000 0.9843332074569
106.2400000000000 0.9845207411372
107.5200000000000 0.9847037369405
107.5200000000000 0.9847037369405
108.8000000000000 0.9848823925650
110.0800000000000 0.9850568877815
110.0800000000000 0.9850568877815
111.3600000000000 0.9852273840046
112.6400000000000 0.9853940270342
112.6400000000000 0.9853940270342
113.9200000000000 0.9855569502843
115.2000000000000 0.9857162780253
115.2000000000000 0.9857162780253
116.4800000000000 0.9858721283708
117.7600000000000 0.9860246142895
117.7600000000000 0.9860246142895
119.0400000000000 0.9861738435606
120.3200000000000 0.9863199194166
120.3200000000000 0.9863199194166
121.6000000000000 0.9864629409225
122.8800000000000 0.9866030029654
122.8800000000000 0.9866030029654
124.1600000000000 0.9867401964485
125.4400000000000 0.9868746085230
125.4400000000000 0.9868746085230
126.7200000000000 0.9870063229230
128.0000000000000 0.9871354201873
128.0000000000000 0.9871354201873
129.2800000000000 0.9872619776614
130.5600000000000 0.9873860696352
130.5600000000000 0.9873860696352
131.8400000000000 0.9875077674904
133.1200000000000 0.9876271398471
133.1200000000000 0.9876271398471
134.4000000000000 0.9877442526900
135.6800000000000 0.9878591694302
135.6800000000000 0.9878591694302
136.9600000000000 0.9879719511001
138.2400000000000 0.9880826566865
138.2400000000000 0.9880826566865
139.5200000000000 0.9881913430269
140.8000000000000 0.9882980648460
143.3600000000000 0.9885058241784
145.9200000000000 0.9887063352270
148.4800000000000 0.9888999700030
151.0400000000000 0.9890870760869
153.6000000000000 0.9892679779641
156.1600000000000 0.9894429798212
158.7200000000000 0.9896123656920
161.2800000000000 0.9897764019876
163.8400000000000 0.9899353381872
166.4000000000000 0.9900894081287
168.9600000000000 0.9902388324795
171.5200000000000 0.9903838180230
174.0800000000000 0.9905245603081
176.6400000000000 0.9906612427289
179.2000000000000 0.9907940383025
181.7600000000000 0.9909231108346
184.3200000000000 0.9910486136223
186.8800000000000 0.9911706930197
189.4400000000000 0.9912894881216
192.0000000000000 0.9914051286445
194.5600000000000 0.9915177385135
197.1200000000000 0.9916274362896
199.6800000000000 0.9917343327348
202.2400000000000 0.9918385332282
204.8000000000000 0.9919401391981
207.3600000000000 0.9920392460550
209.9200000000000 0.9921359437012
212.4800000000000 0.9922303198274
215.0400000000000 0.9923224581364
217.6000000000000 0.9924124351200
220.1600000000000 0.9925003253915
222.7200000000000 0.9925862028475
225.2800000000000 0.9926701359488
227.8400000000000 0.9927521882678
230.4000000000000 0.9928324218181
232.9600000000000 0.9929108980868
235.5200000000000 0.9929876750669
238.0800000000000 0.9930628055748
240.6400000000000 0.9931363406404
243.2000000000000 0.9932083318171
245.7600000000000 0.9932788288194
248.3200000000000 0.9933478774323
250.8800000000000 0.9934155203901
253.4400000000000 0.9934817990864
256.0000000000000 0.9935467547611
258.5600000000000 0.9936104283987
261.1200000000000 0.9936728581726
263.6800000000000 0.9937340789791
266.2400000000000 0.9937941246688
268.8000000000000 0.9938530282549
271.3600000000000 0.9939108220758
273.9200000000000 0.9939675383719
276.4800000000000 0.9940232079514
279.0400000000000 0.9940778591843
281.6000000000000 0.9941315188390
284.1600000000000 0.9941842130239
286.7200000000000 0.9942359673695
289.2800000000000 0.9942868068079
291.8400000000000 0.9943367558749
294.4000000000000 0.9943858383326
296.9600000000000 0.9944340767162
299.5200000000000 0.9944814926657
302.0800000000000 0.9945281064865
304.6400000000000 0.9945739374900
307.2000000000000 0.9946190051604
309.7600000000000 0.9946633286401
312.3200000000000 0.9947069259573
314.8800000000000 0.9947498148930
317.4400000000000 0.9947920132143
