# z lapse
-317.4400000000000 0.9947924160418
-314.8800000000000 0.9947502064623
-312.3200000000000 0.9947073059667
-309.7600000000000 0.9946636973120
-307.2000000000000 0.9946193627905
-304.6400000000000 0.9945742845210
-302.0800000000000 0.9945284439241
-299.5200000000000 0.9944818216052
-296.9600000000000 0.9944343973033
-294.4000000000000 0.9943861497093
-291.8400000000000 0.9943370570004
-289.2800000000000 0.9942870971930
-286.7200000000000 0.9942362470106
-284.1600000000000 0.9941844819145
-281.6000000000000 0.9941317768739
-279.0400000000000 0.9940781063325
-276.4800000000000 0.9940234441598
-273.9200000000000 0.9939677629451
-271.3600000000000 0.9939110337059
-268.8000000000000 0.9938532266103
-266.2400000000000 0.9937943114076
-263.6800000000000 0.9937342557117
-261.1200000000000 0.9936730251438
-258.5600000000000 0.9936105847110
-256.0000000000000 0.9935468982586
-253.4400000000000 0.9934819281712
-250.8800000000000 0.9934156354486
-248.3200000000000 0.9933479800206
-245.7600000000000 0.9932789203211
-243.2000000000000 0.9932084123712
-240.6400000000000 0.9931364101237
-238.0800000000000 0.9930628656597
-235.5200000000000 0.9929877278682
-232.9600000000000 0.9929109430021
-230.4000000000000 0.9928324564220
-227.8400000000000 0.9927522122248
-225.2800000000000 0.9926701523130
-222.7200000000000 0.9925862151821
-220.1600000000000 0.9925003346401
-217.6000000000000 0.9924124407210
-215.0400000000000 0.9923224611681
-212.4800000000000 0.9922303210138
-209.9200000000000 0.9921359418515
-207.3600000000000 0.9920392425009
-204.8000000000000 0.9919401378450
-202.2400000000000 0.9918385345286
-199.6800000000000 0.9917343334677
-197.1200000000000 0.9916274352955
-194.5600000000000 0.9915177372186
-192.0000000000000 0.9914051285833
-189.4400000000000 0.9912894892584
-186.8800000000000 0.9911706930938
-184.3200000000000 0.9910486111099
-181.7600000000000 0.9909231085642
-179.2000000000000 0.9907940392000
-176.6400000000000 0.9906612447836
-174.0800000000000 0.9905245614442
-171.5200000000000 0.9903838203418
-168.9600000000000 0.9902388376923
-166.4000000000000 0.9900894135323
-163.8400000000000 0.9899353424057
-161.2800000000000 0.9897764064511
-158.7200000000000 0.9896123676012
-156.1600000000000 0.9894429778676
-153.6000000000000 0.9892679740145
-151.0400000000000 0.9890870692071
-148.4800000000000 0.9888999612406
-145.9200000000000 0.9887063282794
-143.3600000000000 0.9885058188817
-140.8000000000000 0.9882980628037
-139.5200000000000 0.9881913429935
-138.2400000000000 0.9880826585945
-138.2400000000000 0.9880826585945
-136.9600000000000 0.9879719545797
-135.6800000000000 0.9878591743054
-135.6800000000000 0.9878591743054
-134.4000000000000 0.9877442590045
-133.1200000000000 0.9876271471514
-133.1200000000000 0.9876271471514
-131.8400000000000 0.9875077748448
-130.5600000000000 0.9873860765495
-130.5600000000000 0.9873860765495
-129.2800000000000 0.9872619841558
-128.0000000000000 0.9871354256036
-128.0000000000000 0.9871354256036
-126.7200000000000 0.9870063250623
-125.4400000000000 0.9868746090265
-125.4400000000000 0.9868746090265
-124.1600000000000 0.9867401964443
-122.8800000000000 0.9866030008150
-122.8800000000000 0.9866030008150
-121.6000000000000 0.9864629367222
-120.3200000000000 0.9863199158315
-120.3200000000000 0.9863199158315
-119.0400000000000 0.9861738413594
-117.7600000000000 0.9860246117209
-117.7600000000000 0.9860246117209
-116.4800000000000 0.9858721256509
-115.2000000000000 0.9857162769670
-115.2000000000000 0.9857162769670
-113.9200000000000 0.9855569520200
-112.6400000000000 0.9853940317707
-112.6400000000000 0.9853940317707
-111.3600000000000 0.9852273912314
-110.0800000000000 0.9850569041105
-110.0800000000000 0.9850569041105
-108.8000000000000 0.9848824376898
-107.5200000000000 0.9847038485371
-107.5200000000000 0.9847038485371
-106.2400000000000 0.9845209881899
-104.9600000000000 0.9843337020203
-104.9600000000000 0.9843337020203
-103.6800000000000 0.9841418289106
-102.4000000000000 0.9839452004191
-102.4000000000000 0.9839452004191
-101.1200000000000 0.9837436366443
-99.8400000000000 0.9835369468154
-99.8400000000000 0.9835369468154
-98.5600000000000 0.9833249328584
-97.2800000000000 0.9831073875798
-97.2800000000000 0.9831073875798
-96.0000000000000 0.9828840919563
-94.7200000000000 0.9826548134571
-94.7200000000000 0.9826548134571
-93.4400000000000 0.9824193070399
-92.1600000000000 0.9821773166261
-92.1600000000000 0.9821773166261
-90.8800000000000 0.9819285705881
-89.6000000000000 0.9816727819847
-89.6000000000000 0.9816727819847
-88.3200000000000 0.9814096497330
-87.0400000000000 0.9811388531163
-87.0400000000000 0.9811388531163
-85.7600000000000 0.9808600520023
-84.4800000000000 0.9805728868193
-84.4800000000000 0.9805728868193
-83.2000000000000 0.9802769740503
-81.9200000000000 0.9799719071671
-81.9200000000000 0.9799719071671
-80.6400000000000 0.9796572550511
-79.3600000000000 0.9793325572063
-79.3600000000000 0.9793325572063
-78.0800000000000 0.9789973239889
-76.8000000000000 0.9786510350512
-76.8000000000000 0.9786510350512
-75.5200000000000 0.9782931356209
-74.2400000000000 0.9779230333783
-74.2400000000000 0.9779230333783
-72.9600000000000 0.9775400938058
-71.6800000000000 0.9771436376431
-71.6800000000000 0.9771436376431
-70.4000000000000 0.9767329356594
-69.1200000000000 0.9763072041649
-69.1200000000000 0.9763072041649
-67.8400000000000 0.9758656013863
-66.5600000000000 0.9754072214064
-66.5600000000000 0.9754072214064
-65.2800000000000 0.9749310903580
-64.0000000000000 0.9744361589205
-64.0000000000000 0.9744361589205
-62.7200000000000 0.9739212932304
-61.4400000000000 0.9733852589640
-61.4400000000000 0.9733852589640
-60.1600000000000 0.9728267077997
-58.8800000000000 0.9722441609384
-58.8800000000000 0.9722441609384
-57.6000000000000 0.9716359917200
-56.3200000000000 0.9710004020856
-56.3200000000000 0.9710004020856
-55.0400000000000 0.9703354169981
-53.7600000000000 0.9696389134605
-53.7600000000000 0.9696389134605
-52.4800000000000 0.9689086492291
-51.2000000000000 0.9681422549100
-51.2000000000000 0.9681422549100
-49.9200000000000 0.9673372170890
-48.6400000000000 0.9664907773993
-48.6400000000000 0.9664907773993
-47.3600000000000 0.9655996790886
-46.0800000000000 0.9646600534072
-46.0800000000000 0.9646600534072
-44.8000000000000 0.9636679019363
-43.5200000000000 0.9626196457983
-43.5200000000000 0.9626196457983
-42.2400000000000 0.9615111073736
-40.9600000000000 0.9603353154777
-40.9600000000000 0.9603353154777
-39.6800000000000 0.9590838989205
-38.4000000000000 0.9577504299330
-38.4000000000000 0.9577504299330
-37.7600000000000 0.9570507291854
-37.1200000000000 0.9563274254484
-37.1200000000000 0.9563274254484
-36.4800000000000 0.9555791076933
-35.8400000000000 0.9548045903581
-35.8400000000000 0.9548045903581
-35.8400000000000 0.9548045903581
-35.2000000000000 0.9540025903946
-34.5600000000000 0.9531715499216
-34.5600000000000 0.9531715499216
-33.9200000000000 0.9523098045115
-33.2800000000000 0.9514156660328
-33.2800000000000 0.9514156660328
-33.2800000000000 0.9514156660328
-32.6400000000000 0.9504873091812
-32.0000000000000 0.9495226987653
-32.0000000000000 0.9495226987653
-31.3600000000000 0.9485196601614
-30.7200000000000 0.9474758378486
-30.7200000000000 0.9474758378486
-30.7200000000000 0.9474758378486
-30.0800000000000 0.9463887812598
-29.4400000000000 0.9452557846170
-29.4400000000000 0.9452557846170
-28.8000000000000 0.9440738360860
-28.1600000000000 0.9428396355933
-28.1600000000000 0.9428396355933
-28.1600000000000 0.9428396355933
-27.5200000000000 0.9415496039106
-26.8800000000000 0.9402000251504
-26.8800000000000 0.9402000251504
-26.2400000000000 0.9387868083999
-25.6000000000000 0.9373051583123
-25.6000000000000 0.9373051583123
-25.6000000000000 0.9373051583123
-24.9600000000000 0.9357497899448
-24.3200000000000 0.9341152089826
-24.3200000000000 0.9341152089826
-23.6800000000000 0.9323954663055
-23.0400000000000 0.9305836708080
-23.0400000000000 0.9305836708080
-23.0400000000000 0.9305836708080
-22.7200000000000 0.9296408224984
-22.4000000000000 0.9286719652256
-22.4000000000000 0.9286719652256
-22.0800000000000 0.9276760077648
-21.7600000000000 0.9266518254241
-21.7600000000000 0.9266518254241
-21.7600000000000 0.9266518254241
-21.4400000000000 0.9255982298755
-21.1200000000000 0.9245139402804
-21.1200000000000 0.9245139402804
-20.8000000000000 0.9233975969786
-20.4800000000000 0.9222477562070
-20.4800000000000 0.9222477562070
-20.4800000000000 0.9222477562070
-20.4800000000000 0.9222477562070
-20.1600000000000 0.9210628812533
-19.8400000000000 0.9198413386122
-19.8400000000000 0.9198413386122
-19.5200000000000 0.9185813905573
-19.2000000000000 0.9172811862116
-19.2000000000000 0.9172811862116
-19.2000000000000 0.9172811862116
-18.8800000000000 0.9159387603428
-18.5600000000000 0.9145520213301
-18.5600000000000 0.9145520213301
-18.2400000000000 0.9131187407917
-17.9200000000000 0.9116365436764
-17.9200000000000 0.9116365436764
-17.9200000000000 0.9116365436764
-17.9200000000000 0.9116365436764
-17.6000000000000 0.9101028867868
-17.2800000000000 0.9085150323184
-17.2800000000000 0.9085150323184
-16.9600000000000 0.9068700429479
-16.6400000000000 0.9051647789340
-16.6400000000000 0.9051647789340
-16.6400000000000 0.9051647789340
-16.3200000000000 0.9033958406980
-16.0000000000000 0.9015595729585
-16.0000000000000 0.9015595729585
-15.6800000000000 0.8996520991805
-15.5200000000000 0.8986703499166
-15.3600000000000 0.8976691797797
-15.3600000000000 0.8976691797797
-15.3600000000000 0.8976691797797
-15.3600000000000 0.8976691797797
-15.3600000000000 0.8976691797797
-15.2000000000000 0.8966480000725
-15.0400000000000 0.8956062166058
-15.0400000000000 0.8956062166058
-14.8800000000000 0.8945432100340
-14.7200000000000 0.8934583172068
-14.7200000000000 0.8934583172068
-14.7200000000000 0.8934583172068
-14.5600000000000 0.8923508471205
-14.4000000000000 0.8912200838467
-14.4000000000000 0.8912200838467
-14.2400000000000 0.8900652801881
-14.0800000000000 0.8888856633126
-14.0800000000000 0.8888856633126
-14.0800000000000 0.8888856633126
-14.0800000000000 0.8888856633126
-13.9200000000000 0.8876804261576
-13.7600000000000 0.8864487211494
-13.7600000000000 0.8864487211494
-13.6000000000000 0.8851896609762
-13.4400000000000 0.8839023211175
-13.4400000000000 0.8839023211175
-13.4400000000000 0.8839023211175
-13.2800000000000 0.8825857397801
-13.1200000000000 0.8812389134970
-13.1200000000000 0.8812389134970
-12.9600000000000 0.8798607897512
-12.8000000000000 0.8784502604354
-12.8000000000000 0.8784502604354
-12.8000000000000 0.8784502604354
-12.8000000000000 0.8784502604354
-12.8000000000000 0.8784502604354
-12.6400000000000 0.8770061602984
-12.4800000000000 0.8755272699285
-12.4800000000000 0.8755272699285
-12.3200000000000 0.8740123172072
-12.1600000000000 0.8724599719089
-12.1600000000000 0.8724599719089
-12.1600000000000 0.8724599719089
-12.0000000000000 0.8708688344948
-11.8400000000000 0.8692374256317
-11.8400000000000 0.8692374256317
-11.6800000000000 0.8675641828814
-11.5200000000000 0.8658474642976
-11.5200000000000 0.8658474642976
-11.5200000000000 0.8658474642976
-11.5200000000000 0.8658474642976
-11.3600000000000 0.8640855508434
-11.2000000000000 0.8622766398385
-11.2000000000000 0.8622766398385
-11.0400000000000 0.8604188306312
-10.8800000000000 0.8585101109908
-10.8800000000000 0.8585101109908
-10.8800000000000 0.8585101109908
-10.7200000000000 0.8565483503998
-10.5600000000000 0.8545312979790
-10.5600000000000 0.8545312979790
-10.4000000000000 0.8524565778776
-10.2400000000000 0.8503216785003
-10.2400000000000 0.8503216785003
-10.2400000000000 0.8503216785003
-10.2400000000000 0.8503216785003
-10.2400000000000 0.8503216785003
-10.0800000000000 0.8481239388194
-9.9200000000000 0.8458605364778
-9.9200000000000 0.8458605364778
-9.7600000000000 0.8435284775191
-9.6000000000000 0.8411245839463
-9.6000000000000 0.8411245839463
-9.6000000000000 0.8411245839463
-9.4400000000000 0.8386454776755
-9.2800000000000 0.8360875635579
-9.2800000000000 0.8360875635579
-9.1200000000000 0.8334470137795
-8.9600000000000 0.8307197516924
-8.9600000000000 0.8307197516924
-8.9600000000000 0.8307197516924
-8.9600000000000 0.8307197516924
-8.8000000000000 0.8279014309821
-8.6400000000000 0.8249874090066
-8.6400000000000 0.8249874090066
-8.4800000000000 0.8219727173757
-8.3200000000000 0.8188520331537
-8.3200000000000 0.8188520331537
-8.3200000000000 0.8188520331537
-8.1600000000000 0.8156196505249
-8.0000000000000 0.8122694498318
-8.0000000000000 0.8122694498318
-7.8400000000000 0.8087948611574
-7.6800000000000 0.8051888212605
-7.6800000000000 0.8051888212605
-7.6800000000000 0.8051888212605
-7.6800000000000 0.8051888212605
-7.6800000000000 0.8051888212605
-7.5200000000000 0.8014437233348
-7.3600000000000 0.7975513592530
-7.3600000000000 0.7975513592530
-7.2000000000000 0.7935028551618
-7.0400000000000 0.7892886027168
-7.0400000000000 0.7892886027168
-7.0400000000000 0.7892886027168
-6.8800000000000 0.7848981871084
-6.7200000000000 0.7803203085459
-6.7200000000000 0.7803203085459
-6.5600000000000 0.7755426901881
-6.4000000000000 0.7705519672984
-6.4000000000000 0.7705519672984
-6.4000000000000 0.7705519672984
-6.4000000000000 0.7705519672984
-6.2400000000000 0.7653335571365
-6.0800000000000 0.7598715106822
-6.0800000000000 0.7598715106822
-5.9200000000000 0.7541483458260
-5.7600000000000 0.7481448618969
-5.7600000000000 0.7481448618969
-5.7600000000000 0.7481448618969
-5.6000000000000 0.7418399382711
-5.4400000000000 0.7352103228653
-5.4400000000000 0.7352103228653
-5.2800000000000 0.7282304552202
-5.1200000000000 0.7208749565613
-5.1200000000000 0.7208727448259
-5.1200000000000 0.7208727448259
-5.1200000000000 0.7208727448259
-5.1200000000000 0.7208749565613
-4.9600000000000 0.7131110312474
-4.8000000000000 0.7049310642783
-4.8000000000000 0.7049310642783
-4.6400000000000 0.6963239541491
-4.4800000000000 0.6872818761700
-4.4800000000000 0.6872818761700
-4.4800000000000 0.6872818761700
-4.3200000000000 0.6777973460142
-4.1600000000000 0.6678647838355
-4.1600000000000 0.6678647838355
-4.0000000000000 0.6574805298142
-3.8400000000000 0.6466437161695
-3.8400000000000 0.6466437161695
-3.8400000000000 0.6466437161695
-3.8400000000000 0.6466437161695
-3.6800000000000 0.6353566476024
-3.5200000000000 0.6236258076787
-3.5200000000000 0.6236258076787
-3.3600000000000 0.6114624941319
-3.2000000000000 0.5988842031240
-3.2000000000000 0.5988842031240
-3.2000000000000 0.5988842031240
-3.0400000000000 0.5859151815626
-2.8800000000000 0.5725882320720
-2.8800000000000 0.5725882320720
-2.7200000000000 0.5589451613808
-2.5600000000000 0.5450393659712
-2.5600000000000 0.5450392265097
-2.5600000000000 0.5450393659712
-2.5600000000000 0.5450392265097
-2.5600000000000 0.5450393659712
-2.4000000000000 0.5309348989381
-2.2400000000000 0.5167111075039
-2.2400000000000 0.5167111075039
-2.0800000000000 0.5024596779823
-1.9200000000000 0.4882895533795
-1.9200000000000 0.4882895533795
-1.9200000000000 0.4882895533795
-1.7600000000000 0.4743227685896
-1.6000000000000 0.4607002379036
-1.6000000000000 0.4607002379036
-1.4400000000000 0.4475740841675
-1.2800000000000 0.4351151788852
-1.2800000000000 0.4351151788852
-1.2800000000000 0.4351151788852
-1.2800000000000 0.4351151788852
-1.1200000000000 0.4234987956358
-0.9600000000000 0.4129151433122
-0.9600000000000 0.4129151433122
-0.8000000000000 0.4035463346714
-0.6400000000000 0.3955814786056
-0.6400000000000 0.3955814786056
-0.6400000000000 0.3955814786056
-0.4800000000000 0.3891808421292
-0.3200000000000 0.3844996916989
-0.3200000000000 0.3844996916989
-0.1600000000000 0.3816374004799
0.0000000000000 0.3806777655586
0.0000000000000 0.3806777655586
0.0000000000000 0.3806777655586
0.0000000000000 0.3806777655586
0.0000000000000 0.3806777655586
0.1600000000000 0.3816374004201
0.3200000000000 0.3844996915799
0.3200000000000 0.3844996915799
0.4800000000000 0.3891808419540
0.6400000000000 0.3955814783781
0.6400000000000 0.3955814783781
0.6400000000000 0.3955814783781
0.8000000000000 0.4035463343955
0.9600000000000 0.4129151429915
0.9600000000000 0.4129151429915
1.1200000000000 0.4234987952741
1.2800000000000 0.4351151784877
1.2800000000000 0.4351151784877
1.2800000000000 0.4351151784877
1.2800000000000 0.4351151784877
1.4400000000000 0.4475740837387
1.6000000000000 0.4607002374478
1.6000000000000 0.4607002374478
1.7600000000000 0.4743227681094
1.9200000000000 0.4882895528773
1.9200000000000 0.4882895528773
1.9200000000000 0.4882895528773
2.0800000000000 0.5024596774602
2.2400000000000 0.5167111069642
2.2400000000000 0.5167111069642
2.4000000000000 0.5309348983829
2.5600000000000 0.5450392259413
2.5600000000000 0.5450392259413
2.5600000000000 0.5450392259413
2.5600000000000 0.5450392259413
2.5600000000000 0.5450392259413
2.7200000000000 0.5589451608010
2.8800000000000 0.5725882314831
2.8800000000000 0.5725882314831
3.0400000000000 0.5859151809664
3.2000000000000 0.5988842025230
3.2000000000000 0.5988842025230
3.2000000000000 0.5988842025230
3.3600000000000 0.6114624935277
3.5200000000000 0.6236258070736
3.5200000000000 0.6236258070736
3.6800000000000 0.6353566469981
3.8400000000000 0.6466437587609
3.8400000000000 0.6466437155685
3.8400000000000 0.6466437587609
3.8400000000000 0.6466437155685
4.0000000000000 0.6574805292192
4.1600000000000 0.6678647832493
4.1600000000000 0.6678647832493
4.3200000000000 0.6777973454408
4.4800000000000 0.6872818756128
4.4800000000000 0.6872818756128
4.4800000000000 0.6872818756128
4.6400000000000 0.6963239536103
4.8000000000000 0.7049310637576
4.8000000000000 0.7049310637576
4.9600000000000 0.7131110307414
5.1200000000000 0.7208727443390
5.1200000000000 0.7208727443390
5.1200000000000 0.7208727443390
5.1200000000000 0.7208727443390
5.1200000000000 0.7208727443390
5.2800000000000 0.7282304547472
5.4400000000000 0.7352103224056
5.4400000000000 0.7352103224056
5.6000000000000 0.7418399378247
5.7600000000000 0.7481448614643
5.7600000000000 0.7481448614643
5.7600000000000 0.7481448614643
5.9200000000000 0.7541483454076
6.0800000000000 0.7598715102788
6.0800000000000 0.7598715102788
6.2400000000000 0.7653335567488
6.4000000000000 0.7705519669272
6.4000000000000 0.7705519669272
6.4000000000000 0.7705519669272
6.4000000000000 0.7705519669272
6.5600000000000 0.7755426898346
6.7200000000000 0.7803203082111
6.7200000000000 0.7803203082111
6.8800000000000 0.7848981867938
7.0400000000000 0.7892886024237
7.0400000000000 0.7892886024237
7.0400000000000 0.7892886024237
7.2000000000000 0.7935028548919
7.3600000000000 0.7975513590079
7.3600000000000 0.7975513590079
7.5200000000000 0.8014437231163
7.6800000000000 0.8051888210704
7.6800000000000 0.8051888210704
7.6800000000000 0.8051888210704
7.6800000000000 0.8051888210704
7.6800000000000 0.8051888210704
7.8400000000000 0.8087948609976
8.0000000000000 0.8122694497041
8.0000000000000 0.8122694497041
8.1600000000000 0.8156196504311
8.3200000000000 0.8188520330956
8.3200000000000 0.8188520330956
8.3200000000000 0.8188520330956
8.4800000000000 0.8219727173547
8.6400000000000 0.8249874090240
8.6400000000000 0.8249874090240
8.8000000000000 0.8279014310389
8.9600000000000 0.8307197517895
8.9600000000000 0.8307197517895
8.9600000000000 0.8307197517895
8.9600000000000 0.8307197517895
9.1200000000000 0.8334470139176
9.2800000000000 0.8360875637375
9.2800000000000 0.8360875637375
9.4400000000000 0.8386454778968
9.6000000000000 0.8411245842093
9.6000000000000 0.8411245842093
9.6000000000000 0.8411245842093
9.7600000000000 0.8435284778234
9.9200000000000 0.8458605368232
9.9200000000000 0.8458605368232
10.0800000000000 0.8481239392054
10.2400000000000 0.8503216791151
10.2400000000000 0.8503216789263
10.2400000000000 0.8503216791151
10.2400000000000 0.8503216789263
10.2400000000000 0.8503216791151
10.4000000000000 0.8524565783429
10.5600000000000 0.8545312984827
10.5600000000000 0.8545312984827
10.7200000000000 0.8565483509410
10.8800000000000 0.8585101115684
10.8800000000000 0.8585101115684
10.8800000000000 0.8585101115684
11.0400000000000 0.8604188312440
11.2000000000000 0.8622766404852
11.2000000000000 0.8622766404852
11.3600000000000 0.8640855515225
11.5200000000000 0.8658474650076
11.5200000000000 0.8658474650076
11.5200000000000 0.8658474650076
11.5200000000000 0.8658474650076
11.6800000000000 0.8675641836208
11.8400000000000 0.8692374263987
11.8400000000000 0.8692374263987
12.0000000000000 0.8708688352875
12.1600000000000 0.8724599727253
12.1600000000000 0.8724599727253
12.1600000000000 0.8724599727253
12.3200000000000 0.8740123180451
12.4800000000000 0.8755272707856
12.4800000000000 0.8755272707856
12.6400000000000 0.8770061611724
12.8000000000000 0.8784502613239
12.8000000000000 0.8784502613239
12.8000000000000 0.8784502613239
12.8000000000000 0.8784502613239
12.8000000000000 0.8784502613239
12.9600000000000 0.8798607906518
13.1200000000000 0.8812389144072
13.1200000000000 0.8812389144072
13.2800000000000 0.8825857406976
13.4400000000000 0.8839023220397
13.4400000000000 0.8839023220397
13.4400000000000 0.8839023220397
13.6000000000000 0.8851896619007
13.7600000000000 0.8864487220736
13.7600000000000 0.8864487220736
13.9200000000000 0.8876804270790
14.0800000000000 0.8888856642286
14.0800000000000 0.8888856642286
14.0800000000000 0.8888856642286
14.0800000000000 0.8888856642286
14.2400000000000 0.8900652810964
14.4000000000000 0.8912200847446
14.4000000000000 0.8912200847446
14.5600000000000 0.8923508480054
14.7200000000000 0.8934583180761
14.7200000000000 0.8934583180761
14.7200000000000 0.8934583180761
14.8800000000000 0.8945432108851
15.0400000000000 0.8956062174361
15.0400000000000 0.8956062174361
15.2000000000000 0.8966480008793
15.3600000000000 0.8976691805604
15.3600000000000 0.8976691805604
15.3600000000000 0.8976691805604
15.3600000000000 0.8976691805604
15.3600000000000 0.8976691805604
15.5200000000000 0.8986703506687
15.6800000000000 0.8996520999016
16.0000000000000 0.9015595736110
16.0000000000000 0.9015595736110
16.3200000000000 0.9033958412743
16.6400000000000 0.9051647802507
16.6400000000000 0.9051647794281
16.6400000000000 0.9051647794281
16.9600000000000 0.9068700433552
17.2800000000000 0.9085150326353
17.2800000000000 0.9085150326353
17.6000000000000 0.9101028870108
17.9200000000000 0.9116365438060
17.9200000000000 0.9116365438060
17.9200000000000 0.9116365438060
17.9200000000000 0.9116365438060
18.2400000000000 0.9131187408264
18.5600000000000 0.9145520212706
18.5600000000000 0.9145520212706
18.8800000000000 0.9159387601913
19.2000000000000 0.9172811859714
19.2000000000000 0.9172811859714
19.2000000000000 0.9172811859714
19.5200000000000 0.9185813902331
19.8400000000000 0.9198413382096
19.8400000000000 0.9198413382096
20.1600000000000 0.9210628807784
20.4800000000000 0.9222477556667
20.4800000000000 0.9222477556667
20.4800000000000 0.9222477556667
20.4800000000000 0.9222477556667
20.8000000000000 0.9233975963798
21.1200000000000 0.9245139396306
21.1200000000000 0.9245139396306
21.4400000000000 0.9255982291823
21.7600000000000 0.9266518246955
21.7600000000000 0.9266518246955
21.7600000000000 0.9266518246955
22.0800000000000 0.9276760070087
22.4000000000000 0.9286719644499
22.4000000000000 0.9286719644499
22.7200000000000 0.9296408217107
23.0400000000000 0.9305836700156
23.0400000000000 0.9305836700156
23.0400000000000 0.9305836947062
23.6800000000000 0.9323954655247
24.3200000000000 0.9341152082377
24.3200000000000 0.9341152082377
24.9600000000000 0.9357497892556
25.6000000000000 0.9373051576939
25.6000000000000 0.9373051576939
25.6000000000000 0.9373051576939
26.2400000000000 0.9387868078630
26.8800000000000 0.9402000247020
26.8800000000000 0.9402000247020
27.5200000000000 0.9415496035545
28.1600000000000 0.9428396353300
28.1600000000000 0.9428396353300
28.1600000000000 0.9428396353300
28.8000000000000 0.9440738359129
29.4400000000000 0.9452557845300
29.4400000000000 0.9452557845300
30.0800000000000 0.9463887812537
30.7200000000000 0.9474758379167
30.7200000000000 0.9474758379167
30.7200000000000 0.9474758379167
31.3600000000000 0.9485196602958
32.0000000000000 0.9495226989576
32.0000000000000 0.9495226989576
32.6400000000000 0.9504873094229
33.2800000000000 0.9514156663153
33.2800000000000 0.9514156663153
33.2800000000000 0.9514156663153
33.9200000000000 0.9523098048264
34.5600000000000 0.9531715502608
34.5600000000000 0.9531715502608
35.2000000000000 0.9540025907508
35.8400000000000 0.9548045907246
35.8400000000000 0.9548045907246
35.8400000000000 0.9548045907246
36.4800000000000 0.9555791080642
37.1200000000000 0.9563274258177
37.1200000000000 0.9563274258177
37.7600000000000 0.9570507295469
38.4000000000000 0.9577504302805
38.4000000000000 0.9577504302805
39.6800000000000 0.9590838992209
40.9600000000000 0.9603353157036
40.9600000000000 0.9603353157036
42.2400000000000 0.9615111075022
43.5200000000000 0.9626196458150
43.5200000000000 0.9626196458150
44.8000000000000 0.9636679018354
46.0800000000000 0.9646600532044
46.0800000000000 0.9646600532044
47.3600000000000 0.9655996788128
48.6400000000000 0.9664907770904
48.6400000000000 0.9664907770904
49.9200000000000 0.9673372168127
51.2000000000000 0.9681422547278
51.2000000000000 0.9681422547278
52.4800000000000 0.9689086491484
53.7600000000000 0.9696389134410
53.7600000000000 0.9696389134410
55.0400000000000 0.9703354169988
56.3200000000000 0.9710004020876
56.3200000000000 0.9710004020876
57.6000000000000 0.9716359917204
58.8800000000000 0.9722441609384
58.8800000000000 0.9722441609384
60.1600000000000 0.9728267077996
61.4400000000000 0.9733852589640
61.4400000000000 0.9733852589640
62.7200000000000 0.9739212932304
64.0000000000000 0.9744361589205
64.0000000000000 0.9744361589205
65.2800000000000 0.9749310903580
66.5600000000000 0.9754072214064
66.5600000000000 0.9754072214064
67.8400000000000 0.9758656013863
69.1200000000000 0.9763072041649
69.1200000000000 0.9763072041649
70.4000000000000 0.9767329356594
71.6800000000000 0.9771436376431
71.6800000000000 0.9771436376431
72.9600000000000 0.9775400938058
74.2400000000000 0.9779230333783
74.2400000000000 0.9779230333783
75.5200000000000 0.9782931356209
76.8000000000000 0.9786510350512
76.8000000000000 0.9786510350512
78.0800000000000 0.9789973239889
79.3600000000000 0.9793325572063
79.3600000000000 0.9793325572063
80.6400000000000 0.9796572550511
81.9200000000000 0.9799719071671
81.9200000000000 0.9799719071671
83.2000000000000 0.9802769740503
84.4800000000000 0.9805728868193
84.4800000000000 0.9805728868193
85.7600000000000 0.9808600520023
87.0400000000000 0.9811388531163
87.0400000000000 0.9811388531163
88.3200000000000 0.9814096497330
89.6000000000000 0.9816727819847
89.6000000000000 0.9816727819847
90.8800000000000 0.9819285705881
92.1600000000000 0.9821773166261
92.1600000000000 0.9821773166261
93.4400000000000 0.9824193070398
94.7200000000000 0.9826548134571
94.7200000000000 0.9826548134571
96.0000000000000 0.9828840919563
97.2800000000000 0.9831073875798
97.2800000000000 0.9831073875798
98.5600000000000 0.9833249328584
99.8400000000000 0.9835369468154
99.8400000000000 0.9835369468154
101.1200000000000 0.9837436366443
102.4000000000000 0.9839452004191
102.4000000000000 0.9839452004191
103.6800000000000 0.9841418289106
104.9600000000000 0.9843337020203
104.9600000000000 0.9843337020203
106.2400000000000 0.9845209881899
107.5200000000000 0.9847038485371
107.5200000000000 0.9847038485371
108.8000000000000 0.9848824376898
110.0800000000000 0.9850569041105
110.0800000000000 0.9850569041105
111.3600000000000 0.9852273912314
112.6400000000000 0.9853940317707
112.6400000000000 0.9853940317707
113.9200000000000 0.9855569520200
115.2000000000000 0.9857162769670
115.2000000000000 0.9857162769670
116.4800000000000 0.9858721256509
117.7600000000000 0.9860246117209
117.7600000000000 0.9860246117209
119.0400000000000 0.9861738413594
120.3200000000000 0.9863199158315
120.3200000000000 0.9863199158315
121.6000000000000 0.9864629367222
122.8800000000000 0.9866030008150
122.8800000000000 0.9866030008150
124.1600000000000 0.9867401964443
125.4400000000000 0.9868746090265
125.4400000000000 0.9868746090265
126.7200000000000 0.9870063250623
128.0000000000000 0.9871354256036
128.0000000000000 0.9871354256036
129.2800000000000 0.9872619841558
130.5600000000000 0.9873860765495
130.5600000000000 0.9873860765495
131.8400000000000 0.9875077748448
133.1200000000000 0.9876271471514
133.1200000000000 0.9876271471514
134.4000000000000 0.9877442590045
135.6800000000000 0.9878591743054
135.6800000000000 0.9878591743054
136.9600000000000 0.9879719545797
138.2400000000000 0.9880826585945
138.2400000000000 0.9880826585945
139.5200000000000 0.9881913429935
140.8000000000000 0.9882980628037
143.3600000000000 0.9885058188817
145.9200000000000 0.9887063282794
148.4800000000000 0.9888999612406
151.0400000000000 0.9890870692071
153.6000000000000 0.9892679740145
156.1600000000000 0.9894429778676
158.7200000000000 0.9896123676013
161.2800000000000 0.9897764064511
163.8400000000000 0.9899353424057
166.4000000000000 0.9900894135323
168.9600000000000 0.9902388376923
171.5200000000000 0.9903838203418
174.0800000000000 0.9905245614442
176.6400000000000 0.9906612447836
179.2000000000000 0.9907940392000
181.7600000000000 0.9909231085642
184.3200000000000 0.9910486111099
186.8800000000000 0.9911706930938
189.4400000000000 0.9912894892584
192.0000000000000 0.9914051285833
194.5600000000000 0.9915177372186
197.1200000000000 0.9916274352955
199.6800000000000 0.9917343334677
202.2400000000000 0.9918385345286
204.8000000000000 0.9919401378450
207.3600000000000 0.9920392425009
209.9200000000000 0.9921359418515
212.4800000000000 0.9922303210138
215.0400000000000 0.9923224611681
217.6000000000000 0.9924124407210
220.1600000000000 0.9925003346401
222.7200000000000 0.9925862151821
225.2800000000000 0.9926701523130
227.8400000000000 0.9927522122248
230.4000000000000 0.9928324564220
232.9600000000000 0.9929109430021
235.5200000000000 0.9929877278682
238.0800000000000 0.9930628656597
240.6400000000000 0.9931364101237
243.2000000000000 0.9932084123712
245.7600000000000 0.9932789203211
248.3200000000000 0.9933479800206
250.8800000000000 0.9934156354486
253.4400000000000 0.9934819281712
256.0000000000000 0.9935468982586
258.5600000000000 0.9936105847110
261.1200000000000 0.9936730251438
263.6800000000000 0.9937342557117
266.2400000000000 0.9937943114076
268.8000000000000 0.9938532266103
271.3600000000000 0.9939110337059
273.9200000000000 0.9939677629451
276.4800000000000 0.9940234441598
279.0400000000000 0.9940781063325
281.6000000000000 0.9941317768739
284.1600000000000 0.9941844819146
286.7200000000000 0.9942362470106
289.2800000000000 0.9942870971930
291.8400000000000 0.9943370570004
294.4000000000000 0.9943861497093
296.9600000000000 0.9944343973033
299.5200000000000 0.9944818216053
302.0800000000000 0.9945284439241
304.6400000000000 0.9945742845210
307.2000000000000 0.9946193627905
309.7600000000000 0.9946636973120
312.3200000000000 0.9947073059667
314.8800000000000 0.9947502064623
317.4400000000000 0.9947924160418
