# z phi
-317.4400000000000 -0.0000000000000
-314.8800000000000 -0.0000000000000
-312.3200000000000 -0.0000000000000
-309.7600000000000 -0.0000000000000
-307.2000000000000 -0.0000000000000
-304.6400000000000 -0.0000000000000
-302.0800000000000 -0.0000000000000
-299.5200000000000 -0.0000000000000
-296.9600000000000 -0.0000000000000
-294.4000000000000 -0.0000000000000
-291.8400000000000 -0.0000000000000
-289.2800000000000 -0.0000000000000
-286.7200000000000 -0.0000000000000
-284.1600000000000 -0.0000000000000
-281.6000000000000 -0.0000000000000
-279.0400000000000 -0.0000000000000
-276.4800000000000 -0.0000000000000
-273.9200000000000 -0.0000000000000
-271.3600000000000 -0.0000000000000
-268.8000000000000 -0.0000000000000
-266.2400000000000 -0.0000000000000
-263.6800000000000 -0.0000000000000
-261.1200000000000 -0.0000000000000
-258.5600000000000 -0.0000000000000
-256.0000000000000 -0.0000000000000
-253.4400000000000 -0.0000000000000
-250.8800000000000 -0.0000000000000
-248.3200000000000 -0.0000000000000
-245.7600000000000 -0.0000000000000
-243.2000000000000 -0.0000000000000
-240.6400000000000 -0.0000000000000
-238.0800000000000 -0.0000000000000
-235.5200000000000 -0.0000000000000
-232.9600000000000 -0.0000000000000
-230.4000000000000 -0.0000000000000
-227.8400000000000 -0.0000000000000
-225.2800000000000 -0.0000000000000
-222.7200000000000 -0.0000000000000
-220.1600000000000 -0.0000000000000
-217.6000000000000 -0.0000000000000
-215.0400000000000 -0.0000000000000
-212.4800000000000 -0.0000000000000
-209.9200000000000 -0.0000000000000
-207.3600000000000 -0.0000000000000
-204.8000000000000 -0.0000000000000
-202.2400000000000 -0.0000000000000
-199.6800000000000 -0.0000000000000
-197.1200000000000 -0.0000000000000
-194.5600000000000 -0.0000000000000
-192.0000000000000 -0.0000000000000
-189.4400000000000 -0.0000000000000
-186.8800000000000 -0.0000000000000
-184.3200000000000 -0.0000000000001
-181.7600000000000 -0.0000000000001
-179.2000000000000 -0.0000000000000
-176.6400000000000 -0.0000000000000
-174.0800000000000 -0.0000000000003
-171.5200000000000 -0.0000000000008
-168.9600000000000 0.0000000000037
-166.4000000000000 0.0000000000137
-163.8400000000000 -0.0000000000466
-161.2800000000000 -0.0000000002197
-158.7200000000000 0.0000000003628
-156.1600000000000 0.0000000029729
-153.6000000000000 0.0000000013541
-151.0400000000000 -0.0000000224660
-148.4800000000000 -0.0000000638835
-145.9200000000000 -0.0000000667640
-143.3600000000000 -0.0000000136612
-140.8000000000000 0.0000000190503
-139.5200000000000 0.0000000206809
-138.2400000000000 0.0000000198252
-138.2400000000000 0.0000000198252
-136.9600000000000 0.0000000250564
-135.6800000000000 0.0000000305015
-135.6800000000000 0.0000000305015
-134.4000000000000 0.0000000299908
-133.1200000000000 0.0000000280948
-133.1200000000000 0.0000000280948
-131.8400000000000 0.0000000294256
-130.5600000000000 0.0000000283480
-130.5600000000000 0.0000000283480
-129.2800000000000 0.0000000190319
-128.0000000000000 0.0000000117921
-128.0000000000000 0.0000000117921
-126.7200000000000 0.0000000176803
-125.4400000000000 0.0000000214681
-125.4400000000000 0.0000000214681
-124.1600000000000 0.0000000121448
-122.8800000000000 -0.0000000004290
-122.8800000000000 -0.0000000004290
-121.6000000000000 -0.0000000060866
-120.3200000000000 -0.0000000071567
-120.3200000000000 -0.0000000071567
-119.0400000000000 -0.0000000089506
-117.7600000000000 -0.0000000147648
-117.7600000000000 -0.0000000147648
-116.4800000000000 -0.0000000270131
-115.2000000000000 -0.0000000423929
-115.2000000000000 -0.0000000423929
-113.9200000000000 -0.0000000496700
-112.6400000000000 -0.0000000505871
-112.6400000000000 -0.0000000505871
-111.3600000000000 -0.0000000604335
-110.0800000000000 -0.0000000796866
-110.0800000000000 -0.0000000796866
-108.8000000000000 -0.0000000981755
-107.5200000000000 -0.0000001145934
-107.5200000000000 -0.0000001145934
-106.2400000000000 -0.0000001325597
-104.9600000000000 -0.0000001517696
-104.9600000000000 -0.0000001517696
-103.6800000000000 -0.0000001760002
-102.4000000000000 -0.0000002073833
-102.4000000000000 -0.0000002073833
-101.1200000000000 -0.0000002415759
-99.8400000000000 -0.0000002781900
-99.8400000000000 -0.0000002781900
-98.5600000000000 -0.0000003217711
-97.2800000000000 -0.0000003722158
-97.2800000000000 -0.0000003722158
-96.0000000000000 -0.0000004299908
-94.7200000000000 -0.0000004964029
-94.7200000000000 -0.0000004964029
-93.4400000000000 -0.0000005731874
-92.1600000000000 -0.0000006640816
-92.1600000000000 -0.0000006640816
-90.8800000000000 -0.0000007678726
-89.6000000000000 -0.0000008804854
-89.6000000000000 -0.0000008804854
-88.3200000000000 -0.0000010110170
-87.0400000000000 -0.0000011747801
-87.0400000000000 -0.0000011747801
-85.7600000000000 -0.0000013690100
-84.4800000000000 -0.0000015783247
-84.4800000000000 -0.0000015783247
-83.2000000000000 -0.0000018130986
-81.9200000000000 -0.0000020999397
-81.9200000000000 -0.0000020999397
-80.6400000000000 -0.0000024319391
-79.3600000000000 -0.0000028028666
-79.3600000000000 -0.0000028028666
-78.0800000000000 -0.0000032382727
-76.8000000000000 -0.0000037482240
-76.8000000000000 -0.0000037482240
-75.5200000000000 -0.0000043389811
-74.2400000000000 -0.0000050279740
-74.2400000000000 -0.0000050279740
-72.9600000000000 -0.0000058178113
-71.6800000000000 -0.0000067321283
-71.6800000000000 -0.0000067321283
-70.4000000000000 -0.0000078056970
-69.1200000000000 -0.0000090505907
-69.1200000000000 -0.0000090505907
-67.8400000000000 -0.0000104912005
-66.5600000000000 -0.0000121645056
-66.5600000000000 -0.0000121645056
-65.2800000000000 -0.0000141205375
-64.0000000000000 -0.0000163922020
-64.0000000000000 -0.0000163922020
-62.7200000000000 -0.0000190174610
-61.4400000000000 -0.0000220706106
-61.4400000000000 -0.0000220706106
-60.1600000000000 -0.0000256755304
-58.8800000000000 -0.0000299875770
-58.8800000000000 -0.0000299875770
-57.6000000000000 -0.0000350647908
-56.3200000000000 -0.0000409967912
-56.3200000000000 -0.0000409967912
-55.0400000000000 -0.0000478801345
-53.7600000000000 -0.0000559128288
-53.7600000000000 -0.0000559128288
-52.4800000000000 -0.0000653278926
-51.2000000000000 -0.0000763903311
-51.2000000000000 -0.0000763903311
-49.9200000000000 -0.0000893891490
-48.6400000000000 -0.0001046756063
-48.6400000000000 -0.0001046756063
-47.3600000000000 -0.0001226716181
-46.0800000000000 -0.0001438956842
-46.0800000000000 -0.0001438956842
-44.8000000000000 -0.0001689250019
-43.5200000000000 -0.0001985013809
-43.5200000000000 -0.0001985013809
-42.2400000000000 -0.0002334947132
-40.9600000000000 -0.0002749139323
-40.9600000000000 -0.0002749139323
-39.6800000000000 -0.0003240710777
-38.4000000000000 -0.0003826102434
-38.4000000000000 -0.0003826102434
-37.7600000000000 -0.0004159753759
-37.1200000000000 -0.0004524285767
-37.1200000000000 -0.0004524285767
-36.4800000000000 -0.0004922733915
-35.8400000000000 -0.0005358605112
-35.8400000000000 -0.0005358605112
-35.8400000000000 -0.0005358605112
-35.2000000000000 -0.0005835727116
-34.5600000000000 -0.0006358070487
-34.5600000000000 -0.0006358070487
-33.9200000000000 -0.0006930022150
-33.2800000000000 -0.0007556146996
-33.2800000000000 -0.0007556146996
-33.2800000000000 -0.0007556146996
-32.6400000000000 -0.0008241564693
-32.0000000000000 -0.0008992437857
-32.0000000000000 -0.0008992437857
-31.3600000000000 -0.0009815523498
-30.7200000000000 -0.0010718754955
-30.7200000000000 -0.0010718754955
-30.7200000000000 -0.0010718754955
-30.0800000000000 -0.0011710432505
-29.4400000000000 -0.0012799218046
-29.4400000000000 -0.0012799218046
-28.8000000000000 -0.0013995142671
-28.1600000000000 -0.0015309904788
-28.1600000000000 -0.0015309904788
-28.1600000000000 -0.0015309904788
-27.5200000000000 -0.0016755954852
-26.8800000000000 -0.0018346880288
-26.8800000000000 -0.0018346880288
-26.2400000000000 -0.0020100070736
-25.6000000000000 -0.0022035450961
-25.6000000000000 -0.0022035450961
-25.6000000000000 -0.0022035450961
-24.9600000000000 -0.0024168677373
-24.3200000000000 -0.0026517106920
-24.3200000000000 -0.0026517106920
-23.6800000000000 -0.0029117346369
-23.0400000000000 -0.0032013156469
-23.0400000000000 -0.0032013156469
-23.0400000000000 -0.0032013156469
-22.7200000000000 -0.0033580940279
-22.4000000000000 -0.0035234175126
-22.4000000000000 -0.0035234175126
-22.0800000000000 -0.0036977446501
-21.7600000000000 -0.0038816672419
-21.7600000000000 -0.0038816672419
-21.7600000000000 -0.0038816672419
-21.4400000000000 -0.0040758255963
-21.1200000000000 -0.0042806707062
-21.1200000000000 -0.0042806707062
-20.8000000000000 -0.0044967144668
-20.4800000000000 -0.0047247907245
-20.4800000000000 -0.0047247907245
-20.4800000000000 -0.0047247907245
-20.4800000000000 -0.0047247907245
-20.1600000000000 -0.0049657960628
-19.8400000000000 -0.0052206398068
-19.8400000000000 -0.0052206398068
-19.5200000000000 -0.0054902916264
-19.2000000000000 -0.0057757041959
-19.2000000000000 -0.0057757041959
-19.2000000000000 -0.0057757041959
-18.8800000000000 -0.0060778648225
-18.5600000000000 -0.0063978610687
-18.5600000000000 -0.0063978610687
-18.2400000000000 -0.0067369351576
-17.9200000000000 -0.0070964745855
-17.9200000000000 -0.0070964745855
-17.9200000000000 -0.0070964745855
-17.9200000000000 -0.0070964745855
-17.6000000000000 -0.0074779613205
-17.2800000000000 -0.0078829607803
-17.2800000000000 -0.0078829607803
-16.9600000000000 -0.0083131760699
-16.6400000000000 -0.0087704603955
-16.6400000000000 -0.0087704603955
-16.6400000000000 -0.0087704603955
-16.3200000000000 -0.0092567551690
-16.0000000000000 -0.0097741641249
-16.0000000000000 -0.0097741641249
-15.6800000000000 -0.0103251516269
-15.5200000000000 -0.0106140983867
-15.3600000000000 -0.0109124745355
-15.3600000000000 -0.0109124745355
-15.3600000000000 -0.0109124745355
-15.3600000000000 -0.0109124745355
-15.3600000000000 -0.0109124745355
-15.2000000000000 -0.0112206348739
-15.0400000000000 -0.0115389361813
-15.0400000000000 -0.0115389361813
-14.8800000000000 -0.0118677527358
-14.7200000000000 -0.0122075015937
-14.7200000000000 -0.0122075015937
-14.7200000000000 -0.0122075015937
-14.5600000000000 -0.0125586229181
-14.4000000000000 -0.0129215861126
-14.4000000000000 -0.0129215861126
-14.2400000000000 -0.0132968855043
-14.0800000000000 -0.0136850318079
-14.0800000000000 -0.0136850318079
-14.0800000000000 -0.0136850318079
-14.0800000000000 -0.0136850318079
-13.9200000000000 -0.0140865600500
-13.7600000000000 -0.0145020290659
-13.7600000000000 -0.0145020290659
-13.6000000000000 -0.0149320231191
-13.4400000000000 -0.0153771529853
-13.4400000000000 -0.0153771529853
-13.4400000000000 -0.0153771529853
-13.2800000000000 -0.0158380581455
-13.1200000000000 -0.0163154111768
-13.1200000000000 -0.0163154111768
-12.9600000000000 -0.0168099241568
-12.8000000000000 -0.0173223550316
-12.8000000000000 -0.0173223550316
-12.8000000000000 -0.0173223550316
-12.8000000000000 -0.0173223550316
-12.8000000000000 -0.0173223550316
-12.6400000000000 -0.0178535115735
-12.4800000000000 -0.0184042515882
-12.4800000000000 -0.0184042515882
-12.3200000000000 -0.0189754794447
-12.1600000000000 -0.0195681422193
-12.1600000000000 -0.0195681422193
-12.1600000000000 -0.0195681422193
-12.0000000000000 -0.0201832301155
-11.8400000000000 -0.0208217818769
-11.8400000000000 -0.0208217818769
-11.6800000000000 -0.0214848937122
-11.5200000000000 -0.0221737306538
-11.5200000000000 -0.0221737306538
-11.5200000000000 -0.0221737306538
-11.5200000000000 -0.0221737306538
-11.3600000000000 -0.0228895368713
-11.2000000000000 -0.0236336423362
-11.2000000000000 -0.0236336423362
-11.0400000000000 -0.0244074672462
-10.8800000000000 -0.0252125240102
-10.8800000000000 -0.0252125240102
-10.8800000000000 -0.0252125240102
-10.7200000000000 -0.0260504168254
-10.5600000000000 -0.0269228438684
-10.5600000000000 -0.0269228438684
-10.4000000000000 -0.0278316046857
-10.2400000000000 -0.0287786106726
-10.2400000000000 -0.0287786106726
-10.2400000000000 -0.0287786106726
-10.2400000000000 -0.0287786106726
-10.2400000000000 -0.0287786106726
-10.0800000000000 -0.0297658985502
-9.9200000000000 -0.0307956465040
-9.9200000000000 -0.0307956465040
-9.7600000000000 -0.0318701898515
-9.6000000000000 -0.0329920348853
-9.6000000000000 -0.0329920348853
-9.6000000000000 -0.0329920348853
-9.4400000000000 -0.0341638712775
-9.2800000000000 -0.0353885840838
-9.2800000000000 -0.0353885840838
-9.1200000000000 -0.0366692689512
-8.9600000000000 -0.0380092532564
-8.9600000000000 -0.0380092532564
-8.9600000000000 -0.0380092532564
-8.9600000000000 -0.0380092532564
-8.8000000000000 -0.0394121210904
-8.6400000000000 -0.0408817382301
-8.6400000000000 -0.0408817382301
-8.4800000000000 -0.0424222757119
-8.3200000000000 -0.0440382347574
-8.3200000000000 -0.0440382347574
-8.3200000000000 -0.0440382347574
-8.1600000000000 -0.0457344781368
-8.0000000000000 -0.0475162701573
-8.0000000000000 -0.0475162701573
-7.8400000000000 -0.0493893235178
-7.6800000000000 -0.0513598519542
-7.6800000000000 -0.0513598519542
-7.6800000000000 -0.0513598519542
-7.6800000000000 -0.0513598519542
-7.6800000000000 -0.0513598519542
-7.5200000000000 -0.0534346291137
-7.3600000000000 -0.0556210522752
-7.3600000000000 -0.0556210522752
-7.2000000000000 -0.0579272091924
-7.0400000000000 -0.0603619521537
-7.0400000000000 -0.0603619521537
-7.0400000000000 -0.0603619521537
-6.8800000000000 -0.0629349875193
-6.7200000000000 -0.0656569818375
-6.7200000000000 -0.0656569818375
-6.5600000000000 -0.0685396803279
-6.4000000000000 -0.0715960452204
-6.4000000000000 -0.0715960452204
-6.4000000000000 -0.0715960452204
-6.4000000000000 -0.0715960452204
-6.2400000000000 -0.0748404266841
-6.0800000000000 -0.0782887604910
-6.0800000000000 -0.0782887604910
-5.9200000000000 -0.0819587834888
-5.7600000000000 -0.0858702841910
-5.7600000000000 -0.0858702841910
-5.7600000000000 -0.0858702841910
-5.6000000000000 -0.0900454060342
-5.4400000000000 -0.0945089906720
-5.4400000000000 -0.0945089906720
-5.2800000000000 -0.0992889064348
-5.1200000000000 -0.1044153186448
-5.1200000000000 -0.1044159407370
-5.1200000000000 -0.1044159407370
-5.1200000000000 -0.1044159407370
-5.1200000000000 -0.1044153186448
-4.9600000000000 -0.1099203121553
-4.8000000000000 -0.1158201044168
-4.8000000000000 -0.1158201044168
-4.6400000000000 -0.1221266659970
-4.4800000000000 -0.1288492856294
-4.4800000000000 -0.1288492856294
-4.4800000000000 -0.1288492856294
-4.3200000000000 -0.1359956655463
-4.1600000000000 -0.1435695794541
-4.1600000000000 -0.1435695794541
-4.0000000000000 -0.1515705642735
-3.8400000000000 -0.1599924352825
-3.8400000000000 -0.1599924352825
-3.8400000000000 -0.1599924352825
-3.8400000000000 -0.1599924352825
-3.6800000000000 -0.1688223293884
-3.5200000000000 -0.1780391950363
-3.5200000000000 -0.1780391950363
-3.3600000000000 -0.1876124502695
-3.2000000000000 -0.1975004508473
-3.2000000000000 -0.1975004508473
-3.2000000000000 -0.1975004508473
-3.0400000000000 -0.2076491478819
-2.8800000000000 -0.2179907939186
-2.8800000000000 -0.2179907939186
-2.7200000000000 -0.2284431993664
-2.5600000000000 -0.2389092424897
-2.5600000000000 -0.2389092234354
-2.5600000000000 -0.2389092424897
-2.5600000000000 -0.2389092234354
-2.5600000000000 -0.2389092424897
-2.4000000000000 -0.2492773214549
-2.2400000000000 -0.2594233062754
-2.2400000000000 -0.2594233062754
-2.0800000000000 -0.2692126539655
-1.9200000000000 -0.2785063355397
-1.9200000000000 -0.2785063355397
-1.9200000000000 -0.2785063355397
-1.7600000000000 -0.2871654677098
-1.6000000000000 -0.2950625073985
-1.6000000000000 -0.2950625073985
-1.4400000000000 -0.3020863126559
-1.2800000000000 -0.3081593977473
-1.2800000000000 -0.3081593977473
-1.2800000000000 -0.3081593977473
-1.2800000000000 -0.3081593977473
-1.1200000000000 -0.3132372900759
-0.9600000000000 -0.3173294538297
-0.9600000000000 -0.3173294538297
-0.8000000000000 -0.3204818043042
-0.6400000000000 -0.3227972232438
-0.6400000000000 -0.3227972232438
-0.6400000000000 -0.3227972232438
-0.4800000000000 -0.3243899296574
-0.3200000000000 -0.3254074254606
-0.3200000000000 -0.3254074254606
-0.1600000000000 -0.3259550852108
0.0000000000000 -0.3261305553116
0.0000000000000 -0.3261305553116
0.0000000000000 -0.3261305553116
0.0000000000000 -0.3261305553116
0.0000000000000 -0.3261305553116
0.1600000000000 -0.3259550852839
0.3200000000000 -0.3254074256032
0.3200000000000 -0.3254074256032
0.4800000000000 -0.3243899298637
0.6400000000000 -0.3227972235054
0.6400000000000 -0.3227972235054
0.6400000000000 -0.3227972235054
0.8000000000000 -0.3204818046124
0.9600000000000 -0.3173294541755
0.9600000000000 -0.3173294541755
1.1200000000000 -0.3132372904497
1.2800000000000 -0.3081593981406
1.2800000000000 -0.3081593981406
1.2800000000000 -0.3081593981406
1.2800000000000 -0.3081593981406
1.4400000000000 -0.3020863130609
1.6000000000000 -0.2950625078092
1.6000000000000 -0.2950625078092
1.7600000000000 -0.2871654681195
1.9200000000000 -0.2785063359446
1.9200000000000 -0.2785063359446
1.9200000000000 -0.2785063359446
2.0800000000000 -0.2692126543612
2.2400000000000 -0.2594233066596
2.2400000000000 -0.2594233066596
2.4000000000000 -0.2492773218247
2.5600000000000 -0.2389092237889
2.5600000000000 -0.2389092237889
2.5600000000000 -0.2389092237889
2.5600000000000 -0.2389092237889
2.5600000000000 -0.2389092237889
2.7200000000000 -0.2284431997027
2.8800000000000 -0.2179907942367
2.8800000000000 -0.2179907942367
3.0400000000000 -0.2076491481808
3.2000000000000 -0.1975004511255
3.2000000000000 -0.1975004511255
3.2000000000000 -0.1975004511255
3.3600000000000 -0.1876124505266
3.5200000000000 -0.1780391952706
3.5200000000000 -0.1780391952706
3.6800000000000 -0.1688223295984
3.8400000000000 -0.1599924163855
3.8400000000000 -0.1599924354661
3.8400000000000 -0.1599924163855
3.8400000000000 -0.1599924354661
4.0000000000000 -0.1515705644282
4.1600000000000 -0.1435695795784
4.1600000000000 -0.1435695795784
4.3200000000000 -0.1359956656403
4.4800000000000 -0.1288492856942
4.4800000000000 -0.1288492856942
4.4800000000000 -0.1288492856942
4.6400000000000 -0.1221266660345
4.8000000000000 -0.1158201044276
4.8000000000000 -0.1158201044276
4.9600000000000 -0.1099203121446
5.1200000000000 -0.1044159407084
5.1200000000000 -0.1044159407084
5.1200000000000 -0.1044159407084
5.1200000000000 -0.1044159407084
5.1200000000000 -0.1044159407084
5.2800000000000 -0.0992889063935
5.4400000000000 -0.0945089906201
5.4400000000000 -0.0945089906201
5.6000000000000 -0.0900454059730
5.7600000000000 -0.0858702841216
5.7600000000000 -0.0858702841216
5.7600000000000 -0.0858702841216
5.9200000000000 -0.0819587834118
6.0800000000000 -0.0782887604070
6.0800000000000 -0.0782887604070
6.2400000000000 -0.0748404265935
6.4000000000000 -0.0715960451235
6.4000000000000 -0.0715960451235
6.4000000000000 -0.0715960451235
6.4000000000000 -0.0715960451235
6.5600000000000 -0.0685396802252
6.7200000000000 -0.0656569817297
6.7200000000000 -0.0656569817297
6.8800000000000 -0.0629349874067
7.0400000000000 -0.0603619520367
7.0400000000000 -0.0603619520367
7.0400000000000 -0.0603619520367
7.2000000000000 -0.0579272090711
7.3600000000000 -0.0556210521496
7.3600000000000 -0.0556210521496
7.5200000000000 -0.0534346289840
7.6800000000000 -0.0513598518209
7.6800000000000 -0.0513598518209
7.6800000000000 -0.0513598518209
7.6800000000000 -0.0513598518209
7.6800000000000 -0.0513598518209
7.8400000000000 -0.0493893233811
8.0000000000000 -0.0475162700178
8.0000000000000 -0.0475162700178
8.1600000000000 -0.0457344779949
8.3200000000000 -0.0440382346133
8.3200000000000 -0.0440382346133
8.3200000000000 -0.0440382346133
8.4800000000000 -0.0424222755658
8.6400000000000 -0.0408817380817
8.6400000000000 -0.0408817380817
8.8000000000000 -0.0394121209395
8.9600000000000 -0.0380092531025
8.9600000000000 -0.0380092531025
8.9600000000000 -0.0380092531025
8.9600000000000 -0.0380092531025
9.1200000000000 -0.0366692687937
9.2800000000000 -0.0353885839225
9.2800000000000 -0.0353885839225
9.4400000000000 -0.0341638711119
9.6000000000000 -0.0329920347155
9.6000000000000 -0.0329920347155
9.6000000000000 -0.0329920347155
9.7600000000000 -0.0318701896777
9.9200000000000 -0.0307956463268
9.9200000000000 -0.0307956463268
10.0800000000000 -0.0297658983706
10.2400000000000 -0.0287786105070
10.2400000000000 -0.0287786104922
10.2400000000000 -0.0287786105070
10.2400000000000 -0.0287786104922
10.2400000000000 -0.0287786105070
10.4000000000000 -0.0278316045067
10.5600000000000 -0.0269228436936
10.5600000000000 -0.0269228436936
10.7200000000000 -0.0260504166580
10.8800000000000 -0.0252125238538
10.8800000000000 -0.0252125238538
10.8800000000000 -0.0252125238538
11.0400000000000 -0.0244074671044
11.2000000000000 -0.0236336422126
11.2000000000000 -0.0236336422126
11.3600000000000 -0.0228895367689
11.5200000000000 -0.0221737305750
11.5200000000000 -0.0221737305750
11.5200000000000 -0.0221737305750
11.5200000000000 -0.0221737305750
11.6800000000000 -0.0214848936583
11.8400000000000 -0.0208217818481
11.8400000000000 -0.0208217818481
12.0000000000000 -0.0201832301112
12.1600000000000 -0.0195681422377
12.1600000000000 -0.0195681422377
12.1600000000000 -0.0195681422377
12.3200000000000 -0.0189754794835
12.4800000000000 -0.0184042516443
12.4800000000000 -0.0184042516443
12.6400000000000 -0.0178535116433
12.8000000000000 -0.0173223551116
12.8000000000000 -0.0173223551116
12.8000000000000 -0.0173223551116
12.8000000000000 -0.0173223551116
12.8000000000000 -0.0173223551116
12.9600000000000 -0.0168099242432
13.1200000000000 -0.0163154112664
13.1200000000000 -0.0163154112664
13.2800000000000 -0.0158380582350
13.4400000000000 -0.0153771530722
13.4400000000000 -0.0153771530722
13.4400000000000 -0.0153771530722
13.6000000000000 -0.0149320232010
13.7600000000000 -0.0145020291409
13.7600000000000 -0.0145020291409
13.9200000000000 -0.0140865601168
14.0800000000000 -0.0136850318653
14.0800000000000 -0.0136850318653
14.0800000000000 -0.0136850318653
14.0800000000000 -0.0136850318653
14.2400000000000 -0.0132968855516
14.4000000000000 -0.0129215861494
14.4000000000000 -0.0129215861494
14.5600000000000 -0.0125586229441
14.7200000000000 -0.0122075016090
14.7200000000000 -0.0122075016090
14.7200000000000 -0.0122075016090
14.8800000000000 -0.0118677527404
15.0400000000000 -0.0115389361755
15.0400000000000 -0.0115389361755
15.2000000000000 -0.0112206348580
15.3600000000000 -0.0109124745099
15.3600000000000 -0.0109124745099
15.3600000000000 -0.0109124745099
15.3600000000000 -0.0109124745099
15.3600000000000 -0.0109124745099
15.5200000000000 -0.0106140983518
15.6800000000000 -0.0103251515832
16.0000000000000 -0.0097741640653
16.0000000000000 -0.0097741640653
16.3200000000000 -0.0092567550955
16.6400000000000 -0.0087704589708
16.6400000000000 -0.0087704603102
16.6400000000000 -0.0087704603102
16.9600000000000 -0.0083131759748
17.2800000000000 -0.0078829606771
17.2800000000000 -0.0078829606771
17.6000000000000 -0.0074779612106
17.9200000000000 -0.0070964744704
17.9200000000000 -0.0070964744704
17.9200000000000 -0.0070964744704
17.9200000000000 -0.0070964744704
18.2400000000000 -0.0067369350385
18.5600000000000 -0.0063978609469
18.5600000000000 -0.0063978609469
18.8800000000000 -0.0060778646991
19.2000000000000 -0.0057757040717
19.2000000000000 -0.0057757040717
19.2000000000000 -0.0057757040717
19.5200000000000 -0.0054902915022
19.8400000000000 -0.0052206396831
19.8400000000000 -0.0052206396831
20.1600000000000 -0.0049657959402
20.4800000000000 -0.0047247906034
20.4800000000000 -0.0047247906034
20.4800000000000 -0.0047247906034
20.4800000000000 -0.0047247906034
20.8000000000000 -0.0044967143476
21.1200000000000 -0.0042806705893
21.1200000000000 -0.0042806705893
21.4400000000000 -0.0040758254820
21.7600000000000 -0.0038816671305
21.7600000000000 -0.0038816671305
21.7600000000000 -0.0038816671305
22.0800000000000 -0.0036977445419
22.4000000000000 -0.0035234174077
22.4000000000000 -0.0035234174077
22.7200000000000 -0.0033580939266
23.0400000000000 -0.0032013155494
23.0400000000000 -0.0032013155494
23.0400000000000 -0.0032013175923
23.6800000000000 -0.0029117345476
24.3200000000000 -0.0026517106115
24.3200000000000 -0.0026517106115
24.9600000000000 -0.0024168676661
25.6000000000000 -0.0022035450343
25.6000000000000 -0.0022035450343
25.6000000000000 -0.0022035450343
26.2400000000000 -0.0020100070208
26.8800000000000 -0.0018346879855
26.8800000000000 -0.0018346879855
27.5200000000000 -0.0016755954521
28.1600000000000 -0.0015309904563
28.1600000000000 -0.0015309904563
28.1600000000000 -0.0015309904563
28.8000000000000 -0.0013995142550
29.4400000000000 -0.0012799218026
29.4400000000000 -0.0012799218026
30.0800000000000 -0.0011710432613
30.7200000000000 -0.0010718755239
30.7200000000000 -0.0010718755239
30.7200000000000 -0.0010718755239
31.3600000000000 -0.0009815523980
32.0000000000000 -0.0008992438516
32.0000000000000 -0.0008992438516
32.6400000000000 -0.0008241565483
33.2800000000000 -0.0007556147870
33.2800000000000 -0.0007556147870
33.2800000000000 -0.0007556147870
33.9200000000000 -0.0006930023068
34.5600000000000 -0.0006358071374
34.5600000000000 -0.0006358071374
35.2000000000000 -0.0005835727870
35.8400000000000 -0.0005358605672
35.8400000000000 -0.0005358605672
35.8400000000000 -0.0005358605672
36.4800000000000 -0.0004922734264
37.1200000000000 -0.0004524285935
37.1200000000000 -0.0004524285935
37.7600000000000 -0.0004159753817
38.4000000000000 -0.0003826102439
38.4000000000000 -0.0003826102439
39.6800000000000 -0.0003240710769
40.9600000000000 -0.0002749139323
40.9600000000000 -0.0002749139323
42.2400000000000 -0.0002334947132
43.5200000000000 -0.0001985013809
43.5200000000000 -0.0001985013809
44.8000000000000 -0.0001689250019
46.0800000000000 -0.0001438956842
46.0800000000000 -0.0001438956842
47.3600000000000 -0.0001226716181
48.6400000000000 -0.0001046756063
48.6400000000000 -0.0001046756063
49.9200000000000 -0.0000893891490
51.2000000000000 -0.0000763903311
51.2000000000000 -0.0000763903311
52.4800000000000 -0.0000653278926
53.7600000000000 -0.0000559128287
53.7600000000000 -0.0000559128287
55.0400000000000 -0.0000478801345
56.3200000000000 -0.0000409967912
56.3200000000000 -0.0000409967912
57.6000000000000 -0.0000350647908
58.8800000000000 -0.0000299875770
58.8800000000000 -0.0000299875770
60.1600000000000 -0.0000256755304
61.4400000000000 -0.0000220706106
61.4400000000000 -0.0000220706106
62.7200000000000 -0.0000190174610
64.0000000000000 -0.0000163922020
64.0000000000000 -0.0000163922020
65.2800000000000 -0.0000141205375
66.5600000000000 -0.0000121645056
66.5600000000000 -0.0000121645056
67.8400000000000 -0.0000104912005
69.1200000000000 -0.0000090505907
69.1200000000000 -0.0000090505907
70.4000000000000 -0.0000078056970
71.6800000000000 -0.0000067321283
71.6800000000000 -0.0000067321283
72.9600000000000 -0.0000058178113
74.2400000000000 -0.0000050279740
74.2400000000000 -0.0000050279740
75.5200000000000 -0.0000043389811
76.8000000000000 -0.0000037482240
76.8000000000000 -0.0000037482240
78.0800000000000 -0.0000032382727
79.3600000000000 -0.0000028028666
79.3600000000000 -0.0000028028666
80.6400000000000 -0.0000024319391
81.9200000000000 -0.0000020999397
81.9200000000000 -0.0000020999397
83.2000000000000 -0.0000018130986
84.4800000000000 -0.0000015783247
84.4800000000000 -0.0000015783247
85.7600000000000 -0.0000013690100
87.0400000000000 -0.0000011747801
87.0400000000000 -0.0000011747801
88.3200000000000 -0.0000010110170
89.6000000000000 -0.0000008804854
89.6000000000000 -0.0000008804854
90.8800000000000 -0.0000007678726
92.1600000000000 -0.0000006640816
92.1600000000000 -0.0000006640816
93.4400000000000 -0.0000005731874
94.7200000000000 -0.0000004964029
94.7200000000000 -0.0000004964029
96.0000000000000 -0.0000004299908
97.2800000000000 -0.0000003722158
97.2800000000000 -0.0000003722158
98.5600000000000 -0.0000003217711
99.8400000000000 -0.0000002781900
99.8400000000000 -0.0000002781900
101.1200000000000 -0.0000002415759
102.4000000000000 -0.0000002073833
102.4000000000000 -0.0000002073833
103.6800000000000 -0.0000001760002
104.9600000000000 -0.0000001517696
104.9600000000000 -0.0000001517696
106.2400000000000 -0.0000001325597
107.5200000000000 -0.0000001145934
107.5200000000000 -0.0000001145934
108.8000000000000 -0.0000000981755
110.0800000000000 -0.0000000796866
110.0800000000000 -0.0000000796866
111.3600000000000 -0.0000000604335
112.6400000000000 -0.0000000505871
112.6400000000000 -0.0000000505871
113.9200000000000 -0.0000000496700
115.2000000000000 -0.0000000423929
115.2000000000000 -0.0000000423929
116.4800000000000 -0.0000000270131
117.7600000000000 -0.0000000147648
117.7600000000000 -0.0000000147648
119.0400000000000 -0.0000000089506
120.3200000000000 -0.0000000071567
120.3200000000000 -0.0000000071567
121.6000000000000 -0.0000000060866
122.8800000000000 -0.0000000004290
122.8800000000000 -0.0000000004290
124.1600000000000 0.0000000121448
125.4400000000000 0.0000000214681
125.4400000000000 0.0000000214681
126.7200000000000 0.0000000176803
128.0000000000000 0.0000000117921
128.0000000000000 0.0000000117921
129.2800000000000 0.0000000190319
130.5600000000000 0.0000000283480
130.5600000000000 0.0000000283480
131.8400000000000 0.0000000294256
133.1200000000000 0.0000000280948
133.1200000000000 0.0000000280948
134.4000000000000 0.0000000299908
135.6800000000000 0.0000000305015
135.6800000000000 0.0000000305015
136.9600000000000 0.0000000250564
138.2400000000000 0.0000000198252
138.2400000000000 0.0000000198252
139.5200000000000 0.0000000206809
140.8000000000000 0.0000000190503
143.3600000000000 -0.0000000136612
145.9200000000000 -0.0000000667640
148.4800000000000 -0.0000000638835
151.0400000000000 -0.0000000224660
153.6000000000000 0.0000000013541
156.1600000000000 0.0000000029729
158.7200000000000 0.0000000003628
161.2800000000000 -0.0000000002197
163.8400000000000 -0.0000000000466
166.4000000000000 0.0000000000137
168.9600000000000 0.0000000000037
171.5200000000000 -0.0000000000008
174.0800000000000 -0.0000000000003
176.6400000000000 -0.0000000000000
179.2000000000000 -0.0000000000000
181.7600000000000 -0.0000000000001
184.3200000000000 -0.0000000000001
186.8800000000000 -0.0000000000000
189.4400000000000 -0.0000000000000
192.0000000000000 -0.0000000000000
194.5600000000000 -0.0000000000000
197.1200000000000 -0.0000000000000
199.6800000000000 -0.0000000000000
202.2400000000000 -0.0000000000000
204.8000000000000 -0.0000000000000
207.3600000000000 -0.0000000000000
209.9200000000000 -0.0000000000000
212.4800000000000 -0.0000000000000
215.0400000000000 -0.0000000000000
217.6000000000000 -0.0000000000000
220.1600000000000 -0.0000000000000
222.7200000000000 -0.0000000000000
225.2800000000000 -0.0000000000000
227.8400000000000 -0.0000000000000
230.4000000000000 -0.0000000000000
232.9600000000000 -0.0000000000000
235.5200000000000 -0.0000000000000
238.0800000000000 -0.0000000000000
240.6400000000000 -0.0000000000000
243.2000000000000 -0.0000000000000
245.7600000000000 -0.0000000000000
248.3200000000000 -0.0000000000000
250.8800000000000 -0.0000000000000
253.4400000000000 -0.0000000000000
256.0000000000000 -0.0000000000000
258.5600000000000 -0.0000000000000
261.1200000000000 -0.0000000000000
263.6800000000000 -0.0000000000000
266.2400000000000 -0.0000000000000
268.8000000000000 -0.0000000000000
271.3600000000000 -0.0000000000000
273.9200000000000 -0.0000000000000
276.4800000000000 -0.0000000000000
279.0400000000000 -0.0000000000000
281.6000000000000 -0.0000000000000
284.1600000000000 -0.0000000000000
286.7200000000000 -0.0000000000000
289.2800000000000 -0.0000000000000
291.8400000000000 -0.0000000000000
294.4000000000000 -0.0000000000000
296.9600000000000 -0.0000000000000
299.5200000000000 -0.0000000000000
302.0800000000000 -0.0000000000000
304.6400000000000 -0.0000000000000
307.2000000000000 -0.0000000000000
309.7600000000000 -0.0000000000000
312.3200000000000 -0.0000000000000
314.8800000000000 -0.0000000000000
317.4400000000000 -0.0000000000000
