# x phi
-317.4400000000000 -0.0000000000000
-314.8800000000000 -0.0000000000000
-312.3200000000000 -0.0000000000000
-309.7600000000000 -0.0000000000000
-307.2000000000000 -0.0000000000000
-304.6400000000000 -0.0000000000000
-302.0800000000000 -0.0000000000000
-299.5200000000000 -0.0000000000000
-296.9600000000000 -0.0000000000000
-294.4000000000000 -0.0000000000000
-291.8400000000000 -0.0000000000000
-289.2800000000000 -0.0000000000000
-286.7200000000000 -0.0000000000000
-284.1600000000000 -0.0000000000000
-281.6000000000000 -0.0000000000000
-279.0400000000000 -0.0000000000000
-276.4800000000000 -0.0000000000000
-273.9200000000000 0.0000000000000
-271.3600000000000 0.0000000000000
-268.8000000000000 0.0000000000000
-266.2400000000000 0.0000000000000
-263.6800000000000 0.0000000000000
-261.1200000000000 0.0000000000000
-258.5600000000000 0.0000000000000
-256.0000000000000 0.0000000000000
-253.4400000000000 -0.0000000000001
-250.8800000000000 -0.0000000000002
-248.3200000000000 0.0000000000004
-245.7600000000000 0.0000000000027
-243.2000000000000 0.0000000000014
-240.6400000000000 -0.0000000000202
-238.0800000000000 -0.0000000000493
-235.5200000000000 0.0000000000533
-232.9600000000000 0.0000000004579
-230.4000000000000 0.0000000006698
-227.8400000000000 -0.0000000011663
-225.2800000000000 -0.0000000065078
-222.7200000000000 -0.0000000115030
-220.1600000000000 -0.0000000060506
-217.6000000000000 0.0000000144272
-215.0400000000000 0.0000000350817
-212.4800000000000 0.0000000326920
-209.9200000000000 0.0000000072775
-207.3600000000000 -0.0000000150901
-204.8000000000000 -0.0000000202954
-202.2400000000000 -0.0000000211558
-199.6800000000000 -0.0000000254953
-197.1200000000000 -0.0000000245700
-194.5600000000000 -0.0000000179737
-192.0000000000000 -0.0000000131879
-189.4400000000000 -0.0000000083465
-186.8800000000000 -0.0000000016985
-184.3200000000000 0.0000000031662
-181.7600000000000 0.0000000071983
-179.2000000000000 0.0000000111899
-176.6400000000000 0.0000000135406
-174.0800000000000 0.0000000152750
-171.5200000000000 0.0000000163656
-168.9600000000000 0.0000000165127
-166.4000000000000 0.0000000164106
-163.8400000000000 0.0000000157893
-161.2800000000000 0.0000000148355
-158.7200000000000 0.0000000129722
-156.1600000000000 0.0000000106389
-153.6000000000000 0.0000000098082
-151.0400000000000 0.0000000095481
-148.4800000000000 0.0000000072799
-145.9200000000000 0.0000000042533
-143.3600000000000 0.0000000026254
-140.8000000000000 0.0000000007771
-139.5200000000000 -0.0000000003173
-138.2400000000000 -0.0000000013443
-138.2400000000000 -0.0000000013443
-136.9600000000000 -0.0000000020983
-135.6800000000000 -0.0000000029920
-135.6800000000000 -0.0000000029920
-134.4000000000000 -0.0000000044617
-133.1200000000000 -0.0000000060211
-133.1200000000000 -0.0000000060211
-131.8400000000000 -0.0000000071394
-130.5600000000000 -0.0000000085614
-130.5600000000000 -0.0000000085614
-129.2800000000000 -0.0000000110774
-128.0000000000000 -0.0000000134012
-128.0000000000000 -0.0000000134012
-126.7200000000000 -0.0000000140514
-125.4400000000000 -0.0000000153708
-125.4400000000000 -0.0000000153708
-124.1600000000000 -0.0000000187236
-122.8800000000000 -0.0000000224132
-122.8800000000000 -0.0000000224132
-121.6000000000000 -0.0000000249042
-120.3200000000000 -0.0000000273265
-120.3200000000000 -0.0000000273265
-119.0400000000000 -0.0000000318562
-117.7600000000000 -0.0000000383338
-117.7600000000000 -0.0000000383338
-116.4800000000000 -0.0000000438325
-115.2000000000000 -0.0000000469479
-115.2000000000000 -0.0000000469479
-113.9200000000000 -0.0000000512530
-112.6400000000000 -0.0000000624192
-112.6400000000000 -0.0000000624192
-111.3600000000000 -0.0000000839275
-110.0800000000000 -0.0000001196383
-110.0800000000000 -0.0000001196383
-108.8000000000000 -0.0000001789826
-107.5200000000000 -0.0000002715660
-107.5200000000000 -0.0000002715660
-106.2400000000000 -0.0000003908005
-104.9600000000000 -0.0000005060092
-104.9600000000000 -0.0000005060092
-103.6800000000000 -0.0000005789387
-102.4000000000000 -0.0000005908094
-102.4000000000000 -0.0000005908094
-101.1200000000000 -0.0000005490590
-99.8400000000000 -0.0000004687680
-99.8400000000000 -0.0000004687680
-98.5600000000000 -0.0000003547253
-97.2800000000000 -0.0000001997450
-97.2800000000000 -0.0000001997450
-96.0000000000000 0.0000000067302
-94.7200000000000 0.0000002638630
-94.7200000000000 0.0000002638630
-93.4400000000000 0.0000005464546
-92.1600000000000 0.0000008114007
-92.1600000000000 0.0000008114007
-90.8800000000000 0.0000010169388
-89.6000000000000 0.0000011269977
-89.6000000000000 0.0000011269977
-88.3200000000000 0.0000011055901
-87.0400000000000 0.0000009274852
-87.0400000000000 0.0000009274852
-85.7600000000000 0.0000005924577
-84.4800000000000 0.0000001157908
-84.4800000000000 0.0000001157908
-83.2000000000000 -0.0000004862910
-81.9200000000000 -0.0000011890217
-81.9200000000000 -0.0000011890217
-80.6400000000000 -0.0000019518544
-79.3600000000000 -0.0000027357247
-79.3600000000000 -0.0000027357247
-78.0800000000000 -0.0000035196241
-76.8000000000000 -0.0000042974569
-76.8000000000000 -0.0000042974569
-75.5200000000000 -0.0000050733665
-74.2400000000000 -0.0000058593067
-74.2400000000000 -0.0000058593067
-72.9600000000000 -0.0000066711527
-71.6800000000000 -0.0000075363743
-71.6800000000000 -0.0000075363743
-70.4000000000000 -0.0000084932503
-69.1200000000000 -0.0000095604543
-69.1200000000000 -0.0000095604543
-67.8400000000000 -0.0000107279787
-66.5600000000000 -0.0000120000601
-66.5600000000000 -0.0000120000601
-65.2800000000000 -0.0000134271060
-64.0000000000000 -0.0000150823978
-64.0000000000000 -0.0000150823978
-62.7200000000000 -0.0000170310929
-61.4400000000000 -0.0000193434394
-61.4400000000000 -0.0000193434394
-60.1600000000000 -0.0000221189329
-58.8800000000000 -0.0000254677361
-58.8800000000000 -0.0000254677361
-57.6000000000000 -0.0000294782767
-56.3200000000000 -0.0000342254353
-56.3200000000000 -0.0000342254353
-55.0400000000000 -0.0000398039992
-53.7600000000000 -0.0000463269220
-53.7600000000000 -0.0000463269220
-52.4800000000000 -0.0000539091847
-51.2000000000000 -0.0000627186118
-51.2000000000000 -0.0000627186118
-49.9200000000000 -0.0000730085461
-48.6400000000000 -0.0000850578025
-48.6400000000000 -0.0000850578025
-47.3600000000000 -0.0000991719056
-46.0800000000000 -0.0001157589578
-46.0800000000000 -0.0001157589578
-44.8000000000000 -0.0001353415753
-43.5200000000000 -0.0001585184982
-43.5200000000000 -0.0001585184982
-42.2400000000000 -0.0001859745798
-40.9600000000000 -0.0002185371465
-40.9600000000000 -0.0002185371465
-39.6800000000000 -0.0002571815917
-38.4000000000000 -0.0003030484803
-38.4000000000000 -0.0003030484803
-37.7600000000000 -0.0003291140718
-37.1200000000000 -0.0003575278730
-37.1200000000000 -0.0003575278730
-36.4800000000000 -0.0003885102275
-35.8400000000000 -0.0004222964111
-35.8400000000000 -0.0004222964111
-35.8400000000000 -0.0004222964111
-35.2000000000000 -0.0004591473240
-34.5600000000000 -0.0004993626689
-34.5600000000000 -0.0004993626689
-33.9200000000000 -0.0005432753519
-33.2800000000000 -0.0005912365231
-33.2800000000000 -0.0005912365231
-33.2800000000000 -0.0005912365231
-32.6400000000000 -0.0006436383888
-32.0000000000000 -0.0007009391383
-32.0000000000000 -0.0007009391383
-31.3600000000000 -0.0007636460834
-30.7200000000000 -0.0008323054665
-30.7200000000000 -0.0008323054665
-30.7200000000000 -0.0008323054665
-30.0800000000000 -0.0009075168302
-29.4400000000000 -0.0009899641626
-29.4400000000000 -0.0009899641626
-28.8000000000000 -0.0010804316207
-28.1600000000000 -0.0011797889225
-28.1600000000000 -0.0011797889225
-28.1600000000000 -0.0011797889225
-27.5200000000000 -0.0012889828267
-26.8800000000000 -0.0014090812587
-26.8800000000000 -0.0014090812587
-26.2400000000000 -0.0015413082164
-25.6000000000000 -0.0016870256247
-25.6000000000000 -0.0016870256247
-25.6000000000000 -0.0016870256247
-24.9600000000000 -0.0018477750975
-24.3200000000000 -0.0020253019403
-24.3200000000000 -0.0020253019403
-23.6800000000000 -0.0022215388519
-23.0400000000000 -0.0024387474964
-23.0400000000000 -0.0024387474964
-23.0400000000000 -0.0024387474964
-22.7200000000000 -0.0025560163858
-22.4000000000000 -0.0026795101992
-22.4000000000000 -0.0026795101992
-22.0800000000000 -0.0028095895341
-21.7600000000000 -0.0029466651000
-21.7600000000000 -0.0029466651000
-21.7600000000000 -0.0029466651000
-21.4400000000000 -0.0030911753988
-21.1200000000000 -0.0032435777966
-21.1200000000000 -0.0032435777966
-20.8000000000000 -0.0034043638405
-20.4800000000000 -0.0035740472034
-20.4800000000000 -0.0035740472034
-20.4800000000000 -0.0035740472034
-20.4800000000000 -0.0035740472034
-20.1600000000000 -0.0037531816841
-19.8400000000000 -0.0039423867219
-19.8400000000000 -0.0039423867219
-19.5200000000000 -0.0041423250452
-19.2000000000000 -0.0043537193717
-19.2000000000000 -0.0043537193717
-19.2000000000000 -0.0043537193717
-18.8800000000000 -0.0045773293215
-18.5600000000000 -0.0048139520787
-18.5600000000000 -0.0048139520787
-18.2400000000000 -0.0050644591437
-17.9200000000000 -0.0053298235052
-17.9200000000000 -0.0053298235052
-17.9200000000000 -0.0053298235052
-17.9200000000000 -0.0053298235052
-17.6000000000000 -0.0056111020582
-17.2800000000000 -0.0059094085707
-17.2800000000000 -0.0059094085707
-16.9600000000000 -0.0062259291688
-16.6400000000000 -0.0065619693481
-16.6400000000000 -0.0065619693481
-16.6400000000000 -0.0065619693481
-16.3200000000000 -0.0069189777146
-16.0000000000000 -0.0072985315039
-16.0000000000000 -0.0072985315039
-15.6800000000000 -0.0077023272484
-15.5200000000000 -0.0079138849250
-15.3600000000000 -0.0081322088611
-15.3600000000000 -0.0081322088611
-15.3600000000000 -0.0081322088611
-15.3600000000000 -0.0081322088611
-15.3600000000000 -0.0081322088611
-15.2000000000000 -0.0083575589894
-15.0400000000000 -0.0085902088610
-15.0400000000000 -0.0085902088610
-14.8800000000000 -0.0088304451110
-14.7200000000000 -0.0090785667765
-14.7200000000000 -0.0090785667765
-14.7200000000000 -0.0090785667765
-14.5600000000000 -0.0093348871222
-14.4000000000000 -0.0095997330288
-14.4000000000000 -0.0095997330288
-14.2400000000000 -0.0098734472085
-14.0800000000000 -0.0101563894343
-14.0800000000000 -0.0101563894343
-14.0800000000000 -0.0101563894343
-14.0800000000000 -0.0101563894343
-13.9200000000000 -0.0104489373544
-13.7600000000000 -0.0107514877591
-13.7600000000000 -0.0107514877591
-13.6000000000000 -0.0110644574664
-13.4400000000000 -0.0113882842370
-13.4400000000000 -0.0113882842370
-13.4400000000000 -0.0113882842389
-13.2800000000000 -0.0117234279477
-13.1200000000000 -0.0120703722216
-13.1200000000000 -0.0120703722216
-12.9600000000000 -0.0124296265308
-12.8000000000000 -0.0128017285690
-12.8000000000000 -0.0128017285690
-12.8000000000000 -0.0128017285690
-12.8000000000000 -0.0128017285690
-12.8000000000000 -0.0128017285690
-12.6400000000000 -0.0131872465464
-12.4800000000000 -0.0135867811187
-12.4800000000000 -0.0135867811187
-12.3200000000000 -0.0140009669015
-12.1600000000000 -0.0144304738509
-12.1600000000000 -0.0144304738509
-12.1600000000000 -0.0144304738509
-12.0000000000000 -0.0148760090054
-11.8400000000000 -0.0153383190475
-11.8400000000000 -0.0153383190475
-11.6800000000000 -0.0158181938241
-11.5200000000000 -0.0163164705319
-11.5200000000000 -0.0163164705319
-11.5200000000000 -0.0163164705319
-11.5200000000000 -0.0163164705319
-11.3600000000000 -0.0168340379867
-11.2000000000000 -0.0173718404556
-11.2000000000000 -0.0173718404556
-11.0400000000000 -0.0179308809373
-10.8800000000000 -0.0185122243190
-10.8800000000000 -0.0185122243190
-10.8800000000000 -0.0185122243190
-10.7200000000000 -0.0191170011811
-10.5600000000000 -0.0197464129376
-10.5600000000000 -0.0197464129376
-10.4000000000000 -0.0204017385039
-10.2400000000000 -0.0210843420749
-10.2400000000000 -0.0210843420749
-10.2400000000000 -0.0210843420749
-10.2400000000000 -0.0210843420749
-10.2400000000000 -0.0210843420749
-10.0800000000000 -0.0217956812383
-9.9200000000000 -0.0225373147938
-9.9200000000000 -0.0225373147938
-9.7600000000000 -0.0233109102459
-9.6000000000000 -0.0241182516625
-9.6000000000000 -0.0241182516625
-9.6000000000000 -0.0241182516625
-9.4400000000000 -0.0249612489813
-9.2800000000000 -0.0258419496015
-9.2800000000000 -0.0258419496015
-9.1200000000000 -0.0267625523429
-8.9600000000000 -0.0277254230914
-8.9600000000000 -0.0277254230914
-8.9600000000000 -0.0277254230914
-8.9600000000000 -0.0277254230914
-8.8000000000000 -0.0287331112697
-8.6400000000000 -0.0297883668511
-8.6400000000000 -0.0297883668511
-8.4800000000000 -0.0308941585419
-8.3200000000000 -0.0320536943169
-8.3200000000000 -0.0320536943169
-8.3200000000000 -0.0320536943169
-8.1600000000000 -0.0332704453856
-8.0000000000000 -0.0345481741098
-8.0000000000000 -0.0345481741098
-7.8400000000000 -0.0358909658772
-7.6800000000000 -0.0373032648869
-7.6800000000000 -0.0373032648869
-7.6800000000000 -0.0373032648869
-7.6800000000000 -0.0373032648869
-7.6800000000000 -0.0373032648869
-7.5200000000000 -0.0387899142139
-7.3600000000000 -0.0403562010526
-7.3600000000000 -0.0403562010526
-7.2000000000000 -0.0420079083162
-7.0400000000000 -0.0437513736900
-7.0400000000000 -0.0437513736900
-7.0400000000000 -0.0437513736900
-6.8800000000000 -0.0455935570799
-6.7200000000000 -0.0475421178189
-6.7200000000000 -0.0475421178189
-6.5600000000000 -0.0496055039833
-6.4000000000000 -0.0517930566285
-6.4000000000000 -0.0517930566285
-6.4000000000000 -0.0517930566285
-6.4000000000000 -0.0517930566285
-6.2400000000000 -0.0541151311606
-6.0800000000000 -0.0565832375488
-6.0800000000000 -0.0565832375488
-5.9200000000000 -0.0592102020138
-5.7600000000000 -0.0620103552789
-5.7600000000000 -0.0620103552789
-5.7600000000000 -0.0620103552789
-5.6000000000000 -0.0649997548338
-5.4400000000000 -0.0681964500536
-5.4400000000000 -0.0681964500536
-5.2800000000000 -0.0716207799859
-5.1200000000000 -0.0752956059684
-5.1200000000000 -0.0752956059684
-5.1200000000000 -0.0752956059684
-5.1200000000000 -0.0752956059684
-5.1200000000000 -0.0752956059684
-4.9600000000000 -0.0792456036523
-4.8000000000000 -0.0834929463903
-4.8000000000000 -0.0834929463903
-4.6400000000000 -0.0880535039303
-4.4800000000000 -0.0929370708611
-4.4800000000000 -0.0929370708611
-4.4800000000000 -0.0929370708611
-4.3200000000000 -0.0981541129743
-4.1600000000000 -0.1037136697120
-4.1600000000000 -0.1037136697120
-4.0000000000000 -0.1096193062562
-3.8400000000000 -0.1158726886263
-3.8400000000000 -0.1158726886263
-3.8400000000000 -0.1158726886263
-3.8400000000000 -0.1158726886263
-3.6800000000000 -0.1224703233466
-3.5200000000000 -0.1294014977574
-3.5200000000000 -0.1294014977574
-3.3600000000000 -0.1366490741133
-3.2000000000000 -0.1441852483079
-3.2000000000000 -0.1441852483079
-3.2000000000000 -0.1441852483079
-3.0400000000000 -0.1519720675289
-2.8800000000000 -0.1599583186096
-2.8800000000000 -0.1599583186096
-2.7200000000000 -0.1680780066322
-2.5600000000000 -0.1762493856731
-2.5600000000000 -0.1762493856731
-2.5600000000000 -0.1762493856731
-2.5600000000000 -0.1762493856731
-2.5600000000000 -0.1762493856731
-2.4000000000000 -0.1843723026862
-2.2400000000000 -0.1923310691998
-2.2400000000000 -0.1923310691998
-2.0800000000000 -0.1999912978095
-1.9200000000000 -0.2072098871896
-1.9200000000000 -0.2072098871896
-1.9200000000000 -0.2072098871896
-1.7600000000000 -0.2138319966152
-1.6000000000000 -0.2197124987046
-1.6000000000000 -0.2197124987046
-1.4400000000000 -0.2247140481995
-1.2800000000000 -0.2287409683001
-1.2800000000000 -0.2287409683001
-1.2800000000000 -0.2287409683001
-1.2800000000000 -0.2287409683001
-1.1200000000000 -0.2317380464516
-0.9600000000000 -0.2337285859206
-0.9600000000000 -0.2337285859206
-0.8000000000000 -0.2348044521226
-0.6400000000000 -0.2351487470684
-0.6400000000000 -0.2351487470684
-0.6400000000000 -0.2351487470684
-0.4800000000000 -0.2349974666155
-0.3200000000000 -0.2346278278210
-0.3200000000000 -0.2346278278210
-0.1600000000000 -0.2342856882819
0.0000000000000 -0.2341523034448
0.0000000000000 -0.2341523034448
0.0000000000000 -0.2341523034448
0.0000000000000 -0.2341523034448
0.0000000000000 -0.2341523034448
0.1600000000000 -0.2342856882396
0.3200000000000 -0.2346278278115
0.3200000000000 -0.2346278278115
0.4800000000000 -0.2349974667144
0.6400000000000 -0.2351487472909
0.6400000000000 -0.2351487472909
0.6400000000000 -0.2351487472909
0.8000000000000 -0.2348044524164
0.9600000000000 -0.2337285861946
0.9600000000000 -0.2337285861946
1.1200000000000 -0.2317380466515
1.2800000000000 -0.2287409684010
1.2800000000000 -0.2287409684010
1.2800000000000 -0.2287409684010
1.2800000000000 -0.2287409684010
1.4400000000000 -0.2247140482103
1.6000000000000 -0.2197124986397
1.6000000000000 -0.2197124986397
1.7600000000000 -0.2138319964846
1.9200000000000 -0.2072098869928
1.9200000000000 -0.2072098869928
1.9200000000000 -0.2072098869928
2.0800000000000 -0.1999912975439
2.2400000000000 -0.1923310688672
2.2400000000000 -0.1923310688672
2.4000000000000 -0.1843723022919
2.5600000000000 -0.1762493852303
2.5600000000000 -0.1762493852303
2.5600000000000 -0.1762493852303
2.5600000000000 -0.1762493852303
2.5600000000000 -0.1762493852303
2.7200000000000 -0.1680780061588
2.8800000000000 -0.1599583181308
2.8800000000000 -0.1599583181308
3.0400000000000 -0.1519720670642
3.2000000000000 -0.1441852478767
3.2000000000000 -0.1441852478767
3.2000000000000 -0.1441852478767
3.3600000000000 -0.1366490737215
3.5200000000000 -0.1294014974081
3.5200000000000 -0.1294014974081
3.6800000000000 -0.1224703230349
3.8400000000000 -0.1158726883453
3.8400000000000 -0.1158726883453
3.8400000000000 -0.1158726883453
3.8400000000000 -0.1158726883453
4.0000000000000 -0.1096193059973
4.1600000000000 -0.1037136694683
4.1600000000000 -0.1037136694683
4.3200000000000 -0.0981541127441
4.4800000000000 -0.0929370706458
4.4800000000000 -0.0929370706458
4.4800000000000 -0.0929370706458
4.6400000000000 -0.0880535037449
4.8000000000000 -0.0834929462488
4.8000000000000 -0.0834929462488
4.9600000000000 -0.0792456035902
5.1200000000000 -0.0752956059435
5.1200000000000 -0.0752956059435
5.1200000000000 -0.0752956059435
5.1200000000000 -0.0752956059435
5.1200000000000 -0.0752956059435
5.2800000000000 -0.0716207799696
5.4400000000000 -0.0681964500412
5.4400000000000 -0.0681964500412
5.6000000000000 -0.0649997548245
5.7600000000000 -0.0620103552725
5.7600000000000 -0.0620103552725
5.7600000000000 -0.0620103552725
5.9200000000000 -0.0592102020090
6.0800000000000 -0.0565832375449
6.0800000000000 -0.0565832375449
6.2400000000000 -0.0541151311565
6.4000000000000 -0.0517930566241
6.4000000000000 -0.0517930566241
6.4000000000000 -0.0517930566241
6.4000000000000 -0.0517930566241
6.5600000000000 -0.0496055039794
6.7200000000000 -0.0475421178155
6.7200000000000 -0.0475421178155
6.8800000000000 -0.0455935570770
7.0400000000000 -0.0437513736878
7.0400000000000 -0.0437513736878
7.0400000000000 -0.0437513736878
7.2000000000000 -0.0420079083146
7.3600000000000 -0.0403562010514
7.3600000000000 -0.0403562010514
7.5200000000000 -0.0387899142131
7.6800000000000 -0.0373032648865
7.6800000000000 -0.0373032648865
7.6800000000000 -0.0373032648865
7.6800000000000 -0.0373032648865
7.6800000000000 -0.0373032648865
7.8400000000000 -0.0358909658773
8.0000000000000 -0.0345481741100
8.0000000000000 -0.0345481741100
8.1600000000000 -0.0332704453859
8.3200000000000 -0.0320536943172
8.3200000000000 -0.0320536943172
8.3200000000000 -0.0320536943172
8.4800000000000 -0.0308941585423
8.6400000000000 -0.0297883668513
8.6400000000000 -0.0297883668513
8.8000000000000 -0.0287331112698
8.9600000000000 -0.0277254230914
8.9600000000000 -0.0277254230914
8.9600000000000 -0.0277254230914
8.9600000000000 -0.0277254230914
9.1200000000000 -0.0267625523432
9.2800000000000 -0.0258419496022
9.2800000000000 -0.0258419496022
9.4400000000000 -0.0249612489822
9.6000000000000 -0.0241182516637
9.6000000000000 -0.0241182516637
9.6000000000000 -0.0241182516637
9.7600000000000 -0.0233109102472
9.9200000000000 -0.0225373147953
9.9200000000000 -0.0225373147953
10.0800000000000 -0.0217956812399
10.2400000000000 -0.0210843420764
10.2400000000000 -0.0210843420764
10.2400000000000 -0.0210843420764
10.2400000000000 -0.0210843420764
10.2400000000000 -0.0210843420764
10.4000000000000 -0.0204017385054
10.5600000000000 -0.0197464129392
10.5600000000000 -0.0197464129392
10.7200000000000 -0.0191170011826
10.8800000000000 -0.0185122243203
10.8800000000000 -0.0185122243203
10.8800000000000 -0.0185122243203
11.0400000000000 -0.0179308809386
11.2000000000000 -0.0173718404568
11.2000000000000 -0.0173718404568
11.3600000000000 -0.0168340379881
11.5200000000000 -0.0163164705335
11.5200000000000 -0.0163164705335
11.5200000000000 -0.0163164705335
11.5200000000000 -0.0163164705335
11.6800000000000 -0.0158181938259
11.8400000000000 -0.0153383190494
11.8400000000000 -0.0153383190494
12.0000000000000 -0.0148760090075
12.1600000000000 -0.0144304738531
12.1600000000000 -0.0144304738531
12.1600000000000 -0.0144304738531
12.3200000000000 -0.0140009669039
12.4800000000000 -0.0135867811213
12.4800000000000 -0.0135867811213
12.6400000000000 -0.0131872465493
12.8000000000000 -0.0128017285722
12.8000000000000 -0.0128017285722
12.8000000000000 -0.0128017285722
12.8000000000000 -0.0128017285722
12.8000000000000 -0.0128017285722
12.9600000000000 -0.0124296265343
13.1200000000000 -0.0120703722252
13.1200000000000 -0.0120703722252
13.2800000000000 -0.0117234279515
13.4400000000000 -0.0113882842408
13.4400000000000 -0.0113882842408
13.4400000000000 -0.0113882842408
13.6000000000000 -0.0110644574704
13.7600000000000 -0.0107514877632
13.7600000000000 -0.0107514877632
13.9200000000000 -0.0104489373586
14.0800000000000 -0.0101563894385
14.0800000000000 -0.0101563894407
14.0800000000000 -0.0101563894385
14.0800000000000 -0.0101563894407
14.2400000000000 -0.0098734472126
14.4000000000000 -0.0095997330328
14.4000000000000 -0.0095997330328
14.5600000000000 -0.0093348871261
14.7200000000000 -0.0090785667803
14.7200000000000 -0.0090785667803
14.7200000000000 -0.0090785667803
14.8800000000000 -0.0088304451149
15.0400000000000 -0.0085902088648
15.0400000000000 -0.0085902088648
15.2000000000000 -0.0083575589932
15.3600000000000 -0.0081322088648
15.3600000000000 -0.0081322088648
15.3600000000000 -0.0081322088648
15.3600000000000 -0.0081322088648
15.3600000000000 -0.0081322088648
15.5200000000000 -0.0079138849285
15.6800000000000 -0.0077023272520
16.0000000000000 -0.0072985315074
16.0000000000000 -0.0072985315074
16.3200000000000 -0.0069189777181
16.6400000000000 -0.0065619693514
16.6400000000000 -0.0065619693514
16.6400000000000 -0.0065619693514
16.9600000000000 -0.0062259291718
17.2800000000000 -0.0059094085734
17.2800000000000 -0.0059094085734
17.6000000000000 -0.0056111020607
17.9200000000000 -0.0053298235073
17.9200000000000 -0.0053298235073
17.9200000000000 -0.0053298235073
17.9200000000000 -0.0053298235073
18.2400000000000 -0.0050644591457
18.5600000000000 -0.0048139520806
18.5600000000000 -0.0048139520806
18.8800000000000 -0.0045773293232
19.2000000000000 -0.0043537193732
19.2000000000000 -0.0043537193732
19.2000000000000 -0.0043537193732
19.5200000000000 -0.0041423250464
19.8400000000000 -0.0039423867229
19.8400000000000 -0.0039423867229
20.1600000000000 -0.0037531816848
20.4800000000000 -0.0035740472041
20.4800000000000 -0.0035740472041
20.4800000000000 -0.0035740472041
20.4800000000000 -0.0035740472041
20.8000000000000 -0.0034043638411
21.1200000000000 -0.0032435777973
21.1200000000000 -0.0032435777973
21.4400000000000 -0.0030911753995
21.7600000000000 -0.0029466651009
21.7600000000000 -0.0029466651009
21.7600000000000 -0.0029466651009
22.0800000000000 -0.0028095895351
22.4000000000000 -0.0026795102003
22.4000000000000 -0.0026795102003
22.7200000000000 -0.0025560163869
23.0400000000000 -0.0024387474975
23.0400000000000 -0.0024387474975
23.0400000000000 -0.0024387474975
23.6800000000000 -0.0022215388529
24.3200000000000 -0.0020253019414
24.3200000000000 -0.0020253019414
24.9600000000000 -0.0018477750986
25.6000000000000 -0.0016870256260
25.6000000000000 -0.0016870256260
25.6000000000000 -0.0016870256260
26.2400000000000 -0.0015413082178
26.8800000000000 -0.0014090812602
26.8800000000000 -0.0014090812602
27.5200000000000 -0.0012889828280
28.1600000000000 -0.0011797889236
28.1600000000000 -0.0011797889236
28.1600000000000 -0.0011797889236
28.8000000000000 -0.0010804316216
29.4400000000000 -0.0009899641635
29.4400000000000 -0.0009899641635
30.0800000000000 -0.0009075168308
30.7200000000000 -0.0008323054670
30.7200000000000 -0.0008323054670
30.7200000000000 -0.0008323054670
31.3600000000000 -0.0007636460836
32.0000000000000 -0.0007009391383
32.0000000000000 -0.0007009391383
32.6400000000000 -0.0006436383884
33.2800000000000 -0.0005912365222
33.2800000000000 -0.0005912365222
33.2800000000000 -0.0005912365222
33.9200000000000 -0.0005432753506
34.5600000000000 -0.0004993626672
34.5600000000000 -0.0004993626672
35.2000000000000 -0.0004591473220
35.8400000000000 -0.0004222964087
35.8400000000000 -0.0004222964087
35.8400000000000 -0.0004222964087
36.4800000000000 -0.0003885102249
37.1200000000000 -0.0003575278705
37.1200000000000 -0.0003575278705
37.7600000000000 -0.0003291140694
38.4000000000000 -0.0003030484782
38.4000000000000 -0.0003030484782
39.6800000000000 -0.0002571815906
40.9600000000000 -0.0002185371465
40.9600000000000 -0.0002185371465
42.2400000000000 -0.0001859745808
43.5200000000000 -0.0001585184997
43.5200000000000 -0.0001585184997
44.8000000000000 -0.0001353415768
46.0800000000000 -0.0001157589589
46.0800000000000 -0.0001157589589
47.3600000000000 -0.0000991719060
48.6400000000000 -0.0000850578022
48.6400000000000 -0.0000850578022
49.9200000000000 -0.0000730085453
51.2000000000000 -0.0000627186108
51.2000000000000 -0.0000627186108
52.4800000000000 -0.0000539091837
53.7600000000000 -0.0000463269214
53.7600000000000 -0.0000463269214
55.0400000000000 -0.0000398039992
56.3200000000000 -0.0000342254357
56.3200000000000 -0.0000342254357
57.6000000000000 -0.0000294782774
58.8800000000000 -0.0000254677370
58.8800000000000 -0.0000254677370
60.1600000000000 -0.0000221189336
61.4400000000000 -0.0000193434399
61.4400000000000 -0.0000193434399
62.7200000000000 -0.0000170310931
64.0000000000000 -0.0000150823978
64.0000000000000 -0.0000150823978
65.2800000000000 -0.0000134271059
66.5600000000000 -0.0000120000600
66.5600000000000 -0.0000120000600
67.8400000000000 -0.0000107279785
69.1200000000000 -0.0000095604542
69.1200000000000 -0.0000095604542
70.4000000000000 -0.0000084932502
71.6800000000000 -0.0000075363743
71.6800000000000 -0.0000075363743
72.9600000000000 -0.0000066711526
74.2400000000000 -0.0000058593066
74.2400000000000 -0.0000058593066
75.5200000000000 -0.0000050733665
76.8000000000000 -0.0000042974569
76.8000000000000 -0.0000042974569
78.0800000000000 -0.0000035196241
79.3600000000000 -0.0000027357248
79.3600000000000 -0.0000027357248
80.6400000000000 -0.0000019518544
81.9200000000000 -0.0000011890217
81.9200000000000 -0.0000011890217
83.2000000000000 -0.0000004862909
84.4800000000000 0.0000001157908
84.4800000000000 0.0000001157908
85.7600000000000 0.0000005924577
87.0400000000000 0.0000009274852
87.0400000000000 0.0000009274852
88.3200000000000 0.0000011055901
89.6000000000000 0.0000011269977
89.6000000000000 0.0000011269977
90.8800000000000 0.0000010169388
92.1600000000000 0.0000008114007
92.1600000000000 0.0000008114007
93.4400000000000 0.0000005464546
94.7200000000000 0.0000002638630
94.7200000000000 0.0000002638630
96.0000000000000 0.0000000067303
97.2800000000000 -0.0000001997450
97.2800000000000 -0.0000001997450
98.5600000000000 -0.0000003547253
99.8400000000000 -0.0000004687681
99.8400000000000 -0.0000004687681
101.1200000000000 -0.0000005490590
102.4000000000000 -0.0000005908094
102.4000000000000 -0.0000005908094
103.6800000000000 -0.0000005789386
104.9600000000000 -0.0000005060092
104.9600000000000 -0.0000005060092
106.2400000000000 -0.0000003908005
107.5200000000000 -0.0000002715660
107.5200000000000 -0.0000002715660
108.8000000000000 -0.0000001789826
110.0800000000000 -0.0000001196383
110.0800000000000 -0.0000001196383
111.3600000000000 -0.0000000839275
112.6400000000000 -0.0000000624192
112.6400000000000 -0.0000000624192
113.9200000000000 -0.0000000512530
115.2000000000000 -0.0000000469479
115.2000000000000 -0.0000000469479
116.4800000000000 -0.0000000438325
117.7600000000000 -0.0000000383338
117.7600000000000 -0.0000000383338
119.0400000000000 -0.0000000318562
120.3200000000000 -0.0000000273265
120.3200000000000 -0.0000000273265
121.6000000000000 -0.0000000249042
122.8800000000000 -0.0000000224132
122.8800000000000 -0.0000000224132
124.1600000000000 -0.0000000187236
125.4400000000000 -0.0000000153708
125.4400000000000 -0.0000000153708
126.7200000000000 -0.0000000140514
128.0000000000000 -0.0000000134012
128.0000000000000 -0.0000000134012
129.2800000000000 -0.0000000110774
130.5600000000000 -0.0000000085614
130.5600000000000 -0.0000000085614
131.8400000000000 -0.0000000071394
133.1200000000000 -0.0000000060211
133.1200000000000 -0.0000000060211
134.4000000000000 -0.0000000044617
135.6800000000000 -0.0000000029920
135.6800000000000 -0.0000000029920
136.9600000000000 -0.0000000020983
138.2400000000000 -0.0000000013443
138.2400000000000 -0.0000000013443
139.5200000000000 -0.0000000003173
140.8000000000000 0.0000000007771
143.3600000000000 0.0000000026254
145.9200000000000 0.0000000042533
148.4800000000000 0.0000000072799
151.0400000000000 0.0000000095481
153.6000000000000 0.0000000098082
156.1600000000000 0.0000000106389
158.7200000000000 0.0000000129722
161.2800000000000 0.0000000148355
163.8400000000000 0.0000000157893
166.4000000000000 0.0000000164106
168.9600000000000 0.0000000165127
171.5200000000000 0.0000000163656
174.0800000000000 0.0000000152750
176.6400000000000 0.0000000135406
179.2000000000000 0.0000000111899
181.7600000000000 0.0000000071983
184.3200000000000 0.0000000031662
186.8800000000000 -0.0000000016985
189.4400000000000 -0.0000000083465
192.0000000000000 -0.0000000131879
194.5600000000000 -0.0000000179737
197.1200000000000 -0.0000000245700
199.6800000000000 -0.0000000254953
202.2400000000000 -0.0000000211558
204.8000000000000 -0.0000000202954
207.3600000000000 -0.0000000150901
209.9200000000000 0.0000000072775
212.4800000000000 0.0000000326920
215.0400000000000 0.0000000350817
217.6000000000000 0.0000000144272
220.1600000000000 -0.0000000060506
222.7200000000000 -0.0000000115030
225.2800000000000 -0.0000000065078
227.8400000000000 -0.0000000011663
230.4000000000000 0.0000000006698
232.9600000000000 0.0000000004579
235.5200000000000 0.0000000000533
238.0800000000000 -0.0000000000493
240.6400000000000 -0.0000000000202
243.2000000000000 0.0000000000014
245.7600000000000 0.0000000000027
248.3200000000000 0.0000000000004
250.8800000000000 -0.0000000000002
253.4400000000000 -0.0000000000001
256.0000000000000 0.0000000000000
258.5600000000000 0.0000000000000
261.1200000000000 0.0000000000000
263.6800000000000 0.0000000000000
266.2400000000000 0.0000000000000
268.8000000000000 0.0000000000000
271.3600000000000 0.0000000000000
273.9200000000000 0.0000000000000
276.4800000000000 -0.0000000000000
279.0400000000000 -0.0000000000000
281.6000000000000 -0.0000000000000
284.1600000000000 -0.0000000000000
286.7200000000000 -0.0000000000000
289.2800000000000 -0.0000000000000
291.8400000000000 -0.0000000000000
294.4000000000000 -0.0000000000000
296.9600000000000 -0.0000000000000
299.5200000000000 -0.0000000000000
302.0800000000000 -0.0000000000000
304.6400000000000 -0.0000000000000
307.2000000000000 -0.0000000000000
309.7600000000000 -0.0000000000000
312.3200000000000 -0.0000000000000
314.8800000000000 -0.0000000000000
317.4400000000000 -0.0000000000000
