# z rho
-317.4400000000000 0.0000000000000
-314.8800000000000 0.0000000000000
-312.3200000000000 0.0000000000000
-309.7600000000000 0.0000000000000
-307.2000000000000 0.0000000000000
-304.6400000000000 0.0000000000000
-302.0800000000000 0.0000000000000
-299.5200000000000 0.0000000000000
-296.9600000000000 0.0000000000000
-294.4000000000000 0.0000000000000
-291.8400000000000 0.0000000000000
-289.2800000000000 0.0000000000000
-286.7200000000000 0.0000000000000
-284.1600000000000 0.0000000000000
-281.6000000000000 0.0000000000000
-279.0400000000000 0.0000000000000
-276.4800000000000 0.0000000000000
-273.9200000000000 0.0000000000000
-271.3600000000000 0.0000000000000
-268.8000000000000 0.0000000000000
-266.2400000000000 0.0000000000000
-263.6800000000000 0.0000000000000
-261.1200000000000 0.0000000000000
-258.5600000000000 0.0000000000000
-256.0000000000000 0.0000000000000
-253.4400000000000 0.0000000000000
-250.8800000000000 0.0000000000000
-248.3200000000000 0.0000000000000
-245.7600000000000 0.0000000000000
-243.2000000000000 0.0000000000000
-240.6400000000000 0.0000000000000
-238.0800000000000 0.0000000000000
-235.5200000000000 0.0000000000000
-232.9600000000000 0.0000000000000
-230.4000000000000 0.0000000000000
-227.8400000000000 0.0000000000000
-225.2800000000000 0.0000000000000
-222.7200000000000 0.0000000000000
-220.1600000000000 0.0000000000000
-217.6000000000000 0.0000000000000
-215.0400000000000 0.0000000000000
-212.4800000000000 0.0000000000000
-209.9200000000000 0.0000000000000
-207.3600000000000 0.0000000000000
-204.8000000000000 0.0000000000000
-202.2400000000000 0.0000000000000
-199.6800000000000 0.0000000000000
-197.1200000000000 0.0000000000000
-194.5600000000000 0.0000000000000
-192.0000000000000 0.0000000000000
-189.4400000000000 0.0000000000000
-186.8800000000000 0.0000000000000
-184.3200000000000 0.0000000000000
-181.7600000000000 0.0000000000000
-179.2000000000000 0.0000000000000
-176.6400000000000 0.0000000000000
-174.0800000000000 0.0000000000000
-171.5200000000000 0.0000000000000
-168.9600000000000 0.0000000000000
-166.4000000000000 0.0000000000000
-163.8400000000000 0.0000000000000
-161.2800000000000 0.0000000000000
-158.7200000000000 0.0000000000000
-156.1600000000000 0.0000000000000
-153.6000000000000 0.0000000000000
-151.0400000000000 0.0000000000000
-148.4800000000000 0.0000000000000
-145.9200000000000 0.0000000000000
-143.3600000000000 0.0000000000000
-140.8000000000000 0.0000000000000
-139.5200000000000 0.0000000000000
-138.2400000000000 0.0000000000000
-138.2400000000000 0.0000000000000
-136.9600000000000 0.0000000000000
-135.6800000000000 0.0000000000000
-135.6800000000000 0.0000000000000
-134.4000000000000 0.0000000000000
-133.1200000000000 0.0000000000000
-133.1200000000000 0.0000000000000
-131.8400000000000 0.0000000000000
-130.5600000000000 0.0000000000000
-130.5600000000000 0.0000000000000
-129.2800000000000 0.0000000000000
-128.0000000000000 0.0000000000000
-128.0000000000000 0.0000000000000
-126.7200000000000 0.0000000000000
-125.4400000000000 0.0000000000000
-125.4400000000000 0.0000000000000
-124.1600000000000 0.0000000000000
-122.8800000000000 0.0000000000000
-122.8800000000000 0.0000000000000
-121.6000000000000 0.0000000000000
-120.3200000000000 0.0000000000000
-120.3200000000000 0.0000000000000
-119.0400000000000 0.0000000000000
-117.7600000000000 0.0000000000000
-117.7600000000000 0.0000000000000
-116.4800000000000 0.0000000000000
-115.2000000000000 0.0000000000000
-115.2000000000000 0.0000000000000
-113.9200000000000 0.0000000000000
-112.6400000000000 0.0000000000000
-112.6400000000000 0.0000000000000
-111.3600000000000 0.0000000000000
-110.0800000000000 0.0000000000000
-110.0800000000000 0.0000000000000
-108.8000000000000 0.0000000000000
-107.5200000000000 0.0000000000000
-107.5200000000000 0.0000000000000
-106.2400000000000 0.0000000000000
-104.9600000000000 0.0000000000000
-104.9600000000000 0.0000000000000
-103.6800000000000 0.0000000000000
-102.4000000000000 0.0000000000000
-102.4000000000000 0.0000000000000
-101.1200000000000 0.0000000000000
-99.8400000000000 0.0000000000000
-99.8400000000000 0.0000000000000
-98.5600000000000 0.0000000000000
-97.2800000000000 0.0000000000000
-97.2800000000000 0.0000000000000
-96.0000000000000 0.0000000000000
-94.7200000000000 0.0000000000000
-94.7200000000000 0.0000000000000
-93.4400000000000 0.0000000000000
-92.1600000000000 0.0000000000000
-92.1600000000000 0.0000000000000
-90.8800000000000 0.0000000000000
-89.6000000000000 0.0000000000000
-89.6000000000000 0.0000000000000
-88.3200000000000 0.0000000000000
-87.0400000000000 0.0000000000000
-87.0400000000000 0.0000000000000
-85.7600000000000 0.0000000000000
-84.4800000000000 0.0000000000000
-84.4800000000000 0.0000000000000
-83.2000000000000 0.0000000000000
-81.9200000000000 0.0000000000000
-81.9200000000000 0.0000000000000
-80.6400000000000 0.0000000000000
-79.3600000000000 0.0000000000000
-79.3600000000000 0.0000000000000
-78.0800000000000 0.0000000000000
-76.8000000000000 0.0000000000000
-76.8000000000000 0.0000000000000
-75.5200000000000 0.0000000000000
-74.2400000000000 0.0000000000000
-74.2400000000000 0.0000000000000
-72.9600000000000 0.0000000000000
-71.6800000000000 0.0000000000000
-71.6800000000000 0.0000000000000
-70.4000000000000 0.0000000000000
-69.1200000000000 0.0000000000000
-69.1200000000000 0.0000000000000
-67.8400000000000 0.0000000000000
-66.5600000000000 0.0000000000000
-66.5600000000000 0.0000000000000
-65.2800000000000 0.0000000000000
-64.0000000000000 0.0000000000000
-64.0000000000000 0.0000000000000
-62.7200000000000 0.0000000000000
-61.4400000000000 0.0000000000000
-61.4400000000000 0.0000000000000
-60.1600000000000 0.0000000000000
-58.8800000000000 0.0000000000000
-58.8800000000000 0.0000000000000
-57.6000000000000 0.0000000000000
-56.3200000000000 0.0000000000000
-56.3200000000000 0.0000000000000
-55.0400000000000 0.0000000000000
-53.7600000000000 0.0000000000000
-53.7600000000000 0.0000000000000
-52.4800000000000 0.0000000000000
-51.2000000000000 0.0000000000000
-51.2000000000000 0.0000000000000
-49.9200000000000 0.0000000000000
-48.6400000000000 0.0000000000000
-48.6400000000000 0.0000000000000
-47.3600000000000 0.0000000000000
-46.0800000000000 0.0000000000000
-46.0800000000000 0.0000000000000
-44.8000000000000 0.0000000000000
-43.5200000000000 0.0000000000000
-43.5200000000000 0.0000000000000
-42.2400000000000 0.0000000000000
-40.9600000000000 0.0000000000000
-40.9600000000000 0.0000000000000
-39.6800000000000 0.0000000000000
-38.4000000000000 0.0000000000000
-38.4000000000000 0.0000000000000
-37.7600000000000 0.0000000000000
-37.1200000000000 0.0000000000000
-37.1200000000000 0.0000000000000
-36.4800000000000 0.0000000000000
-35.8400000000000 0.0000000000000
-35.8400000000000 0.0000000000000
-35.8400000000000 0.0000000000000
-35.2000000000000 0.0000000000000
-34.5600000000000 0.0000000000000
-34.5600000000000 0.0000000000000
-33.9200000000000 0.0000000000000
-33.2800000000000 0.0000000000000
-33.2800000000000 0.0000000000000
-33.2800000000000 0.0000000000000
-32.6400000000000 0.0000000000000
-32.0000000000000 0.0000000000000
-32.0000000000000 0.0000000000000
-31.3600000000000 0.0000000000000
-30.7200000000000 0.0000000000000
-30.7200000000000 0.0000000000000
-30.7200000000000 0.0000000000000
-30.0800000000000 0.0000000000000
-29.4400000000000 0.0000000000000
-29.4400000000000 0.0000000000000
-28.8000000000000 0.0000000000000
-28.1600000000000 0.0000000000000
-28.1600000000000 0.0000000000000
-28.1600000000000 0.0000000000000
-27.5200000000000 0.0000000000000
-26.8800000000000 0.0000000000000
-26.8800000000000 0.0000000000000
-26.2400000000000 0.0000000000000
-25.6000000000000 0.0000000000000
-25.6000000000000 0.0000000000000
-25.6000000000000 0.0000000000000
-24.9600000000000 0.0000000000000
-24.3200000000000 0.0000000000000
-24.3200000000000 0.0000000000000
-23.6800000000000 0.0000000000000
-23.0400000000000 0.0000000000000
-23.0400000000000 0.0000000000000
-23.0400000000000 0.0000000000000
-22.7200000000000 0.0000000000000
-22.4000000000000 0.0000000000000
-22.4000000000000 0.0000000000000
-22.0800000000000 0.0000000000000
-21.7600000000000 0.0000000000000
-21.7600000000000 0.0000000000000
-21.7600000000000 0.0000000000000
-21.4400000000000 0.0000000000000
-21.1200000000000 0.0000000000000
-21.1200000000000 0.0000000000000
-20.8000000000000 0.0000000000000
-20.4800000000000 0.0000000000000
-20.4800000000000 0.0000000000000
-20.4800000000000 0.0000000000000
-20.4800000000000 0.0000000000000
-20.1600000000000 0.0000000000000
-19.8400000000000 0.0000000000000
-19.8400000000000 0.0000000000000
-19.5200000000000 0.0000000000000
-19.2000000000000 0.0000000000000
-19.2000000000000 0.0000000000000
-19.2000000000000 0.0000000000000
-18.8800000000000 0.0000000000000
-18.5600000000000 0.0000000000000
-18.5600000000000 0.0000000000000
-18.2400000000000 0.0000000000000
-17.9200000000000 0.0000000000000
-17.9200000000000 0.0000000000000
-17.9200000000000 0.0000000000000
-17.9200000000000 0.0000000000000
-17.6000000000000 0.0000000000000
-17.2800000000000 0.0000000000000
-17.2800000000000 0.0000000000000
-16.9600000000000 0.0000000000000
-16.6400000000000 0.0000000000000
-16.6400000000000 0.0000000000000
-16.6400000000000 0.0000000000000
-16.3200000000000 0.0000000000000
-16.0000000000000 0.0000000000000
-16.0000000000000 0.0000000000000
-15.6800000000000 0.0000000000000
-15.5200000000000 0.0000000000000
-15.3600000000000 0.0000000000000
-15.3600000000000 0.0000000000000
-15.3600000000000 0.0000000000000
-15.3600000000000 0.0000000000000
-15.3600000000000 0.0000000000000
-15.2000000000000 0.0000000000000
-15.0400000000000 0.0000000000000
-15.0400000000000 0.0000000000000
-14.8800000000000 0.0000000000000
-14.7200000000000 0.0000000000000
-14.7200000000000 0.0000000000000
-14.7200000000000 0.0000000000000
-14.5600000000000 0.0000000000000
-14.4000000000000 0.0000000000000
-14.4000000000000 0.0000000000000
-14.2400000000000 0.0000000000000
-14.0800000000000 0.0000000000000
-14.0800000000000 0.0000000000000
-14.0800000000000 0.0000000000000
-14.0800000000000 0.0000000000000
-13.9200000000000 0.0000000000000
-13.7600000000000 0.0000000000000
-13.7600000000000 0.0000000000000
-13.6000000000000 0.0000000000000
-13.4400000000000 0.0000000000000
-13.4400000000000 0.0000000000000
-13.4400000000000 0.0000000000000
-13.2800000000000 0.0000000000000
-13.1200000000000 0.0000000000000
-13.1200000000000 0.0000000000000
-12.9600000000000 0.0000000000000
-12.8000000000000 0.0000000000000
-12.8000000000000 0.0000000000000
-12.8000000000000 0.0000000000000
-12.8000000000000 0.0000000000000
-12.8000000000000 0.0000000000000
-12.6400000000000 0.0000000000000
-12.4800000000000 0.0000000000000
-12.4800000000000 0.0000000000000
-12.3200000000000 0.0000000000000
-12.1600000000000 0.0000000000000
-12.1600000000000 0.0000000000000
-12.1600000000000 0.0000000000000
-12.0000000000000 0.0000000000000
-11.8400000000000 0.0000000000000
-11.8400000000000 0.0000000000000
-11.6800000000000 0.0000000000000
-11.5200000000000 0.0000000000000
-11.5200000000000 0.0000000000000
-11.5200000000000 0.0000000000000
-11.5200000000000 0.0000000000000
-11.3600000000000 0.0000000000000
-11.2000000000000 0.0000000000000
-11.2000000000000 0.0000000000000
-11.0400000000000 0.0000000000000
-10.8800000000000 0.0000000000000
-10.8800000000000 0.0000000000000
-10.8800000000000 0.0000000000000
-10.7200000000000 0.0000000000000
-10.5600000000000 0.0000000000000
-10.5600000000000 0.0000000000000
-10.4000000000000 0.0000000000000
-10.2400000000000 0.0000000000000
-10.2400000000000 0.0000000000000
-10.2400000000000 0.0000000000000
-10.2400000000000 0.0000000000000
-10.2400000000000 0.0000000000000
-10.0800000000000 0.0000000000000
-9.9200000000000 0.0000000000000
-9.9200000000000 0.0000000000000
-9.7600000000000 0.0000000000000
-9.6000000000000 0.0000000000000
-9.6000000000000 0.0000000000000
-9.6000000000000 0.0000000000000
-9.4400000000000 0.0000000000000
-9.2800000000000 0.0000000000000
-9.2800000000000 0.0000000000000
-9.1200000000000 0.0000000000000
-8.9600000000000 0.0000000000000
-8.9600000000000 0.0000000000000
-8.9600000000000 0.0000000000000
-8.9600000000000 0.0000000000000
-8.8000000000000 0.0000000000000
-8.6400000000000 0.0000000000000
-8.6400000000000 0.0000000000000
-8.4800000000000 0.0000000000000
-8.3200000000000 0.0000000000000
-8.3200000000000 0.0000000000000
-8.3200000000000 0.0000000000000
-8.1600000000000 0.0000000000000
-8.0000000000000 0.0000000000000
-8.0000000000000 0.0000000000000
-7.8400000000000 0.0000000000000
-7.6800000000000 0.0000000000000
-7.6800000000000 0.0000000000000
-7.6800000000000 0.0000000000000
-7.6800000000000 0.0000000000000
-7.6800000000000 0.0000000000000
-7.5200000000000 0.0000000000000
-7.3600000000000 0.0000000000000
-7.3600000000000 0.0000000000000
-7.2000000000000 0.0000000000000
-7.0400000000000 0.0000000000000
-7.0400000000000 0.0000000000000
-7.0400000000000 0.0000000000000
-6.8800000000000 0.0000000000000
-6.7200000000000 0.0000000000000
-6.7200000000000 0.0000000000000
-6.5600000000000 0.0000000000001
-6.4000000000000 0.0000000000010
-6.4000000000000 0.0000000000010
-6.4000000000000 0.0000000000010
-6.4000000000000 0.0000000000010
-6.2400000000000 0.0000000000020
-6.0800000000000 0.0000000000092
-6.0800000000000 0.0000000000092
-5.9200000000000 0.0000000001195
-5.7600000000000 0.0000000011608
-5.7600000000000 0.0000000011608
-5.7600000000000 0.0000000011608
-5.6000000000000 0.0000000098635
-5.4400000000000 0.0000000798349
-5.4400000000000 0.0000000798349
-5.2800000000000 0.0000006625389
-5.1200000000000 0.0000064788071
-5.1200000000000 0.0000059192893
-5.1200000000000 0.0000059192893
-5.1200000000000 0.0000059192893
-5.1200000000000 0.0000064788071
-4.9600000000000 0.0000367600848
-4.8000000000000 0.0000972223423
-4.8000000000000 0.0000972223423
-4.6400000000000 0.0001615760554
-4.4800000000000 0.0002287632465
-4.4800000000000 0.0002287632465
-4.4800000000000 0.0002287632465
-4.3200000000000 0.0003012206066
-4.1600000000000 0.0003793767941
-4.1600000000000 0.0003793767941
-4.0000000000000 0.0004637354418
-3.8400000000000 0.0005549433651
-3.8400000000000 0.0005549433651
-3.8400000000000 0.0005549433651
-3.8400000000000 0.0005549433651
-3.6800000000000 0.0006530467599
-3.5200000000000 0.0007595748917
-3.5200000000000 0.0007595748917
-3.3600000000000 0.0008737806309
-3.2000000000000 0.0009979916369
-3.2000000000000 0.0009979916369
-3.2000000000000 0.0009979916369
-3.0400000000000 0.0011308269828
-2.8800000000000 0.0012752928226
-2.8800000000000 0.0012752928226
-2.7200000000000 0.0014292482167
-2.5600000000000 0.0015959738805
-2.5600000000000 0.0015963026019
-2.5600000000000 0.0015959738805
-2.5600000000000 0.0015963026019
-2.5600000000000 0.0015959738805
-2.4000000000000 0.0017734147252
-2.2400000000000 0.0019646340450
-2.2400000000000 0.0019646340450
-2.0800000000000 0.0021657326799
-1.9200000000000 0.0023806560445
-1.9200000000000 0.0023806560445
-1.9200000000000 0.0023806560445
-1.7600000000000 0.0026037979051
-1.6000000000000 0.0028380807060
-1.6000000000000 0.0028380807060
-1.4400000000000 0.0030765185250
-1.2800000000000 0.0033193812173
-1.2800000000000 0.0033193812173
-1.2800000000000 0.0033193812173
-1.2800000000000 0.0033193812173
-1.1200000000000 0.0035590847592
-0.9600000000000 0.0037907521588
-0.9600000000000 0.0037907521588
-0.8000000000000 0.0040088111145
-0.6400000000000 0.0041999903470
-0.6400000000000 0.0041999903470
-0.6400000000000 0.0041999903470
-0.4800000000000 0.0043661351832
-0.3200000000000 0.0044817901543
-0.3200000000000 0.0044817901543
-0.1600000000000 0.0045656778810
0.0000000000000 0.0045863257425
0.0000000000000 0.0045863257425
0.0000000000000 0.0045863257425
0.0000000000000 0.0045863257425
0.0000000000000 0.0045863257425
0.1600000000000 0.0045656778571
0.3200000000000 0.0044817901513
0.3200000000000 0.0044817901513
0.4800000000000 0.0043661351325
0.6400000000000 0.0041999902988
0.6400000000000 0.0041999902988
0.6400000000000 0.0041999902988
0.8000000000000 0.0040088110416
0.9600000000000 0.0037907520824
0.9600000000000 0.0037907520824
1.1200000000000 0.0035590846761
1.2800000000000 0.0033193811352
1.2800000000000 0.0033193811352
1.2800000000000 0.0033193811352
1.2800000000000 0.0033193811352
1.4400000000000 0.0030765184418
1.6000000000000 0.0028380806271
1.6000000000000 0.0028380806271
1.7600000000000 0.0026037978269
1.9200000000000 0.0023806559724
1.9200000000000 0.0023806559724
1.9200000000000 0.0023806559724
2.0800000000000 0.0021657326098
2.2400000000000 0.0019646339808
2.2400000000000 0.0019646339808
2.4000000000000 0.0017734146633
2.5600000000000 0.0015963025450
2.5600000000000 0.0015963025450
2.5600000000000 0.0015963025450
2.5600000000000 0.0015963025450
2.5600000000000 0.0015963025450
2.7200000000000 0.0014292481636
2.8800000000000 0.0012752927735
2.8800000000000 0.0012752927735
3.0400000000000 0.0011308269378
3.2000000000000 0.0009979915946
3.2000000000000 0.0009979915946
3.2000000000000 0.0009979915946
3.3600000000000 0.0008737805931
3.5200000000000 0.0007595748560
3.5200000000000 0.0007595748560
3.6800000000000 0.0006530467287
3.8400000000000 0.0005548375639
3.8400000000000 0.0005549433360
3.8400000000000 0.0005548375639
3.8400000000000 0.0005549433360
4.0000000000000 0.0004637354172
4.1600000000000 0.0003793767704
4.1600000000000 0.0003793767704
4.3200000000000 0.0003012205874
4.4800000000000 0.0002287632285
4.4800000000000 0.0002287632285
4.4800000000000 0.0002287632285
4.6400000000000 0.0001615760421
4.8000000000000 0.0000972223337
4.8000000000000 0.0000972223337
4.9600000000000 0.0000367600761
5.1200000000000 0.0000059192919
5.1200000000000 0.0000059192919
5.1200000000000 0.0000059192919
5.1200000000000 0.0000059192919
5.1200000000000 0.0000059192919
5.2800000000000 0.0000006625397
5.4400000000000 0.0000000798347
5.4400000000000 0.0000000798347
5.6000000000000 0.0000000098634
5.7600000000000 0.0000000011608
5.7600000000000 0.0000000011608
5.7600000000000 0.0000000011608
5.9200000000000 0.0000000001195
6.0800000000000 0.0000000000092
6.0800000000000 0.0000000000092
6.2400000000000 0.0000000000020
6.4000000000000 0.0000000000010
6.4000000000000 0.0000000000010
6.4000000000000 0.0000000000010
6.4000000000000 0.0000000000010
6.5600000000000 0.0000000000001
6.7200000000000 0.0000000000000
6.7200000000000 0.0000000000000
6.8800000000000 0.0000000000000
7.0400000000000 0.0000000000000
7.0400000000000 0.0000000000000
7.0400000000000 0.0000000000000
7.2000000000000 0.0000000000000
7.3600000000000 0.0000000000000
7.3600000000000 0.0000000000000
7.5200000000000 0.0000000000000
7.6800000000000 0.0000000000000
7.6800000000000 0.0000000000000
7.6800000000000 0.0000000000000
7.6800000000000 0.0000000000000
7.6800000000000 0.0000000000000
7.8400000000000 0.0000000000000
8.0000000000000 0.0000000000000
8.0000000000000 0.0000000000000
8.1600000000000 0.0000000000000
8.3200000000000 0.0000000000000
8.3200000000000 0.0000000000000
8.3200000000000 0.0000000000000
8.4800000000000 0.0000000000000
8.6400000000000 0.0000000000000
8.6400000000000 0.0000000000000
8.8000000000000 0.0000000000000
8.9600000000000 0.0000000000000
8.9600000000000 0.0000000000000
8.9600000000000 0.0000000000000
8.9600000000000 0.0000000000000
9.1200000000000 0.0000000000000
9.2800000000000 0.0000000000000
9.2800000000000 0.0000000000000
9.4400000000000 0.0000000000000
9.6000000000000 0.0000000000000
9.6000000000000 0.0000000000000
9.6000000000000 0.0000000000000
9.7600000000000 0.0000000000000
9.9200000000000 0.0000000000000
9.9200000000000 0.0000000000000
10.0800000000000 0.0000000000000
10.2400000000000 0.0000000000000
10.2400000000000 0.0000000000000
10.2400000000000 0.0000000000000
10.2400000000000 0.0000000000000
10.2400000000000 0.0000000000000
10.4000000000000 0.0000000000000
10.5600000000000 0.0000000000000
10.5600000000000 0.0000000000000
10.7200000000000 0.0000000000000
10.8800000000000 0.0000000000000
10.8800000000000 0.0000000000000
10.8800000000000 0.0000000000000
11.0400000000000 0.0000000000000
11.2000000000000 0.0000000000000
11.2000000000000 0.0000000000000
11.3600000000000 0.0000000000000
11.5200000000000 0.0000000000000
11.5200000000000 0.0000000000000
11.5200000000000 0.0000000000000
11.5200000000000 0.0000000000000
11.6800000000000 0.0000000000000
11.8400000000000 0.0000000000000
11.8400000000000 0.0000000000000
12.0000000000000 0.0000000000000
12.1600000000000 0.0000000000000
12.1600000000000 0.0000000000000
12.1600000000000 0.0000000000000
12.3200000000000 0.0000000000000
12.4800000000000 0.0000000000000
12.4800000000000 0.0000000000000
12.6400000000000 0.0000000000000
12.8000000000000 0.0000000000000
12.8000000000000 0.0000000000000
12.8000000000000 0.0000000000000
12.8000000000000 0.0000000000000
12.8000000000000 0.0000000000000
12.9600000000000 0.0000000000000
13.1200000000000 0.0000000000000
13.1200000000000 0.0000000000000
13.2800000000000 0.0000000000000
13.4400000000000 0.0000000000000
13.4400000000000 0.0000000000000
13.4400000000000 0.0000000000000
13.6000000000000 0.0000000000000
13.7600000000000 0.0000000000000
13.7600000000000 0.0000000000000
13.9200000000000 0.0000000000000
14.0800000000000 0.0000000000000
14.0800000000000 0.0000000000000
14.0800000000000 0.0000000000000
14.0800000000000 0.0000000000000
14.2400000000000 0.0000000000000
14.4000000000000 0.0000000000000
14.4000000000000 0.0000000000000
14.5600000000000 0.0000000000000
14.7200000000000 0.0000000000000
14.7200000000000 0.0000000000000
14.7200000000000 0.0000000000000
14.8800000000000 0.0000000000000
15.0400000000000 0.0000000000000
15.0400000000000 0.0000000000000
15.2000000000000 0.0000000000000
15.3600000000000 0.0000000000000
15.3600000000000 0.0000000000000
15.3600000000000 0.0000000000000
15.3600000000000 0.0000000000000
15.3600000000000 0.0000000000000
15.5200000000000 0.0000000000000
15.6800000000000 0.0000000000000
16.0000000000000 0.0000000000000
16.0000000000000 0.0000000000000
16.3200000000000 0.0000000000000
16.6400000000000 0.0000000000000
16.6400000000000 0.0000000000000
16.6400000000000 0.0000000000000
16.9600000000000 0.0000000000000
17.2800000000000 0.0000000000000
17.2800000000000 0.0000000000000
17.6000000000000 0.0000000000000
17.9200000000000 0.0000000000000
17.9200000000000 0.0000000000000
17.9200000000000 0.0000000000000
17.9200000000000 0.0000000000000
18.2400000000000 0.0000000000000
18.5600000000000 0.0000000000000
18.5600000000000 0.0000000000000
18.8800000000000 0.0000000000000
19.2000000000000 0.0000000000000
19.2000000000000 0.0000000000000
19.2000000000000 0.0000000000000
19.5200000000000 0.0000000000000
19.8400000000000 0.0000000000000
19.8400000000000 0.0000000000000
20.1600000000000 0.0000000000000
20.4800000000000 0.0000000000000
20.4800000000000 0.0000000000000
20.4800000000000 0.0000000000000
20.4800000000000 0.0000000000000
20.8000000000000 0.0000000000000
21.1200000000000 0.0000000000000
21.1200000000000 0.0000000000000
21.4400000000000 0.0000000000000
21.7600000000000 0.0000000000000
21.7600000000000 0.0000000000000
21.7600000000000 0.0000000000000
22.0800000000000 0.0000000000000
22.4000000000000 0.0000000000000
22.4000000000000 0.0000000000000
22.7200000000000 0.0000000000000
23.0400000000000 0.0000000000000
23.0400000000000 0.0000000000000
23.0400000000000 0.0000000000000
23.6800000000000 0.0000000000000
24.3200000000000 0.0000000000000
24.3200000000000 0.0000000000000
24.9600000000000 0.0000000000000
25.6000000000000 0.0000000000000
25.6000000000000 0.0000000000000
25.6000000000000 0.0000000000000
26.2400000000000 0.0000000000000
26.8800000000000 0.0000000000000
26.8800000000000 0.0000000000000
27.5200000000000 0.0000000000000
28.1600000000000 0.0000000000000
28.1600000000000 0.0000000000000
28.1600000000000 0.0000000000000
28.8000000000000 0.0000000000000
29.4400000000000 0.0000000000000
29.4400000000000 0.0000000000000
30.0800000000000 0.0000000000000
30.7200000000000 0.0000000000000
30.7200000000000 0.0000000000000
30.7200000000000 0.0000000000000
31.3600000000000 0.0000000000000
32.0000000000000 0.0000000000000
32.0000000000000 0.0000000000000
32.6400000000000 0.0000000000000
33.2800000000000 0.0000000000000
33.2800000000000 0.0000000000000
33.2800000000000 0.0000000000000
33.9200000000000 0.0000000000000
34.5600000000000 0.0000000000000
34.5600000000000 0.0000000000000
35.2000000000000 0.0000000000000
35.8400000000000 0.0000000000000
35.8400000000000 0.0000000000000
35.8400000000000 0.0000000000000
36.4800000000000 0.0000000000000
37.1200000000000 0.0000000000000
37.1200000000000 0.0000000000000
37.7600000000000 0.0000000000000
38.4000000000000 0.0000000000000
38.4000000000000 0.0000000000000
39.6800000000000 0.0000000000000
40.9600000000000 0.0000000000000
40.9600000000000 0.0000000000000
42.2400000000000 0.0000000000000
43.5200000000000 0.0000000000000
43.5200000000000 0.0000000000000
44.8000000000000 0.0000000000000
46.0800000000000 0.0000000000000
46.0800000000000 0.0000000000000
47.3600000000000 0.0000000000000
48.6400000000000 0.0000000000000
48.6400000000000 0.0000000000000
49.9200000000000 0.0000000000000
51.2000000000000 0.0000000000000
51.2000000000000 0.0000000000000
52.4800000000000 0.0000000000000
53.7600000000000 0.0000000000000
53.7600000000000 0.0000000000000
55.0400000000000 0.0000000000000
56.3200000000000 0.0000000000000
56.3200000000000 0.0000000000000
57.6000000000000 0.0000000000000
58.8800000000000 0.0000000000000
58.8800000000000 0.0000000000000
60.1600000000000 0.0000000000000
61.4400000000000 0.0000000000000
61.4400000000000 0.0000000000000
62.7200000000000 0.0000000000000
64.0000000000000 0.0000000000000
64.0000000000000 0.0000000000000
65.2800000000000 0.0000000000000
66.5600000000000 0.0000000000000
66.5600000000000 0.0000000000000
67.8400000000000 0.0000000000000
69.1200000000000 0.0000000000000
69.1200000000000 0.0000000000000
70.4000000000000 0.0000000000000
71.6800000000000 0.0000000000000
71.6800000000000 0.0000000000000
72.9600000000000 0.0000000000000
74.2400000000000 0.0000000000000
74.2400000000000 0.0000000000000
75.5200000000000 0.0000000000000
76.8000000000000 0.0000000000000
76.8000000000000 0.0000000000000
78.0800000000000 0.0000000000000
79.3600000000000 0.0000000000000
79.3600000000000 0.0000000000000
80.6400000000000 0.0000000000000
81.9200000000000 0.0000000000000
81.9200000000000 0.0000000000000
83.2000000000000 0.0000000000000
84.4800000000000 0.0000000000000
84.4800000000000 0.0000000000000
85.7600000000000 0.0000000000000
87.0400000000000 0.0000000000000
87.0400000000000 0.0000000000000
88.3200000000000 0.0000000000000
89.6000000000000 0.0000000000000
89.6000000000000 0.0000000000000
90.8800000000000 0.0000000000000
92.1600000000000 0.0000000000000
92.1600000000000 0.0000000000000
93.4400000000000 0.0000000000000
94.7200000000000 0.0000000000000
94.7200000000000 0.0000000000000
96.0000000000000 0.0000000000000
97.2800000000000 0.0000000000000
97.2800000000000 0.0000000000000
98.5600000000000 0.0000000000000
99.8400000000000 0.0000000000000
99.8400000000000 0.0000000000000
101.1200000000000 0.0000000000000
102.4000000000000 0.0000000000000
102.4000000000000 0.0000000000000
103.6800000000000 0.0000000000000
104.9600000000000 0.0000000000000
104.9600000000000 0.0000000000000
106.2400000000000 0.0000000000000
107.5200000000000 0.0000000000000
107.5200000000000 0.0000000000000
108.8000000000000 0.0000000000000
110.0800000000000 0.0000000000000
110.0800000000000 0.0000000000000
111.3600000000000 0.0000000000000
112.6400000000000 0.0000000000000
112.6400000000000 0.0000000000000
113.9200000000000 0.0000000000000
115.2000000000000 0.0000000000000
115.2000000000000 0.0000000000000
116.4800000000000 0.0000000000000
117.7600000000000 0.0000000000000
117.7600000000000 0.0000000000000
119.0400000000000 0.0000000000000
120.3200000000000 0.0000000000000
120.3200000000000 0.0000000000000
121.6000000000000 0.0000000000000
122.8800000000000 0.0000000000000
122.8800000000000 0.0000000000000
124.1600000000000 0.0000000000000
125.4400000000000 0.0000000000000
125.4400000000000 0.0000000000000
126.7200000000000 0.0000000000000
128.0000000000000 0.0000000000000
128.0000000000000 0.0000000000000
129.2800000000000 0.0000000000000
130.5600000000000 0.0000000000000
130.5600000000000 0.0000000000000
131.8400000000000 0.0000000000000
133.1200000000000 0.0000000000000
133.1200000000000 0.0000000000000
134.4000000000000 0.0000000000000
135.6800000000000 0.0000000000000
135.6800000000000 0.0000000000000
136.9600000000000 0.0000000000000
138.2400000000000 0.0000000000000
138.2400000000000 0.0000000000000
139.5200000000000 0.0000000000000
140.8000000000000 0.0000000000000
143.3600000000000 0.0000000000000
145.9200000000000 0.0000000000000
148.4800000000000 0.0000000000000
151.0400000000000 0.0000000000000
153.6000000000000 0.0000000000000
156.1600000000000 0.0000000000000
158.7200000000000 0.0000000000000
161.2800000000000 0.0000000000000
163.8400000000000 0.0000000000000
166.4000000000000 0.0000000000000
168.9600000000000 0.0000000000000
171.5200000000000 0.0000000000000
174.0800000000000 0.0000000000000
176.6400000000000 0.0000000000000
179.2000000000000 0.0000000000000
181.7600000000000 0.0000000000000
184.3200000000000 0.0000000000000
186.8800000000000 0.0000000000000
189.4400000000000 0.0000000000000
192.0000000000000 0.0000000000000
194.5600000000000 0.0000000000000
197.1200000000000 0.0000000000000
199.6800000000000 0.0000000000000
202.2400000000000 0.0000000000000
204.8000000000000 0.0000000000000
207.3600000000000 0.0000000000000
209.9200000000000 0.0000000000000
212.4800000000000 0.0000000000000
215.0400000000000 0.0000000000000
217.6000000000000 0.0000000000000
220.1600000000000 0.0000000000000
222.7200000000000 0.0000000000000
225.2800000000000 0.0000000000000
227.8400000000000 0.0000000000000
230.4000000000000 0.0000000000000
232.9600000000000 0.0000000000000
235.5200000000000 0.0000000000000
238.0800000000000 0.0000000000000
240.6400000000000 0.0000000000000
243.2000000000000 0.0000000000000
245.7600000000000 0.0000000000000
248.3200000000000 0.0000000000000
250.8800000000000 0.0000000000000
253.4400000000000 0.0000000000000
256.0000000000000 0.0000000000000
258.5600000000000 0.0000000000000
261.1200000000000 0.0000000000000
263.6800000000000 0.0000000000000
266.2400000000000 0.0000000000000
268.8000000000000 0.0000000000000
271.3600000000000 0.0000000000000
273.9200000000000 0.0000000000000
276.4800000000000 0.0000000000000
279.0400000000000 0.0000000000000
281.6000000000000 0.0000000000000
284.1600000000000 0.0000000000000
286.7200000000000 0.0000000000000
289.2800000000000 0.0000000000000
291.8400000000000 0.0000000000000
294.4000000000000 0.0000000000000
296.9600000000000 0.0000000000000
299.5200000000000 0.0000000000000
302.0800000000000 0.0000000000000
304.6400000000000 0.0000000000000
307.2000000000000 0.0000000000000
309.7600000000000 0.0000000000000
312.3200000000000 0.0000000000000
314.8800000000000 0.0000000000000
317.4400000000000 0.0000000000000
