# x phi
-317.4400000000000 -0.0000000000000
-314.8800000000000 -0.0000000000000
-312.3200000000000 -0.0000000000000
-309.7600000000000 -0.0000000000000
-307.2000000000000 -0.0000000000000
-304.6400000000000 -0.0000000000001
-302.0800000000000 -0.0000000000001
-299.5200000000000 -0.0000000000001
-296.9600000000000 -0.0000000000001
-294.4000000000000 -0.0000000000001
-291.8400000000000 -0.0000000000001
-289.2800000000000 -0.0000000000001
-286.7200000000000 -0.0000000000001
-284.1600000000000 -0.0000000000002
-281.6000000000000 0.0000000000001
-279.0400000000000 0.0000000000014
-276.4800000000000 0.0000000000010
-273.9200000000000 -0.0000000000096
-271.3600000000000 -0.0000000000269
-268.8000000000000 0.0000000000093
-266.2400000000000 0.0000000001939
-263.6800000000000 0.0000000003811
-261.1200000000000 -0.0000000001962
-258.5600000000000 -0.0000000024417
-256.0000000000000 -0.0000000052662
-253.4400000000000 -0.0000000040110
-250.8800000000000 0.0000000057307
-248.3200000000000 0.0000000195306
-245.7600000000000 0.0000000229089
-243.2000000000000 0.0000000066149
-240.6400000000000 -0.0000000178877
-238.0800000000000 -0.0000000292691
-235.5200000000000 -0.0000000232717
-232.9600000000000 -0.0000000143397
-230.4000000000000 -0.0000000100560
-227.8400000000000 -0.0000000039408
-225.2800000000000 0.0000000056191
-222.7200000000000 0.0000000119635
-220.1600000000000 0.0000000145861
-217.6000000000000 0.0000000171989
-215.0400000000000 0.0000000183172
-212.4800000000000 0.0000000167491
-209.9200000000000 0.0000000147257
-207.3600000000000 0.0000000122007
-204.8000000000000 0.0000000085998
-202.2400000000000 0.0000000051451
-199.6800000000000 0.0000000018069
-197.1200000000000 -0.0000000015449
-194.5600000000000 -0.0000000043240
-192.0000000000000 -0.0000000069138
-189.4400000000000 -0.0000000093067
-186.8800000000000 -0.0000000108790
-184.3200000000000 -0.0000000114539
-181.7600000000000 -0.0000000115819
-179.2000000000000 -0.0000000123378
-176.6400000000000 -0.0000000131810
-174.0800000000000 -0.0000000128076
-171.5200000000000 -0.0000000118946
-168.9600000000000 -0.0000000113004
-166.4000000000000 -0.0000000105091
-163.8400000000000 -0.0000000095593
-161.2800000000000 -0.0000000088355
-158.7200000000000 -0.0000000077703
-156.1600000000000 -0.0000000067276
-153.6000000000000 -0.0000000061357
-151.0400000000000 -0.0000000049736
-148.4800000000000 -0.0000000033296
-145.9200000000000 -0.0000000028152
-143.3600000000000 -0.0000000082489
-140.8000000000000 -0.0000000378505
-139.5200000000000 -0.0000000722812
-138.2400000000000 -0.0000001148164
-138.2400000000000 -0.0000001148164
-136.9600000000000 -0.0000001581950
-135.6800000000000 -0.0000001786272
-135.6800000000000 -0.0000001786272
-134.4000000000000 -0.0000001539150
-133.1200000000000 -0.0000000891379
-133.1200000000000 -0.0000000891379
-131.8400000000000 0.0000000082501
-130.5600000000000 0.0000001228860
-130.5600000000000 0.0000001228860
-129.2800000000000 0.0000002365983
-128.0000000000000 0.0000003592644
-128.0000000000000 0.0000003592644
-126.7200000000000 0.0000004940837
-125.4400000000000 0.0000006367327
-125.4400000000000 0.0000006367327
-124.1600000000000 0.0000007600145
-122.8800000000000 0.0000008241270
-122.8800000000000 0.0000008241270
-121.6000000000000 0.0000008055569
-120.3200000000000 0.0000007051921
-120.3200000000000 0.0000007051921
-119.0400000000000 0.0000005284243
-117.7600000000000 0.0000002751537
-117.7600000000000 0.0000002751537
-116.4800000000000 -0.0000000448174
-115.2000000000000 -0.0000004018907
-115.2000000000000 -0.0000004018907
-113.9200000000000 -0.0000007602011
-112.6400000000000 -0.0000010905308
-112.6400000000000 -0.0000010905308
-111.3600000000000 -0.0000013664020
-110.0800000000000 -0.0000015627940
-110.0800000000000 -0.0000015627940
-108.8000000000000 -0.0000016684011
-107.5200000000000 -0.0000016905929
-107.5200000000000 -0.0000016905929
-106.2400000000000 -0.0000016434488
-104.9600000000000 -0.0000015390355
-104.9600000000000 -0.0000015390355
-103.6800000000000 -0.0000013913133
-102.4000000000000 -0.0000012178369
-102.4000000000000 -0.0000012178369
-101.1200000000000 -0.0000010322837
-99.8400000000000 -0.0000008366224
-99.8400000000000 -0.0000008366224
-98.5600000000000 -0.0000006223103
-97.2800000000000 -0.0000003847761
-97.2800000000000 -0.0000003847761
-96.0000000000000 -0.0000001385425
-94.7200000000000 0.0000000896618
-94.7200000000000 0.0000000896618
-93.4400000000000 0.0000002807874
-92.1600000000000 0.0000004244661
-92.1600000000000 0.0000004244661
-90.8800000000000 0.0000005063406
-89.6000000000000 0.0000005124485
-89.6000000000000 0.0000005124485
-88.3200000000000 0.0000004457746
-87.0400000000000 0.0000003273882
-87.0400000000000 0.0000003273882
-85.7600000000000 0.0000001832624
-84.4800000000000 0.0000000368203
-84.4800000000000 0.0000000368203
-83.2000000000000 -0.0000000935181
-81.9200000000000 -0.0000002041092
-81.9200000000000 -0.0000002041092
-80.6400000000000 -0.0000003100370
-79.3600000000000 -0.0000004254534
-79.3600000000000 -0.0000004254534
-78.0800000000000 -0.0000005492411
-76.8000000000000 -0.0000006885664
-76.8000000000000 -0.0000006885664
-75.5200000000000 -0.0000008794287
-74.2400000000000 -0.0000011587134
-74.2400000000000 -0.0000011587134
-72.9600000000000 -0.0000015356683
-71.6800000000000 -0.0000020103734
-71.6800000000000 -0.0000020103734
-70.4000000000000 -0.0000025904824
-69.1200000000000 -0.0000032742753
-69.1200000000000 -0.0000032742753
-67.8400000000000 -0.0000040467424
-66.5600000000000 -0.0000048971550
-66.5600000000000 -0.0000048971550
-65.2800000000000 -0.0000058188630
-64.0000000000000 -0.0000068017546
-64.0000000000000 -0.0000068017546
-62.7200000000000 -0.0000078429758
-61.4400000000000 -0.0000089534713
-61.4400000000000 -0.0000089534713
-60.1600000000000 -0.0000101476963
-58.8800000000000 -0.0000114424672
-58.8800000000000 -0.0000114424672
-57.6000000000000 -0.0000128641281
-56.3200000000000 -0.0000144437006
-56.3200000000000 -0.0000144437006
-55.0400000000000 -0.0000162135022
-53.7600000000000 -0.0000182109684
-53.7600000000000 -0.0000182109684
-52.4800000000000 -0.0000204736367
-51.2000000000000 -0.0000230391381
-51.2000000000000 -0.0000230391381
-49.9200000000000 -0.0000259606059
-48.6400000000000 -0.0000293018910
-48.6400000000000 -0.0000293018910
-47.3600000000000 -0.0000331123694
-46.0800000000000 -0.0000374495510
-46.0800000000000 -0.0000374495510
-44.8000000000000 -0.0000424132299
-43.5200000000000 -0.0000480910786
-43.5200000000000 -0.0000480910786
-42.2400000000000 -0.0000545443096
-40.9600000000000 -0.0000618763442
-40.9600000000000 -0.0000618763442
-39.6800000000000 -0.0000701789523
-38.4000000000000 -0.0000795387553
-38.4000000000000 -0.0000795387553
-37.7600000000000 -0.0000846630362
-37.1200000000000 -0.0000900994832
-37.1200000000000 -0.0000900994832
-36.4800000000000 -0.0000958572088
-35.8400000000000 -0.0001019555064
-35.8400000000000 -0.0001019555064
-35.8400000000000 -0.0001019555064
-35.2000000000000 -0.0001084131241
-34.5600000000000 -0.0001152446424
-34.5600000000000 -0.0001152446424
-33.9200000000000 -0.0001224650762
-33.2800000000000 -0.0001300816988
-33.2800000000000 -0.0001300816988
-33.2800000000000 -0.0001300816988
-32.6400000000000 -0.0001381009638
-32.0000000000000 -0.0001465502475
-32.0000000000000 -0.0001465502475
-31.3600000000000 -0.0001554546276
-30.7200000000000 -0.0001648179099
-30.7200000000000 -0.0001648179099
-30.7200000000000 -0.0001648179099
-30.0800000000000 -0.0001746363227
-29.4400000000000 -0.0001849173592
-29.4400000000000 -0.0001849173592
-28.8000000000000 -0.0001956801023
-28.1600000000000 -0.0002069374364
-28.1600000000000 -0.0002069374364
-28.1600000000000 -0.0002069374364
-27.5200000000000 -0.0002186862794
-26.8800000000000 -0.0002309129856
-26.8800000000000 -0.0002309129856
-26.2400000000000 -0.0002436045431
-25.6000000000000 -0.0002567533688
-25.6000000000000 -0.0002567533688
-25.6000000000000 -0.0002567533688
-24.9600000000000 -0.0002703473151
-24.3200000000000 -0.0002843661949
-24.3200000000000 -0.0002843661949
-23.6800000000000 -0.0002987813989
-23.0400000000000 -0.0003135459887
-23.0400000000000 -0.0003135459887
-23.0400000000000 -0.0003135459887
-22.7200000000000 -0.0003210431592
-22.4000000000000 -0.0003286119546
-22.4000000000000 -0.0003286119546
-22.0800000000000 -0.0003362489895
-21.7600000000000 -0.0003439499441
-21.7600000000000 -0.0003439499441
-21.7600000000000 -0.0003439499441
-21.4400000000000 -0.0003517089668
-21.1200000000000 -0.0003595140831
-21.1200000000000 -0.0003595140831
-20.8000000000000 -0.0003673516027
-20.4800000000000 -0.0003752047045
-20.4800000000000 -0.0003752047045
-20.4800000000000 -0.0003752047045
-20.4800000000000 -0.0003752047045
-20.1600000000000 -0.0003830554899
-19.8400000000000 -0.0003908899816
-19.8400000000000 -0.0003908899816
-19.5200000000000 -0.0003986943152
-19.2000000000000 -0.0004064514816
-19.2000000000000 -0.0004064514816
-19.2000000000000 -0.0004064514816
-18.8800000000000 -0.0004141453158
-18.5600000000000 -0.0004217639319
-18.5600000000000 -0.0004217639319
-18.2400000000000 -0.0004292956746
-17.9200000000000 -0.0004367218502
-17.9200000000000 -0.0004367218502
-17.9200000000000 -0.0004367218502
-17.9200000000000 -0.0004367218502
-17.6000000000000 -0.0004440164644
-17.2800000000000 -0.0004511528079
-17.2800000000000 -0.0004511528079
-16.9600000000000 -0.0004581062563
-16.6400000000000 -0.0004648500550
-16.6400000000000 -0.0004648500550
-16.6400000000000 -0.0004648500550
-16.3200000000000 -0.0004713525800
-16.0000000000000 -0.0004775806461
-16.0000000000000 -0.0004775806461
-15.6800000000000 -0.0004835034432
-15.5200000000000 -0.0004863413351
-15.3600000000000 -0.0004890919485
-15.3600000000000 -0.0004890919485
-15.3600000000000 -0.0004890919485
-15.3600000000000 -0.0004890919485
-15.3600000000000 -0.0004890919485
-15.2000000000000 -0.0004917515090
-15.0400000000000 -0.0004943161021
-15.0400000000000 -0.0004943161021
-14.8800000000000 -0.0004967817739
-14.7200000000000 -0.0004991446636
-14.7200000000000 -0.0004991446636
-14.7200000000000 -0.0004991446636
-14.5600000000000 -0.0005014008533
-14.4000000000000 -0.0005035464820
-14.4000000000000 -0.0005035464820
-14.2400000000000 -0.0005055775767
-14.0800000000000 -0.0005074898996
-14.0800000000000 -0.0005074898996
-14.0800000000000 -0.0005074898996
-14.0800000000000 -0.0005074898996
-13.9200000000000 -0.0005092790583
-13.7600000000000 -0.0005109402729
-13.7600000000000 -0.0005109402729
-13.6000000000000 -0.0005124685721
-13.4400000000000 -0.0005138591737
-13.4400000000000 -0.0005138591737
-13.4400000000000 -0.0005138591729
-13.2800000000000 -0.0005151078349
-13.1200000000000 -0.0005162110262
-13.1200000000000 -0.0005162110262
-12.9600000000000 -0.0005171658683
-12.8000000000000 -0.0005179699125
-12.8000000000000 -0.0005179699125
-12.8000000000000 -0.0005179699125
-12.8000000000000 -0.0005179699125
-12.8000000000000 -0.0005179699125
-12.6400000000000 -0.0005186209040
-12.4800000000000 -0.0005191166163
-12.4800000000000 -0.0005191166163
-12.3200000000000 -0.0005194547731
-12.1600000000000 -0.0005196330628
-12.1600000000000 -0.0005196330628
-12.1600000000000 -0.0005196330628
-12.0000000000000 -0.0005196492755
-11.8400000000000 -0.0005195015859
-11.8400000000000 -0.0005195015859
-11.6800000000000 -0.0005191889151
-11.5200000000000 -0.0005187112216
-11.5200000000000 -0.0005187112216
-11.5200000000000 -0.0005187112216
-11.5200000000000 -0.0005187112216
-11.3600000000000 -0.0005180695870
-11.2000000000000 -0.0005172660904
-11.2000000000000 -0.0005172660904
-11.0400000000000 -0.0005163036030
-10.8800000000000 -0.0005151857001
-10.8800000000000 -0.0005151857001
-10.8800000000000 -0.0005151857001
-10.7200000000000 -0.0005139168414
-10.5600000000000 -0.0005125028256
-10.5600000000000 -0.0005125028256
-10.4000000000000 -0.0005109513405
-10.2400000000000 -0.0005092722993
-10.2400000000000 -0.0005092722993
-10.2400000000000 -0.0005092722993
-10.2400000000000 -0.0005092722993
-10.2400000000000 -0.0005092722993
-10.0800000000000 -0.0005074777503
-9.9200000000000 -0.0005055814888
-9.9200000000000 -0.0005055814888
-9.7600000000000 -0.0005035988370
-9.6000000000000 -0.0005015470213
-9.6000000000000 -0.0005015470213
-9.6000000000000 -0.0005015470213
-9.4400000000000 -0.0004994461364
-9.2800000000000 -0.0004973202103
-9.2800000000000 -0.0004973202103
-9.1200000000000 -0.0004951978453
-8.9600000000000 -0.0004931123413
-8.9600000000000 -0.0004931123413
-8.9600000000000 -0.0004931123413
-8.9600000000000 -0.0004931123413
-8.8000000000000 -0.0004911016722
-8.6400000000000 -0.0004892087375
-8.6400000000000 -0.0004892087375
-8.4800000000000 -0.0004874820217
-8.3200000000000 -0.0004859765493
-8.3200000000000 -0.0004859765493
-8.3200000000000 -0.0004859765493
-8.1600000000000 -0.0004847550230
-8.0000000000000 -0.0004838890917
-8.0000000000000 -0.0004838890917
-7.8400000000000 -0.0004834606671
-7.6800000000000 -0.0004835632338
-7.6800000000000 -0.0004835632338
-7.6800000000000 -0.0004835632338
-7.6800000000000 -0.0004835632338
-7.6800000000000 -0.0004835632338
-7.5200000000000 -0.0004843032879
-7.3600000000000 -0.0004858021434
-7.3600000000000 -0.0004858021434
-7.2000000000000 -0.0004881980726
-7.0400000000000 -0.0004916483931
-7.0400000000000 -0.0004916483931
-7.0400000000000 -0.0004916483931
-6.8800000000000 -0.0004963312729
-6.7200000000000 -0.0005024477266
-6.7200000000000 -0.0005024477266
-6.5600000000000 -0.0005102247708
-6.4000000000000 -0.0005199204097
-6.4000000000000 -0.0005199204097
-6.4000000000000 -0.0005199204097
-6.4000000000000 -0.0005199204097
-6.2400000000000 -0.0005318301839
-6.0800000000000 -0.0005462940891
-6.0800000000000 -0.0005462940891
-5.9200000000000 -0.0005637027177
-5.7600000000000 -0.0005845029619
-5.7600000000000 -0.0005845029619
-5.7600000000000 -0.0005845029619
-5.6000000000000 -0.0006092052476
-5.4400000000000 -0.0006383939625
-5.4400000000000 -0.0006383939625
-5.2800000000000 -0.0006727409472
-5.1200000000000 -0.0007130212993
-5.1200000000000 -0.0007130212993
-5.1200000000000 -0.0007130212993
-5.1200000000000 -0.0007130212993
-5.1200000000000 -0.0007130212993
-4.9600000000000 -0.0007601318181
-4.8000000000000 -0.0008151133654
-4.8000000000000 -0.0008151133654
-4.6400000000000 -0.0008791789516
-4.4800000000000 -0.0009537486190
-4.4800000000000 -0.0009537486190
-4.4800000000000 -0.0009537486190
-4.3200000000000 -0.0010404868995
-4.1600000000000 -0.0011413384456
-4.1600000000000 -0.0011413384456
-4.0000000000000 -0.0012585767261
-3.8400000000000 -0.0013948955080
-3.8400000000000 -0.0013948955080
-3.8400000000000 -0.0013948955080
-3.8400000000000 -0.0013948955080
-3.6800000000000 -0.0015535346988
-3.5200000000000 -0.0017383466152
-3.5200000000000 -0.0017383466152
-3.3600000000000 -0.0019537133632
-3.2000000000000 -0.0022042291101
-3.2000000000000 -0.0022042291101
-3.2000000000000 -0.0022042291101
-3.0400000000000 -0.0024946131172
-2.8800000000000 -0.0028300552404
-2.8800000000000 -0.0028300552404
-2.7200000000000 -0.0032155811435
-2.5600000000000 -0.0036564034461
-2.5600000000000 -0.0036564034461
-2.5600000000000 -0.0036564034461
-2.5600000000000 -0.0036564034461
-2.5600000000000 -0.0036564034461
-2.4000000000000 -0.0041567704916
-2.2400000000000 -0.0047200784587
-2.2400000000000 -0.0047200784587
-2.0800000000000 -0.0053465719435
-1.9200000000000 -0.0060331443095
-1.9200000000000 -0.0060331443095
-1.9200000000000 -0.0060331443095
-1.7600000000000 -0.0067684646603
-1.6000000000000 -0.0075315222264
-1.6000000000000 -0.0075315222264
-1.4400000000000 -0.0082823430579
-1.2800000000000 -0.0089575163590
-1.2800000000000 -0.0089575163590
-1.2800000000000 -0.0089575163590
-1.2800000000000 -0.0089575163590
-1.1200000000000 -0.0094550782944
-0.9600000000000 -0.0096294460236
-0.9600000000000 -0.0096294460236
-0.8000000000000 -0.0092861988948
-0.6400000000000 -0.0082193038055
-0.6400000000000 -0.0082193038055
-0.6400000000000 -0.0082193038055
-0.4800000000000 -0.0063236937335
-0.3200000000000 -0.0038386672145
-0.3200000000000 -0.0038386672145
-0.1600000000000 -0.0015711999655
0.0000000000000 -0.0006323629257
0.0000000000000 -0.0006323629257
0.0000000000000 -0.0006323629257
0.0000000000000 -0.0006323629257
0.0000000000000 -0.0006323629257
0.1600000000000 -0.0015712015152
0.3200000000000 -0.0038386691901
0.3200000000000 -0.0038386691901
0.4800000000000 -0.0063236951710
0.6400000000000 -0.0082193046124
0.6400000000000 -0.0082193046124
0.6400000000000 -0.0082193046124
0.8000000000000 -0.0092861992420
0.9600000000000 -0.0096294461445
0.9600000000000 -0.0096294461445
1.1200000000000 -0.0094550782720
1.2800000000000 -0.0089575162728
1.2800000000000 -0.0089575162728
1.2800000000000 -0.0089575162728
1.2800000000000 -0.0089575162728
1.4400000000000 -0.0082823429390
1.6000000000000 -0.0075315221183
1.6000000000000 -0.0075315221183
1.7600000000000 -0.0067684645738
1.9200000000000 -0.0060331442499
1.9200000000000 -0.0060331442499
1.9200000000000 -0.0060331442499
2.0800000000000 -0.0053465719155
2.2400000000000 -0.0047200784615
2.2400000000000 -0.0047200784615
2.4000000000000 -0.0041567705221
2.5600000000000 -0.0036564034976
2.5600000000000 -0.0036564034976
2.5600000000000 -0.0036564034976
2.5600000000000 -0.0036564034976
2.5600000000000 -0.0036564034976
2.7200000000000 -0.0032155812142
2.8800000000000 -0.0028300553293
2.8800000000000 -0.0028300553293
3.0400000000000 -0.0024946132218
3.2000000000000 -0.0022042292277
3.2000000000000 -0.0022042292277
3.2000000000000 -0.0022042292277
3.3600000000000 -0.0019537134911
3.5200000000000 -0.0017383467518
3.5200000000000 -0.0017383467518
3.6800000000000 -0.0015535348431
3.8400000000000 -0.0013948956577
3.8400000000000 -0.0013948956577
3.8400000000000 -0.0013948956577
3.8400000000000 -0.0013948956577
4.0000000000000 -0.0012585768796
4.1600000000000 -0.0011413386017
4.1600000000000 -0.0011413386017
4.3200000000000 -0.0010404870576
4.4800000000000 -0.0009537487781
4.4800000000000 -0.0009537487781
4.4800000000000 -0.0009537487781
4.6400000000000 -0.0008791791102
4.8000000000000 -0.0008151135222
4.8000000000000 -0.0008151135222
4.9600000000000 -0.0007601319721
5.1200000000000 -0.0007130214499
5.1200000000000 -0.0007130214499
5.1200000000000 -0.0007130214499
5.1200000000000 -0.0007130214499
5.1200000000000 -0.0007130214499
5.2800000000000 -0.0006727410940
5.4400000000000 -0.0006383941053
5.4400000000000 -0.0006383941053
5.6000000000000 -0.0006092053859
5.7600000000000 -0.0005845030952
5.7600000000000 -0.0005845030952
5.7600000000000 -0.0005845030952
5.9200000000000 -0.0005637028455
6.0800000000000 -0.0005462942109
6.0800000000000 -0.0005462942109
6.2400000000000 -0.0005318302995
6.4000000000000 -0.0005199205189
6.4000000000000 -0.0005199205189
6.4000000000000 -0.0005199205189
6.4000000000000 -0.0005199205189
6.5600000000000 -0.0005102248734
6.7200000000000 -0.0005024478225
6.7200000000000 -0.0005024478225
6.8800000000000 -0.0004963313619
7.0400000000000 -0.0004916484755
7.0400000000000 -0.0004916484755
7.0400000000000 -0.0004916484755
7.2000000000000 -0.0004881981486
7.3600000000000 -0.0004858022135
7.3600000000000 -0.0004858022135
7.5200000000000 -0.0004843033523
7.6800000000000 -0.0004835632925
7.6800000000000 -0.0004835632925
7.6800000000000 -0.0004835632925
7.6800000000000 -0.0004835632925
7.6800000000000 -0.0004835632925
7.8400000000000 -0.0004834607203
8.0000000000000 -0.0004838891396
8.0000000000000 -0.0004838891396
8.1600000000000 -0.0004847550661
8.3200000000000 -0.0004859765879
8.3200000000000 -0.0004859765879
8.3200000000000 -0.0004859765879
8.4800000000000 -0.0004874820562
8.6400000000000 -0.0004892087682
8.6400000000000 -0.0004892087682
8.8000000000000 -0.0004911016993
8.9600000000000 -0.0004931123652
8.9600000000000 -0.0004931123652
8.9600000000000 -0.0004931123652
8.9600000000000 -0.0004931123652
9.1200000000000 -0.0004951978660
9.2800000000000 -0.0004973202282
9.2800000000000 -0.0004973202282
9.4400000000000 -0.0004994461517
9.6000000000000 -0.0005015470342
9.6000000000000 -0.0005015470342
9.6000000000000 -0.0005015470342
9.7600000000000 -0.0005035988478
9.9200000000000 -0.0005055814977
9.9200000000000 -0.0005055814977
10.0800000000000 -0.0005074777575
10.2400000000000 -0.0005092723051
10.2400000000000 -0.0005092723051
10.2400000000000 -0.0005092723051
10.2400000000000 -0.0005092723051
10.2400000000000 -0.0005092723051
10.4000000000000 -0.0005109513453
10.5600000000000 -0.0005125028297
10.5600000000000 -0.0005125028297
10.7200000000000 -0.0005139168451
10.8800000000000 -0.0005151857037
10.8800000000000 -0.0005151857037
10.8800000000000 -0.0005151857037
11.0400000000000 -0.0005163036065
11.2000000000000 -0.0005172660939
11.2000000000000 -0.0005172660939
11.3600000000000 -0.0005180695905
11.5200000000000 -0.0005187112250
11.5200000000000 -0.0005187112250
11.5200000000000 -0.0005187112250
11.5200000000000 -0.0005187112250
11.6800000000000 -0.0005191889184
11.8400000000000 -0.0005195015891
11.8400000000000 -0.0005195015891
12.0000000000000 -0.0005196492785
12.1600000000000 -0.0005196330656
12.1600000000000 -0.0005196330656
12.1600000000000 -0.0005196330656
12.3200000000000 -0.0005194547757
12.4800000000000 -0.0005191166187
12.4800000000000 -0.0005191166187
12.6400000000000 -0.0005186209065
12.8000000000000 -0.0005179699153
12.8000000000000 -0.0005179699153
12.8000000000000 -0.0005179699153
12.8000000000000 -0.0005179699153
12.8000000000000 -0.0005179699153
12.9600000000000 -0.0005171658716
13.1200000000000 -0.0005162110301
13.1200000000000 -0.0005162110301
13.2800000000000 -0.0005151078392
13.4400000000000 -0.0005138591785
13.4400000000000 -0.0005138591785
13.4400000000000 -0.0005138591785
13.6000000000000 -0.0005124685771
13.7600000000000 -0.0005109402781
13.7600000000000 -0.0005109402781
13.9200000000000 -0.0005092790638
14.0800000000000 -0.0005074899052
14.0800000000000 -0.0005074899054
14.0800000000000 -0.0005074899052
14.0800000000000 -0.0005074899054
14.2400000000000 -0.0005055775825
14.4000000000000 -0.0005035464877
14.4000000000000 -0.0005035464877
14.5600000000000 -0.0005014008591
14.7200000000000 -0.0004991446694
14.7200000000000 -0.0004991446694
14.7200000000000 -0.0004991446694
14.8800000000000 -0.0004967817798
15.0400000000000 -0.0004943161081
15.0400000000000 -0.0004943161081
15.2000000000000 -0.0004917515149
15.3600000000000 -0.0004890919544
15.3600000000000 -0.0004890919544
15.3600000000000 -0.0004890919544
15.3600000000000 -0.0004890919544
15.3600000000000 -0.0004890919544
15.5200000000000 -0.0004863413408
15.6800000000000 -0.0004835034488
16.0000000000000 -0.0004775806514
16.0000000000000 -0.0004775806514
16.3200000000000 -0.0004713525848
16.6400000000000 -0.0004648500594
16.6400000000000 -0.0004648500594
16.6400000000000 -0.0004648500594
16.9600000000000 -0.0004581062606
17.2800000000000 -0.0004511528121
17.2800000000000 -0.0004511528121
17.6000000000000 -0.0004440164684
17.9200000000000 -0.0004367218540
17.9200000000000 -0.0004367218540
17.9200000000000 -0.0004367218540
17.9200000000000 -0.0004367218540
18.2400000000000 -0.0004292956782
18.5600000000000 -0.0004217639350
18.5600000000000 -0.0004217639350
18.8800000000000 -0.0004141453182
19.2000000000000 -0.0004064514832
19.2000000000000 -0.0004064514832
19.2000000000000 -0.0004064514832
19.5200000000000 -0.0003986943162
19.8400000000000 -0.0003908899822
19.8400000000000 -0.0003908899822
20.1600000000000 -0.0003830554900
20.4800000000000 -0.0003752047041
20.4800000000000 -0.0003752047041
20.4800000000000 -0.0003752047041
20.4800000000000 -0.0003752047041
20.8000000000000 -0.0003673516019
21.1200000000000 -0.0003595140818
21.1200000000000 -0.0003595140818
21.4400000000000 -0.0003517089651
21.7600000000000 -0.0003439499422
21.7600000000000 -0.0003439499422
21.7600000000000 -0.0003439499422
22.0800000000000 -0.0003362489877
22.4000000000000 -0.0003286119531
22.4000000000000 -0.0003286119531
22.7200000000000 -0.0003210431579
23.0400000000000 -0.0003135459876
23.0400000000000 -0.0003135459876
23.0400000000000 -0.0003135459876
23.6800000000000 -0.0002987813983
24.3200000000000 -0.0002843661945
24.3200000000000 -0.0002843661945
24.9600000000000 -0.0002703473149
25.6000000000000 -0.0002567533688
25.6000000000000 -0.0002567533688
25.6000000000000 -0.0002567533688
26.2400000000000 -0.0002436045431
26.8800000000000 -0.0002309129854
26.8800000000000 -0.0002309129854
27.5200000000000 -0.0002186862792
28.1600000000000 -0.0002069374361
28.1600000000000 -0.0002069374361
28.1600000000000 -0.0002069374361
28.8000000000000 -0.0001956801021
29.4400000000000 -0.0001849173588
29.4400000000000 -0.0001849173588
30.0800000000000 -0.0001746363221
30.7200000000000 -0.0001648179090
30.7200000000000 -0.0001648179090
30.7200000000000 -0.0001648179090
31.3600000000000 -0.0001554546265
32.0000000000000 -0.0001465502462
32.0000000000000 -0.0001465502462
32.6400000000000 -0.0001381009624
33.2800000000000 -0.0001300816974
33.2800000000000 -0.0001300816974
33.2800000000000 -0.0001300816974
33.9200000000000 -0.0001224650747
34.5600000000000 -0.0001152446409
34.5600000000000 -0.0001152446409
35.2000000000000 -0.0001084131225
35.8400000000000 -0.0001019555046
35.8400000000000 -0.0001019555046
35.8400000000000 -0.0001019555046
36.4800000000000 -0.0000958572072
37.1200000000000 -0.0000900994819
37.1200000000000 -0.0000900994819
37.7600000000000 -0.0000846630350
38.4000000000000 -0.0000795387542
38.4000000000000 -0.0000795387542
39.6800000000000 -0.0000701789513
40.9600000000000 -0.0000618763435
40.9600000000000 -0.0000618763435
42.2400000000000 -0.0000545443095
43.5200000000000 -0.0000480910789
43.5200000000000 -0.0000480910789
44.8000000000000 -0.0000424132302
46.0800000000000 -0.0000374495514
46.0800000000000 -0.0000374495514
47.3600000000000 -0.0000331123696
48.6400000000000 -0.0000293018910
48.6400000000000 -0.0000293018910
49.9200000000000 -0.0000259606060
51.2000000000000 -0.0000230391383
51.2000000000000 -0.0000230391383
52.4800000000000 -0.0000204736370
53.7600000000000 -0.0000182109689
53.7600000000000 -0.0000182109689
55.0400000000000 -0.0000162135029
56.3200000000000 -0.0000144437014
56.3200000000000 -0.0000144437014
57.6000000000000 -0.0000128641290
58.8800000000000 -0.0000114424681
58.8800000000000 -0.0000114424681
60.1600000000000 -0.0000101476973
61.4400000000000 -0.0000089534721
61.4400000000000 -0.0000089534721
62.7200000000000 -0.0000078429762
64.0000000000000 -0.0000068017546
64.0000000000000 -0.0000068017546
65.2800000000000 -0.0000058188624
66.5600000000000 -0.0000048971539
66.5600000000000 -0.0000048971539
67.8400000000000 -0.0000040467411
69.1200000000000 -0.0000032742741
69.1200000000000 -0.0000032742741
70.4000000000000 -0.0000025904816
71.6800000000000 -0.0000020103733
71.6800000000000 -0.0000020103733
72.9600000000000 -0.0000015356687
74.2400000000000 -0.0000011587142
74.2400000000000 -0.0000011587142
75.5200000000000 -0.0000008794295
76.8000000000000 -0.0000006885670
76.8000000000000 -0.0000006885670
78.0800000000000 -0.0000005492414
79.3600000000000 -0.0000004254533
79.3600000000000 -0.0000004254533
80.6400000000000 -0.0000003100365
81.9200000000000 -0.0000002041085
81.9200000000000 -0.0000002041085
83.2000000000000 -0.0000000935174
84.4800000000000 0.0000000368208
84.4800000000000 0.0000000368208
85.7600000000000 0.0000001832627
87.0400000000000 0.0000003273882
87.0400000000000 0.0000003273882
88.3200000000000 0.0000004457744
89.6000000000000 0.0000005124481
89.6000000000000 0.0000005124481
90.8800000000000 0.0000005063402
92.1600000000000 0.0000004244658
92.1600000000000 0.0000004244658
93.4400000000000 0.0000002807872
94.7200000000000 0.0000000896617
94.7200000000000 0.0000000896617
96.0000000000000 -0.0000001385425
97.2800000000000 -0.0000003847761
97.2800000000000 -0.0000003847761
98.5600000000000 -0.0000006223103
99.8400000000000 -0.0000008366223
99.8400000000000 -0.0000008366223
101.1200000000000 -0.0000010322836
102.4000000000000 -0.0000012178369
102.4000000000000 -0.0000012178369
103.6800000000000 -0.0000013913133
104.9600000000000 -0.0000015390355
104.9600000000000 -0.0000015390355
106.2400000000000 -0.0000016434488
107.5200000000000 -0.0000016905928
107.5200000000000 -0.0000016905928
108.8000000000000 -0.0000016684011
110.0800000000000 -0.0000015627940
110.0800000000000 -0.0000015627940
111.3600000000000 -0.0000013664020
112.6400000000000 -0.0000010905308
112.6400000000000 -0.0000010905308
113.9200000000000 -0.0000007602011
115.2000000000000 -0.0000004018907
115.2000000000000 -0.0000004018907
116.4800000000000 -0.0000000448174
117.7600000000000 0.0000002751537
117.7600000000000 0.0000002751537
119.0400000000000 0.0000005284243
120.3200000000000 0.0000007051921
120.3200000000000 0.0000007051921
121.6000000000000 0.0000008055569
122.8800000000000 0.0000008241270
122.8800000000000 0.0000008241270
124.1600000000000 0.0000007600145
125.4400000000000 0.0000006367327
125.4400000000000 0.0000006367327
126.7200000000000 0.0000004940837
128.0000000000000 0.0000003592644
128.0000000000000 0.0000003592644
129.2800000000000 0.0000002365983
130.5600000000000 0.0000001228859
130.5600000000000 0.0000001228859
131.8400000000000 0.0000000082501
133.1200000000000 -0.0000000891379
133.1200000000000 -0.0000000891379
134.4000000000000 -0.0000001539150
135.6800000000000 -0.0000001786272
135.6800000000000 -0.0000001786272
136.9600000000000 -0.0000001581950
138.2400000000000 -0.0000001148164
138.2400000000000 -0.0000001148164
139.5200000000000 -0.0000000722812
140.8000000000000 -0.0000000378505
143.3600000000000 -0.0000000082489
145.9200000000000 -0.0000000028152
148.4800000000000 -0.0000000033296
151.0400000000000 -0.0000000049736
153.6000000000000 -0.0000000061357
156.1600000000000 -0.0000000067276
158.7200000000000 -0.0000000077703
161.2800000000000 -0.0000000088355
163.8400000000000 -0.0000000095593
166.4000000000000 -0.0000000105091
168.9600000000000 -0.0000000113004
171.5200000000000 -0.0000000118946
174.0800000000000 -0.0000000128076
176.6400000000000 -0.0000000131810
179.2000000000000 -0.0000000123378
181.7600000000000 -0.0000000115819
184.3200000000000 -0.0000000114539
186.8800000000000 -0.0000000108790
189.4400000000000 -0.0000000093067
192.0000000000000 -0.0000000069138
194.5600000000000 -0.0000000043240
197.1200000000000 -0.0000000015449
199.6800000000000 0.0000000018069
202.2400000000000 0.0000000051451
204.8000000000000 0.0000000085998
207.3600000000000 0.0000000122007
209.9200000000000 0.0000000147257
212.4800000000000 0.0000000167491
215.0400000000000 0.0000000183172
217.6000000000000 0.0000000171989
220.1600000000000 0.0000000145861
222.7200000000000 0.0000000119635
225.2800000000000 0.0000000056191
227.8400000000000 -0.0000000039408
230.4000000000000 -0.0000000100560
232.9600000000000 -0.0000000143397
235.5200000000000 -0.0000000232717
238.0800000000000 -0.0000000292691
240.6400000000000 -0.0000000178877
243.2000000000000 0.0000000066149
245.7600000000000 0.0000000229089
248.3200000000000 0.0000000195306
250.8800000000000 0.0000000057307
253.4400000000000 -0.0000000040110
256.0000000000000 -0.0000000052662
258.5600000000000 -0.0000000024417
261.1200000000000 -0.0000000001962
263.6800000000000 0.0000000003811
266.2400000000000 0.0000000001939
268.8000000000000 0.0000000000093
271.3600000000000 -0.0000000000269
273.9200000000000 -0.0000000000096
276.4800000000000 0.0000000000010
279.0400000000000 0.0000000000014
281.6000000000000 0.0000000000001
284.1600000000000 -0.0000000000002
286.7200000000000 -0.0000000000001
289.2800000000000 -0.0000000000001
291.8400000000000 -0.0000000000001
294.4000000000000 -0.0000000000001
296.9600000000000 -0.0000000000001
299.5200000000000 -0.0000000000001
302.0800000000000 -0.0000000000001
304.6400000000000 -0.0000000000001
307.2000000000000 -0.0000000000000
309.7600000000000 -0.0000000000000
312.3200000000000 -0.0000000000000
314.8800000000000 -0.0000000000000
317.4400000000000 -0.0000000000000
