# x lapse
-317.4400000000000 0.9947921079716
-314.8800000000000 0.9947499055314
-312.3200000000000 0.9947070122225
-309.7600000000000 0.9946634112572
-307.2000000000000 0.9946190849813
-304.6400000000000 0.9945740151025
-302.0800000000000 0.9945281829610
-299.5200000000000 0.9944815688564
-296.9600000000000 0.9944341520500
-294.4000000000000 0.9943859114709
-291.8400000000000 0.9943368254381
-289.2800000000000 0.9942868716248
-286.7200000000000 0.9942360276422
-284.1600000000000 0.9941842700116
-281.6000000000000 0.9941315736661
-279.0400000000000 0.9940779130214
-276.4800000000000 0.9940232614793
-273.9200000000000 0.9939675903015
-271.3600000000000 0.9939108696608
-268.8000000000000 0.9938530702003
-266.2400000000000 0.9937941619421
-263.6800000000000 0.9937341129400
-261.1200000000000 0.9936728902813
-258.5600000000000 0.9936104595790
-256.0000000000000 0.9935467833618
-253.4400000000000 0.9934818227935
-250.8800000000000 0.9934155390604
-248.3200000000000 0.9933478922032
-245.7600000000000 0.9932788410674
-243.2000000000000 0.9932083420931
-240.6400000000000 0.9931363474576
-238.0800000000000 0.9930628072422
-235.5200000000000 0.9929876720912
-232.9600000000000 0.9929108915028
-230.4000000000000 0.9928324113994
-227.8400000000000 0.9927521737969
-225.2800000000000 0.9926701171626
-222.7200000000000 0.9925861789777
-220.1600000000000 0.9925002962971
-217.6000000000000 0.9924124011537
-215.0400000000000 0.9923224199905
-212.4800000000000 0.9922302773864
-209.9200000000000 0.9921358960479
-207.3600000000000 0.9920391947052
-204.8000000000000 0.9919400853873
-202.2400000000000 0.9918384754653
-199.6800000000000 0.9917342713345
-197.1200000000000 0.9916273733757
-194.5600000000000 0.9915176734910
-192.0000000000000 0.9914050599450
-189.4400000000000 0.9912894169941
-186.8800000000000 0.9911706202754
-184.3200000000000 0.9910485382820
-181.7600000000000 0.9909230336184
-179.2000000000000 0.9907939603115
-176.6400000000000 0.9906611630073
-174.0800000000000 0.9905244785111
-171.5200000000000 0.9903837335791
-168.9600000000000 0.9902387439984
-166.4000000000000 0.9900893157678
-163.8400000000000 0.9899352409043
-161.2800000000000 0.9897762989307
-158.7200000000000 0.9896122558645
-156.1600000000000 0.9894428616437
-153.6000000000000 0.9892678514833
-151.0400000000000 0.9890869408274
-148.4800000000000 0.9888998265131
-145.9200000000000 0.9887061834468
-143.3600000000000 0.9885056645119
-140.8000000000000 0.9882978977124
-139.5200000000000 0.9881911725493
-138.2400000000000 0.9880824829768
-138.2400000000000 0.9880824829768
-136.9600000000000 0.9879717740732
-135.6800000000000 0.9878589889745
-135.6800000000000 0.9878589889745
-134.4000000000000 0.9877440686567
-133.1200000000000 0.9876269520210
-133.1200000000000 0.9876269520210
-131.8400000000000 0.9875075755953
-130.5600000000000 0.9873858732772
-130.5600000000000 0.9873858732772
-129.2800000000000 0.9872617763285
-128.0000000000000 0.9871352133362
-128.0000000000000 0.9871352133362
-126.7200000000000 0.9870061100503
-125.4400000000000 0.9868743888338
-125.4400000000000 0.9868743888338
-124.1600000000000 0.9867399691204
-122.8800000000000 0.9866027675143
-122.8800000000000 0.9866027675143
-121.6000000000000 0.9864626969552
-120.3200000000000 0.9863196663220
-120.3200000000000 0.9863196663220
-119.0400000000000 0.9861735807045
-117.7600000000000 0.9860243410271
-117.7600000000000 0.9860243410271
-116.4800000000000 0.9858718440516
-115.2000000000000 0.9857159823851
-115.2000000000000 0.9857159823851
-113.9200000000000 0.9855566434589
-112.6400000000000 0.9853937096186
-112.6400000000000 0.9853937096186
-111.3600000000000 0.9852270582777
-110.0800000000000 0.9850565605517
-110.0800000000000 0.9850565605517
-108.8000000000000 0.9848820812573
-107.5200000000000 0.9847034795804
-107.5200000000000 0.9847034795804
-106.2400000000000 0.9845206080026
-104.9600000000000 0.9843333112788
-104.9600000000000 0.9843333112788
-103.6800000000000 0.9841414266199
-102.4000000000000 0.9839447832058
-102.4000000000000 0.9839447832058
-101.1200000000000 0.9837432004648
-99.8400000000000 0.9835364874269
-99.8400000000000 0.9835364874269
-98.5600000000000 0.9833244430454
-97.2800000000000 0.9831068552126
-97.2800000000000 0.9831068552126
-96.0000000000000 0.9828834976933
-94.7200000000000 0.9826541211874
-94.7200000000000 0.9826541211874
-93.4400000000000 0.9824184328603
-92.1600000000000 0.9821760745548
-92.1600000000000 0.9821760745548
-90.8800000000000 0.9819266332597
-89.6000000000000 0.9816697219002
-89.6000000000000 0.9816697219002
-88.3200000000000 0.9814051169957
-87.0400000000000 0.9811328279726
-87.0400000000000 0.9811328279726
-85.7600000000000 0.9808529382633
-84.4800000000000 0.9805652841662
-84.4800000000000 0.9805652841662
-83.2000000000000 0.9802693346751
-81.9200000000000 0.9799644641393
-81.9200000000000 0.9799644641393
-80.6400000000000 0.9796502255619
-79.3600000000000 0.9793262013693
-79.3600000000000 0.9793262013693
-78.0800000000000 0.9789917514759
-76.8000000000000 0.9786461619360
-76.8000000000000 0.9786461619360
-75.5200000000000 0.9782888859502
-74.2400000000000 0.9779193944257
-74.2400000000000 0.9779193944257
-72.9600000000000 0.9775369925384
-71.6800000000000 0.9771409566952
-71.6800000000000 0.9771409566952
-70.4000000000000 0.9767305968564
-69.1200000000000 0.9763051221939
-69.1200000000000 0.9763051221939
-67.8400000000000 0.9758636693237
-66.5600000000000 0.9754053727758
-66.5600000000000 0.9754053727758
-65.2800000000000 0.9749292768299
-64.0000000000000 0.9744343244650
-64.0000000000000 0.9744343244650
-62.7200000000000 0.9739194019965
-61.4400000000000 0.9733832924292
-61.4400000000000 0.9733832924292
-60.1600000000000 0.9728246729534
-58.8800000000000 0.9722421215715
-58.8800000000000 0.9722421215715
-57.6000000000000 0.9716340713191
-56.3200000000000 0.9709988065111
-56.3200000000000 0.9709988065111
-55.0400000000000 0.9703344561311
-53.7600000000000 0.9696389768299
-53.7600000000000 0.9696389768299
-52.4800000000000 0.9689101404745
-51.2000000000000 0.9681454909179
-51.2000000000000 0.9681454909179
-49.9200000000000 0.9673423111615
-48.6400000000000 0.9664975939568
-48.6400000000000 0.9664975939568
-47.3600000000000 0.9656080196570
-46.0800000000000 0.9646699305584
-46.0800000000000 0.9646699305584
-44.8000000000000 0.9636792644465
-43.5200000000000 0.9626314699258
-43.5200000000000 0.9626314699258
-42.2400000000000 0.9615214150332
-40.9600000000000 0.9603433347445
-40.9600000000000 0.9603433347445
-39.6800000000000 0.9590907883016
-38.4000000000000 0.9577565446160
-38.4000000000000 0.9577565446160
-37.7600000000000 0.9570562554654
-37.1200000000000 0.9563323496372
-37.1200000000000 0.9563323496372
-36.4800000000000 0.9555835964624
-35.8400000000000 0.9548086938408
-35.8400000000000 0.9548086938408
-35.8400000000000 0.9548086938408
-35.2000000000000 0.9540062458052
-34.5600000000000 0.9531747701587
-34.5600000000000 0.9531747701587
-33.9200000000000 0.9523126720865
-33.2800000000000 0.9514182257192
-33.2800000000000 0.9514182257192
-33.2800000000000 0.9514182257192
-32.6400000000000 0.9504895692640
-32.0000000000000 0.9495246920929
-32.0000000000000 0.9495246920929
-31.3600000000000 0.9485214099310
-30.7200000000000 0.9474774239672
-30.7200000000000 0.9474774239672
-30.7200000000000 0.9474774239672
-30.0800000000000 0.9463901951897
-29.4400000000000 0.9452569438004
-29.4400000000000 0.9452569438004
-28.8000000000000 0.9440746956899
-28.1600000000000 0.9428402194320
-28.1600000000000 0.9428402194320
-28.1600000000000 0.9428402194320
-27.5200000000000 0.9415499686032
-26.8800000000000 0.9402000754811
-26.8800000000000 0.9402000754811
-26.2400000000000 0.9387863131830
-25.6000000000000 0.9373040492303
-25.6000000000000 0.9373040492303
-25.6000000000000 0.9373040492303
-24.9600000000000 0.9357481730651
-24.3200000000000 0.9341130416981
-24.3200000000000 0.9341130416981
-23.6800000000000 0.9323924240141
-23.0400000000000 0.9305794132189
-23.0400000000000 0.9305794132189
-23.0400000000000 0.9305794132189
-22.7200000000000 0.9296359067946
-22.4000000000000 0.9286663709640
-22.4000000000000 0.9286663709640
-22.0800000000000 0.9276697112221
-21.7600000000000 0.9266447770343
-21.7600000000000 0.9266447770343
-21.7600000000000 0.9266447770343
-21.4400000000000 0.9255903499861
-21.1200000000000 0.9245051376986
-21.1200000000000 0.9245051376986
-20.8000000000000 0.9233877692485
-20.4800000000000 0.9222367913329
-20.4800000000000 0.9222367913329
-20.4800000000000 0.9222367913329
-20.4800000000000 0.9222367913329
-20.1600000000000 0.9210506597681
-19.8400000000000 0.9198277347580
-19.8400000000000 0.9198277347580
-19.5200000000000 0.9185662704888
-19.2000000000000 0.9172644182664
-19.2000000000000 0.9172644182664
-19.2000000000000 0.9172644182664
-18.8800000000000 0.9159202048198
-18.5600000000000 0.9145315183402
-18.5600000000000 0.9145315183402
-18.2400000000000 0.9130961013004
-17.9200000000000 0.9116115485644
-17.9200000000000 0.9116115485644
-17.9200000000000 0.9116115485644
-17.9200000000000 0.9116115485644
-17.6000000000000 0.9100753013002
-17.2800000000000 0.9084846205880
-17.2800000000000 0.9084846205880
-16.9600000000000 0.9068365544609
-16.6400000000000 0.9051279255517
-16.6400000000000 0.9051279255517
-16.6400000000000 0.9051279255517
-16.3200000000000 0.9033553257534
-16.0000000000000 0.9015150935936
-16.0000000000000 0.9015150935936
-15.6800000000000 0.8996032786145
-15.5200000000000 0.8986192046190
-15.3600000000000 0.8976156035714
-15.3600000000000 0.8976156035714
-15.3600000000000 0.8976156035714
-15.3600000000000 0.8976156035714
-15.3600000000000 0.8976156035714
-15.2000000000000 0.8965918847485
-15.0400000000000 0.8955474345651
-15.0400000000000 0.8955474345651
-14.8800000000000 0.8944816143509
-14.7200000000000 0.8933937604257
-14.7200000000000 0.8933937604257
-14.7200000000000 0.8933937604257
-14.5600000000000 0.8922831814092
-14.4000000000000 0.8911491567822
-14.4000000000000 0.8911491567822
-14.2400000000000 0.8899909349879
-14.0800000000000 0.8888077327326
-14.0800000000000 0.8888077327326
-14.0800000000000 0.8888077327326
-14.0800000000000 0.8888077327326
-13.9200000000000 0.8875987318441
-13.7600000000000 0.8863630771018
-13.7600000000000 0.8863630771018
-13.6000000000000 0.8850998741301
-13.4400000000000 0.8838081880608
-13.4400000000000 0.8838081880608
-13.4400000000000 0.8838081880543
-13.2800000000000 0.8824870421847
-13.1200000000000 0.8811354159236
-13.1200000000000 0.8811354159236
-12.9600000000000 0.8797522416847
-12.8000000000000 0.8783364007976
-12.8000000000000 0.8783364007976
-12.8000000000000 0.8783364007976
-12.8000000000000 0.8783364007976
-12.8000000000000 0.8783364007976
-12.6400000000000 0.8768867192159
-12.4800000000000 0.8754019636685
-12.4800000000000 0.8754019636685
-12.3200000000000 0.8738808385321
-12.1600000000000 0.8723219831739
-12.1600000000000 0.8723219831739
-12.1600000000000 0.8723219831739
-12.0000000000000 0.8707239691420
-11.8400000000000 0.8690852965075
-11.8400000000000 0.8690852965075
-11.6800000000000 0.8674043889520
-11.5200000000000 0.8656795877697
-11.5200000000000 0.8656795877697
-11.5200000000000 0.8656795877697
-11.5200000000000 0.8656795877697
-11.3600000000000 0.8639091454086
-11.2000000000000 0.8620912191543
-11.2000000000000 0.8620912191543
-11.0400000000000 0.8602238650358
-10.8800000000000 0.8583050314107
-10.8800000000000 0.8583050314107
-10.8800000000000 0.8583050314107
-10.7200000000000 0.8563325516052
-10.5600000000000 0.8543041355515
-10.5600000000000 0.8543041355515
-10.4000000000000 0.8522173608322
-10.2400000000000 0.8500696633423
-10.2400000000000 0.8500696633423
-10.2400000000000 0.8500696633423
-10.2400000000000 0.8500696633423
-10.2400000000000 0.8500696633423
-10.0800000000000 0.8478583272636
-9.9200000000000 0.8455804738192
-9.9200000000000 0.8455804738192
-9.7600000000000 0.8432330483962
-9.6000000000000 0.8408128058235
-9.6000000000000 0.8408128058235
-9.6000000000000 0.8408128058235
-9.4400000000000 0.8383162937878
-9.2800000000000 0.8357398347678
-9.2800000000000 0.8357398347678
-9.1200000000000 0.8330795072891
-8.9600000000000 0.8303311270240
-8.9600000000000 0.8303311270240
-8.9600000000000 0.8303311270240
-8.9600000000000 0.8303311270240
-8.8000000000000 0.8274902269958
-8.6400000000000 0.8245520349221
-8.6400000000000 0.8245520349221
-8.4800000000000 0.8215114459053
-8.3200000000000 0.8183629902748
-8.3200000000000 0.8183629902748
-8.3200000000000 0.8183629902748
-8.1600000000000 0.8151007979017
-8.0000000000000 0.8117185602662
-8.0000000000000 0.8117185602662
-7.8400000000000 0.8082094901815
-7.6800000000000 0.8045662779180
-7.6800000000000 0.8045662779180
-7.6800000000000 0.8045662779180
-7.6800000000000 0.8045662779180
-7.6800000000000 0.8045662779180
-7.5200000000000 0.8007810422588
-7.3600000000000 0.7968452747562
-7.3600000000000 0.7968452747562
-7.2000000000000 0.7927497748086
-7.0400000000000 0.7884845737963
-7.0400000000000 0.7884845737963
-7.0400000000000 0.7884845737963
-6.8800000000000 0.7840388490324
-6.7200000000000 0.7794008296925
-6.7200000000000 0.7794008296925
-6.5600000000000 0.7745576942109
-6.4000000000000 0.7694954540371
-6.4000000000000 0.7694954540371
-6.4000000000000 0.7694954540371
-6.4000000000000 0.7694954540371
-6.2400000000000 0.7641988174874
-6.0800000000000 0.7586510313228
-6.0800000000000 0.7586510313228
-5.9200000000000 0.7528337021534
-5.7600000000000 0.7467265994139
-5.7600000000000 0.7467265994139
-5.7600000000000 0.7467265994139
-5.6000000000000 0.7403074421656
-5.4400000000000 0.7335517379749
-5.4400000000000 0.7335517379749
-5.2800000000000 0.7264332673552
-5.1200000000000 0.7189283973605
-5.1200000000000 0.7189283973605
-5.1200000000000 0.7189283973605
-5.1200000000000 0.7189283973605
-5.1200000000000 0.7189283973605
-4.9600000000000 0.7110241215716
-4.8000000000000 0.7027111179756
-4.8000000000000 0.7027111179756
-4.6400000000000 0.6939808292825
-4.4800000000000 0.6848244558933
-4.4800000000000 0.6848244558933
-4.4800000000000 0.6848244558933
-4.3200000000000 0.6752352951430
-4.1600000000000 0.6652082333949
-4.1600000000000 0.6652082333949
-4.0000000000000 0.6547396069402
-3.8400000000000 0.6438289263364
-3.8400000000000 0.6438289263364
-3.8400000000000 0.6438289263364
-3.8400000000000 0.6438289263364
-3.6800000000000 0.6324783947026
-3.5200000000000 0.6206944142789
-3.5200000000000 0.6206944142789
-3.3600000000000 0.6084879759445
-3.2000000000000 0.5958762162429
-3.2000000000000 0.5958762162429
-3.2000000000000 0.5958762162429
-3.0400000000000 0.5828826267255
-2.8800000000000 0.5695392931680
-2.8800000000000 0.5695392931680
-2.7200000000000 0.5558871221019
-2.5600000000000 0.5419780663855
-2.5600000000000 0.5419780663855
-2.5600000000000 0.5419780663855
-2.5600000000000 0.5419780663855
-2.5600000000000 0.5419780663855
-2.4000000000000 0.5278755685719
-2.2400000000000 0.5136568042791
-2.2400000000000 0.5136568042791
-2.0800000000000 0.4994125203997
-1.9200000000000 0.4852496466247
-1.9200000000000 0.4852496466247
-1.9200000000000 0.4852496466247
-1.7600000000000 0.4712896531031
-1.6000000000000 0.4576715550052
-1.6000000000000 0.4576715550052
-1.4400000000000 0.4445474892112
-1.2800000000000 0.4320863015723
-1.2800000000000 0.4320863015723
-1.2800000000000 0.4320863015723
-1.2800000000000 0.4320863015723
-1.1200000000000 0.4204647416007
-0.9600000000000 0.4098716978047
-0.9600000000000 0.4098716978047
-0.8000000000000 0.4004924372202
-0.6400000000000 0.3925146349981
-0.6400000000000 0.3925146349981
-0.6400000000000 0.3925146349981
-0.4800000000000 0.3861030759761
-0.3200000000000 0.3814113197342
-0.3200000000000 0.3814113197342
-0.1600000000000 0.3785437399482
0.0000000000000 0.3775817854749
0.0000000000000 0.3775817854749
0.0000000000000 0.3775817854749
0.0000000000000 0.3775817854749
0.0000000000000 0.3775817854749
0.1600000000000 0.3785437399463
0.3200000000000 0.3814113197307
0.3200000000000 0.3814113197307
0.4800000000000 0.3861030759712
0.6400000000000 0.3925146349922
0.6400000000000 0.3925146349922
0.6400000000000 0.3925146349922
0.8000000000000 0.4004924372136
0.9600000000000 0.4098716977983
0.9600000000000 0.4098716977983
1.1200000000000 0.4204647415950
1.2800000000000 0.4320863015679
1.2800000000000 0.4320863015679
1.2800000000000 0.4320863015679
1.2800000000000 0.4320863015679
1.4400000000000 0.4445474892086
1.6000000000000 0.4576715550041
1.6000000000000 0.4576715550041
1.7600000000000 0.4712896531038
1.9200000000000 0.4852496466262
1.9200000000000 0.4852496466262
1.9200000000000 0.4852496466262
2.0800000000000 0.4994125204019
2.2400000000000 0.5136568042806
2.2400000000000 0.5136568042806
2.4000000000000 0.5278755685728
2.5600000000000 0.5419780663847
2.5600000000000 0.5419780663847
2.5600000000000 0.5419780663847
2.5600000000000 0.5419780663847
2.5600000000000 0.5419780663847
2.7200000000000 0.5558871220995
2.8800000000000 0.5695392931639
2.8800000000000 0.5695392931639
3.0400000000000 0.5828826267199
3.2000000000000 0.5958762162363
3.2000000000000 0.5958762162363
3.2000000000000 0.5958762162363
3.3600000000000 0.6084879759370
3.5200000000000 0.6206944142714
3.5200000000000 0.6206944142714
3.6800000000000 0.6324783946951
3.8400000000000 0.6438289263296
3.8400000000000 0.6438289263296
3.8400000000000 0.6438289263296
3.8400000000000 0.6438289263296
4.0000000000000 0.6547396069344
4.1600000000000 0.6652082333907
4.1600000000000 0.6652082333907
4.3200000000000 0.6752352951408
4.4800000000000 0.6848244558911
4.4800000000000 0.6848244558911
4.4800000000000 0.6848244558911
4.6400000000000 0.6939808292788
4.8000000000000 0.7027111179696
4.8000000000000 0.7027111179696
4.9600000000000 0.7110241215648
5.1200000000000 0.7189283973558
5.1200000000000 0.7189283973558
5.1200000000000 0.7189283973558
5.1200000000000 0.7189283973558
5.1200000000000 0.7189283973558
5.2800000000000 0.7264332673511
5.4400000000000 0.7335517379717
5.4400000000000 0.7335517379717
5.6000000000000 0.7403074421630
5.7600000000000 0.7467265994117
5.7600000000000 0.7467265994117
5.7600000000000 0.7467265994117
5.9200000000000 0.7528337021514
6.0800000000000 0.7586510313210
6.0800000000000 0.7586510313210
6.2400000000000 0.7641988174859
6.4000000000000 0.7694954540357
6.4000000000000 0.7694954540357
6.4000000000000 0.7694954540357
6.4000000000000 0.7694954540357
6.5600000000000 0.7745576942096
6.7200000000000 0.7794008296913
6.7200000000000 0.7794008296913
6.8800000000000 0.7840388490312
7.0400000000000 0.7884845737950
7.0400000000000 0.7884845737950
7.0400000000000 0.7884845737950
7.2000000000000 0.7927497748074
7.3600000000000 0.7968452747549
7.3600000000000 0.7968452747549
7.5200000000000 0.8007810422575
7.6800000000000 0.8045662779168
7.6800000000000 0.8045662779168
7.6800000000000 0.8045662779168
7.6800000000000 0.8045662779168
7.6800000000000 0.8045662779168
7.8400000000000 0.8082094901803
8.0000000000000 0.8117185602650
8.0000000000000 0.8117185602650
8.1600000000000 0.8151007979005
8.3200000000000 0.8183629902737
8.3200000000000 0.8183629902737
8.3200000000000 0.8183629902737
8.4800000000000 0.8215114459041
8.6400000000000 0.8245520349209
8.6400000000000 0.8245520349209
8.8000000000000 0.8274902269946
8.9600000000000 0.8303311270228
8.9600000000000 0.8303311270228
8.9600000000000 0.8303311270228
8.9600000000000 0.8303311270228
9.1200000000000 0.8330795072880
9.2800000000000 0.8357398347668
9.2800000000000 0.8357398347668
9.4400000000000 0.8383162937869
9.6000000000000 0.8408128058226
9.6000000000000 0.8408128058226
9.6000000000000 0.8408128058226
9.7600000000000 0.8432330483954
9.9200000000000 0.8455804738184
9.9200000000000 0.8455804738184
10.0800000000000 0.8478583272629
10.2400000000000 0.8500696633416
10.2400000000000 0.8500696633416
10.2400000000000 0.8500696633416
10.2400000000000 0.8500696633416
10.2400000000000 0.8500696633416
10.4000000000000 0.8522173608316
10.5600000000000 0.8543041355509
10.5600000000000 0.8543041355509
10.7200000000000 0.8563325516047
10.8800000000000 0.8583050314102
10.8800000000000 0.8583050314102
10.8800000000000 0.8583050314102
11.0400000000000 0.8602238650353
11.2000000000000 0.8620912191538
11.2000000000000 0.8620912191538
11.3600000000000 0.8639091454082
11.5200000000000 0.8656795877693
11.5200000000000 0.8656795877693
11.5200000000000 0.8656795877693
11.5200000000000 0.8656795877693
11.6800000000000 0.8674043889517
11.8400000000000 0.8690852965072
11.8400000000000 0.8690852965072
12.0000000000000 0.8707239691417
12.1600000000000 0.8723219831736
12.1600000000000 0.8723219831736
12.1600000000000 0.8723219831736
12.3200000000000 0.8738808385319
12.4800000000000 0.8754019636683
12.4800000000000 0.8754019636683
12.6400000000000 0.8768867192158
12.8000000000000 0.8783364007975
12.8000000000000 0.8783364007975
12.8000000000000 0.8783364007975
12.8000000000000 0.8783364007975
12.8000000000000 0.8783364007975
12.9600000000000 0.8797522416847
13.1200000000000 0.8811354159236
13.1200000000000 0.8811354159236
13.2800000000000 0.8824870421847
13.4400000000000 0.8838081880608
13.4400000000000 0.8838081880608
13.4400000000000 0.8838081880608
13.6000000000000 0.8850998741301
13.7600000000000 0.8863630771018
13.7600000000000 0.8863630771018
13.9200000000000 0.8875987318441
14.0800000000000 0.8888077327326
14.0800000000000 0.8888077327459
14.0800000000000 0.8888077327326
14.0800000000000 0.8888077327459
14.2400000000000 0.8899909349880
14.4000000000000 0.8911491567824
14.4000000000000 0.8911491567824
14.5600000000000 0.8922831814094
14.7200000000000 0.8933937604259
14.7200000000000 0.8933937604259
14.7200000000000 0.8933937604259
14.8800000000000 0.8944816143511
15.0400000000000 0.8955474345653
15.0400000000000 0.8955474345653
15.2000000000000 0.8965918847486
15.3600000000000 0.8976156035716
15.3600000000000 0.8976156035716
15.3600000000000 0.8976156035716
15.3600000000000 0.8976156035716
15.3600000000000 0.8976156035716
15.5200000000000 0.8986192046192
15.6800000000000 0.8996032786148
16.0000000000000 0.9015150935938
16.0000000000000 0.9015150935938
16.3200000000000 0.9033553257536
16.6400000000000 0.9051279255519
16.6400000000000 0.9051279255519
16.6400000000000 0.9051279255519
16.9600000000000 0.9068365544610
17.2800000000000 0.9084846205882
17.2800000000000 0.9084846205882
17.6000000000000 0.9100753013004
17.9200000000000 0.9116115485646
17.9200000000000 0.9116115485646
17.9200000000000 0.9116115485646
17.9200000000000 0.9116115485646
18.2400000000000 0.9130961013005
18.5600000000000 0.9145315183404
18.5600000000000 0.9145315183404
18.8800000000000 0.9159202048199
19.2000000000000 0.9172644182666
19.2000000000000 0.9172644182666
19.2000000000000 0.9172644182666
19.5200000000000 0.9185662704889
19.8400000000000 0.9198277347581
19.8400000000000 0.9198277347581
20.1600000000000 0.9210506597682
20.4800000000000 0.9222367913330
20.4800000000000 0.9222367913330
20.4800000000000 0.9222367913330
20.4800000000000 0.9222367913330
20.8000000000000 0.9233877692485
21.1200000000000 0.9245051376986
21.1200000000000 0.9245051376986
21.4400000000000 0.9255903499861
21.7600000000000 0.9266447770343
21.7600000000000 0.9266447770343
21.7600000000000 0.9266447770343
22.0800000000000 0.9276697112220
22.4000000000000 0.9286663709639
22.4000000000000 0.9286663709639
22.7200000000000 0.9296359067945
23.0400000000000 0.9305794132188
23.0400000000000 0.9305794132188
23.0400000000000 0.9305794132188
23.6800000000000 0.9323924240140
24.3200000000000 0.9341130416980
24.3200000000000 0.9341130416980
24.9600000000000 0.9357481730650
25.6000000000000 0.9373040492302
25.6000000000000 0.9373040492302
25.6000000000000 0.9373040492302
26.2400000000000 0.9387863131830
26.8800000000000 0.9402000754809
26.8800000000000 0.9402000754809
27.5200000000000 0.9415499686030
28.1600000000000 0.9428402194318
28.1600000000000 0.9428402194318
28.1600000000000 0.9428402194318
28.8000000000000 0.9440746956897
29.4400000000000 0.9452569438001
29.4400000000000 0.9452569438001
30.0800000000000 0.9463901951894
30.7200000000000 0.9474774239670
30.7200000000000 0.9474774239670
30.7200000000000 0.9474774239670
31.3600000000000 0.9485214099307
32.0000000000000 0.9495246920926
32.0000000000000 0.9495246920926
32.6400000000000 0.9504895692637
33.2800000000000 0.9514182257189
33.2800000000000 0.9514182257189
33.2800000000000 0.9514182257189
33.9200000000000 0.9523126720863
34.5600000000000 0.9531747701586
34.5600000000000 0.9531747701586
35.2000000000000 0.9540062458051
35.8400000000000 0.9548086938407
35.8400000000000 0.9548086938407
35.8400000000000 0.9548086938407
36.4800000000000 0.9555835964624
37.1200000000000 0.9563323496371
37.1200000000000 0.9563323496371
37.7600000000000 0.9570562554654
38.4000000000000 0.9577565446161
38.4000000000000 0.9577565446161
39.6800000000000 0.9590907883017
40.9600000000000 0.9603433347446
40.9600000000000 0.9603433347446
42.2400000000000 0.9615214150333
43.5200000000000 0.9626314699258
43.5200000000000 0.9626314699258
44.8000000000000 0.9636792644466
46.0800000000000 0.9646699305585
46.0800000000000 0.9646699305585
47.3600000000000 0.9656080196571
48.6400000000000 0.9664975939568
48.6400000000000 0.9664975939568
49.9200000000000 0.9673423111615
51.2000000000000 0.9681454909178
51.2000000000000 0.9681454909178
52.4800000000000 0.9689101404745
53.7600000000000 0.9696389768299
53.7600000000000 0.9696389768299
55.0400000000000 0.9703344561312
56.3200000000000 0.9709988065111
56.3200000000000 0.9709988065111
57.6000000000000 0.9716340713191
58.8800000000000 0.9722421215715
58.8800000000000 0.9722421215715
60.1600000000000 0.9728246729535
61.4400000000000 0.9733832924292
61.4400000000000 0.9733832924292
62.7200000000000 0.9739194019965
64.0000000000000 0.9744343244650
64.0000000000000 0.9744343244650
65.2800000000000 0.9749292768299
66.5600000000000 0.9754053727758
66.5600000000000 0.9754053727758
67.8400000000000 0.9758636693237
69.1200000000000 0.9763051221939
69.1200000000000 0.9763051221939
70.4000000000000 0.9767305968564
71.6800000000000 0.9771409566952
71.6800000000000 0.9771409566952
72.9600000000000 0.9775369925384
74.2400000000000 0.9779193944257
74.2400000000000 0.9779193944257
75.5200000000000 0.9782888859502
76.8000000000000 0.9786461619360
76.8000000000000 0.9786461619360
78.0800000000000 0.9789917514759
79.3600000000000 0.9793262013693
79.3600000000000 0.9793262013693
80.6400000000000 0.9796502255619
81.9200000000000 0.9799644641393
81.9200000000000 0.9799644641393
83.2000000000000 0.9802693346752
84.4800000000000 0.9805652841662
84.4800000000000 0.9805652841662
85.7600000000000 0.9808529382634
87.0400000000000 0.9811328279727
87.0400000000000 0.9811328279727
88.3200000000000 0.9814051169957
89.6000000000000 0.9816697219002
89.6000000000000 0.9816697219002
90.8800000000000 0.9819266332597
92.1600000000000 0.9821760745548
92.1600000000000 0.9821760745548
93.4400000000000 0.9824184328603
94.7200000000000 0.9826541211874
94.7200000000000 0.9826541211874
96.0000000000000 0.9828834976933
97.2800000000000 0.9831068552126
97.2800000000000 0.9831068552126
98.5600000000000 0.9833244430454
99.8400000000000 0.9835364874269
99.8400000000000 0.9835364874269
101.1200000000000 0.9837432004648
102.4000000000000 0.9839447832058
102.4000000000000 0.9839447832058
103.6800000000000 0.9841414266199
104.9600000000000 0.9843333112788
104.9600000000000 0.9843333112788
106.2400000000000 0.9845206080026
107.5200000000000 0.9847034795804
107.5200000000000 0.9847034795804
108.8000000000000 0.9848820812573
110.0800000000000 0.9850565605517
110.0800000000000 0.9850565605517
111.3600000000000 0.9852270582777
112.6400000000000 0.9853937096186
112.6400000000000 0.9853937096186
113.9200000000000 0.9855566434589
115.2000000000000 0.9857159823851
115.2000000000000 0.9857159823851
116.4800000000000 0.9858718440516
117.7600000000000 0.9860243410271
117.7600000000000 0.9860243410271
119.0400000000000 0.9861735807045
120.3200000000000 0.9863196663220
120.3200000000000 0.9863196663220
121.6000000000000 0.9864626969552
122.8800000000000 0.9866027675143
122.8800000000000 0.9866027675143
124.1600000000000 0.9867399691204
125.4400000000000 0.9868743888339
125.4400000000000 0.9868743888339
126.7200000000000 0.9870061100503
128.0000000000000 0.9871352133362
128.0000000000000 0.9871352133362
129.2800000000000 0.9872617763285
130.5600000000000 0.9873858732772
130.5600000000000 0.9873858732772
131.8400000000000 0.9875075755953
133.1200000000000 0.9876269520210
133.1200000000000 0.9876269520210
134.4000000000000 0.9877440686567
135.6800000000000 0.9878589889745
135.6800000000000 0.9878589889745
136.9600000000000 0.9879717740732
138.2400000000000 0.9880824829768
138.2400000000000 0.9880824829768
139.5200000000000 0.9881911725493
140.8000000000000 0.9882978977124
143.3600000000000 0.9885056645119
145.9200000000000 0.9887061834468
148.4800000000000 0.9888998265131
151.0400000000000 0.9890869408274
153.6000000000000 0.9892678514833
156.1600000000000 0.9894428616437
158.7200000000000 0.9896122558645
161.2800000000000 0.9897762989307
163.8400000000000 0.9899352409043
166.4000000000000 0.9900893157678
168.9600000000000 0.9902387439984
171.5200000000000 0.9903837335791
174.0800000000000 0.9905244785111
176.6400000000000 0.9906611630073
179.2000000000000 0.9907939603115
181.7600000000000 0.9909230336184
184.3200000000000 0.9910485382820
186.8800000000000 0.9911706202754
189.4400000000000 0.9912894169941
192.0000000000000 0.9914050599450
194.5600000000000 0.9915176734910
197.1200000000000 0.9916273733757
199.6800000000000 0.9917342713345
202.2400000000000 0.9918384754653
204.8000000000000 0.9919400853873
207.3600000000000 0.9920391947052
209.9200000000000 0.9921358960479
212.4800000000000 0.9922302773864
215.0400000000000 0.9923224199905
217.6000000000000 0.9924124011537
220.1600000000000 0.9925002962971
222.7200000000000 0.9925861789777
225.2800000000000 0.9926701171626
227.8400000000000 0.9927521737969
230.4000000000000 0.9928324113994
232.9600000000000 0.9929108915028
235.5200000000000 0.9929876720912
238.0800000000000 0.9930628072422
240.6400000000000 0.9931363474576
243.2000000000000 0.9932083420931
245.7600000000000 0.9932788410674
248.3200000000000 0.9933478922032
250.8800000000000 0.9934155390604
253.4400000000000 0.9934818227935
256.0000000000000 0.9935467833618
258.5600000000000 0.9936104595790
261.1200000000000 0.9936728902813
263.6800000000000 0.9937341129400
266.2400000000000 0.9937941619421
268.8000000000000 0.9938530702003
271.3600000000000 0.9939108696608
273.9200000000000 0.9939675903015
276.4800000000000 0.9940232614793
279.0400000000000 0.9940779130214
281.6000000000000 0.9941315736661
284.1600000000000 0.9941842700116
286.7200000000000 0.9942360276422
289.2800000000000 0.9942868716248
291.8400000000000 0.9943368254381
294.4000000000000 0.9943859114709
296.9600000000000 0.9944341520500
299.5200000000000 0.9944815688564
302.0800000000000 0.9945281829610
304.6400000000000 0.9945740151025
307.2000000000000 0.9946190849813
309.7600000000000 0.9946634112572
312.3200000000000 0.9947070122225
314.8800000000000 0.9947499055314
317.4400000000000 0.9947921079716
