# x phi
-317.4400000000000 0.0000000067760
-314.8800000000000 0.0000000142963
-312.3200000000000 0.0000000203543
-309.7600000000000 0.0000000224274
-307.2000000000000 0.0000000204555
-304.6400000000000 0.0000000167953
-302.0800000000000 0.0000000118489
-299.5200000000000 0.0000000027833
-296.9600000000000 -0.0000000101252
-294.4000000000000 -0.0000000193032
-291.8400000000000 -0.0000000173943
-289.2800000000000 -0.0000000070183
-286.7200000000000 0.0000000016998
-284.1600000000000 0.0000000020599
-281.6000000000000 -0.0000000039586
-279.0400000000000 -0.0000000099482
-276.4800000000000 -0.0000000117352
-273.9200000000000 -0.0000000097672
-271.3600000000000 -0.0000000067228
-268.8000000000000 -0.0000000043669
-266.2400000000000 -0.0000000027603
-263.6800000000000 -0.0000000012922
-261.1200000000000 0.0000000002271
-258.5600000000000 0.0000000010809
-256.0000000000000 -0.0000000000788
-253.4400000000000 -0.0000000031452
-250.8800000000000 -0.0000000027131
-248.3200000000000 0.0000000115053
-245.7600000000000 0.0000000428136
-243.2000000000000 0.0000000724226
-240.6400000000000 0.0000000651615
-238.0800000000000 0.0000000017776
-235.5200000000000 -0.0000000973759
-232.9600000000000 -0.0000001875051
-230.4000000000000 -0.0000002256991
-227.8400000000000 -0.0000001734477
-225.2800000000000 -0.0000000060446
-222.7200000000000 0.0000002432651
-220.1600000000000 0.0000004675811
-217.6000000000000 0.0000005522008
-215.0400000000000 0.0000004543630
-212.4800000000000 0.0000002165056
-209.9200000000000 -0.0000000734158
-207.3600000000000 -0.0000003351544
-204.8000000000000 -0.0000005327968
-202.2400000000000 -0.0000006577337
-199.6800000000000 -0.0000006844887
-197.1200000000000 -0.0000005774300
-194.5600000000000 -0.0000003445456
-192.0000000000000 -0.0000000596350
-189.4400000000000 0.0000001811082
-186.8800000000000 0.0000003245653
-184.3200000000000 0.0000003821737
-181.7600000000000 0.0000003995205
-179.2000000000000 0.0000004226883
-176.6400000000000 0.0000004764451
-174.0800000000000 0.0000005435807
-171.5200000000000 0.0000005738662
-168.9600000000000 0.0000005277879
-166.4000000000000 0.0000003991487
-163.8400000000000 0.0000002074821
-161.2800000000000 -0.0000000098693
-158.7200000000000 -0.0000002163316
-156.1600000000000 -0.0000003889359
-153.6000000000000 -0.0000005107379
-151.0400000000000 -0.0000005687459
-148.4800000000000 -0.0000005543812
-145.9200000000000 -0.0000004744995
-143.3600000000000 -0.0000003542277
-140.8000000000000 -0.0000002152336
-139.5200000000000 -0.0000001445742
-138.2400000000000 -0.0000000775245
-138.2400000000000 -0.0000000775245
-136.9600000000000 -0.0000000181477
-135.6800000000000 0.0000000306794
-135.6800000000000 0.0000000306794
-134.4000000000000 0.0000000651816
-133.1200000000000 0.0000000791690
-133.1200000000000 0.0000000791690
-131.8400000000000 0.0000000657159
-130.5600000000000 0.0000000140103
-130.5600000000000 0.0000000140103
-129.2800000000000 -0.0000000875791
-128.0000000000000 -0.0000002443003
-128.0000000000000 -0.0000002443003
-126.7200000000000 -0.0000004634762
-125.4400000000000 -0.0000007538575
-125.4400000000000 -0.0000007538575
-124.1600000000000 -0.0000011298981
-122.8800000000000 -0.0000016119966
-122.8800000000000 -0.0000016119966
-121.6000000000000 -0.0000022226799
-120.3200000000000 -0.0000029845327
-120.3200000000000 -0.0000029845327
-119.0400000000000 -0.0000039242145
-117.7600000000000 -0.0000050765183
-117.7600000000000 -0.0000050765183
-116.4800000000000 -0.0000064808170
-115.2000000000000 -0.0000081737948
-115.2000000000000 -0.0000081737948
-113.9200000000000 -0.0000101866743
-112.6400000000000 -0.0000125457335
-112.6400000000000 -0.0000125457335
-111.3600000000000 -0.0000152699150
-110.0800000000000 -0.0000183640709
-110.0800000000000 -0.0000183640709
-108.8000000000000 -0.0000218080673
-107.5200000000000 -0.0000255400901
-107.5200000000000 -0.0000255400901
-106.2400000000000 -0.0000294358037
-104.9600000000000 -0.0000332896988
-104.9600000000000 -0.0000332896988
-103.6800000000000 -0.0000368029347
-102.4000000000000 -0.0000395771124
-102.4000000000000 -0.0000395771124
-101.1200000000000 -0.0000411138745
-99.8400000000000 -0.0000408245230
-99.8400000000000 -0.0000408245230
-98.5600000000000 -0.0000380540881
-97.2800000000000 -0.0000321202868
-97.2800000000000 -0.0000321202868
-96.0000000000000 -0.0000223664987
-94.7200000000000 -0.0000082275022
-94.7200000000000 -0.0000082275022
-93.4400000000000 0.0000106991803
-92.1600000000000 0.0000345883908
-92.1600000000000 0.0000345883908
-90.8800000000000 0.0000633378205
-89.6000000000000 0.0000965397613
-89.6000000000000 0.0000965397613
-88.3200000000000 0.0001334796484
-87.0400000000000 0.0001731608983
-87.0400000000000 0.0001731608983
-85.7600000000000 0.0002143492488
-84.4800000000000 0.0002556323791
-84.4800000000000 0.0002556323791
-83.2000000000000 0.0002954940768
-81.9200000000000 0.0003323982455
-81.9200000000000 0.0003323982455
-80.6400000000000 0.0003648702526
-79.3600000000000 0.0003915612690
-79.3600000000000 0.0003915612690
-78.0800000000000 0.0004112926920
-76.8000000000000 0.0004230901233
-76.8000000000000 0.0004230901233
-75.5200000000000 0.0004262120636
-74.2400000000000 0.0004201676293
-74.2400000000000 0.0004201676293
-72.9600000000000 0.0004047165863
-71.6800000000000 0.0003798518698
-71.6800000000000 0.0003798518698
-70.4000000000000 0.0003457746019
-69.1200000000000 0.0003028733455
-69.1200000000000 0.0003028733455
-67.8400000000000 0.0002517057519
-66.5600000000000 0.0001929724231
-66.5600000000000 0.0001929724231
-65.2800000000000 0.0001274809399
-64.0000000000000 0.0000561081061
-64.0000000000000 0.0000561081061
-62.7200000000000 -0.0000202275889
-61.4400000000000 -0.0001005828101
-61.4400000000000 -0.0001005828101
-60.1600000000000 -0.0001840115234
-58.8800000000000 -0.0002695950918
-58.8800000000000 -0.0002695950918
-57.6000000000000 -0.0003564644053
-56.3200000000000 -0.0004438111050
-56.3200000000000 -0.0004438111050
-55.0400000000000 -0.0005308940263
-53.7600000000000 -0.0006170430155
-53.7600000000000 -0.0006170430155
-52.4800000000000 -0.0007016661096
-51.2000000000000 -0.0007842561048
-51.2000000000000 -0.0007842561048
-49.9200000000000 -0.0008643854059
-48.6400000000000 -0.0009416981280
-48.6400000000000 -0.0009416981280
-47.3600000000000 -0.0010159093606
-46.0800000000000 -0.0010868036825
-46.0800000000000 -0.0010868036825
-44.8000000000000 -0.0011542293173
-43.5200000000000 -0.0012180908359
-43.5200000000000 -0.0012180908359
-42.2400000000000 -0.0012783469982
-40.9600000000000 -0.0013350115897
-40.9600000000000 -0.0013350115897
-39.6800000000000 -0.0013881423664
-38.4000000000000 -0.0014378399645
-38.4000000000000 -0.0014378399645
-37.7600000000000 -0.0014614462997
-37.1200000000000 -0.0014842525193
-37.1200000000000 -0.0014842525193
-36.4800000000000 -0.0015062825327
-35.8400000000000 -0.0015275635848
-35.8400000000000 -0.0015275635848
-35.8400000000000 -0.0015275635848
-35.2000000000000 -0.0015481250748
-34.5600000000000 -0.0015679980552
-34.5600000000000 -0.0015679980552
-33.9200000000000 -0.0015872157893
-33.2800000000000 -0.0016058120519
-33.2800000000000 -0.0016058120519
-33.2800000000000 -0.0016058120519
-32.6400000000000 -0.0016238225110
-32.0000000000000 -0.0016412891794
-32.0000000000000 -0.0016412891794
-31.3600000000000 -0.0016582556220
-30.7200000000000 -0.0016747625106
-30.7200000000000 -0.0016747625106
-30.7200000000000 -0.0016747625106
-30.0800000000000 -0.0016908506495
-29.4400000000000 -0.0017065671679
-29.4400000000000 -0.0017065671679
-28.8000000000000 -0.0017219636589
-28.1600000000000 -0.0017370908565
-28.1600000000000 -0.0017370908565
-28.1600000000000 -0.0017370908565
-27.5200000000000 -0.0017519981637
-26.8800000000000 -0.0017667368405
-26.8800000000000 -0.0017667368405
-26.2400000000000 -0.0017813627378
-25.6000000000000 -0.0017959358152
-25.6000000000000 -0.0017959358152
-25.6000000000000 -0.0017959358152
-24.9600000000000 -0.0018105162142
-24.3200000000000 -0.0018251631685
-24.3200000000000 -0.0018251631685
-23.6800000000000 -0.0018399399034
-23.0400000000000 -0.0018549164703
-23.0400000000000 -0.0018549164703
-23.0400000000000 -0.0018549164703
-22.7200000000000 -0.0018625022212
-22.4000000000000 -0.0018701646592
-22.4000000000000 -0.0018701646592
-22.0800000000000 -0.0018779126715
-21.7600000000000 -0.0018857557356
-21.7600000000000 -0.0018857557356
-21.7600000000000 -0.0018857557356
-21.4400000000000 -0.0018937036366
-21.1200000000000 -0.0019017668898
-21.1200000000000 -0.0019017668898
-20.8000000000000 -0.0019099563324
-20.4800000000000 -0.0019182829906
-20.4800000000000 -0.0019182829906
-20.4800000000000 -0.0019182829906
-20.4800000000000 -0.0019182829906
-20.1600000000000 -0.0019267581687
-19.8400000000000 -0.0019353930002
-19.8400000000000 -0.0019353930002
-19.5200000000000 -0.0019441989483
-19.2000000000000 -0.0019531878233
-19.2000000000000 -0.0019531878233
-19.2000000000000 -0.0019531878233
-18.8800000000000 -0.0019623718658
-18.5600000000000 -0.0019717644003
-18.5600000000000 -0.0019717644003
-18.2400000000000 -0.0019813797798
-17.9200000000000 -0.0019912331127
-17.9200000000000 -0.0019912331127
-17.9200000000000 -0.0019912331127
-17.9200000000000 -0.0019912331127
-17.6000000000000 -0.0020013400626
-17.2800000000000 -0.0020117166242
-17.2800000000000 -0.0020117166242
-16.9600000000000 -0.0020223788977
-16.6400000000000 -0.0020333431957
-16.6400000000000 -0.0020333431957
-16.6400000000000 -0.0020333431957
-16.3200000000000 -0.0020446265333
-16.0000000000000 -0.0020562471554
-16.0000000000000 -0.0020562471554
-15.6800000000000 -0.0020682248449
-15.5200000000000 -0.0020743542011
-15.3600000000000 -0.0020805809253
-15.3600000000000 -0.0020805809253
-15.3600000000000 -0.0020805809253
-15.3600000000000 -0.0020805809253
-15.3600000000000 -0.0020805809253
-15.2000000000000 -0.0020869078824
-15.0400000000000 -0.0020933379796
-15.0400000000000 -0.0020933379796
-14.8800000000000 -0.0020998741958
-14.7200000000000 -0.0021065195786
-14.7200000000000 -0.0021065195786
-14.7200000000000 -0.0021065195786
-14.5600000000000 -0.0021132772488
-14.4000000000000 -0.0021201504256
-14.4000000000000 -0.0021201504256
-14.2400000000000 -0.0021271424101
-14.0800000000000 -0.0021342565471
-14.0800000000000 -0.0021342565471
-14.0800000000000 -0.0021342565471
-14.0800000000000 -0.0021342565471
-13.9200000000000 -0.0021414962724
-13.7600000000000 -0.0021488651556
-13.7600000000000 -0.0021488651556
-13.6000000000000 -0.0021563668523
-13.4400000000000 -0.0021640051653
-13.4400000000000 -0.0021640051649
-13.4400000000000 -0.0021640051653
-13.2800000000000 -0.0021717840653
-13.1200000000000 -0.0021797076975
-13.1200000000000 -0.0021797076975
-12.9600000000000 -0.0021877803793
-12.8000000000000 -0.0021960065956
-12.8000000000000 -0.0021960065956
-12.8000000000000 -0.0021960065956
-12.8000000000000 -0.0021960065956
-12.8000000000000 -0.0021960065956
-12.6400000000000 -0.0022043909916
-12.4800000000000 -0.0022129383637
-12.4800000000000 -0.0022129383637
-12.3200000000000 -0.0022216536535
-12.1600000000000 -0.0022305419541
-12.1600000000000 -0.0022305419541
-12.1600000000000 -0.0022305419541
-12.0000000000000 -0.0022396085360
-11.8400000000000 -0.0022488588824
-11.8400000000000 -0.0022488588824
-11.6800000000000 -0.0022582987148
-11.5200000000000 -0.0022679339887
-11.5200000000000 -0.0022679339887
-11.5200000000000 -0.0022679339887
-11.5200000000000 -0.0022679339887
-11.3600000000000 -0.0022777708631
-11.2000000000000 -0.0022878156747
-11.2000000000000 -0.0022878156747
-11.0400000000000 -0.0022980749513
-10.8800000000000 -0.0023085554762
-10.8800000000000 -0.0023085554762
-10.8800000000000 -0.0023085554762
-10.8000000000000 -0.0023138809166
-10.7200000000000 -0.0023192643696
-10.7200000000000 -0.0023192643696
-10.6400000000000 -0.0023247067865
-10.5600000000000 -0.0023302091452
-10.5600000000000 -0.0023302091452
-10.5600000000000 -0.0023302091452
-10.4800000000000 -0.0023357724484
-10.4000000000000 -0.0023413977233
-10.4000000000000 -0.0023413977233
-10.3200000000000 -0.0023470860222
-10.2400000000000 -0.0023528384217
-10.2400000000000 -0.0023528384217
-10.2400000000000 -0.0023528384217
-10.2400000000000 -0.0023528384217
-10.2400000000000 -0.0023528384217
-10.2400000000000 -0.0023528384217
-10.1600000000000 -0.0023586560229
-10.0800000000000 -0.0023645399489
-10.0800000000000 -0.0023645399489
-10.0000000000000 -0.0023704913464
-9.9200000000000 -0.0023765113945
-9.9200000000000 -0.0023765113945
-9.9200000000000 -0.0023765113945
-9.8400000000000 -0.0023826012919
-9.7600000000000 -0.0023887622624
-9.7600000000000 -0.0023887622624
-9.6800000000000 -0.0023949955545
-9.6000000000000 -0.0024013024425
-9.6000000000000 -0.0024013024425
-9.6000000000000 -0.0024013024425
-9.6000000000000 -0.0024013024425
-9.5200000000000 -0.0024076842270
-9.4400000000000 -0.0024141422359
-9.4400000000000 -0.0024141422359
-9.3600000000000 -0.0024206778263
-9.2800000000000 -0.0024272923859
-9.2800000000000 -0.0024272923859
-9.2800000000000 -0.0024272923859
-9.2000000000000 -0.0024339873364
-9.1200000000000 -0.0024407641357
-9.1200000000000 -0.0024407641357
-9.0400000000000 -0.0024476242808
-8.9600000000000 -0.0024545693108
-8.9600000000000 -0.0024545693108
-8.9600000000000 -0.0024545693108
-8.9600000000000 -0.0024545693108
-8.9600000000000 -0.0024545693108
-8.8800000000000 -0.0024616008080
-8.8000000000000 -0.0024687203997
-8.8000000000000 -0.0024687203997
-8.7200000000000 -0.0024759297581
-8.6400000000000 -0.0024832306012
-8.6400000000000 -0.0024832306012
-8.6400000000000 -0.0024832306012
-8.5600000000000 -0.0024906246922
-8.4800000000000 -0.0024981138414
-8.4800000000000 -0.0024981138414
-8.4000000000000 -0.0025056999070
-8.3200000000000 -0.0025133847975
-8.3200000000000 -0.0025133847975
-8.3200000000000 -0.0025133847975
-8.3200000000000 -0.0025133847975
-8.2400000000000 -0.0025211704746
-8.1600000000000 -0.0025290589558
-8.1600000000000 -0.0025290589558
-8.0800000000000 -0.0025370523169
-8.0000000000000 -0.0025451526938
-8.0000000000000 -0.0025451526938
-8.0000000000000 -0.0025451526938
-7.9200000000000 -0.0025533622839
-7.8400000000000 -0.0025616833475
-7.8400000000000 -0.0025616833475
-7.7600000000000 -0.0025701182093
-7.6800000000000 -0.0025786692607
-7.6800000000000 -0.0025786692607
-7.6800000000000 -0.0025786692607
-7.6800000000000 -0.0025786692607
-7.6800000000000 -0.0025786692607
-7.6800000000000 -0.0025786692607
-7.6000000000000 -0.0025873389619
-7.5200000000000 -0.0025961298455
-7.5200000000000 -0.0025961298455
-7.4400000000000 -0.0026050445188
-7.3600000000000 -0.0026140856663
-7.3600000000000 -0.0026140856663
-7.3600000000000 -0.0026140856663
-7.2800000000000 -0.0026232560530
-7.2000000000000 -0.0026325585263
-7.2000000000000 -0.0026325585263
-7.1200000000000 -0.0026419960202
-7.0400000000000 -0.0026515715582
-7.0400000000000 -0.0026515715582
-7.0400000000000 -0.0026515715582
-7.0400000000000 -0.0026515715582
-6.9600000000000 -0.0026612882584
-6.8800000000000 -0.0026711493384
-6.8800000000000 -0.0026711493384
-6.8000000000000 -0.0026811581201
-6.7200000000000 -0.0026913180357
-6.7200000000000 -0.0026913180357
-6.7200000000000 -0.0026913180357
-6.6400000000000 -0.0027016326331
-6.5600000000000 -0.0027121055816
-6.5600000000000 -0.0027121055816
-6.4800000000000 -0.0027227406773
-6.4000000000000 -0.0027335418484
-6.4000000000000 -0.0027335418484
-6.4000000000000 -0.0027335418484
-6.4000000000000 -0.0027335418484
-6.4000000000000 -0.0027335418484
-6.3600000000000 -0.0027390059773
-6.3200000000000 -0.0027445131604
-6.3200000000000 -0.0027445131604
-6.2800000000000 -0.0027500639283
-6.2400000000000 -0.0027556588203
-6.2400000000000 -0.0027556588203
-6.2400000000000 -0.0027556588203
-6.2000000000000 -0.0027612983853
-6.1600000000000 -0.0027669831815
-6.1600000000000 -0.0027669831815
-6.1200000000000 -0.0027727137766
-6.0800000000000 -0.0027784907482
-6.0800000000000 -0.0027784907482
-6.0800000000000 -0.0027784907482
-6.0800000000000 -0.0027784907482
-6.0400000000000 -0.0027843146837
-6.0000000000000 -0.0027901861805
-6.0000000000000 -0.0027901861805
-5.9600000000000 -0.0027961058462
-5.9200000000000 -0.0028020742998
-5.9200000000000 -0.0028020742998
-5.9200000000000 -0.0028020742998
-5.8800000000000 -0.0028080921709
-5.8400000000000 -0.0028141600999
-5.8400000000000 -0.0028141600999
-5.8000000000000 -0.0028202787391
-5.7600000000000 -0.0028264487522
-5.7600000000000 -0.0028264487522
-5.7600000000000 -0.0028264487522
-5.7600000000000 -0.0028264487522
-5.7600000000000 -0.0028264487522
-5.7200000000000 -0.0028326708153
-5.6800000000000 -0.0028389456170
-5.6800000000000 -0.0028389456170
-5.6400000000000 -0.0028452738589
-5.6000000000000 -0.0028516562559
-5.6000000000000 -0.0028516562559
-5.6000000000000 -0.0028516562559
-5.5600000000000 -0.0028580935365
-5.5200000000000 -0.0028645864436
-5.5200000000000 -0.0028645864436
-5.4800000000000 -0.0028711357342
-5.4400000000000 -0.0028777421807
-5.4400000000000 -0.0028777421807
-5.4400000000000 -0.0028777421807
-5.4400000000000 -0.0028777421807
-5.4000000000000 -0.0028844065703
-5.3600000000000 -0.0028911297063
-5.3600000000000 -0.0028911297063
-5.3200000000000 -0.0028979124077
-5.2800000000000 -0.0029047555099
-5.2800000000000 -0.0029047555099
-5.2800000000000 -0.0029047555099
-5.2400000000000 -0.0029116598648
-5.2000000000000 -0.0029186263416
-5.2000000000000 -0.0029186263416
-5.1600000000000 -0.0029256558263
-5.1200000000000 -0.0029327492228
-5.1200000000000 -0.0029327492228
-5.1200000000000 -0.0029327492228
-5.1200000000000 -0.0029327492228
-5.1200000000000 -0.0029327492228
-5.1200000000000 -0.0029327492228
-5.1200000000000 -0.0029327492228
-5.0800000000000 -0.0029399074527
-5.0400000000000 -0.0029471314557
-5.0400000000000 -0.0029471314557
-5.0000000000000 -0.0029544221903
-4.9600000000000 -0.0029617806333
-4.9600000000000 -0.0029617806333
-4.9600000000000 -0.0029617806333
-4.9200000000000 -0.0029692077812
-4.8800000000000 -0.0029767046498
-4.8800000000000 -0.0029767046498
-4.8400000000000 -0.0029842722751
-4.8000000000000 -0.0029919117136
-4.8000000000000 -0.0029919117136
-4.8000000000000 -0.0029919117136
-4.8000000000000 -0.0029919117136
-4.7600000000000 -0.0029996240431
-4.7200000000000 -0.0030074103633
-4.7200000000000 -0.0030074103633
-4.6800000000000 -0.0030152717966
-4.6400000000000 -0.0030232094888
-4.6400000000000 -0.0030232094888
-4.6400000000000 -0.0030232094888
-4.6000000000000 -0.0030312246104
-4.5600000000000 -0.0030393183570
-4.5600000000000 -0.0030393183570
-4.5200000000000 -0.0030474919509
-4.4800000000000 -0.0030557466418
-4.4800000000000 -0.0030557466418
-4.4800000000000 -0.0030557466418
-4.4800000000000 -0.0030557466418
-4.4800000000000 -0.0030557466418
-4.4400000000000 -0.0030640837078
-4.4000000000000 -0.0030725044569
-4.4000000000000 -0.0030725044569
-4.3600000000000 -0.0030810102272
-4.3200000000000 -0.0030896023888
-4.3200000000000 -0.0030896023888
-4.3200000000000 -0.0030896023888
-4.2800000000000 -0.0030982823441
-4.2400000000000 -0.0031070515292
-4.2400000000000 -0.0031070515292
-4.2000000000000 -0.0031159114142
-4.1800000000000 -0.0031203758383
-4.1600000000000 -0.0031248635047
-4.1600000000000 -0.0031248635047
-4.1600000000000 -0.0031248635047
-4.1600000000000 -0.0031248635047
-4.1600000000000 -0.0031248635047
-4.1400000000000 -0.0031293746073
-4.1200000000000 -0.0031339093422
-4.1200000000000 -0.0031339093422
-4.1000000000000 -0.0031384679077
-4.0800000000000 -0.0031430505048
-4.0800000000000 -0.0031430505048
-4.0800000000000 -0.0031430505048
-4.0600000000000 -0.0031476573365
-4.0400000000000 -0.0031522886083
-4.0400000000000 -0.0031522886083
-4.0200000000000 -0.0031569445284
-4.0000000000000 -0.0031616253069
-4.0000000000000 -0.0031616253069
-4.0000000000000 -0.0031616253069
-4.0000000000000 -0.0031616253069
-3.9800000000000 -0.0031663311568
-3.9600000000000 -0.0031710622935
-3.9600000000000 -0.0031710622935
-3.9400000000000 -0.0031758189350
-3.9200000000000 -0.0031806013016
-3.9200000000000 -0.0031806013016
-3.9200000000000 -0.0031806013016
-3.9000000000000 -0.0031854096165
-3.8800000000000 -0.0031902441052
-3.8800000000000 -0.0031902441052
-3.8600000000000 -0.0031951049962
-3.8400000000000 -0.0031999925204
-3.8400000000000 -0.0031999925204
-3.8400000000000 -0.0031999925204
-3.8400000000000 -0.0031999925204
-3.8400000000000 -0.0031999925204
-3.8400000000000 -0.0031999925204
-3.8400000000000 -0.0031999925204
-3.8200000000000 -0.0032049069115
-3.8000000000000 -0.0032098484060
-3.8000000000000 -0.0032098484060
-3.7800000000000 -0.0032148172432
-3.7600000000000 -0.0032198136654
-3.7600000000000 -0.0032198136654
-3.7600000000000 -0.0032198136654
-3.7400000000000 -0.0032248379174
-3.7200000000000 -0.0032298902475
-3.7200000000000 -0.0032298902475
-3.7000000000000 -0.0032349709065
-3.6800000000000 -0.0032400801486
-3.6800000000000 -0.0032400801486
-3.6800000000000 -0.0032400801486
-3.6800000000000 -0.0032400801486
-3.6600000000000 -0.0032452182311
-3.6400000000000 -0.0032503854142
-3.6400000000000 -0.0032503854142
-3.6200000000000 -0.0032555819617
-3.6000000000000 -0.0032608081407
-3.6000000000000 -0.0032608081407
-3.6000000000000 -0.0032608081407
-3.5800000000000 -0.0032660642215
-3.5600000000000 -0.0032713504779
-3.5600000000000 -0.0032713504779
-3.5400000000000 -0.0032766671875
-3.5200000000000 -0.0032820146313
-3.5200000000000 -0.0032820146313
-3.5200000000000 -0.0032820146313
-3.5200000000000 -0.0032820146313
-3.5200000000000 -0.0032820146313
-3.5000000000000 -0.0032873930941
-3.4800000000000 -0.0032928028645
-3.4800000000000 -0.0032928028645
-3.4600000000000 -0.0032982442349
-3.4400000000000 -0.0033037175018
-3.4400000000000 -0.0033037175018
-3.4400000000000 -0.0033037175018
-3.4200000000000 -0.0033092229656
-3.4000000000000 -0.0033147609310
-3.4000000000000 -0.0033147609310
-3.3800000000000 -0.0033203317068
-3.3600000000000 -0.0033259356062
-3.3600000000000 -0.0033259356062
-3.3600000000000 -0.0033259356062
-3.3600000000000 -0.0033259356062
-3.3400000000000 -0.0033315729467
-3.3200000000000 -0.0033372440504
-3.3200000000000 -0.0033372440504
-3.3000000000000 -0.0033429492439
-3.2800000000000 -0.0033486888584
-3.2800000000000 -0.0033486888584
-3.2800000000000 -0.0033486888584
-3.2600000000000 -0.0033544632300
-3.2400000000000 -0.0033602726995
-3.2400000000000 -0.0033602726995
-3.2200000000000 -0.0033661176126
-3.2000000000000 -0.0033719983199
-3.2000000000000 -0.0033719983199
-3.2000000000000 -0.0033719983199
-3.2000000000000 -0.0033719983199
-3.2000000000000 -0.0033719983199
-3.2000000000000 -0.0033719983199
-3.1800000000000 -0.0033779151772
-3.1600000000000 -0.0033838685452
-3.1600000000000 -0.0033838685452
-3.1400000000000 -0.0033898587901
-3.1200000000000 -0.0033958862832
-3.1200000000000 -0.0033958862832
-3.1200000000000 -0.0033958862832
-3.1000000000000 -0.0034019514009
-3.0800000000000 -0.0034080545254
-3.0800000000000 -0.0034080545254
-3.0600000000000 -0.0034141960443
-3.0400000000000 -0.0034203763504
-3.0400000000000 -0.0034203763504
-3.0400000000000 -0.0034203763504
-3.0400000000000 -0.0034203763504
-3.0200000000000 -0.0034265958427
-3.0000000000000 -0.0034328549256
-3.0000000000000 -0.0034328549256
-2.9800000000000 -0.0034391540092
-2.9600000000000 -0.0034454935098
-2.9600000000000 -0.0034454935098
-2.9600000000000 -0.0034454935098
-2.9400000000000 -0.0034518738495
-2.9200000000000 -0.0034582954566
-2.9200000000000 -0.0034582954566
-2.9000000000000 -0.0034647587655
-2.8800000000000 -0.0034712642171
-2.8800000000000 -0.0034712642171
-2.8800000000000 -0.0034712642171
-2.8800000000000 -0.0034712642171
-2.8800000000000 -0.0034712642171
-2.8600000000000 -0.0034778122585
-2.8400000000000 -0.0034844033436
-2.8400000000000 -0.0034844033436
-2.8200000000000 -0.0034910379330
-2.8000000000000 -0.0034977164940
-2.8000000000000 -0.0034977164940
-2.8000000000000 -0.0034977164940
-2.7800000000000 -0.0035044395010
-2.7600000000000 -0.0035112074355
-2.7600000000000 -0.0035112074355
-2.7400000000000 -0.0035180207866
-2.7200000000000 -0.0035248800506
-2.7200000000000 -0.0035248800506
-2.7200000000000 -0.0035248800506
-2.7200000000000 -0.0035248800506
-2.7000000000000 -0.0035317857316
-2.6800000000000 -0.0035387383417
-2.6800000000000 -0.0035387383417
-2.6600000000000 -0.0035457384010
-2.6400000000000 -0.0035527864378
-2.6400000000000 -0.0035527864378
-2.6400000000000 -0.0035527864378
-2.6200000000000 -0.0035598829890
-2.6000000000000 -0.0035670286003
-2.6000000000000 -0.0035670286003
-2.5800000000000 -0.0035742238262
-2.5600000000000 -0.0035814692304
-2.5600000000000 -0.0035814692304
-2.5600000000000 -0.0035814692304
-2.5600000000000 -0.0035814692304
-2.5600000000000 -0.0035814692304
-2.5600000000000 -0.0035814692304
-2.5600000000000 -0.0035814692304
-2.5600000000000 -0.0035814692304
-2.5400000000000 -0.0035887653860
-2.5200000000000 -0.0035961128756
-2.5200000000000 -0.0035961128756
-2.5000000000000 -0.0036035122920
-2.4800000000000 -0.0036109642376
-2.4800000000000 -0.0036109642376
-2.4800000000000 -0.0036109642376
-2.4600000000000 -0.0036184693254
-2.4400000000000 -0.0036260281791
-2.4400000000000 -0.0036260281791
-2.4200000000000 -0.0036336414327
-2.4000000000000 -0.0036413097317
-2.4000000000000 -0.0036413097317
-2.4000000000000 -0.0036413097317
-2.4000000000000 -0.0036413097317
-2.3800000000000 -0.0036490337326
-2.3600000000000 -0.0036568141034
-2.3600000000000 -0.0036568141034
-2.3400000000000 -0.0036646515239
-2.3200000000000 -0.0036725466856
-2.3200000000000 -0.0036725466856
-2.3200000000000 -0.0036725466856
-2.3000000000000 -0.0036805002926
-2.2800000000000 -0.0036885130609
-2.2800000000000 -0.0036885130609
-2.2600000000000 -0.0036965857195
-2.2400000000000 -0.0037047190100
-2.2400000000000 -0.0037047190100
-2.2400000000000 -0.0037047190100
-2.2400000000000 -0.0037047190100
-2.2400000000000 -0.0037047190100
-2.2200000000000 -0.0037129136871
-2.2000000000000 -0.0037211705190
-2.2000000000000 -0.0037211705190
-2.1800000000000 -0.0037294902872
-2.1600000000000 -0.0037378737873
-2.1600000000000 -0.0037378737873
-2.1600000000000 -0.0037378737873
-2.1400000000000 -0.0037463218288
-2.1200000000000 -0.0037548352355
-2.1200000000000 -0.0037548352355
-2.1000000000000 -0.0037634148460
-2.0800000000000 -0.0037720615138
-2.0800000000000 -0.0037720615138
-2.0800000000000 -0.0037720615138
-2.0800000000000 -0.0037720615138
-2.0600000000000 -0.0037807761077
-2.0400000000000 -0.0037895595121
-2.0400000000000 -0.0037895595121
-2.0200000000000 -0.0037984126272
-2.0000000000000 -0.0038073363697
-2.0000000000000 -0.0038073363697
-2.0000000000000 -0.0038073363697
-1.9800000000000 -0.0038163316729
-1.9600000000000 -0.0038253994873
-1.9600000000000 -0.0038253994873
-1.9400000000000 -0.0038345407808
-1.9200000000000 -0.0038437565393
-1.9200000000000 -0.0038437565393
-1.9200000000000 -0.0038437565393
-1.9200000000000 -0.0038437565393
-1.9200000000000 -0.0038437565393
-1.9200000000000 -0.0038437565393
-1.9000000000000 -0.0038530477671
-1.8800000000000 -0.0038624154873
-1.8800000000000 -0.0038624154873
-1.8600000000000 -0.0038718607422
-1.8400000000000 -0.0038813845941
-1.8400000000000 -0.0038813845941
-1.8400000000000 -0.0038813845941
-1.8200000000000 -0.0038909881254
-1.8000000000000 -0.0039006724392
-1.8000000000000 -0.0039006724392
-1.7800000000000 -0.0039104386601
-1.7600000000000 -0.0039202879341
-1.7600000000000 -0.0039202879341
-1.7600000000000 -0.0039202879341
-1.7600000000000 -0.0039202879341
-1.7400000000000 -0.0039302214297
-1.7200000000000 -0.0039402403377
-1.7200000000000 -0.0039402403377
-1.7000000000000 -0.0039503458724
-1.6800000000000 -0.0039605392714
-1.6800000000000 -0.0039605392714
-1.6800000000000 -0.0039605392714
-1.6600000000000 -0.0039708217964
-1.6400000000000 -0.0039811947333
-1.6400000000000 -0.0039811947333
-1.6200000000000 -0.0039916593928
-1.6000000000000 -0.0040022171105
-1.6000000000000 -0.0040022171105
-1.6000000000000 -0.0040022171105
-1.6000000000000 -0.0040022171105
-1.6000000000000 -0.0040022171105
-1.5800000000000 -0.0040128692475
-1.5600000000000 -0.0040236171900
-1.5600000000000 -0.0040236171900
-1.5400000000000 -0.0040344623502
-1.5200000000000 -0.0040454061660
-1.5200000000000 -0.0040454061660
-1.5200000000000 -0.0040454061660
-1.5000000000000 -0.0040564501014
-1.4800000000000 -0.0040675956459
-1.4800000000000 -0.0040675956459
-1.4600000000000 -0.0040788443152
-1.4400000000000 -0.0040901976506
-1.4400000000000 -0.0040901976506
-1.4400000000000 -0.0040901976506
-1.4400000000000 -0.0040901976506
-1.4200000000000 -0.0041016572189
-1.4000000000000 -0.0041132246123
-1.4000000000000 -0.0041132246123
-1.3800000000000 -0.0041249014474
-1.3600000000000 -0.0041366893655
-1.3600000000000 -0.0041366893655
-1.3600000000000 -0.0041366893655
-1.3400000000000 -0.0041485900315
-1.3200000000000 -0.0041606051332
-1.3200000000000 -0.0041606051332
-1.3000000000000 -0.0041727363805
-1.2800000000000 -0.0041849855044
-1.2800000000000 -0.0041849855044
-1.2800000000000 -0.0041849855044
-1.2800000000000 -0.0041849855044
-1.2800000000000 -0.0041849855044
-1.2800000000000 -0.0041849855044
-1.2800000000000 -0.0041849855044
-1.2600000000000 -0.0041973542555
-1.2400000000000 -0.0042098444029
-1.2400000000000 -0.0042098444029
-1.2200000000000 -0.0042224577321
-1.2000000000000 -0.0042351960429
-1.2000000000000 -0.0042351960429
-1.2000000000000 -0.0042351960429
-1.1800000000000 -0.0042480611472
-1.1600000000000 -0.0042610548656
-1.1600000000000 -0.0042610548656
-1.1400000000000 -0.0042741790241
-1.1200000000000 -0.0042874354497
-1.1200000000000 -0.0042874354497
-1.1200000000000 -0.0042874354497
-1.1200000000000 -0.0042874354497
-1.1000000000000 -0.0043008259650
-1.0800000000000 -0.0043143523826
-1.0800000000000 -0.0043143523826
-1.0600000000000 -0.0043280164973
-1.0400000000000 -0.0043418200781
-1.0400000000000 -0.0043418200781
-1.0400000000000 -0.0043418200781
-1.0200000000000 -0.0043557648576
-1.0000000000000 -0.0043698525207
-1.0000000000000 -0.0043698525207
-0.9800000000000 -0.0043840846908
-0.9600000000000 -0.0043984629133
-0.9600000000000 -0.0043984629133
-0.9600000000000 -0.0043984629133
-0.9600000000000 -0.0043984629133
-0.9600000000000 -0.0043984629133
-0.9400000000000 -0.0044129886370
-0.9200000000000 -0.0044276631921
-0.9200000000000 -0.0044276631921
-0.9000000000000 -0.0044424877647
-0.8800000000000 -0.0044574633674
-0.8800000000000 -0.0044574633674
-0.8800000000000 -0.0044574633674
-0.8600000000000 -0.0044725908051
-0.8400000000000 -0.0044878706359
-0.8400000000000 -0.0044878706359
-0.8200000000000 -0.0045033031255
-0.8000000000000 -0.0045188881949
-0.8000000000000 -0.0045188881949
-0.8000000000000 -0.0045188881949
-0.8000000000000 -0.0045188881949
-0.7800000000000 -0.0045346253592
-0.7600000000000 -0.0045505136560
-0.7600000000000 -0.0045505136560
-0.7400000000000 -0.0045665515617
-0.7200000000000 -0.0045827368930
-0.7200000000000 -0.0045827368930
-0.7200000000000 -0.0045827368930
-0.7000000000000 -0.0045990666894
-0.6800000000000 -0.0046155370742
-0.6800000000000 -0.0046155370742
-0.6600000000000 -0.0046321430893
-0.6400000000000 -0.0046488784955
-0.6400000000000 -0.0046488784955
-0.6400000000000 -0.0046488784955
-0.6400000000000 -0.0046488784955
-0.6400000000000 -0.0046488784955
-0.6400000000000 -0.0046488784955
-0.6200000000000 -0.0046657355329
-0.6000000000000 -0.0046827046292
-0.6000000000000 -0.0046827046292
-0.5800000000000 -0.0046997740425
-0.5600000000000 -0.0047169294234
-0.5600000000000 -0.0047169294234
-0.5600000000000 -0.0047169294234
-0.5400000000000 -0.0047341532734
-0.5200000000000 -0.0047514242736
-0.5200000000000 -0.0047514242736
-0.5000000000000 -0.0047687164549
-0.4800000000000 -0.0047859981714
-0.4800000000000 -0.0047859981714
-0.4800000000000 -0.0047859981714
-0.4800000000000 -0.0047859981714
-0.4600000000000 -0.0048032308349
-0.4400000000000 -0.0048203673347
-0.4400000000000 -0.0048203673347
-0.4200000000000 -0.0048373500175
-0.4000000000000 -0.0048541080416
-0.4000000000000 -0.0048541080416
-0.4000000000000 -0.0048541080416
-0.3800000000000 -0.0048705538735
-0.3600000000000 -0.0048865786666
-0.3600000000000 -0.0048865786666
-0.3400000000000 -0.0049020461679
-0.3200000000000 -0.0049167846571
-0.3200000000000 -0.0049167846571
-0.3200000000000 -0.0049167846571
-0.3200000000000 -0.0049167846571
-0.3200000000000 -0.0049167846571
-0.3000000000000 -0.0049305760495
-0.2800000000000 -0.0049431396533
-0.2800000000000 -0.0049431396533
-0.2600000000000 -0.0049541084368
-0.2400000000000 -0.0049630032488
-0.2400000000000 -0.0049630032488
-0.2400000000000 -0.0049630032488
-0.2200000000000 -0.0049691841094
-0.2000000000000 -0.0049717090017
-0.2000000000000 -0.0049717090017
-0.1800000000000 -0.0049692936914
-0.1600000000000 -0.0049605663870
-0.1600000000000 -0.0049605663870
-0.1600000000000 -0.0049605663870
-0.1600000000000 -0.0049605663870
-0.1400000000000 -0.0049426423482
-0.1200000000000 -0.0049081245405
-0.1200000000000 -0.0049081245405
-0.1000000000000 -0.0048530300429
-0.0800000000000 -0.0047840784541
-0.0800000000000 -0.0047840784541
-0.0800000000000 -0.0047840784541
-0.0600000000000 -0.0046561310782
-0.0400000000000 -0.0043220091459
-0.0400000000000 -0.0043220091459
-0.0200000000000 -0.0037915895002
0.0000000000000 -0.0035041484407
0.0000000000000 -0.0035041484407
0.0000000000000 -0.0035041484407
0.0000000000000 -0.0035041484407
0.0000000000000 -0.0035041484407
0.0000000000000 -0.0035041484407
0.0000000000000 -0.0035041484407
0.0000000000000 -0.0035041484407
0.0200000000000 -0.0037986125000
0.0400000000000 -0.0043267754809
0.0400000000000 -0.0043267754809
0.0600000000000 -0.0046567961703
0.0800000000000 -0.0047837032501
0.0800000000000 -0.0047837032501
0.0800000000000 -0.0047837032501
0.1000000000000 -0.0048529830477
0.1200000000000 -0.0049081597429
0.1200000000000 -0.0049081597429
0.1400000000000 -0.0049426097912
0.1600000000000 -0.0049605324854
0.1600000000000 -0.0049605324854
0.1600000000000 -0.0049605324854
0.1600000000000 -0.0049605324854
0.1800000000000 -0.0049692829063
0.2000000000000 -0.0049717112916
0.2000000000000 -0.0049717112916
0.2200000000000 -0.0049691961056
0.2400000000000 -0.0049630247906
0.2400000000000 -0.0049630247906
0.2400000000000 -0.0049630247906
0.2600000000000 -0.0049541381565
0.2800000000000 -0.0049431761080
0.2800000000000 -0.0049431761080
0.3000000000000 -0.0049306181480
0.3200000000000 -0.0049168314771
0.3200000000000 -0.0049168314771
0.3200000000000 -0.0049168314771
0.3200000000000 -0.0049168314771
0.3200000000000 -0.0049168314771
0.3400000000000 -0.0049020969140
0.3600000000000 -0.0048866326697
0.3600000000000 -0.0048866326697
0.3800000000000 -0.0048706105712
0.4000000000000 -0.0048541669600
0.4000000000000 -0.0048541669600
0.4000000000000 -0.0048541669600
0.4200000000000 -0.0048374107567
0.4400000000000 -0.0048204295568
0.4400000000000 -0.0048204295568
0.4600000000000 -0.0048032942533
0.4800000000000 -0.0047860625423
0.4800000000000 -0.0047860625423
0.4800000000000 -0.0047860625423
0.4800000000000 -0.0047860625423
0.5000000000000 -0.0047687815706
0.5200000000000 -0.0047514899560
0.5200000000000 -0.0047514899560
0.5400000000000 -0.0047342193691
0.5600000000000 -0.0047169958006
0.5600000000000 -0.0047169958006
0.5600000000000 -0.0047169958006
0.5800000000000 -0.0046998405876
0.6000000000000 -0.0046827712449
0.6000000000000 -0.0046827712449
0.6200000000000 -0.0046658021359
0.6400000000000 -0.0046489450143
0.6400000000000 -0.0046489450143
0.6400000000000 -0.0046489450143
0.6400000000000 -0.0046489450143
0.6400000000000 -0.0046489450143
0.6400000000000 -0.0046489450143
0.6600000000000 -0.0046322094625
0.6800000000000 -0.0046156032486
0.6800000000000 -0.0046156032486
0.7000000000000 -0.0045991326188
0.7200000000000 -0.0045828025377
0.7200000000000 -0.0045828025377
0.7200000000000 -0.0045828025377
0.7400000000000 -0.0045666168871
0.7600000000000 -0.0045505786325
0.7600000000000 -0.0045505786325
0.7800000000000 -0.0045346899617
0.8000000000000 -0.0045189524018
0.8000000000000 -0.0045189524018
0.8000000000000 -0.0045189524018
0.8000000000000 -0.0045189524018
0.8200000000000 -0.0045033669184
0.8400000000000 -0.0044879339995
0.8400000000000 -0.0044879339995
0.8600000000000 -0.0044726537265
0.8800000000000 -0.0044575258359
0.8800000000000 -0.0044575258359
0.8800000000000 -0.0044575258359
0.9000000000000 -0.0044425497716
0.9200000000000 -0.0044277247307
0.9200000000000 -0.0044277247307
0.9400000000000 -0.0044130497024
0.9600000000000 -0.0043985235021
0.9600000000000 -0.0043985235021
0.9600000000000 -0.0043985235021
0.9600000000000 -0.0043985235021
0.9600000000000 -0.0043985235021
0.9800000000000 -0.0043841448009
1.0000000000000 -0.0043699121513
1.0000000000000 -0.0043699121513
1.0200000000000 -0.0043558240086
1.0400000000000 -0.0043418787503
1.0400000000000 -0.0043418787503
1.0400000000000 -0.0043418787503
1.0600000000000 -0.0043280746921
1.0800000000000 -0.0043144101017
1.0800000000000 -0.0043144101017
1.1000000000000 -0.0043008832108
1.1200000000000 -0.0042874922248
1.1200000000000 -0.0042874922248
1.1200000000000 -0.0042874922248
1.1200000000000 -0.0042874922248
1.1400000000000 -0.0042742353315
1.1600000000000 -0.0042611107084
1.1600000000000 -0.0042611107084
1.1800000000000 -0.0042481165289
1.2000000000000 -0.0042352509670
1.2000000000000 -0.0042352509670
1.2000000000000 -0.0042352509670
1.2200000000000 -0.0042225122022
1.2400000000000 -0.0042098984229
1.2400000000000 -0.0042098984229
1.2600000000000 -0.0041974078292
1.2800000000000 -0.0041850386358
1.2800000000000 -0.0041850386358
1.2800000000000 -0.0041850386358
1.2800000000000 -0.0041850386358
1.2800000000000 -0.0041850386358
1.2800000000000 -0.0041850386358
1.2800000000000 -0.0041850386358
1.3000000000000 -0.0041727890739
1.3200000000000 -0.0041606573929
1.3200000000000 -0.0041606573929
1.3400000000000 -0.0041486418619
1.3600000000000 -0.0041367407713
1.3600000000000 -0.0041367407713
1.3600000000000 -0.0041367407713
1.3800000000000 -0.0041249524331
1.4000000000000 -0.0041132751827
1.4000000000000 -0.0041132751827
1.4200000000000 -0.0041017073789
1.4400000000000 -0.0040902474047
1.4400000000000 -0.0040902474047
1.4400000000000 -0.0040902474047
1.4400000000000 -0.0040902474047
1.4600000000000 -0.0040788936682
1.4800000000000 -0.0040676446026
1.4800000000000 -0.0040676446026
1.5000000000000 -0.0040564986664
1.5200000000000 -0.0040454543440
1.5200000000000 -0.0040454543440
1.5200000000000 -0.0040454543440
1.5400000000000 -0.0040345101458
1.5600000000000 -0.0040236646077
1.5600000000000 -0.0040236646077
1.5800000000000 -0.0040129162920
1.6000000000000 -0.0040022637863
1.6000000000000 -0.0040022637863
1.6000000000000 -0.0040022637863
1.6000000000000 -0.0040022637863
1.6000000000000 -0.0040022637863
1.6200000000000 -0.0039917057043
1.6400000000000 -0.0039812406849
1.6400000000000 -0.0039812406849
1.6600000000000 -0.0039708673925
1.6800000000000 -0.0039605845164
1.6800000000000 -0.0039605845164
1.6800000000000 -0.0039605845164
1.7000000000000 -0.0039503907705
1.7200000000000 -0.0039402848932
1.7200000000000 -0.0039402848932
1.7400000000000 -0.0039302656466
1.7600000000000 -0.0039203318166
1.7600000000000 -0.0039203318166
1.7600000000000 -0.0039203318166
1.7600000000000 -0.0039203318166
1.7800000000000 -0.0039104822121
1.8000000000000 -0.0039007156647
1.8000000000000 -0.0039007156647
1.8200000000000 -0.0038910310283
1.8400000000000 -0.0038814271783
1.8400000000000 -0.0038814271783
1.8400000000000 -0.0038814271783
1.8600000000000 -0.0038719030115
1.8800000000000 -0.0038624574454
1.8800000000000 -0.0038624574454
1.9000000000000 -0.0038530894179
1.9200000000000 -0.0038437978865
1.9200000000000 -0.0038437978865
1.9200000000000 -0.0038437978865
1.9200000000000 -0.0038437978865
1.9200000000000 -0.0038437978865
1.9200000000000 -0.0038437978865
1.9400000000000 -0.0038345818281
1.9600000000000 -0.0038254402383
1.9600000000000 -0.0038254402383
1.9800000000000 -0.0038163721313
2.0000000000000 -0.0038073765390
2.0000000000000 -0.0038073765390
2.0000000000000 -0.0038073765390
2.0200000000000 -0.0037984525109
2.0400000000000 -0.0037895991138
2.0400000000000 -0.0037895991138
2.0600000000000 -0.0037808154308
2.0800000000000 -0.0037721005616
2.0800000000000 -0.0037721005616
2.0800000000000 -0.0037721005616
2.0800000000000 -0.0037721005616
2.1000000000000 -0.0037634536219
2.1200000000000 -0.0037548737427
2.1200000000000 -0.0037548737427
2.1400000000000 -0.0037463600705
2.1600000000000 -0.0037379117668
2.1600000000000 -0.0037379117668
2.1600000000000 -0.0037379117668
2.1800000000000 -0.0037295280077
2.2000000000000 -0.0037212079834
2.2000000000000 -0.0037212079834
2.2200000000000 -0.0037129508985
2.2400000000000 -0.0037047559713
2.2400000000000 -0.0037047559713
2.2400000000000 -0.0037047559713
2.2400000000000 -0.0037047559713
2.2400000000000 -0.0037047559713
2.2600000000000 -0.0036966224338
2.2800000000000 -0.0036885495309
2.2800000000000 -0.0036885495309
2.3000000000000 -0.0036805365212
2.3200000000000 -0.0036725826756
2.3200000000000 -0.0036725826756
2.3200000000000 -0.0036725826756
2.3400000000000 -0.0036646872778
2.3600000000000 -0.0036568496241
2.3600000000000 -0.0036568496241
2.3800000000000 -0.0036490690227
2.4000000000000 -0.0036413447937
2.4000000000000 -0.0036413447937
2.4000000000000 -0.0036413447937
2.4000000000000 -0.0036413447937
2.4200000000000 -0.0036336762692
2.4400000000000 -0.0036260627925
2.4400000000000 -0.0036260627925
2.4600000000000 -0.0036185037183
2.4800000000000 -0.0036109984123
2.4800000000000 -0.0036109984123
2.4800000000000 -0.0036109984123
2.5000000000000 -0.0036035462509
2.5200000000000 -0.0035961466211
2.5200000000000 -0.0035961466211
2.5400000000000 -0.0035887989203
2.5600000000000 -0.0035815025559
2.5600000000000 -0.0035815025559
2.5600000000000 -0.0035815025559
2.5600000000000 -0.0035815025559
2.5600000000000 -0.0035815025559
2.5600000000000 -0.0035815025559
2.5600000000000 -0.0035815025559
2.5600000000000 -0.0035815025559
2.5800000000000 -0.0035742569451
2.6000000000000 -0.0035670615148
2.6000000000000 -0.0035670615148
2.6200000000000 -0.0035599157014
2.6400000000000 -0.0035528189501
2.6400000000000 -0.0035528189501
2.6400000000000 -0.0035528189501
2.6600000000000 -0.0035457707155
2.6800000000000 -0.0035387704605
2.6800000000000 -0.0035387704605
2.7000000000000 -0.0035318176568
2.7200000000000 -0.0035249117842
2.7200000000000 -0.0035249117842
2.7200000000000 -0.0035249117842
2.7200000000000 -0.0035249117842
2.7400000000000 -0.0035180523308
2.7600000000000 -0.0035112387922
2.7600000000000 -0.0035112387922
2.7800000000000 -0.0035044706722
2.8000000000000 -0.0034977474817
2.8000000000000 -0.0034977474817
2.8000000000000 -0.0034977474817
2.8200000000000 -0.0034910687392
2.8400000000000 -0.0034844339702
2.8400000000000 -0.0034844339702
2.8600000000000 -0.0034778427073
2.8800000000000 -0.0034712944899
2.8800000000000 -0.0034712944899
2.8800000000000 -0.0034712944899
2.8800000000000 -0.0034712944899
2.8800000000000 -0.0034712944899
2.9000000000000 -0.0034647888643
2.9200000000000 -0.0034583253831
2.9200000000000 -0.0034583253831
2.9400000000000 -0.0034519036056
2.9600000000000 -0.0034455230972
2.9600000000000 -0.0034455230972
2.9600000000000 -0.0034455230972
2.9800000000000 -0.0034391834297
3.0000000000000 -0.0034328841808
3.0000000000000 -0.0034328841808
3.0200000000000 -0.0034266249345
3.0400000000000 -0.0034204052804
3.0400000000000 -0.0034204052804
3.0400000000000 -0.0034204052804
3.0400000000000 -0.0034204052804
3.0600000000000 -0.0034142248141
3.0800000000000 -0.0034080831369
3.0800000000000 -0.0034080831369
3.1000000000000 -0.0034019798555
3.1200000000000 -0.0033959145826
3.1200000000000 -0.0033959145826
3.1200000000000 -0.0033959145826
3.1400000000000 -0.0033898869360
3.1600000000000 -0.0033838965391
3.1600000000000 -0.0033838965391
3.1800000000000 -0.0033779430205
3.2000000000000 -0.0033720260143
3.2000000000000 -0.0033720260143
3.2000000000000 -0.0033720260143
3.2000000000000 -0.0033720260080
3.2000000000000 -0.0033720260143
3.2000000000000 -0.0033720260080
3.2200000000000 -0.0033661451595
3.2400000000000 -0.0033603001005
3.2400000000000 -0.0033603001005
3.2600000000000 -0.0033544904865
3.2800000000000 -0.0033487159718
3.2800000000000 -0.0033487159718
3.2800000000000 -0.0033487159718
3.3000000000000 -0.0033429762156
3.3200000000000 -0.0033372708818
3.3200000000000 -0.0033372708818
3.3400000000000 -0.0033315996392
3.3600000000000 -0.0033259621611
3.3600000000000 -0.0033259621611
3.3600000000000 -0.0033259621611
3.3600000000000 -0.0033259621611
3.3800000000000 -0.0033203581254
3.4000000000000 -0.0033147872146
3.4000000000000 -0.0033147872146
3.4200000000000 -0.0033092491155
3.4400000000000 -0.0033037435192
3.4400000000000 -0.0033037435192
3.4400000000000 -0.0033037435192
3.4600000000000 -0.0032982701212
3.4800000000000 -0.0032928286208
3.4800000000000 -0.0032928286208
3.5000000000000 -0.0032874187217
3.5200000000000 -0.0032820401313
3.5200000000000 -0.0032820401313
3.5200000000000 -0.0032820401313
3.5200000000000 -0.0032820401313
3.5200000000000 -0.0032820401313
3.5400000000000 -0.0032766925612
3.5600000000000 -0.0032713757264
3.5600000000000 -0.0032713757264
3.5800000000000 -0.0032660893459
3.6000000000000 -0.0032608331422
3.6000000000000 -0.0032608331422
3.6000000000000 -0.0032608331422
3.6200000000000 -0.0032556068415
3.6400000000000 -0.0032504101733
3.6400000000000 -0.0032504101733
3.6600000000000 -0.0032452428706
3.6800000000000 -0.0032401046697
3.6800000000000 -0.0032401046697
3.6800000000000 -0.0032401046697
3.6800000000000 -0.0032401046697
3.7000000000000 -0.0032349953102
3.7200000000000 -0.0032299145348
3.7200000000000 -0.0032299145348
3.7400000000000 -0.0032248620895
3.7600000000000 -0.0032198377232
3.7600000000000 -0.0032198377232
3.7600000000000 -0.0032198377232
3.7800000000000 -0.0032148411878
3.8000000000000 -0.0032098722383
3.8000000000000 -0.0032098722383
3.8200000000000 -0.0032049306325
3.8400000000000 -0.0032000161311
3.8400000000000 -0.0032000161311
3.8400000000000 -0.0032000161311
3.8400000000000 -0.0032000161311
3.8400000000000 -0.0032000161311
3.8400000000000 -0.0032000161311
3.8400000000000 -0.0032000161311
3.8600000000000 -0.0031951284977
3.8800000000000 -0.0031902674983
3.8800000000000 -0.0031902674983
3.9000000000000 -0.0031854329022
3.9200000000000 -0.0031806244808
3.9200000000000 -0.0031806244808
3.9200000000000 -0.0031806244808
3.9400000000000 -0.0031758420087
3.9600000000000 -0.0031710852626
3.9600000000000 -0.0031710852626
3.9800000000000 -0.0031663540221
4.0000000000000 -0.0031616480694
4.0000000000000 -0.0031616480694
4.0000000000000 -0.0031616480694
4.0000000000000 -0.0031616480694
4.0200000000000 -0.0031569671889
4.0400000000000 -0.0031523111678
4.0400000000000 -0.0031523111678
4.0600000000000 -0.0031476797958
4.0800000000000 -0.0031430728647
4.0800000000000 -0.0031430728647
4.0800000000000 -0.0031430728647
4.1000000000000 -0.0031384901692
4.1200000000000 -0.0031339315059
4.1200000000000 -0.0031339315059
4.1400000000000 -0.0031293966742
4.1600000000000 -0.0031248854756
4.1600000000000 -0.0031248854756
4.1600000000000 -0.0031248854756
4.1600000000000 -0.0031248854756
4.1600000000000 -0.0031248854756
4.1800000000000 -0.0031203977139
4.2000000000000 -0.0031159331953
4.2400000000000 -0.0031070731236
4.2400000000000 -0.0031070731236
4.2800000000000 -0.0030983037548
4.3200000000000 -0.0030896236188
4.3200000000000 -0.0030896236188
4.3200000000000 -0.0030896236188
4.3600000000000 -0.0030810312793
4.4000000000000 -0.0030725253339
4.4000000000000 -0.0030725253339
4.4400000000000 -0.0030641044126
4.4800000000000 -0.0030557671769
4.4800000000000 -0.0030557671769
4.4800000000000 -0.0030557671769
4.4800000000000 -0.0030557671769
4.4800000000000 -0.0030557671769
4.5200000000000 -0.0030475123191
4.5600000000000 -0.0030393385607
4.5600000000000 -0.0030393385607
4.6000000000000 -0.0030312446522
4.6400000000000 -0.0030232293712
4.6400000000000 -0.0030232293712
4.6400000000000 -0.0030232293712
4.6800000000000 -0.0030152915220
4.7200000000000 -0.0030074299341
4.7200000000000 -0.0030074299341
4.7600000000000 -0.0029996434615
4.8000000000000 -0.0029919309820
4.8000000000000 -0.0029919309820
4.8000000000000 -0.0029919309820
4.8000000000000 -0.0029919309820
4.8400000000000 -0.0029842913957
4.8800000000000 -0.0029767236248
4.8800000000000 -0.0029767236248
4.9200000000000 -0.0029692266126
4.9600000000000 -0.0029617993233
4.9600000000000 -0.0029617993233
4.9600000000000 -0.0029617993233
5.0000000000000 -0.0029544407409
5.0400000000000 -0.0029471498689
5.0400000000000 -0.0029471498689
5.0800000000000 -0.0029399257304
5.1200000000000 -0.0029327673671
5.1200000000000 -0.0029327673671
5.1200000000000 -0.0029327673671
5.1200000000000 -0.0029327673671
5.1200000000000 -0.0029327673671
5.1200000000000 -0.0029327673671
5.1200000000000 -0.0029327673671
5.1600000000000 -0.0029256738390
5.2000000000000 -0.0029186442247
5.2000000000000 -0.0029186442247
5.2400000000000 -0.0029116776202
5.2800000000000 -0.0029047731394
5.2800000000000 -0.0029047731394
5.2800000000000 -0.0029047731394
5.3200000000000 -0.0028979299132
5.3600000000000 -0.0028911470895
5.3600000000000 -0.0028911470895
5.4000000000000 -0.0028844238329
5.4400000000000 -0.0028777593242
5.4400000000000 -0.0028777593242
5.4400000000000 -0.0028777593242
5.4400000000000 -0.0028777593242
5.4800000000000 -0.0028711527604
5.5200000000000 -0.0028646033538
5.5200000000000 -0.0028646033538
5.5600000000000 -0.0028581103325
5.6000000000000 -0.0028516729389
5.6000000000000 -0.0028516729389
5.6000000000000 -0.0028516729389
5.6400000000000 -0.0028452904305
5.6800000000000 -0.0028389620787
5.6800000000000 -0.0028389620787
5.7200000000000 -0.0028326871685
5.7600000000000 -0.0028264649984
5.7600000000000 -0.0028264649984
5.7600000000000 -0.0028264649984
5.7600000000000 -0.0028264649984
5.7600000000000 -0.0028264649984
5.8000000000000 -0.0028202948798
5.8400000000000 -0.0028141761366
5.8400000000000 -0.0028141761366
5.8800000000000 -0.0028081081049
5.9200000000000 -0.0028020901326
5.9200000000000 -0.0028020901326
5.9200000000000 -0.0028020901326
5.9600000000000 -0.0027961215790
6.0000000000000 -0.0027902018148
6.0000000000000 -0.0027902018148
6.0400000000000 -0.0027843302205
6.0800000000000 -0.0027785061887
6.0800000000000 -0.0027785061887
6.0800000000000 -0.0027785061887
6.0800000000000 -0.0027785061887
6.1200000000000 -0.0027727291220
6.1600000000000 -0.0027669984329
6.1600000000000 -0.0027669984329
6.2000000000000 -0.0027613135438
6.2400000000000 -0.0027556738870
6.2400000000000 -0.0027556738870
6.2400000000000 -0.0027556738870
6.2800000000000 -0.0027500789042
6.3200000000000 -0.0027445280468
6.3200000000000 -0.0027445280468
6.3600000000000 -0.0027390207752
6.4000000000000 -0.0027335565590
6.4000000000000 -0.0027335565590
6.4000000000000 -0.0027335565590
6.4000000000000 -0.0027335565590
6.4000000000000 -0.0027335565590
6.4800000000000 -0.0027227552166
6.5600000000000 -0.0027121199542
6.5600000000000 -0.0027121199542
6.6400000000000 -0.0027016468435
6.7200000000000 -0.0026913320880
6.7200000000000 -0.0026913320880
6.7200000000000 -0.0026913320880
6.8000000000000 -0.0026811720184
6.8800000000000 -0.0026711630867
6.8800000000000 -0.0026711630867
6.9600000000000 -0.0026613018605
7.0400000000000 -0.0026515850178
7.0400000000000 -0.0026515850178
7.0400000000000 -0.0026515850178
7.0400000000000 -0.0026515850178
7.1200000000000 -0.0026420093412
7.2000000000000 -0.0026325717125
7.2000000000000 -0.0026325717125
7.2800000000000 -0.0026232691077
7.3600000000000 -0.0026140985929
7.3600000000000 -0.0026140985929
7.3600000000000 -0.0026140985929
7.4400000000000 -0.0026050573201
7.5200000000000 -0.0025961425246
7.5200000000000 -0.0025961425246
7.6000000000000 -0.0025873515213
7.6800000000000 -0.0025786817029
7.6800000000000 -0.0025786817029
7.6800000000000 -0.0025786817029
7.6800000000000 -0.0025786817029
7.6800000000000 -0.0025786817029
7.6800000000000 -0.0025786817029
7.7600000000000 -0.0025701305369
7.8400000000000 -0.0025616955630
7.8400000000000 -0.0025616955630
7.9200000000000 -0.0025533743897
8.0000000000000 -0.0025451646924
8.0000000000000 -0.0025451646924
8.0000000000000 -0.0025451646924
8.0800000000000 -0.0025370642106
8.1600000000000 -0.0025290707470
8.1600000000000 -0.0025290707470
8.2400000000000 -0.0025211821655
8.3200000000000 -0.0025133963903
8.3200000000000 -0.0025133963903
8.3200000000000 -0.0025133963903
8.3200000000000 -0.0025133963903
8.4000000000000 -0.0025057114036
8.4800000000000 -0.0024981252437
8.4800000000000 -0.0024981252437
8.5600000000000 -0.0024906360018
8.6400000000000 -0.0024832418196
8.6400000000000 -0.0024832418196
8.6400000000000 -0.0024832418196
8.7200000000000 -0.0024759408869
8.8000000000000 -0.0024687314401
8.8000000000000 -0.0024687314401
8.8800000000000 -0.0024616117615
8.9600000000000 -0.0024545801788
8.9600000000000 -0.0024545801788
8.9600000000000 -0.0024545801788
8.9600000000000 -0.0024545801788
8.9600000000000 -0.0024545801788
9.0400000000000 -0.0024476350649
9.1200000000000 -0.0024407748371
9.1200000000000 -0.0024407748371
9.2000000000000 -0.0024339979567
9.2800000000000 -0.0024273029262
9.2800000000000 -0.0024273029262
9.2800000000000 -0.0024273029262
9.3600000000000 -0.0024206882878
9.4400000000000 -0.0024141526198
9.4400000000000 -0.0024141526198
9.5200000000000 -0.0024076945343
9.6000000000000 -0.0024013126745
9.6000000000000 -0.0024013126745
9.6000000000000 -0.0024013126745
9.6000000000000 -0.0024013126745
9.6800000000000 -0.0023950057124
9.7600000000000 -0.0023887723475
9.7600000000000 -0.0023887723475
9.8400000000000 -0.0023826113057
9.9200000000000 -0.0023765213380
9.9200000000000 -0.0023765213380
9.9200000000000 -0.0023765213380
10.0000000000000 -0.0023705012207
10.0800000000000 -0.0023645497550
10.0800000000000 -0.0023645497550
10.1600000000000 -0.0023586657617
10.2400000000000 -0.0023528480942
10.2400000000000 -0.0023528480942
10.2400000000000 -0.0023528480942
10.2400000000000 -0.0023528480942
10.2400000000000 -0.0023528480942
10.2400000000000 -0.0023528480942
10.3200000000000 -0.0023470956295
10.4000000000000 -0.0023414072664
10.4000000000000 -0.0023414072664
10.4800000000000 -0.0023357819283
10.5600000000000 -0.0023302185631
10.5600000000000 -0.0023302185631
10.5600000000000 -0.0023302185631
10.6400000000000 -0.0023247161434
10.7200000000000 -0.0023192736663
10.7200000000000 -0.0023192736663
10.8000000000000 -0.0023138901542
10.8800000000000 -0.0023085646556
10.8800000000000 -0.0023085646556
10.8800000000000 -0.0023085646556
11.0400000000000 -0.0022980840171
11.2000000000000 -0.0022878246302
11.2000000000000 -0.0022878246302
11.3600000000000 -0.0022777797117
11.5200000000000 -0.0022679427334
11.5200000000000 -0.0022679427334
11.5200000000000 -0.0022679427334
11.5200000000000 -0.0022679427334
11.6800000000000 -0.0022583073585
11.8400000000000 -0.0022488674277
11.8400000000000 -0.0022488674277
12.0000000000000 -0.0022396169849
12.1600000000000 -0.0022305503089
12.1600000000000 -0.0022305503089
12.1600000000000 -0.0022305503089
12.3200000000000 -0.0022216619166
12.4800000000000 -0.0022129465377
12.4800000000000 -0.0022129465377
12.6400000000000 -0.0022043990784
12.8000000000000 -0.0021960145971
12.8000000000000 -0.0021960145971
12.8000000000000 -0.0021960145971
12.8000000000000 -0.0021960145971
12.8000000000000 -0.0021960145971
12.9600000000000 -0.0021877882977
13.1200000000000 -0.0021797155353
13.1200000000000 -0.0021797155353
13.2800000000000 -0.0021717918247
13.4400000000000 -0.0021640128473
13.4400000000000 -0.0021640128473
13.4400000000000 -0.0021640128473
13.6000000000000 -0.0021563744572
13.7600000000000 -0.0021488726845
13.7600000000000 -0.0021488726845
13.9200000000000 -0.0021415037268
14.0800000000000 -0.0021342639292
14.0800000000000 -0.0021342639280
14.0800000000000 -0.0021342639292
14.0800000000000 -0.0021342639280
14.2400000000000 -0.0021271497214
14.4000000000000 -0.0021201576674
14.4000000000000 -0.0021201576674
14.5600000000000 -0.0021132844219
14.7200000000000 -0.0021065266838
14.7200000000000 -0.0021065266838
14.7200000000000 -0.0021065266838
14.8800000000000 -0.0020998812342
15.0400000000000 -0.0020933449522
15.0400000000000 -0.0020933449522
15.2000000000000 -0.0020869147901
15.3600000000000 -0.0020805877690
15.3600000000000 -0.0020805877690
15.3600000000000 -0.0020805877690
15.3600000000000 -0.0020805877690
15.3600000000000 -0.0020805877690
15.5200000000000 -0.0020743609814
15.6800000000000 -0.0020682315625
16.0000000000000 -0.0020562537505
16.0000000000000 -0.0020562537505
16.3200000000000 -0.0020446330108
16.6400000000000 -0.0020333495581
16.6400000000000 -0.0020333495581
16.6400000000000 -0.0020333495581
16.9600000000000 -0.0020223851442
17.2800000000000 -0.0020117227527
17.2800000000000 -0.0020117227527
17.6000000000000 -0.0020013460727
17.9200000000000 -0.0019912390060
17.9200000000000 -0.0019912390060
17.9200000000000 -0.0019912390060
17.9200000000000 -0.0019912390060
18.2400000000000 -0.0019813855587
18.5600000000000 -0.0019717700664
18.5600000000000 -0.0019717700664
18.8800000000000 -0.0019623774201
19.2000000000000 -0.0019531932674
19.2000000000000 -0.0019531932674
19.2000000000000 -0.0019531932674
19.5200000000000 -0.0019442042840
19.8400000000000 -0.0019353982290
19.8400000000000 -0.0019353982290
20.1600000000000 -0.0019267632915
20.4800000000000 -0.0019182880073
20.4800000000000 -0.0019182880073
20.4800000000000 -0.0019182880073
20.4800000000000 -0.0019182880073
20.8000000000000 -0.0019099612422
21.1200000000000 -0.0019017716918
21.1200000000000 -0.0019017716918
21.4400000000000 -0.0018937083304
21.7600000000000 -0.0018857603205
21.7600000000000 -0.0018857603205
21.7600000000000 -0.0018857603205
22.0800000000000 -0.0018779171470
22.4000000000000 -0.0018701690257
22.4000000000000 -0.0018701690257
22.7200000000000 -0.0018625064796
23.0400000000000 -0.0018549206223
23.0400000000000 -0.0018549206223
23.0400000000000 -0.0018549206223
23.6800000000000 -0.0018399438492
24.3200000000000 -0.0018251669122
24.3200000000000 -0.0018251669122
24.9600000000000 -0.0018105197598
25.6000000000000 -0.0017959391703
25.6000000000000 -0.0017959391703
25.6000000000000 -0.0017959391703
26.2400000000000 -0.0017813659090
26.8800000000000 -0.0017667398295
26.8800000000000 -0.0017667398295
27.5200000000000 -0.0017520009709
28.1600000000000 -0.0017370934871
28.1600000000000 -0.0017370934871
28.1600000000000 -0.0017370934871
28.8000000000000 -0.0017219661177
29.4400000000000 -0.0017065694585
29.4400000000000 -0.0017065694585
30.0800000000000 -0.0016908527767
30.7200000000000 -0.0016747644766
30.7200000000000 -0.0016747644766
30.7200000000000 -0.0016747644766
31.3600000000000 -0.0016582574276
32.0000000000000 -0.0016412908283
32.0000000000000 -0.0016412908283
32.6400000000000 -0.0016238240079
33.2800000000000 -0.0016058134022
33.2800000000000 -0.0016058134022
33.2800000000000 -0.0016058134022
33.9200000000000 -0.0015872169987
34.5600000000000 -0.0015679991291
34.5600000000000 -0.0015679991291
35.2000000000000 -0.0015481260180
35.8400000000000 -0.0015275644018
35.8400000000000 -0.0015275644018
35.8400000000000 -0.0015275644018
36.4800000000000 -0.0015062832280
37.1200000000000 -0.0014842531006
37.1200000000000 -0.0014842531006
37.7600000000000 -0.0014614467778
38.4000000000000 -0.0014378403502
38.4000000000000 -0.0014378403502
39.6800000000000 -0.0013881425967
40.9600000000000 -0.0013350116922
40.9600000000000 -0.0013350116922
42.2400000000000 -0.0012783470003
43.5200000000000 -0.0012180907728
43.5200000000000 -0.0012180907728
44.8000000000000 -0.0011542292261
46.0800000000000 -0.0010868035785
46.0800000000000 -0.0010868035785
47.3600000000000 -0.0010159092362
48.6400000000000 -0.0009416979862
48.6400000000000 -0.0009416979862
49.9200000000000 -0.0008643852682
51.2000000000000 -0.0007842559812
51.2000000000000 -0.0007842559812
52.4800000000000 -0.0007016659882
53.7600000000000 -0.0006170428806
53.7600000000000 -0.0006170428806
55.0400000000000 -0.0005308938747
56.3200000000000 -0.0004438109535
56.3200000000000 -0.0004438109535
57.6000000000000 -0.0003564642689
58.8800000000000 -0.0002695949631
58.8800000000000 -0.0002695949631
60.1600000000000 -0.0001840113888
61.4400000000000 -0.0001005826691
61.4400000000000 -0.0001005826691
62.7200000000000 -0.0000202274514
64.0000000000000 0.0000561082283
64.0000000000000 0.0000561082283
65.2800000000000 0.0001274810453
66.5600000000000 0.0001929725230
66.5600000000000 0.0001929725230
67.8400000000000 0.0002517058560
69.1200000000000 0.0003028734538
69.1200000000000 0.0003028734538
70.4000000000000 0.0003457747034
71.6800000000000 0.0003798519393
71.6800000000000 0.0003798519393
72.9600000000000 0.0004047165975
74.2400000000000 0.0004201675861
74.2400000000000 0.0004201675861
75.5200000000000 0.0004262120053
76.8000000000000 0.0004230900882
76.8000000000000 0.0004230900882
78.0800000000000 0.0004112926871
79.3600000000000 0.0003915612788
79.3600000000000 0.0003915612788
80.6400000000000 0.0003648702632
81.9200000000000 0.0003323982533
81.9200000000000 0.0003323982533
83.2000000000000 0.0002954940821
84.4800000000000 0.0002556323821
84.4800000000000 0.0002556323821
85.7600000000000 0.0002143492503
87.0400000000000 0.0001731608995
87.0400000000000 0.0001731608995
88.3200000000000 0.0001334796498
89.6000000000000 0.0000965397620
89.6000000000000 0.0000965397620
90.8800000000000 0.0000633378193
92.1600000000000 0.0000345883869
92.1600000000000 0.0000345883869
93.4400000000000 0.0000106991736
94.7200000000000 -0.0000082275106
94.7200000000000 -0.0000082275106
96.0000000000000 -0.0000223665074
97.2800000000000 -0.0000321202941
97.2800000000000 -0.0000321202941
98.5600000000000 -0.0000380540927
99.8400000000000 -0.0000408245244
99.8400000000000 -0.0000408245244
101.1200000000000 -0.0000411138731
102.4000000000000 -0.0000395771092
102.4000000000000 -0.0000395771092
103.6800000000000 -0.0000368029307
104.9600000000000 -0.0000332896951
104.9600000000000 -0.0000332896951
106.2400000000000 -0.0000294358009
107.5200000000000 -0.0000255400886
107.5200000000000 -0.0000255400886
108.8000000000000 -0.0000218080672
110.0800000000000 -0.0000183640718
110.0800000000000 -0.0000183640718
111.3600000000000 -0.0000152699163
112.6400000000000 -0.0000125457347
112.6400000000000 -0.0000125457347
113.9200000000000 -0.0000101866752
115.2000000000000 -0.0000081737951
115.2000000000000 -0.0000081737951
116.4800000000000 -0.0000064808168
117.7600000000000 -0.0000050765178
117.7600000000000 -0.0000050765178
119.0400000000000 -0.0000039242140
120.3200000000000 -0.0000029845321
120.3200000000000 -0.0000029845321
121.6000000000000 -0.0000022226793
122.8800000000000 -0.0000016119962
122.8800000000000 -0.0000016119962
124.1600000000000 -0.0000011298979
125.4400000000000 -0.0000007538574
125.4400000000000 -0.0000007538574
126.7200000000000 -0.0000004634762
128.0000000000000 -0.0000002443002
128.0000000000000 -0.0000002443002
129.2800000000000 -0.0000000875789
130.5600000000000 0.0000000140106
130.5600000000000 0.0000000140106
131.8400000000000 0.0000000657162
133.1200000000000 0.0000000791692
133.1200000000000 0.0000000791692
134.4000000000000 0.0000000651818
135.6800000000000 0.0000000306795
135.6800000000000 0.0000000306795
136.9600000000000 -0.0000000181477
138.2400000000000 -0.0000000775246
138.2400000000000 -0.0000000775246
139.5200000000000 -0.0000001445744
140.8000000000000 -0.0000002152338
143.3600000000000 -0.0000003542280
145.9200000000000 -0.0000004744997
148.4800000000000 -0.0000005543813
151.0400000000000 -0.0000005687460
153.6000000000000 -0.0000005107381
156.1600000000000 -0.0000003889360
158.7200000000000 -0.0000002163316
161.2800000000000 -0.0000000098691
163.8400000000000 0.0000002074824
166.4000000000000 0.0000003991491
168.9600000000000 0.0000005277881
171.5200000000000 0.0000005738660
174.0800000000000 0.0000005435803
176.6400000000000 0.0000004764449
179.2000000000000 0.0000004226885
181.7600000000000 0.0000003995209
184.3200000000000 0.0000003821738
186.8800000000000 0.0000003245651
189.4400000000000 0.0000001811079
192.0000000000000 -0.0000000596352
194.5600000000000 -0.0000003445456
197.1200000000000 -0.0000005774298
199.6800000000000 -0.0000006844886
202.2400000000000 -0.0000006577337
204.8000000000000 -0.0000005327968
207.3600000000000 -0.0000003351544
209.9200000000000 -0.0000000734158
212.4800000000000 0.0000002165056
215.0400000000000 0.0000004543630
217.6000000000000 0.0000005522008
220.1600000000000 0.0000004675811
222.7200000000000 0.0000002432651
225.2800000000000 -0.0000000060446
227.8400000000000 -0.0000001734477
230.4000000000000 -0.0000002256991
232.9600000000000 -0.0000001875051
235.5200000000000 -0.0000000973759
238.0800000000000 0.0000000017776
240.6400000000000 0.0000000651615
243.2000000000000 0.0000000724226
245.7600000000000 0.0000000428136
248.3200000000000 0.0000000115053
250.8800000000000 -0.0000000027131
253.4400000000000 -0.0000000031452
256.0000000000000 -0.0000000000788
258.5600000000000 0.0000000010809
261.1200000000000 0.0000000002271
263.6800000000000 -0.0000000012922
266.2400000000000 -0.0000000027603
268.8000000000000 -0.0000000043669
271.3600000000000 -0.0000000067228
273.9200000000000 -0.0000000097672
276.4800000000000 -0.0000000117352
279.0400000000000 -0.0000000099482
281.6000000000000 -0.0000000039586
284.1600000000000 0.0000000020599
286.7200000000000 0.0000000016998
289.2800000000000 -0.0000000070183
291.8400000000000 -0.0000000173943
294.4000000000000 -0.0000000193032
296.9600000000000 -0.0000000101252
299.5200000000000 0.0000000027833
302.0800000000000 0.0000000118489
304.6400000000000 0.0000000167953
307.2000000000000 0.0000000204555
309.7600000000000 0.0000000224274
312.3200000000000 0.0000000203543
314.8800000000000 0.0000000142963
317.4400000000000 0.0000000067760
