# z phi
-317.4400000000000 -0.0000002333317
-314.8800000000000 -0.0000004574759
-312.3200000000000 -0.0000005926421
-309.7600000000000 -0.0000005860544
-307.2000000000000 -0.0000004521231
-304.6400000000000 -0.0000002398293
-302.0800000000000 0.0000000086564
-299.5200000000000 0.0000002372183
-296.9600000000000 0.0000003665311
-294.4000000000000 0.0000003530319
-291.8400000000000 0.0000002416328
-289.2800000000000 0.0000001359927
-286.7200000000000 0.0000001141960
-284.1600000000000 0.0000001714808
-281.6000000000000 0.0000002399948
-279.0400000000000 0.0000002566813
-276.4800000000000 0.0000002050249
-273.9200000000000 0.0000001036676
-271.3600000000000 -0.0000000224313
-268.8000000000000 -0.0000001560776
-266.2400000000000 -0.0000002840847
-263.6800000000000 -0.0000003879263
-261.1200000000000 -0.0000004451593
-258.5600000000000 -0.0000004426451
-256.0000000000000 -0.0000003855650
-253.4400000000000 -0.0000002922329
-250.8800000000000 -0.0000001807957
-248.3200000000000 -0.0000000623892
-245.7600000000000 0.0000000540517
-243.2000000000000 0.0000001580759
-240.6400000000000 0.0000002442674
-238.0800000000000 0.0000003204940
-235.5200000000000 0.0000004096399
-232.9600000000000 0.0000005493200
-230.4000000000000 0.0000007915123
-227.8400000000000 0.0000011852335
-225.2800000000000 0.0000017195646
-222.7200000000000 0.0000022292367
-220.1600000000000 0.0000023101586
-217.6000000000000 0.0000013359465
-215.0400000000000 -0.0000013374729
-212.4800000000000 -0.0000059849089
-209.9200000000000 -0.0000120910256
-207.3600000000000 -0.0000181406950
-204.8000000000000 -0.0000218361628
-202.2400000000000 -0.0000207669728
-199.6800000000000 -0.0000132927348
-197.1200000000000 0.0000007407654
-194.5600000000000 0.0000197395001
-192.0000000000000 0.0000406237311
-189.4400000000000 0.0000594968794
-186.8800000000000 0.0000725020359
-184.3200000000000 0.0000766199454
-181.7600000000000 0.0000702011892
-179.2000000000000 0.0000531495349
-176.6400000000000 0.0000268098539
-174.0800000000000 -0.0000063410784
-171.5200000000000 -0.0000431052643
-168.9600000000000 -0.0000799850077
-166.4000000000000 -0.0001135628033
-163.8400000000000 -0.0001408125929
-161.2800000000000 -0.0001593251946
-158.7200000000000 -0.0001674549269
-156.1600000000000 -0.0001643894173
-153.6000000000000 -0.0001501441547
-151.0400000000000 -0.0001254910033
-148.4800000000000 -0.0000918293613
-145.9200000000000 -0.0000510235862
-143.3600000000000 -0.0000052254592
-140.8000000000000 0.0000432959250
-139.5200000000000 0.0000678729374
-138.2400000000000 0.0000922994262
-138.2400000000000 0.0000922994262
-136.9600000000000 0.0001163176818
-135.6800000000000 0.0001396851181
-135.6800000000000 0.0001396851181
-134.4000000000000 0.0001621743631
-133.1200000000000 0.0001835771798
-133.1200000000000 0.0001835771798
-131.8400000000000 0.0002037035536
-130.5600000000000 0.0002223829615
-130.5600000000000 0.0002223829615
-129.2800000000000 0.0002394646559
-128.0000000000000 0.0002548213936
-128.0000000000000 0.0002548213936
-126.7200000000000 0.0002683465624
-125.4400000000000 0.0002799510127
-125.4400000000000 0.0002799510127
-124.1600000000000 0.0002895676921
-122.8800000000000 0.0002971493692
-122.8800000000000 0.0002971493692
-121.6000000000000 0.0003026685207
-120.3200000000000 0.0003061161819
-120.3200000000000 0.0003061161819
-119.0400000000000 0.0003074999757
-117.7600000000000 0.0003068427684
-117.7600000000000 0.0003068427684
-116.4800000000000 0.0003041821911
-115.2000000000000 0.0002995696180
-115.2000000000000 0.0002995696180
-113.9200000000000 0.0002930680464
-112.6400000000000 0.0002847500777
-112.6400000000000 0.0002847500777
-111.3600000000000 0.0002746968686
-110.0800000000000 0.0002629973365
-110.0800000000000 0.0002629973365
-108.8000000000000 0.0002497466783
-107.5200000000000 0.0002350445379
-107.5200000000000 0.0002350445379
-106.2400000000000 0.0002189938288
-104.9600000000000 0.0002017002116
-104.9600000000000 0.0002017002116
-103.6800000000000 0.0001832712497
-102.4000000000000 0.0001638150668
-102.4000000000000 0.0001638150668
-101.1200000000000 0.0001434393098
-99.8400000000000 0.0001222504324
-99.8400000000000 0.0001222504324
-98.5600000000000 0.0001003527421
-97.2800000000000 0.0000778477674
-97.2800000000000 0.0000778477674
-96.0000000000000 0.0000548346784
-94.7200000000000 0.0000314107302
-94.7200000000000 0.0000314107302
-93.4400000000000 0.0000076699991
-92.1600000000000 -0.0000162994383
-92.1600000000000 -0.0000162994383
-90.8800000000000 -0.0000404173674
-89.6000000000000 -0.0000646098692
-89.6000000000000 -0.0000646098692
-88.3200000000000 -0.0000888049132
-87.0400000000000 -0.0001129292787
-87.0400000000000 -0.0001129292787
-85.7600000000000 -0.0001369116407
-84.4800000000000 -0.0001606919067
-84.4800000000000 -0.0001606919067
-83.2000000000000 -0.0001842287153
-81.9200000000000 -0.0002074944188
-81.9200000000000 -0.0002074944188
-80.6400000000000 -0.0002304569831
-79.3600000000000 -0.0002530648386
-79.3600000000000 -0.0002530648386
-78.0800000000000 -0.0002752555036
-76.8000000000000 -0.0002969875414
-76.8000000000000 -0.0002969875414
-75.5200000000000 -0.0003182638094
-74.2400000000000 -0.0003391130659
-74.2400000000000 -0.0003391130659
-72.9600000000000 -0.0003595406286
-71.6800000000000 -0.0003795026613
-71.6800000000000 -0.0003795026613
-70.4000000000000 -0.0003989426257
-69.1200000000000 -0.0004178544389
-69.1200000000000 -0.0004178544389
-67.8400000000000 -0.0004362932197
-66.5600000000000 -0.0004543130033
-66.5600000000000 -0.0004543130033
-65.2800000000000 -0.0004719075698
-64.0000000000000 -0.0004890329334
-64.0000000000000 -0.0004890329334
-62.7200000000000 -0.0005056835226
-61.4400000000000 -0.0005219192493
-61.4400000000000 -0.0005219192493
-60.1600000000000 -0.0005378073734
-58.8800000000000 -0.0005533620334
-58.8800000000000 -0.0005533620334
-57.6000000000000 -0.0005685638411
-56.3200000000000 -0.0005834253074
-56.3200000000000 -0.0005834253074
-55.0400000000000 -0.0005980070389
-53.7600000000000 -0.0006123686290
-53.7600000000000 -0.0006123686290
-52.4800000000000 -0.0006265329657
-51.2000000000000 -0.0006405108417
-51.2000000000000 -0.0006405108417
-49.9200000000000 -0.0006543383021
-48.6400000000000 -0.0006680728049
-48.6400000000000 -0.0006680728049
-47.3600000000000 -0.0006817645794
-46.0800000000000 -0.0006954491724
-46.0800000000000 -0.0006954491724
-44.8000000000000 -0.0007091637812
-43.5200000000000 -0.0007229567413
-43.5200000000000 -0.0007229567413
-42.2400000000000 -0.0007368829079
-40.9600000000000 -0.0007509966992
-40.9600000000000 -0.0007509966992
-39.6800000000000 -0.0007653515291
-38.4000000000000 -0.0007800022159
-38.4000000000000 -0.0007800022159
-37.7600000000000 -0.0007874549553
-37.1200000000000 -0.0007950026000
-37.1200000000000 -0.0007950026000
-36.4800000000000 -0.0008026531989
-35.8400000000000 -0.0008104158866
-35.8400000000000 -0.0008104158866
-35.8400000000000 -0.0008104158866
-35.2000000000000 -0.0008183001083
-34.5600000000000 -0.0008263138215
-34.5600000000000 -0.0008263138215
-33.9200000000000 -0.0008344650905
-33.2800000000000 -0.0008427640929
-33.2800000000000 -0.0008427640929
-33.2800000000000 -0.0008427640929
-32.6400000000000 -0.0008512213253
-32.0000000000000 -0.0008598440577
-32.0000000000000 -0.0008598440577
-31.3600000000000 -0.0008686401511
-30.7200000000000 -0.0008776222749
-30.7200000000000 -0.0008776222749
-30.7200000000000 -0.0008776222749
-30.0800000000000 -0.0008868041370
-29.4400000000000 -0.0008961971459
-29.4400000000000 -0.0008961971459
-28.8000000000000 -0.0009058110181
-28.1600000000000 -0.0009156571598
-28.1600000000000 -0.0009156571598
-28.1600000000000 -0.0009156571598
-27.5200000000000 -0.0009257498243
-26.8800000000000 -0.0009361038417
-26.8800000000000 -0.0009361038417
-26.2400000000000 -0.0009467326945
-25.6000000000000 -0.0009576498683
-25.6000000000000 -0.0009576498683
-25.6000000000000 -0.0009576498683
-24.9600000000000 -0.0009688715623
-24.3200000000000 -0.0009804166443
-24.3200000000000 -0.0009804166443
-23.6800000000000 -0.0009923037398
-23.0400000000000 -0.0010045498534
-23.0400000000000 -0.0010045498534
-23.0400000000000 -0.0010045498534
-22.7200000000000 -0.0010108128958
-22.4000000000000 -0.0010171725395
-22.4000000000000 -0.0010171725395
-22.0800000000000 -0.0010236314892
-21.7600000000000 -0.0010301927806
-21.7600000000000 -0.0010301927806
-21.7600000000000 -0.0010301927806
-21.4400000000000 -0.0010368595888
-21.1200000000000 -0.0010436351535
-21.1200000000000 -0.0010436351535
-20.8000000000000 -0.0010505227913
-20.4800000000000 -0.0010575257243
-20.4800000000000 -0.0010575257243
-20.4800000000000 -0.0010575257243
-20.4800000000000 -0.0010575257243
-20.1600000000000 -0.0010646472438
-19.8400000000000 -0.0010718905524
-19.8400000000000 -0.0010718905524
-19.5200000000000 -0.0010792589888
-19.2000000000000 -0.0010867561970
-19.2000000000000 -0.0010867561970
-19.2000000000000 -0.0010867561970
-18.8800000000000 -0.0010943860739
-18.5600000000000 -0.0011021527732
-18.5600000000000 -0.0011021527732
-18.2400000000000 -0.0011100606515
-17.9200000000000 -0.0011181142391
-17.9200000000000 -0.0011181142391
-17.9200000000000 -0.0011181142391
-17.9200000000000 -0.0011181142391
-17.6000000000000 -0.0011263182217
-17.2800000000000 -0.0011346774042
-17.2800000000000 -0.0011346774042
-16.9600000000000 -0.0011431966788
-16.6400000000000 -0.0011518810481
-16.6400000000000 -0.0011518810481
-16.6400000000000 -0.0011518810481
-16.3200000000000 -0.0011607357211
-16.0000000000000 -0.0011697662394
-16.0000000000000 -0.0011697662394
-15.6800000000000 -0.0011789785549
-15.5200000000000 -0.0011836548576
-15.3600000000000 -0.0011883790175
-15.3600000000000 -0.0011883790175
-15.3600000000000 -0.0011883790175
-15.3600000000000 -0.0011883790175
-15.3600000000000 -0.0011883790175
-15.2000000000000 -0.0011931518825
-15.0400000000000 -0.0011979743173
-15.0400000000000 -0.0011979743173
-14.8800000000000 -0.0012028472108
-14.7200000000000 -0.0012077714775
-14.7200000000000 -0.0012077714775
-14.7200000000000 -0.0012077714775
-14.5600000000000 -0.0012127480579
-14.4000000000000 -0.0012177779271
-14.4000000000000 -0.0012177779271
-14.2400000000000 -0.0012228620866
-14.0800000000000 -0.0012280015654
-14.0800000000000 -0.0012280015654
-14.0800000000000 -0.0012280015654
-14.0800000000000 -0.0012280015654
-13.9200000000000 -0.0012331974163
-13.7600000000000 -0.0012384507222
-13.7600000000000 -0.0012384507222
-13.6000000000000 -0.0012437625811
-13.4400000000000 -0.0012491341122
-13.4400000000000 -0.0012491341122
-13.4400000000000 -0.0012491341122
-13.2800000000000 -0.0012545664598
-13.1200000000000 -0.0012600607969
-13.1200000000000 -0.0012600607969
-12.9600000000000 -0.0012656183301
-12.8000000000000 -0.0012712403023
-12.8000000000000 -0.0012712403023
-12.8000000000000 -0.0012712403023
-12.8000000000000 -0.0012712403023
-12.8000000000000 -0.0012712403023
-12.6400000000000 -0.0012769279944
-12.4800000000000 -0.0012826827250
-12.4800000000000 -0.0012826827250
-12.3200000000000 -0.0012885058503
-12.1600000000000 -0.0012943987643
-12.1600000000000 -0.0012943987643
-12.1600000000000 -0.0012943987643
-12.0000000000000 -0.0013003629026
-11.8400000000000 -0.0013063997474
-11.8400000000000 -0.0013063997474
-11.6800000000000 -0.0013125108340
-11.5200000000000 -0.0013186977554
-11.5200000000000 -0.0013186977554
-11.5200000000000 -0.0013186977554
-11.5200000000000 -0.0013186977554
-11.3600000000000 -0.0013249621645
-11.2000000000000 -0.0013313057746
-11.2000000000000 -0.0013313057746
-11.0400000000000 -0.0013377303565
-10.8800000000000 -0.0013442377360
-10.8800000000000 -0.0013442377360
-10.8800000000000 -0.0013442377360
-10.8000000000000 -0.0013475230598
-10.7200000000000 -0.0013508297911
-10.7200000000000 -0.0013508297911
-10.6400000000000 -0.0013541581728
-10.5600000000000 -0.0013575084510
-10.5600000000000 -0.0013575084510
-10.5600000000000 -0.0013575084510
-10.4800000000000 -0.0013608808752
-10.4000000000000 -0.0013642756988
-10.4000000000000 -0.0013642756988
-10.3200000000000 -0.0013676931787
-10.2400000000000 -0.0013711335765
-10.2400000000000 -0.0013711335765
-10.2400000000000 -0.0013711335765
-10.2400000000000 -0.0013711335765
-10.2400000000000 -0.0013711335765
-10.2400000000000 -0.0013711335765
-10.1600000000000 -0.0013745971578
-10.0800000000000 -0.0013780841928
-10.0800000000000 -0.0013780841928
-10.0000000000000 -0.0013815949562
-9.9200000000000 -0.0013851297291
-9.9200000000000 -0.0013851297291
-9.9200000000000 -0.0013851297291
-9.8400000000000 -0.0013886887971
-9.7600000000000 -0.0013922724512
-9.7600000000000 -0.0013922724512
-9.6800000000000 -0.0013958809876
-9.6000000000000 -0.0013995147081
-9.6000000000000 -0.0013995147081
-9.6000000000000 -0.0013995147081
-9.6000000000000 -0.0013995147081
-9.5200000000000 -0.0014031739200
-9.4400000000000 -0.0014068589358
-9.4400000000000 -0.0014068589358
-9.3600000000000 -0.0014105700736
-9.2800000000000 -0.0014143076566
-9.2800000000000 -0.0014143076566
-9.2800000000000 -0.0014143076566
-9.2000000000000 -0.0014180720135
-9.1200000000000 -0.0014218634782
-9.1200000000000 -0.0014218634782
-9.0400000000000 -0.0014256823899
-8.9600000000000 -0.0014295290934
-8.9600000000000 -0.0014295290934
-8.9600000000000 -0.0014295290934
-8.9600000000000 -0.0014295290934
-8.9600000000000 -0.0014295290934
-8.8800000000000 -0.0014334039387
-8.8000000000000 -0.0014373072816
-8.8000000000000 -0.0014373072816
-8.7200000000000 -0.0014412394836
-8.6400000000000 -0.0014452009119
-8.6400000000000 -0.0014452009119
-8.6400000000000 -0.0014452009119
-8.5600000000000 -0.0014491919399
-8.4800000000000 -0.0014532129471
-8.4800000000000 -0.0014532129471
-8.4000000000000 -0.0014572643192
-8.3200000000000 -0.0014613464483
-8.3200000000000 -0.0014613464483
-8.3200000000000 -0.0014613464483
-8.3200000000000 -0.0014613464483
-8.2400000000000 -0.0014654597331
-8.1600000000000 -0.0014696045785
-8.1600000000000 -0.0014696045785
-8.0800000000000 -0.0014737813962
-8.0000000000000 -0.0014779906045
-8.0000000000000 -0.0014779906045
-8.0000000000000 -0.0014779906045
-7.9200000000000 -0.0014822326281
-7.8400000000000 -0.0014865078985
-7.8400000000000 -0.0014865078985
-7.7600000000000 -0.0014908168538
-7.6800000000000 -0.0014951599385
-7.6800000000000 -0.0014951599385
-7.6800000000000 -0.0014951599385
-7.6800000000000 -0.0014951599385
-7.6800000000000 -0.0014951599385
-7.6800000000000 -0.0014951599385
-7.6000000000000 -0.0014995376043
-7.5200000000000 -0.0015039503091
-7.5200000000000 -0.0015039503091
-7.4400000000000 -0.0015083985182
-7.3600000000000 -0.0015128827032
-7.3600000000000 -0.0015128827032
-7.3600000000000 -0.0015128827032
-7.2800000000000 -0.0015174033433
-7.2000000000000 -0.0015219609243
-7.2000000000000 -0.0015219609243
-7.1200000000000 -0.0015265559393
-7.0400000000000 -0.0015311888888
-7.0400000000000 -0.0015311888888
-7.0400000000000 -0.0015311888888
-7.0400000000000 -0.0015311888888
-6.9600000000000 -0.0015358602804
-6.8800000000000 -0.0015405706288
-6.8800000000000 -0.0015405706288
-6.8000000000000 -0.0015453204561
-6.7200000000000 -0.0015501102913
-6.7200000000000 -0.0015501102913
-6.7200000000000 -0.0015501102913
-6.6400000000000 -0.0015549406701
-6.5600000000000 -0.0015598121347
-6.5600000000000 -0.0015598121347
-6.4800000000000 -0.0015647252331
-6.4000000000000 -0.0015696805188
-6.4000000000000 -0.0015696805188
-6.4000000000000 -0.0015696805188
-6.4000000000000 -0.0015696805188
-6.4000000000000 -0.0015696805188
-6.3600000000000 -0.0015721741563
-6.3200000000000 -0.0015746785502
-6.3200000000000 -0.0015746785502
-6.2800000000000 -0.0015771937711
-6.2400000000000 -0.0015797198896
-6.2400000000000 -0.0015797198896
-6.2400000000000 -0.0015797198896
-6.2000000000000 -0.0015822569766
-6.1600000000000 -0.0015848051030
-6.1600000000000 -0.0015848051030
-6.1200000000000 -0.0015873643399
-6.0800000000000 -0.0015899347588
-6.0800000000000 -0.0015899347588
-6.0800000000000 -0.0015899347588
-6.0800000000000 -0.0015899347588
-6.0400000000000 -0.0015925164308
-6.0000000000000 -0.0015951094275
-6.0000000000000 -0.0015951094275
-5.9600000000000 -0.0015977138203
-5.9200000000000 -0.0016003296806
-5.9200000000000 -0.0016003296806
-5.9200000000000 -0.0016003296806
-5.8800000000000 -0.0016029570801
-5.8400000000000 -0.0016055960901
-5.8400000000000 -0.0016055960901
-5.8000000000000 -0.0016082467819
-5.7600000000000 -0.0016109092269
-5.7600000000000 -0.0016109092269
-5.7600000000000 -0.0016109092269
-5.7600000000000 -0.0016109092269
-5.7600000000000 -0.0016109092269
-5.7200000000000 -0.0016135834961
-5.6800000000000 -0.0016162696604
-5.6800000000000 -0.0016162696604
-5.6400000000000 -0.0016189677904
-5.6000000000000 -0.0016216779566
-5.6000000000000 -0.0016216779566
-5.6000000000000 -0.0016216779566
-5.5600000000000 -0.0016244002290
-5.5200000000000 -0.0016271346773
-5.5200000000000 -0.0016271346773
-5.4800000000000 -0.0016298813707
-5.4400000000000 -0.0016326403780
-5.4400000000000 -0.0016326403780
-5.4400000000000 -0.0016326403780
-5.4400000000000 -0.0016326403780
-5.4000000000000 -0.0016354117674
-5.3600000000000 -0.0016381956064
-5.3600000000000 -0.0016381956064
-5.3200000000000 -0.0016409919619
-5.2800000000000 -0.0016438009001
-5.2800000000000 -0.0016438009001
-5.2800000000000 -0.0016438009001
-5.2400000000000 -0.0016466224861
-5.2000000000000 -0.0016494567843
-5.2000000000000 -0.0016494567843
-5.1600000000000 -0.0016523038580
-5.1200000000000 -0.0016551637043
-5.1200000000000 -0.0016551637043
-5.1200000000000 -0.0016551637693
-5.1200000000000 -0.0016551637693
-5.1200000000000 -0.0016551637693
-5.1200000000000 -0.0016551637693
-5.1200000000000 -0.0016551637693
-5.0800000000000 -0.0016580365791
-5.0400000000000 -0.0016609223473
-5.0400000000000 -0.0016609223473
-5.0000000000000 -0.0016638211319
-4.9600000000000 -0.0016667329897
-4.9600000000000 -0.0016667329897
-4.9600000000000 -0.0016667329897
-4.9200000000000 -0.0016696579758
-4.8800000000000 -0.0016725961435
-4.8800000000000 -0.0016725961435
-4.8400000000000 -0.0016755475443
-4.8000000000000 -0.0016785122276
-4.8000000000000 -0.0016785122276
-4.8000000000000 -0.0016785122276
-4.8000000000000 -0.0016785122276
-4.7600000000000 -0.0016814902408
-4.7200000000000 -0.0016844816287
-4.7200000000000 -0.0016844816287
-4.6800000000000 -0.0016874864339
-4.6400000000000 -0.0016905046963
-4.6400000000000 -0.0016905046963
-4.6400000000000 -0.0016905046963
-4.6000000000000 -0.0016935364529
-4.5600000000000 -0.0016965817377
-4.5600000000000 -0.0016965817377
-4.5200000000000 -0.0016996405815
-4.4800000000000 -0.0017027130117
-4.4800000000000 -0.0017027130117
-4.4800000000000 -0.0017027130117
-4.4800000000000 -0.0017027130117
-4.4800000000000 -0.0017027130117
-4.4400000000000 -0.0017057990518
-4.4000000000000 -0.0017088987215
-4.4000000000000 -0.0017088987215
-4.3600000000000 -0.0017120120362
-4.3200000000000 -0.0017151390069
-4.3200000000000 -0.0017151390069
-4.3200000000000 -0.0017151390069
-4.2800000000000 -0.0017182796395
-4.2400000000000 -0.0017214339349
-4.2400000000000 -0.0017214339349
-4.2000000000000 -0.0017246018886
-4.1800000000000 -0.0017261909842
-4.1600000000000 -0.0017277834899
-4.1600000000000 -0.0017277834899
-4.1600000000000 -0.0017277834899
-4.1600000000000 -0.0017277834899
-4.1600000000000 -0.0017277834899
-4.1400000000000 -0.0017293794035
-4.1200000000000 -0.0017309787222
-4.1200000000000 -0.0017309787222
-4.1000000000000 -0.0017325814429
-4.0800000000000 -0.0017341875619
-4.0800000000000 -0.0017341875619
-4.0800000000000 -0.0017341875619
-4.0600000000000 -0.0017357970752
-4.0400000000000 -0.0017374099784
-4.0400000000000 -0.0017374099784
-4.0200000000000 -0.0017390262664
-4.0000000000000 -0.0017406459337
-4.0000000000000 -0.0017406459337
-4.0000000000000 -0.0017406459337
-4.0000000000000 -0.0017406459337
-3.9800000000000 -0.0017422689742
-3.9600000000000 -0.0017438953814
-3.9600000000000 -0.0017438953814
-3.9400000000000 -0.0017455251482
-3.9200000000000 -0.0017471582669
-3.9200000000000 -0.0017471582669
-3.9200000000000 -0.0017471582669
-3.9000000000000 -0.0017487947293
-3.8800000000000 -0.0017504345264
-3.8800000000000 -0.0017504345264
-3.8600000000000 -0.0017520776488
-3.8400000000000 -0.0017537240864
-3.8400000000000 -0.0017537240864
-3.8400000000000 -0.0017537240864
-3.8400000000000 -0.0017537240864
-3.8400000000000 -0.0017537240864
-3.8400000000000 -0.0017537240864
-3.8400000000000 -0.0017537240864
-3.8200000000000 -0.0017553738283
-3.8000000000000 -0.0017570268631
-3.8000000000000 -0.0017570268631
-3.7800000000000 -0.0017586831787
-3.7600000000000 -0.0017603427622
-3.7600000000000 -0.0017603427622
-3.7600000000000 -0.0017603427622
-3.7400000000000 -0.0017620055999
-3.7200000000000 -0.0017636716774
-3.7200000000000 -0.0017636716774
-3.7000000000000 -0.0017653409796
-3.6800000000000 -0.0017670134905
-3.6800000000000 -0.0017670134905
-3.6800000000000 -0.0017670134905
-3.6800000000000 -0.0017670134905
-3.6600000000000 -0.0017686891933
-3.6400000000000 -0.0017703680702
-3.6400000000000 -0.0017703680702
-3.6200000000000 -0.0017720501027
-3.6000000000000 -0.0017737352713
-3.6000000000000 -0.0017737352713
-3.6000000000000 -0.0017737352713
-3.5800000000000 -0.0017754235555
-3.5600000000000 -0.0017771149340
-3.5600000000000 -0.0017771149340
-3.5400000000000 -0.0017788093843
-3.5200000000000 -0.0017805068830
-3.5200000000000 -0.0017805068830
-3.5200000000000 -0.0017805068830
-3.5200000000000 -0.0017805068830
-3.5200000000000 -0.0017805068830
-3.5000000000000 -0.0017822074055
-3.4800000000000 -0.0017839109262
-3.4800000000000 -0.0017839109262
-3.4600000000000 -0.0017856174184
-3.4400000000000 -0.0017873268541
-3.4400000000000 -0.0017873268541
-3.4400000000000 -0.0017873268541
-3.4200000000000 -0.0017890392040
-3.4000000000000 -0.0017907544379
-3.4000000000000 -0.0017907544379
-3.3800000000000 -0.0017924725241
-3.3600000000000 -0.0017941934293
-3.3600000000000 -0.0017941934293
-3.3600000000000 -0.0017941934293
-3.3600000000000 -0.0017941934293
-3.3400000000000 -0.0017959171194
-3.3200000000000 -0.0017976435583
-3.3200000000000 -0.0017976435583
-3.3000000000000 -0.0017993727088
-3.2800000000000 -0.0018011045320
-3.2800000000000 -0.0018011045320
-3.2800000000000 -0.0018011045320
-3.2600000000000 -0.0018028389876
-3.2400000000000 -0.0018045760335
-3.2400000000000 -0.0018045760335
-3.2200000000000 -0.0018063156259
-3.2000000000000 -0.0018080577194
-3.2000000000000 -0.0018080577194
-3.2000000000000 -0.0018080577194
-3.2000000000000 -0.0018080577194
-3.2000000000000 -0.0018080577194
-3.2000000000000 -0.0018080577194
-3.1800000000000 -0.0018098022668
-3.1600000000000 -0.0018115492190
-3.1600000000000 -0.0018115492190
-3.1400000000000 -0.0018132985249
-3.1200000000000 -0.0018150501316
-3.1200000000000 -0.0018150501316
-3.1200000000000 -0.0018150501316
-3.1000000000000 -0.0018168039840
-3.0800000000000 -0.0018185600250
-3.0800000000000 -0.0018185600250
-3.0600000000000 -0.0018203181952
-3.0400000000000 -0.0018220784329
-3.0400000000000 -0.0018220784329
-3.0400000000000 -0.0018220784329
-3.0400000000000 -0.0018220784329
-3.0200000000000 -0.0018238406743
-3.0000000000000 -0.0018256048529
-3.0000000000000 -0.0018256048529
-2.9800000000000 -0.0018273708999
-2.9600000000000 -0.0018291387436
-2.9600000000000 -0.0018291387436
-2.9600000000000 -0.0018291387436
-2.9400000000000 -0.0018309083100
-2.9200000000000 -0.0018326795221
-2.9200000000000 -0.0018326795221
-2.9000000000000 -0.0018344523000
-2.8800000000000 -0.0018362265609
-2.8800000000000 -0.0018362265609
-2.8800000000000 -0.0018362265609
-2.8800000000000 -0.0018362265609
-2.8800000000000 -0.0018362265609
-2.8600000000000 -0.0018380022189
-2.8400000000000 -0.0018397791848
-2.8400000000000 -0.0018397791848
-2.8200000000000 -0.0018415573663
-2.8000000000000 -0.0018433366674
-2.8000000000000 -0.0018433366674
-2.8000000000000 -0.0018433366674
-2.7800000000000 -0.0018451169888
-2.7600000000000 -0.0018468982273
-2.7600000000000 -0.0018468982273
-2.7400000000000 -0.0018486802760
-2.7200000000000 -0.0018504630241
-2.7200000000000 -0.0018504630241
-2.7200000000000 -0.0018504630241
-2.7200000000000 -0.0018504630241
-2.7000000000000 -0.0018522463564
-2.6800000000000 -0.0018540301538
-2.6800000000000 -0.0018540301538
-2.6600000000000 -0.0018558142925
-2.6400000000000 -0.0018575986443
-2.6400000000000 -0.0018575986443
-2.6400000000000 -0.0018575986443
-2.6200000000000 -0.0018593830762
-2.6000000000000 -0.0018611674500
-2.6000000000000 -0.0018611674500
-2.5800000000000 -0.0018629516228
-2.5600000000000 -0.0018647355956
-2.5600000000000 -0.0018647354460
-2.5600000000000 -0.0018647354460
-2.5600000000000 -0.0018647354460
-2.5600000000000 -0.0018647355956
-2.5600000000000 -0.0018647354460
-2.5600000000000 -0.0018647355956
-2.5600000000000 -0.0018647354460
-2.5400000000000 -0.0018665187656
-2.5200000000000 -0.0018683014219
-2.5200000000000 -0.0018683014219
-2.5000000000000 -0.0018700832491
-2.4800000000000 -0.0018718640752
-2.4800000000000 -0.0018718640752
-2.4800000000000 -0.0018718640752
-2.4600000000000 -0.0018736437219
-2.4400000000000 -0.0018754220040
-2.4400000000000 -0.0018754220040
-2.4200000000000 -0.0018771987292
-2.4000000000000 -0.0018789736982
-2.4000000000000 -0.0018789736982
-2.4000000000000 -0.0018789736982
-2.4000000000000 -0.0018789736982
-2.3800000000000 -0.0018807467040
-2.3600000000000 -0.0018825175316
-2.3600000000000 -0.0018825175316
-2.3400000000000 -0.0018842859580
-2.3200000000000 -0.0018860517514
-2.3200000000000 -0.0018860517514
-2.3200000000000 -0.0018860517514
-2.3000000000000 -0.0018878146714
-2.2800000000000 -0.0018895744681
-2.2800000000000 -0.0018895744681
-2.2600000000000 -0.0018913308819
-2.2400000000000 -0.0018930836432
-2.2400000000000 -0.0018930836432
-2.2400000000000 -0.0018930836432
-2.2400000000000 -0.0018930836432
-2.2400000000000 -0.0018930836432
-2.2200000000000 -0.0018948324720
-2.2000000000000 -0.0018965770772
-2.2000000000000 -0.0018965770772
-2.1800000000000 -0.0018983171563
-2.1600000000000 -0.0019000523948
-2.1600000000000 -0.0019000523948
-2.1600000000000 -0.0019000523948
-2.1400000000000 -0.0019017824658
-2.1200000000000 -0.0019035070295
-2.1200000000000 -0.0019035070295
-2.1000000000000 -0.0019052257322
-2.0800000000000 -0.0019069382064
-2.0800000000000 -0.0019069382064
-2.0800000000000 -0.0019069382064
-2.0800000000000 -0.0019069382064
-2.0600000000000 -0.0019086440694
-2.0400000000000 -0.0019103429231
-2.0400000000000 -0.0019103429231
-2.0200000000000 -0.0019120343533
-2.0000000000000 -0.0019137179286
-2.0000000000000 -0.0019137179286
-2.0000000000000 -0.0019137179286
-1.9800000000000 -0.0019153932000
-1.9600000000000 -0.0019170596997
-1.9600000000000 -0.0019170596997
-1.9400000000000 -0.0019187169404
-1.9200000000000 -0.0019203644144
-1.9200000000000 -0.0019203644144
-1.9200000000000 -0.0019203644144
-1.9200000000000 -0.0019203644144
-1.9200000000000 -0.0019203644144
-1.9200000000000 -0.0019203644144
-1.9000000000000 -0.0019220015926
-1.8800000000000 -0.0019236279233
-1.8800000000000 -0.0019236279233
-1.8600000000000 -0.0019252428310
-1.8400000000000 -0.0019268457156
-1.8400000000000 -0.0019268457156
-1.8400000000000 -0.0019268457156
-1.8200000000000 -0.0019284359509
-1.8000000000000 -0.0019300128831
-1.8000000000000 -0.0019300128831
-1.7800000000000 -0.0019315758297
-1.7600000000000 -0.0019331240778
-1.7600000000000 -0.0019331240778
-1.7600000000000 -0.0019331240778
-1.7600000000000 -0.0019331240778
-1.7400000000000 -0.0019346568824
-1.7200000000000 -0.0019361734651
-1.7200000000000 -0.0019361734651
-1.7000000000000 -0.0019376730117
-1.6800000000000 -0.0019391546706
-1.6800000000000 -0.0019391546706
-1.6800000000000 -0.0019391546706
-1.6600000000000 -0.0019406175510
-1.6400000000000 -0.0019420607199
-1.6400000000000 -0.0019420607199
-1.6200000000000 -0.0019434832006
-1.6000000000000 -0.0019448839695
-1.6000000000000 -0.0019448839695
-1.6000000000000 -0.0019448839695
-1.6000000000000 -0.0019448839695
-1.6000000000000 -0.0019448839695
-1.5800000000000 -0.0019462619539
-1.5600000000000 -0.0019476160289
-1.5600000000000 -0.0019476160289
-1.5400000000000 -0.0019489450142
-1.5200000000000 -0.0019502476711
-1.5200000000000 -0.0019502476711
-1.5200000000000 -0.0019502476711
-1.5000000000000 -0.0019515226987
-1.4800000000000 -0.0019527687303
-1.4800000000000 -0.0019527687303
-1.4600000000000 -0.0019539843289
-1.4400000000000 -0.0019551679835
-1.4400000000000 -0.0019551679922
-1.4400000000000 -0.0019551679835
-1.4400000000000 -0.0019551679835
-1.4200000000000 -0.0019563181037
-1.4000000000000 -0.0019574330150
-1.4000000000000 -0.0019574330150
-1.3800000000000 -0.0019585109532
-1.3600000000000 -0.0019595500585
-1.3600000000000 -0.0019595500585
-1.3600000000000 -0.0019595500585
-1.3400000000000 -0.0019605483691
-1.3200000000000 -0.0019615038141
-1.3200000000000 -0.0019615038141
-1.3000000000000 -0.0019624142063
-1.2800000000000 -0.0019632772341
-1.2800000000000 -0.0019632772341
-1.2800000000000 -0.0019632772341
-1.2800000000000 -0.0019632772341
-1.2800000000000 -0.0019632772341
-1.2800000000000 -0.0019632772341
-1.2800000000000 -0.0019632772341
-1.2600000000000 -0.0019640904521
-1.2400000000000 -0.0019648512723
-1.2400000000000 -0.0019648512723
-1.2200000000000 -0.0019655569532
-1.2000000000000 -0.0019662045885
-1.2000000000000 -0.0019662045885
-1.2000000000000 -0.0019662045885
-1.1800000000000 -0.0019667910950
-1.1600000000000 -0.0019673131986
-1.1600000000000 -0.0019673131986
-1.1400000000000 -0.0019677674201
-1.1200000000000 -0.0019681500583
-1.1200000000000 -0.0019681500583
-1.1200000000000 -0.0019681500583
-1.1200000000000 -0.0019681500583
-1.1000000000000 -0.0019684571731
-1.0800000000000 -0.0019686845651
-1.0800000000000 -0.0019686845651
-1.0600000000000 -0.0019688277550
-1.0400000000000 -0.0019688819591
-1.0400000000000 -0.0019688819591
-1.0400000000000 -0.0019688819591
-1.0200000000000 -0.0019688420640
-1.0000000000000 -0.0019687025971
-1.0000000000000 -0.0019687025971
-0.9800000000000 -0.0019684576948
-0.9600000000000 -0.0019681010673
-0.9600000000000 -0.0019681010673
-0.9600000000000 -0.0019681010673
-0.9600000000000 -0.0019681010673
-0.9600000000000 -0.0019681010673
-0.9400000000000 -0.0019676259583
-0.9200000000000 -0.0019670251015
-0.9200000000000 -0.0019670251015
-0.9000000000000 -0.0019662906714
-0.8800000000000 -0.0019654142275
-0.8800000000000 -0.0019654142275
-0.8800000000000 -0.0019654142275
-0.8600000000000 -0.0019643866528
-0.8400000000000 -0.0019631980839
-0.8400000000000 -0.0019631980839
-0.8200000000000 -0.0019618378325
-0.8000000000000 -0.0019602942960
-0.8000000000000 -0.0019602942960
-0.8000000000000 -0.0019602942960
-0.8000000000000 -0.0019602942960
-0.7800000000000 -0.0019585548572
-0.7600000000000 -0.0019566057686
-0.7600000000000 -0.0019566057686
-0.7400000000000 -0.0019544320223
-0.7200000000000 -0.0019520171994
-0.7200000000000 -0.0019520171994
-0.7200000000000 -0.0019520171994
-0.7000000000000 -0.0019493432981
-0.6800000000000 -0.0019463905351
-0.6800000000000 -0.0019463905351
-0.6600000000000 -0.0019431371163
-0.6400000000000 -0.0019395589695
-0.6400000000000 -0.0019395589695
-0.6400000000000 -0.0019395589695
-0.6400000000000 -0.0019395589695
-0.6400000000000 -0.0019395589695
-0.6400000000000 -0.0019395589695
-0.6200000000000 -0.0019356294335
-0.6000000000000 -0.0019313188932
-0.6000000000000 -0.0019313188932
-0.5800000000000 -0.0019265943496
-0.5600000000000 -0.0019214189108
-0.5600000000000 -0.0019214189108
-0.5600000000000 -0.0019214189108
-0.5400000000000 -0.0019157511855
-0.5200000000000 -0.0019095445559
-0.5200000000000 -0.0019095445559
-0.5000000000000 -0.0019027463014
-0.4800000000000 -0.0018952965330
-0.4800000000000 -0.0018952965330
-0.4800000000000 -0.0018952965330
-0.4800000000000 -0.0018952965330
-0.4600000000000 -0.0018871268913
-0.4400000000000 -0.0018781589396
-0.4400000000000 -0.0018781589396
-0.4200000000000 -0.0018683021676
-0.4000000000000 -0.0018574514849
-0.4000000000000 -0.0018574514849
-0.4000000000000 -0.0018574514849
-0.3800000000000 -0.0018454840489
-0.3600000000000 -0.0018322552018
-0.3600000000000 -0.0018322552018
-0.3400000000000 -0.0018175931822
-0.3200000000000 -0.0018012922156
-0.3200000000000 -0.0018012922156
-0.3200000000000 -0.0018012922156
-0.3200000000000 -0.0018012922156
-0.3200000000000 -0.0018012922156
-0.3000000000000 -0.0017831034635
-0.2800000000000 -0.0017627221052
-0.2800000000000 -0.0017627221052
-0.2600000000000 -0.0017397688780
-0.2400000000000 -0.0017137707503
-0.2400000000000 -0.0017137707503
-0.2400000000000 -0.0017137707503
-0.2200000000000 -0.0016841275441
-0.2000000000000 -0.0016500112066
-0.2000000000000 -0.0016500112066
-0.1800000000000 -0.0016103269604
-0.1600000000000 -0.0015639027592
-0.1600000000000 -0.0015639027592
-0.1600000000000 -0.0015639027592
-0.1600000000000 -0.0015639027592
-0.1400000000000 -0.0015086039934
-0.1200000000000 -0.0014392990254
-0.1200000000000 -0.0014392990254
-0.1000000000000 -0.0013528480205
-0.0800000000000 -0.0012533841172
-0.0800000000000 -0.0012533841172
-0.0800000000000 -0.0012533841172
-0.0600000000000 -0.0011139351148
-0.0400000000000 -0.0008451936906
-0.0400000000000 -0.0008451936906
-0.0200000000000 -0.0004595790630
0.0000000000000 -0.0002478076695
0.0000000000000 -0.0002478076695
0.0000000000000 -0.0002478076695
0.0000000000000 -0.0002478076695
0.0000000000000 -0.0002478076695
0.0000000000000 -0.0002478076695
0.0000000000000 -0.0002478076695
0.0000000000000 -0.0002478076695
0.0200000000000 -0.0004469835789
0.0400000000000 -0.0008359909359
0.0400000000000 -0.0008359909359
0.0600000000000 -0.0011116208305
0.0800000000000 -0.0012530426627
0.0800000000000 -0.0012530426627
0.0800000000000 -0.0012530426627
0.1000000000000 -0.0013522625673
0.1200000000000 -0.0014388211957
0.1200000000000 -0.0014388211957
0.1400000000000 -0.0015083801590
0.1600000000000 -0.0015637696594
0.1600000000000 -0.0015637696594
0.1600000000000 -0.0015637696594
0.1600000000000 -0.0015637696594
0.1800000000000 -0.0016102265549
0.2000000000000 -0.0016499440545
0.2000000000000 -0.0016499440545
0.2200000000000 -0.0016840844019
0.2400000000000 -0.0017137422863
0.2400000000000 -0.0017137422863
0.2400000000000 -0.0017137422863
0.2600000000000 -0.0017397507453
0.2800000000000 -0.0017627114947
0.2800000000000 -0.0017627114947
0.3000000000000 -0.0017830981816
0.3200000000000 -0.0018012907350
0.3200000000000 -0.0018012907350
0.3200000000000 -0.0018012907350
0.3200000000000 -0.0018012907350
0.3200000000000 -0.0018012907350
0.3400000000000 -0.0018175944294
0.3600000000000 -0.0018322583891
0.3600000000000 -0.0018322583891
0.3800000000000 -0.0018454885958
0.4000000000000 -0.0018574569619
0.4000000000000 -0.0018574569619
0.4000000000000 -0.0018574569619
0.4200000000000 -0.0018683082540
0.4400000000000 -0.0018781653948
0.4400000000000 -0.0018781653948
0.4600000000000 -0.0018871335343
0.4800000000000 -0.0018953032278
0.4800000000000 -0.0018953032278
0.4800000000000 -0.0018953032278
0.4800000000000 -0.0018953032278
0.5000000000000 -0.0019027529456
0.5200000000000 -0.0019095510730
0.5200000000000 -0.0019095510730
0.5400000000000 -0.0019157575186
0.5600000000000 -0.0019214250183
0.5600000000000 -0.0019214250183
0.5600000000000 -0.0019214250183
0.5800000000000 -0.0019266002016
0.6000000000000 -0.0019313244689
0.6000000000000 -0.0019313244689
0.6200000000000 -0.0019356347191
0.6400000000000 -0.0019395639565
0.6400000000000 -0.0019395639565
0.6400000000000 -0.0019395639565
0.6400000000000 -0.0019395639565
0.6400000000000 -0.0019395639565
0.6400000000000 -0.0019395639565
0.6600000000000 -0.0019431418007
0.6800000000000 -0.0019463949160
0.6800000000000 -0.0019463949160
0.7000000000000 -0.0019493473771
0.7200000000000 -0.0019520209802
0.7200000000000 -0.0019520209802
0.7200000000000 -0.0019520209802
0.7400000000000 -0.0019544355100
0.7600000000000 -0.0019566089693
0.7600000000000 -0.0019566089693
0.7800000000000 -0.0019585577778
0.8000000000000 -0.0019602969442
0.8000000000000 -0.0019602969442
0.8000000000000 -0.0019602969442
0.8000000000000 -0.0019602969442
0.8200000000000 -0.0019618402159
0.8400000000000 -0.0019632002109
0.8400000000000 -0.0019632002109
0.8600000000000 -0.0019643885315
0.8800000000000 -0.0019654158662
0.8800000000000 -0.0019654158662
0.8800000000000 -0.0019654158662
0.9000000000000 -0.0019662920785
0.9200000000000 -0.0019670262851
0.9200000000000 -0.0019670262851
0.9400000000000 -0.0019676269263
0.9600000000000 -0.0019681018277
0.9600000000000 -0.0019681018277
0.9600000000000 -0.0019681018277
0.9600000000000 -0.0019681018277
0.9600000000000 -0.0019681018277
0.9800000000000 -0.0019684582553
1.0000000000000 -0.0019687029650
1.0000000000000 -0.0019687029650
1.0200000000000 -0.0019688422466
1.0400000000000 -0.0019688819635
1.0400000000000 -0.0019688819651
1.0400000000000 -0.0019688819635
1.0600000000000 -0.0019688275880
1.0800000000000 -0.0019686842333
1.0800000000000 -0.0019686842333
1.1000000000000 -0.0019684566827
1.1200000000000 -0.0019681494156
1.1200000000000 -0.0019681494166
1.1200000000000 -0.0019681494166
1.1200000000000 -0.0019681494156
1.1400000000000 -0.0019677666308
1.1600000000000 -0.0019673122685
1.1600000000000 -0.0019673122685
1.1800000000000 -0.0019667900295
1.2000000000000 -0.0019662033929
1.2000000000000 -0.0019662033937
1.2000000000000 -0.0019662033929
1.2200000000000 -0.0019655556325
1.2400000000000 -0.0019648498313
1.2400000000000 -0.0019648498313
1.2600000000000 -0.0019640888956
1.2800000000000 -0.0019632755670
1.2800000000000 -0.0019632755665
1.2800000000000 -0.0019632755670
1.2800000000000 -0.0019632755665
1.2800000000000 -0.0019632755670
1.2800000000000 -0.0019632755670
1.2800000000000 -0.0019632755670
1.3000000000000 -0.0019624124320
1.3200000000000 -0.0019615019371
1.3200000000000 -0.0019615019371
1.3400000000000 -0.0019605463934
1.3600000000000 -0.0019595479880
1.3600000000000 -0.0019595479880
1.3600000000000 -0.0019595479884
1.3800000000000 -0.0019585087915
1.4000000000000 -0.0019574307656
1.4000000000000 -0.0019574307656
1.4200000000000 -0.0019563157701
1.4400000000000 -0.0019551655692
1.4400000000000 -0.0019551655692
1.4400000000000 -0.0019551655689
1.4400000000000 -0.0019551655689
1.4600000000000 -0.0019539818365
1.4800000000000 -0.0019527661631
1.4800000000000 -0.0019527661631
1.5000000000000 -0.0019515200596
1.5200000000000 -0.0019502449629
1.5200000000000 -0.0019502449631
1.5200000000000 -0.0019502449629
1.5400000000000 -0.0019489422395
1.5600000000000 -0.0019476131904
1.5600000000000 -0.0019476131904
1.5800000000000 -0.0019462590540
1.6000000000000 -0.0019448810108
1.6000000000000 -0.0019448810108
1.6000000000000 -0.0019448810108
1.6000000000000 -0.0019448810106
1.6000000000000 -0.0019448810106
1.6200000000000 -0.0019434801850
1.6400000000000 -0.0019420576499
1.6400000000000 -0.0019420576499
1.6600000000000 -0.0019406144286
1.6800000000000 -0.0019391514982
1.6800000000000 -0.0019391514980
1.6800000000000 -0.0019391514980
1.7000000000000 -0.0019376697907
1.7200000000000 -0.0019361701978
1.7200000000000 -0.0019361701978
1.7400000000000 -0.0019346535706
1.7600000000000 -0.0019331207262
1.7600000000000 -0.0019331207232
1.7600000000000 -0.0019331207231
1.7600000000000 -0.0019331207231
1.7800000000000 -0.0019315724340
1.8000000000000 -0.0019300094480
1.8000000000000 -0.0019300094480
1.8200000000000 -0.0019284324779
1.8400000000000 -0.0019268422064
1.8400000000000 -0.0019268422063
1.8400000000000 -0.0019268422063
1.8600000000000 -0.0019252392868
1.8800000000000 -0.0019236243457
1.8800000000000 -0.0019236243457
1.9000000000000 -0.0019219979830
1.9200000000000 -0.0019203607740
1.9200000000000 -0.0019203607759
1.9200000000000 -0.0019203607741
1.9200000000000 -0.0019203607740
1.9200000000000 -0.0019203607759
1.9200000000000 -0.0019203607759
1.9400000000000 -0.0019187132705
1.9600000000000 -0.0019170560015
1.9600000000000 -0.0019170560015
1.9800000000000 -0.0019153894748
2.0000000000000 -0.0019137141776
2.0000000000000 -0.0019137141776
2.0000000000000 -0.0019137141776
2.0200000000000 -0.0019120305775
2.0400000000000 -0.0019103391236
2.0400000000000 -0.0019103391236
2.0600000000000 -0.0019086402471
2.0800000000000 -0.0019069343625
2.0800000000000 -0.0019069343625
2.0800000000000 -0.0019069343625
2.0800000000000 -0.0019069343637
2.1000000000000 -0.0019052218677
2.1200000000000 -0.0019035031451
2.1200000000000 -0.0019035031451
2.1400000000000 -0.0019017785626
2.1600000000000 -0.0019000484736
2.1600000000000 -0.0019000484736
2.1600000000000 -0.0019000484736
2.1800000000000 -0.0018983132179
2.2000000000000 -0.0018965731225
2.2000000000000 -0.0018965731225
2.2200000000000 -0.0018948285017
2.2400000000000 -0.0018930796581
2.2400000000000 -0.0018930796581
2.2400000000000 -0.0018930796589
2.2400000000000 -0.0018930796581
2.2400000000000 -0.0018930796589
2.2600000000000 -0.0018913268826
2.2800000000000 -0.0018895704554
2.2800000000000 -0.0018895704554
2.3000000000000 -0.0018878106461
2.3200000000000 -0.0018860477141
2.3200000000000 -0.0018860477141
2.3200000000000 -0.0018860477141
2.3400000000000 -0.0018842819093
2.3600000000000 -0.0018825134721
2.3600000000000 -0.0018825134721
2.3800000000000 -0.0018807426343
2.4000000000000 -0.0018789696190
2.4000000000000 -0.0018789696195
2.4000000000000 -0.0018789696190
2.4000000000000 -0.0018789696190
2.4200000000000 -0.0018771946409
2.4400000000000 -0.0018754179072
2.4400000000000 -0.0018754179072
2.4600000000000 -0.0018736396171
2.4800000000000 -0.0018718599630
2.4800000000000 -0.0018718599630
2.4800000000000 -0.0018718599630
2.5000000000000 -0.0018700791298
2.5200000000000 -0.0018682972961
2.5200000000000 -0.0018682972961
2.5400000000000 -0.0018665146338
2.5600000000000 -0.0018647313089
2.5600000000000 -0.0018647313089
2.5600000000000 -0.0018647313085
2.5600000000000 -0.0018647313089
2.5600000000000 -0.0018647313086
2.5600000000000 -0.0018647313089
2.5600000000000 -0.0018647313085
2.5600000000000 -0.0018647313089
2.5800000000000 -0.0018629474802
2.6000000000000 -0.0018611633027
2.6000000000000 -0.0018611633027
2.6200000000000 -0.0018593789245
2.6400000000000 -0.0018575944887
2.6400000000000 -0.0018575944887
2.6400000000000 -0.0018575944887
2.6600000000000 -0.0018558101333
2.6800000000000 -0.0018540259913
2.6800000000000 -0.0018540259913
2.7000000000000 -0.0018522421911
2.7200000000000 -0.0018504588562
2.7200000000000 -0.0018504588562
2.7200000000000 -0.0018504588565
2.7200000000000 -0.0018504588562
2.7400000000000 -0.0018486761060
2.7600000000000 -0.0018468940554
2.7600000000000 -0.0018468940554
2.7800000000000 -0.0018451128153
2.8000000000000 -0.0018433324927
2.8000000000000 -0.0018433324927
2.8000000000000 -0.0018433324927
2.8200000000000 -0.0018415531906
2.8400000000000 -0.0018397750085
2.8400000000000 -0.0018397750085
2.8600000000000 -0.0018379980422
2.8800000000000 -0.0018362223842
2.8800000000000 -0.0018362223841
2.8800000000000 -0.0018362223841
2.8800000000000 -0.0018362223842
2.8800000000000 -0.0018362223841
2.9000000000000 -0.0018344481233
2.9200000000000 -0.0018326753458
2.9200000000000 -0.0018326753458
2.9400000000000 -0.0018309041343
2.9600000000000 -0.0018291345688
2.9600000000000 -0.0018291345688
2.9600000000000 -0.0018291345688
2.9800000000000 -0.0018273667261
3.0000000000000 -0.0018256006805
3.0000000000000 -0.0018256006805
3.0200000000000 -0.0018238365035
3.0400000000000 -0.0018220742638
3.0400000000000 -0.0018220742638
3.0400000000000 -0.0018220742639
3.0400000000000 -0.0018220742638
3.0600000000000 -0.0018203140280
3.0800000000000 -0.0018185558599
3.0800000000000 -0.0018185558599
3.1000000000000 -0.0018167998213
3.1200000000000 -0.0018150459714
3.1200000000000 -0.0018150459714
3.1200000000000 -0.0018150459714
3.1400000000000 -0.0018132943673
3.1600000000000 -0.0018115450643
3.1600000000000 -0.0018115450643
3.1800000000000 -0.0018097981151
3.2000000000000 -0.0018080535709
3.2000000000000 -0.0018080535709
3.2000000000000 -0.0018080535709
3.2000000000000 -0.0018080535709
3.2000000000000 -0.0018080535709
3.2000000000000 -0.0018080535709
3.2200000000000 -0.0018063114806
3.2400000000000 -0.0018045718917
3.2400000000000 -0.0018045718917
3.2600000000000 -0.0018028348495
3.2800000000000 -0.0018011003976
3.2800000000000 -0.0018011003976
3.2800000000000 -0.0018011003976
3.3000000000000 -0.0017993685783
3.3200000000000 -0.0017976394318
3.3200000000000 -0.0017976394318
3.3400000000000 -0.0017959129970
3.3600000000000 -0.0017941893113
3.3600000000000 -0.0017941893112
3.3600000000000 -0.0017941893112
3.3600000000000 -0.0017941893112
3.3800000000000 -0.0017924684103
3.4000000000000 -0.0017907503287
3.4000000000000 -0.0017907503287
3.4200000000000 -0.0017890350993
3.4400000000000 -0.0017873227541
3.4400000000000 -0.0017873227541
3.4400000000000 -0.0017873227541
3.4600000000000 -0.0017856133232
3.4800000000000 -0.0017839068359
3.4800000000000 -0.0017839068359
3.5000000000000 -0.0017822033202
3.5200000000000 -0.0017805028028
3.5200000000000 -0.0017805028028
3.5200000000000 -0.0017805028027
3.5200000000000 -0.0017805028027
3.5200000000000 -0.0017805028027
3.5400000000000 -0.0017788053092
3.5600000000000 -0.0017771108641
3.5600000000000 -0.0017771108641
3.5800000000000 -0.0017754194910
3.6000000000000 -0.0017737312121
3.6000000000000 -0.0017737312121
3.6000000000000 -0.0017737312121
3.6200000000000 -0.0017720460490
3.6400000000000 -0.0017703640221
3.6400000000000 -0.0017703640221
3.6600000000000 -0.0017686851508
3.6800000000000 -0.0017670094537
3.6800000000000 -0.0017670094537
3.6800000000000 -0.0017670094538
3.6800000000000 -0.0017670094537
3.7000000000000 -0.0017653369486
3.7200000000000 -0.0017636676522
3.7200000000000 -0.0017636676522
3.7400000000000 -0.0017620015806
3.7600000000000 -0.0017603387488
3.7600000000000 -0.0017603387488
3.7600000000000 -0.0017603387488
3.7800000000000 -0.0017586791714
3.8000000000000 -0.0017570228618
3.8000000000000 -0.0017570228618
3.8200000000000 -0.0017553698331
3.8400000000000 -0.0017537200973
3.8400000000000 -0.0017537200973
3.8400000000000 -0.0017537201092
3.8400000000000 -0.0017537200973
3.8400000000000 -0.0017537201092
3.8400000000000 -0.0017537200973
3.8400000000000 -0.0017537200973
3.8600000000000 -0.0017520736659
3.8800000000000 -0.0017504305498
3.8800000000000 -0.0017504305498
3.9000000000000 -0.0017487907590
3.9200000000000 -0.0017471543030
3.9200000000000 -0.0017471543030
3.9200000000000 -0.0017471543030
3.9400000000000 -0.0017455211906
3.9600000000000 -0.0017438914303
3.9600000000000 -0.0017438914303
3.9800000000000 -0.0017422650295
4.0000000000000 -0.0017406419955
4.0000000000000 -0.0017406419955
4.0000000000000 -0.0017406419955
4.0000000000000 -0.0017406419955
4.0200000000000 -0.0017390223347
4.0400000000000 -0.0017374060533
4.0400000000000 -0.0017374060533
4.0600000000000 -0.0017357931568
4.0800000000000 -0.0017341836500
4.0800000000000 -0.0017341836500
4.0800000000000 -0.0017341836500
4.1000000000000 -0.0017325775376
4.1200000000000 -0.0017309748237
4.1200000000000 -0.0017309748237
4.1400000000000 -0.0017293755117
4.1600000000000 -0.0017277796049
4.1600000000000 -0.0017277796049
4.1600000000000 -0.0017277796049
4.1600000000000 -0.0017277796049
4.1600000000000 -0.0017277796049
4.1800000000000 -0.0017261871059
4.2000000000000 -0.0017245980170
4.2400000000000 -0.0017214300770
4.2400000000000 -0.0017214300770
4.2800000000000 -0.0017182757952
4.3200000000000 -0.0017151351764
4.3200000000000 -0.0017151351764
4.3200000000000 -0.0017151351764
4.3600000000000 -0.0017120082196
4.4000000000000 -0.0017088949187
4.4000000000000 -0.0017088949187
4.4400000000000 -0.0017057952629
4.4800000000000 -0.0017027092367
4.4800000000000 -0.0017027092367
4.4800000000000 -0.0017027092367
4.4800000000000 -0.0017027092367
4.4800000000000 -0.0017027092367
4.5200000000000 -0.0016996368205
4.5600000000000 -0.0016965779907
4.5600000000000 -0.0016965779907
4.6000000000000 -0.0016935327199
4.6400000000000 -0.0016905009774
4.6400000000000 -0.0016905009774
4.6400000000000 -0.0016905009774
4.6800000000000 -0.0016874827290
4.7200000000000 -0.0016844779379
4.7200000000000 -0.0016844779379
4.7600000000000 -0.0016814865640
4.8000000000000 -0.0016785085650
4.8000000000000 -0.0016785085650
4.8000000000000 -0.0016785085650
4.8000000000000 -0.0016785085650
4.8400000000000 -0.0016755438957
4.8800000000000 -0.0016725925089
4.8800000000000 -0.0016725925089
4.9200000000000 -0.0016696543552
4.9600000000000 -0.0016667293832
4.9600000000000 -0.0016667293831
4.9600000000000 -0.0016667293831
5.0000000000000 -0.0016638175393
5.0400000000000 -0.0016609187687
5.0400000000000 -0.0016609187687
5.0800000000000 -0.0016580330146
5.1200000000000 -0.0016551602186
5.1200000000000 -0.0016551602186
5.1200000000000 -0.0016551602186
5.1200000000000 -0.0016551602186
5.1200000000000 -0.0016551602186
5.1200000000000 -0.0016551602186
5.1200000000000 -0.0016551602186
5.1600000000000 -0.0016523003212
5.2000000000000 -0.0016494532614
5.2000000000000 -0.0016494532614
5.2400000000000 -0.0016466189771
5.2800000000000 -0.0016437974048
5.2800000000000 -0.0016437974048
5.2800000000000 -0.0016437974048
5.3200000000000 -0.0016409884804
5.3600000000000 -0.0016381921386
5.3600000000000 -0.0016381921386
5.4000000000000 -0.0016354083132
5.4400000000000 -0.0016326369374
5.4400000000000 -0.0016326369374
5.4400000000000 -0.0016326369374
5.4400000000000 -0.0016326369374
5.4800000000000 -0.0016298779437
5.5200000000000 -0.0016271312637
5.5200000000000 -0.0016271312637
5.5600000000000 -0.0016243968289
5.6000000000000 -0.0016216745699
5.6000000000000 -0.0016216745699
5.6000000000000 -0.0016216745699
5.6400000000000 -0.0016189644170
5.6800000000000 -0.0016162663002
5.6800000000000 -0.0016162663002
5.7200000000000 -0.0016135801491
5.7600000000000 -0.0016109058930
5.7600000000000 -0.0016109058930
5.7600000000000 -0.0016109058930
5.7600000000000 -0.0016109058930
5.7600000000000 -0.0016109058930
5.8000000000000 -0.0016082434610
5.8400000000000 -0.0016055927821
5.8400000000000 -0.0016055927821
5.8800000000000 -0.0016029537851
5.9200000000000 -0.0016003263984
5.9200000000000 -0.0016003263984
5.9200000000000 -0.0016003263984
5.9600000000000 -0.0015977105508
6.0000000000000 -0.0015951061708
6.0000000000000 -0.0015951061708
6.0400000000000 -0.0015925131867
6.0800000000000 -0.0015899315272
6.0800000000000 -0.0015899315272
6.0800000000000 -0.0015899315272
6.0800000000000 -0.0015899315272
6.1200000000000 -0.0015873611209
6.1600000000000 -0.0015848018963
6.1600000000000 -0.0015848018963
6.2000000000000 -0.0015822537823
6.2400000000000 -0.0015797167076
6.2400000000000 -0.0015797167076
6.2400000000000 -0.0015797167076
6.2800000000000 -0.0015771906013
6.3200000000000 -0.0015746753926
6.3200000000000 -0.0015746753926
6.3600000000000 -0.0015721710107
6.4000000000000 -0.0015696773853
6.4000000000000 -0.0015696773853
6.4000000000000 -0.0015696773853
6.4000000000000 -0.0015696773853
6.4000000000000 -0.0015696773853
6.4800000000000 -0.0015647221233
6.5600000000000 -0.0015598090485
6.5600000000000 -0.0015598090485
6.6400000000000 -0.0015549376071
6.7200000000000 -0.0015501072513
6.7200000000000 -0.0015501072513
6.7200000000000 -0.0015501072513
6.8000000000000 -0.0015453174388
6.8800000000000 -0.0015405676339
6.8800000000000 -0.0015405676339
6.9600000000000 -0.0015358573075
7.0400000000000 -0.0015311859378
7.0400000000000 -0.0015311859378
7.0400000000000 -0.0015311859378
7.0400000000000 -0.0015311859378
7.1200000000000 -0.0015265530098
7.2000000000000 -0.0015219580159
7.2000000000000 -0.0015219580159
7.2800000000000 -0.0015174004559
7.3600000000000 -0.0015128798365
7.3600000000000 -0.0015128798365
7.3600000000000 -0.0015128798365
7.4400000000000 -0.0015083956718
7.5200000000000 -0.0015039474828
7.5200000000000 -0.0015039474828
7.6000000000000 -0.0014995347978
7.6800000000000 -0.0014951571517
7.6800000000000 -0.0014951571517
7.6800000000000 -0.0014951571517
7.6800000000000 -0.0014951571517
7.6800000000000 -0.0014951571517
7.6800000000000 -0.0014951571517
7.7600000000000 -0.0014908140862
7.8400000000000 -0.0014865051501
7.8400000000000 -0.0014865051501
7.9200000000000 -0.0014822298986
8.0000000000000 -0.0014779878935
8.0000000000000 -0.0014779878935
8.0000000000000 -0.0014779878935
8.0800000000000 -0.0014737787036
8.1600000000000 -0.0014696019040
8.1600000000000 -0.0014696019040
8.2400000000000 -0.0014654570765
8.3200000000000 -0.0014613438094
8.3200000000000 -0.0014613438094
8.3200000000000 -0.0014613438094
8.3200000000000 -0.0014613438094
8.4000000000000 -0.0014572616977
8.4800000000000 -0.0014532103428
8.4800000000000 -0.0014532103428
8.5600000000000 -0.0014491893527
8.6400000000000 -0.0014451983415
8.6400000000000 -0.0014451983415
8.6400000000000 -0.0014451983415
8.7200000000000 -0.0014412369299
8.8000000000000 -0.0014373047444
8.8000000000000 -0.0014373047444
8.8800000000000 -0.0014334014178
8.9600000000000 -0.0014295265887
8.9600000000000 -0.0014295265887
8.9600000000000 -0.0014295265887
8.9600000000000 -0.0014295265887
8.9600000000000 -0.0014295265887
9.0400000000000 -0.0014256799012
9.1200000000000 -0.0014218610053
9.1200000000000 -0.0014218610053
9.2000000000000 -0.0014180695563
9.2800000000000 -0.0014143052150
9.2800000000000 -0.0014143052150
9.2800000000000 -0.0014143052150
9.3600000000000 -0.0014105676473
9.4400000000000 -0.0014068565247
9.4400000000000 -0.0014068565247
9.5200000000000 -0.0014031715239
9.6000000000000 -0.0013995123268
9.6000000000000 -0.0013995123268
9.6000000000000 -0.0013995123268
9.6000000000000 -0.0013995123268
9.6800000000000 -0.0013958786209
9.7600000000000 -0.0013922700990
9.7600000000000 -0.0013922700990
9.8400000000000 -0.0013886864592
9.9200000000000 -0.0013851274053
9.9200000000000 -0.0013851274053
9.9200000000000 -0.0013851274053
10.0000000000000 -0.0013815926463
10.0800000000000 -0.0013780818967
10.0800000000000 -0.0013780818967
10.1600000000000 -0.0013745948753
10.2400000000000 -0.0013711313072
10.2400000000000 -0.0013711313074
10.2400000000000 -0.0013711313074
10.2400000000000 -0.0013711313074
10.2400000000000 -0.0013711313072
10.2400000000000 -0.0013711313072
10.3200000000000 -0.0013676909229
10.4000000000000 -0.0013642734560
10.4000000000000 -0.0013642734560
10.4800000000000 -0.0013608786454
10.5600000000000 -0.0013575062340
10.5600000000000 -0.0013575062340
10.5600000000000 -0.0013575062340
10.6400000000000 -0.0013541559685
10.7200000000000 -0.0013508275992
10.7200000000000 -0.0013508275992
10.8000000000000 -0.0013475208803
10.8800000000000 -0.0013442355688
10.8800000000000 -0.0013442355688
10.8800000000000 -0.0013442355688
11.0400000000000 -0.0013377282133
11.2000000000000 -0.0013313036549
11.2000000000000 -0.0013313036549
11.3600000000000 -0.0013249600679
11.5200000000000 -0.0013186956813
11.5200000000000 -0.0013186956813
11.5200000000000 -0.0013186956813
11.5200000000000 -0.0013186956813
11.6800000000000 -0.0013125087822
11.8400000000000 -0.0013063977174
11.8400000000000 -0.0013063977174
12.0000000000000 -0.0013003608940
12.1600000000000 -0.0012943967767
12.1600000000000 -0.0012943967767
12.1600000000000 -0.0012943967767
12.3200000000000 -0.0012885038832
12.4800000000000 -0.0012826807780
12.4800000000000 -0.0012826807780
12.6400000000000 -0.0012769260669
12.8000000000000 -0.0012712383939
12.8000000000000 -0.0012712383939
12.8000000000000 -0.0012712383939
12.8000000000000 -0.0012712383939
12.8000000000000 -0.0012712383939
12.9600000000000 -0.0012656164403
13.1200000000000 -0.0012600589253
13.1200000000000 -0.0012600589253
13.2800000000000 -0.0012545646060
13.4400000000000 -0.0012491322760
13.4400000000000 -0.0012491322760
13.4400000000000 -0.0012491322760
13.6000000000000 -0.0012437607620
13.7600000000000 -0.0012384489201
13.7600000000000 -0.0012384489201
13.9200000000000 -0.0012331956309
14.0800000000000 -0.0012279997966
14.0800000000000 -0.0012279997966
14.0800000000000 -0.0012279997966
14.0800000000000 -0.0012279997966
14.2400000000000 -0.0012228603340
14.4000000000000 -0.0012177761905
14.4000000000000 -0.0012177761905
14.5600000000000 -0.0012127463372
14.7200000000000 -0.0012077697724
14.7200000000000 -0.0012077697724
14.7200000000000 -0.0012077697724
14.8800000000000 -0.0012028455212
15.0400000000000 -0.0011979726430
15.0400000000000 -0.0011979726430
15.2000000000000 -0.0011931502233
15.3600000000000 -0.0011883773732
15.3600000000000 -0.0011883773732
15.3600000000000 -0.0011883773732
15.3600000000000 -0.0011883773732
15.3600000000000 -0.0011883773732
15.5200000000000 -0.0011836532279
15.6800000000000 -0.0011789769395
16.0000000000000 -0.0011697646515
16.0000000000000 -0.0011697646515
16.3200000000000 -0.0011607341592
16.6400000000000 -0.0011518795108
16.6400000000000 -0.0011518795108
16.6400000000000 -0.0011518795099
16.9600000000000 -0.0011431951653
17.2800000000000 -0.0011346759137
17.2800000000000 -0.0011346759137
17.6000000000000 -0.0011263167539
17.9200000000000 -0.0011181127940
17.9200000000000 -0.0011181127940
17.9200000000000 -0.0011181127940
17.9200000000000 -0.0011181127940
18.2400000000000 -0.0011100592291
18.5600000000000 -0.0011021513736
18.5600000000000 -0.0011021513736
18.8800000000000 -0.0010943846965
19.2000000000000 -0.0010867548409
19.2000000000000 -0.0010867548409
19.2000000000000 -0.0010867548409
19.5200000000000 -0.0010792576525
19.8400000000000 -0.0010718892348
19.8400000000000 -0.0010718892348
20.1600000000000 -0.0010646459441
20.4800000000000 -0.0010575244421
20.4800000000000 -0.0010575244421
20.4800000000000 -0.0010575244421
20.4800000000000 -0.0010575244421
20.8000000000000 -0.0010505215265
21.1200000000000 -0.0010436339065
21.1200000000000 -0.0010436339065
21.4400000000000 -0.0010368583598
21.7600000000000 -0.0010301915693
21.7600000000000 -0.0010301915693
21.7600000000000 -0.0010301915693
22.0800000000000 -0.0010236302950
22.4000000000000 -0.0010171713617
22.4000000000000 -0.0010171713617
22.7200000000000 -0.0010108117335
23.0400000000000 -0.0010045487060
23.0400000000000 -0.0010045487232
23.0400000000000 -0.0010045487060
23.6800000000000 -0.0009923026214
24.3200000000000 -0.0009804155552
24.3200000000000 -0.0009804155552
24.9600000000000 -0.0009688705021
25.6000000000000 -0.0009576488352
25.6000000000000 -0.0009576488352
25.6000000000000 -0.0009576488352
26.2400000000000 -0.0009467316866
26.8800000000000 -0.0009361028581
26.8800000000000 -0.0009361028581
27.5200000000000 -0.0009257488645
28.1600000000000 -0.0009156562233
28.1600000000000 -0.0009156562233
28.1600000000000 -0.0009156562233
28.8000000000000 -0.0009058101045
29.4400000000000 -0.0008961962548
29.4400000000000 -0.0008961962548
30.0800000000000 -0.0008868032677
30.7200000000000 -0.0008776214264
30.7200000000000 -0.0008776214264
30.7200000000000 -0.0008776214264
31.3600000000000 -0.0008686393225
32.0000000000000 -0.0008598432484
32.0000000000000 -0.0008598432484
32.6400000000000 -0.0008512205348
33.2800000000000 -0.0008427633209
33.2800000000000 -0.0008427633209
33.2800000000000 -0.0008427633209
33.9200000000000 -0.0008344643369
34.5600000000000 -0.0008263130858
34.5600000000000 -0.0008263130858
35.2000000000000 -0.0008182993896
35.8400000000000 -0.0008104151848
35.8400000000000 -0.0008104151848
35.8400000000000 -0.0008104151848
36.4800000000000 -0.0008026525142
37.1200000000000 -0.0007950019321
37.1200000000000 -0.0007950019321
37.7600000000000 -0.0007874543034
38.4000000000000 -0.0007800015794
38.4000000000000 -0.0007800015794
39.6800000000000 -0.0007653509219
40.9600000000000 -0.0007509961225
40.9600000000000 -0.0007509961225
42.2400000000000 -0.0007368823588
43.5200000000000 -0.0007229562187
43.5200000000000 -0.0007229562187
44.8000000000000 -0.0007091632852
46.0800000000000 -0.0006954487031
46.0800000000000 -0.0006954487031
47.3600000000000 -0.0006817641371
48.6400000000000 -0.0006680723863
48.6400000000000 -0.0006680723863
49.9200000000000 -0.0006543379046
51.2000000000000 -0.0006405104670
51.2000000000000 -0.0006405104670
52.4800000000000 -0.0006265326159
53.7600000000000 -0.0006123683032
53.7600000000000 -0.0006123683032
55.0400000000000 -0.0005980067341
56.3200000000000 -0.0005834250211
56.3200000000000 -0.0005834250211
57.6000000000000 -0.0005685635742
58.8800000000000 -0.0005533617886
58.8800000000000 -0.0005533617886
60.1600000000000 -0.0005378071515
61.4400000000000 -0.0005219190477
61.4400000000000 -0.0005219190477
62.7200000000000 -0.0005056833377
64.0000000000000 -0.0004890327642
64.0000000000000 -0.0004890327642
65.2800000000000 -0.0004719074185
66.5600000000000 -0.0004543128725
66.5600000000000 -0.0004543128725
67.8400000000000 -0.0004362931094
69.1200000000000 -0.0004178543455
69.1200000000000 -0.0004178543455
70.4000000000000 -0.0003989425461
71.6800000000000 -0.0003795025961
71.6800000000000 -0.0003795025961
72.9600000000000 -0.0003595405807
74.2400000000000 -0.0003391130359
74.2400000000000 -0.0003391130359
75.5200000000000 -0.0003182637943
76.8000000000000 -0.0002969875385
76.8000000000000 -0.0002969875385
78.0800000000000 -0.0002752555136
79.3600000000000 -0.0002530648642
79.3600000000000 -0.0002530648642
80.6400000000000 -0.0002304570241
81.9200000000000 -0.0002074944722
81.9200000000000 -0.0002074944722
83.2000000000000 -0.0001842287788
84.4800000000000 -0.0001606919806
84.4800000000000 -0.0001606919806
85.7600000000000 -0.0001369117262
87.0400000000000 -0.0001129293756
87.0400000000000 -0.0001129293756
88.3200000000000 -0.0000888050194
89.6000000000000 -0.0000646099834
89.6000000000000 -0.0000646099834
90.8800000000000 -0.0000404174898
92.1600000000000 -0.0000162995695
92.1600000000000 -0.0000162995695
93.4400000000000 0.0000076698604
94.7200000000000 0.0000314105867
94.7200000000000 0.0000314105867
96.0000000000000 0.0000548345317
97.2800000000000 0.0000778476174
97.2800000000000 0.0000778476174
98.5600000000000 0.0001003525883
99.8400000000000 0.0001222502762
99.8400000000000 0.0001222502762
101.1200000000000 0.0001434391541
102.4000000000000 0.0001638149133
102.4000000000000 0.0001638149133
103.6800000000000 0.0001832710986
104.9600000000000 0.0002017000636
104.9600000000000 0.0002017000636
106.2400000000000 0.0002189936849
107.5200000000000 0.0002350443992
107.5200000000000 0.0002350443992
108.8000000000000 0.0002497465461
110.0800000000000 0.0002629972127
110.0800000000000 0.0002629972127
111.3600000000000 0.0002746967539
112.6400000000000 0.0002847499717
112.6400000000000 0.0002847499717
113.9200000000000 0.0002930679504
115.2000000000000 0.0002995695347
115.2000000000000 0.0002995695347
116.4800000000000 0.0003041821220
117.7600000000000 0.0003068427122
117.7600000000000 0.0003068427122
119.0400000000000 0.0003074999304
120.3200000000000 0.0003061161476
120.3200000000000 0.0003061161476
121.6000000000000 0.0003026684983
122.8800000000000 0.0002971493581
122.8800000000000 0.0002971493581
124.1600000000000 0.0002895676907
125.4400000000000 0.0002799510202
125.4400000000000 0.0002799510202
126.7200000000000 0.0002683465795
128.0000000000000 0.0002548214210
128.0000000000000 0.0002548214210
129.2800000000000 0.0002394646926
130.5600000000000 0.0002223830051
130.5600000000000 0.0002223830051
131.8400000000000 0.0002037036002
133.1200000000000 0.0001835772243
133.1200000000000 0.0001835772243
134.4000000000000 0.0001621744004
135.6800000000000 0.0001396851418
135.6800000000000 0.0001396851418
136.9600000000000 0.0001163176856
138.2400000000000 0.0000922994112
138.2400000000000 0.0000922994112
139.5200000000000 0.0000678729122
140.8000000000000 0.0000432959116
143.3600000000000 -0.0000052253504
145.9200000000000 -0.0000510232601
148.4800000000000 -0.0000918289967
151.0400000000000 -0.0001254911682
153.6000000000000 -0.0001501453895
156.1600000000000 -0.0001643913302
158.7200000000000 -0.0001674557079
161.2800000000000 -0.0001593227517
163.8400000000000 -0.0001408070910
166.4000000000000 -0.0001135580710
168.9600000000000 -0.0000799861429
171.5200000000000 -0.0000431135694
174.0800000000000 -0.0000063515502
176.6400000000000 0.0000268047811
179.2000000000000 0.0000531532242
181.7600000000000 0.0000702103294
184.3200000000000 0.0000766287813
186.8800000000000 0.0000725076194
189.4400000000000 0.0000594993947
192.0000000000000 0.0000406234587
194.5600000000000 0.0000197358771
197.1200000000000 0.0000007342347
199.6800000000000 -0.0000133000544
202.2400000000000 -0.0000207730449
204.8000000000000 -0.0000218402323
207.3600000000000 -0.0000181425145
209.9200000000000 -0.0000120902057
212.4800000000000 -0.0000059815127
215.0400000000000 -0.0000013323414
217.6000000000000 0.0000013418204
220.1600000000000 0.0000023160197
222.7200000000000 0.0000022343589
225.2800000000000 0.0000017232880
227.8400000000000 0.0000011872461
230.4000000000000 0.0000007917517
232.9600000000000 0.0000005477438
235.5200000000000 0.0000004063576
238.0800000000000 0.0000003159555
240.6400000000000 0.0000002391305
243.2000000000000 0.0000001529443
245.7600000000000 0.0000000493417
248.3200000000000 -0.0000000664126
250.8800000000000 -0.0000001838948
253.4400000000000 -0.0000002942218
256.0000000000000 -0.0000003865074
258.5600000000000 -0.0000004427066
261.1200000000000 -0.0000004437841
263.6800000000000 -0.0000003832267
266.2400000000000 -0.0000002742501
268.8000000000000 -0.0000001434523
271.3600000000000 -0.0000000169677
273.9200000000000 0.0000000885053
276.4800000000000 0.0000001671337
279.0400000000000 0.0000002206937
281.6000000000000 0.0000002517178
284.1600000000000 0.0000002612029
286.7200000000000 0.0000002534540
289.2800000000000 0.0000002360939
291.8400000000000 0.0000002141396
294.4000000000000 0.0000001855796
296.9600000000000 0.0000001378378
299.5200000000000 0.0000000545239
302.0800000000000 -0.0000000628682
304.6400000000000 -0.0000001876863
307.2000000000000 -0.0000002879396
309.7600000000000 -0.0000003405334
312.3200000000000 -0.0000003308161
314.8800000000000 -0.0000002601296
317.4400000000000 -0.0000001491985
