# x phi
-317.4400000000000 0.0000000006215
-314.8800000000000 0.0000000013546
-312.3200000000000 0.0000000020124
-309.7600000000000 0.0000000020362
-307.2000000000000 0.0000000011828
-304.6400000000000 0.0000000000446
-302.0800000000000 -0.0000000010596
-299.5200000000000 -0.0000000022898
-296.9600000000000 -0.0000000030613
-294.4000000000000 -0.0000000026514
-291.8400000000000 -0.0000000015775
-289.2800000000000 -0.0000000003265
-286.7200000000000 0.0000000017676
-284.1600000000000 0.0000000046335
-281.6000000000000 0.0000000077558
-279.0400000000000 0.0000000146015
-276.4800000000000 0.0000000304690
-273.9200000000000 0.0000000489260
-271.3600000000000 0.0000000458076
-268.8000000000000 -0.0000000000536
-266.2400000000000 -0.0000000770510
-263.6800000000000 -0.0000001412317
-261.1200000000000 -0.0000001500320
-258.5600000000000 -0.0000000875859
-256.0000000000000 0.0000000390343
-253.4400000000000 0.0000002016748
-250.8800000000000 0.0000003374936
-248.3200000000000 0.0000003637098
-245.7600000000000 0.0000002378428
-243.2000000000000 -0.0000000005321
-240.6400000000000 -0.0000002575708
-238.0800000000000 -0.0000004465130
-235.5200000000000 -0.0000005263803
-232.9600000000000 -0.0000005021053
-230.4000000000000 -0.0000003942669
-227.8400000000000 -0.0000002112498
-225.2800000000000 0.0000000358362
-222.7200000000000 0.0000002972815
-220.1600000000000 0.0000004924863
-217.6000000000000 0.0000005643659
-215.0400000000000 0.0000005186031
-212.4800000000000 0.0000004097804
-209.9200000000000 0.0000002970738
-207.3600000000000 0.0000002128536
-204.8000000000000 0.0000001562014
-202.2400000000000 0.0000000986342
-199.6800000000000 0.0000000046965
-197.1200000000000 -0.0000001363030
-194.5600000000000 -0.0000003010018
-192.0000000000000 -0.0000004525194
-189.4400000000000 -0.0000005591366
-186.8800000000000 -0.0000006019590
-184.3200000000000 -0.0000005787490
-181.7600000000000 -0.0000004971065
-179.2000000000000 -0.0000003663827
-176.6400000000000 -0.0000002017479
-174.0800000000000 -0.0000000273865
-171.5200000000000 0.0000001295399
-168.9600000000000 0.0000002491641
-166.4000000000000 0.0000003220089
-163.8400000000000 0.0000003392609
-161.2800000000000 0.0000002882926
-158.7200000000000 0.0000001540370
-156.1600000000000 -0.0000000783191
-153.6000000000000 -0.0000004130931
-151.0400000000000 -0.0000008566323
-148.4800000000000 -0.0000014431791
-145.9200000000000 -0.0000022174414
-143.3600000000000 -0.0000032005913
-140.8000000000000 -0.0000043581121
-139.5200000000000 -0.0000049588151
-138.2400000000000 -0.0000055298709
-138.2400000000000 -0.0000055298709
-136.9600000000000 -0.0000060148869
-135.6800000000000 -0.0000063298666
-135.6800000000000 -0.0000063298666
-134.4000000000000 -0.0000063642831
-133.1200000000000 -0.0000059561163
-133.1200000000000 -0.0000059561163
-131.8400000000000 -0.0000049212427
-130.5600000000000 -0.0000030347864
-130.5600000000000 -0.0000030347864
-129.2800000000000 -0.0000000724582
-128.0000000000000 0.0000041996207
-128.0000000000000 0.0000041996207
-126.7200000000000 0.0000099723892
-125.4400000000000 0.0000173769099
-125.4400000000000 0.0000173769099
-124.1600000000000 0.0000264457442
-122.8800000000000 0.0000370783327
-122.8800000000000 0.0000370783327
-121.6000000000000 0.0000490134452
-120.3200000000000 0.0000618171550
-120.3200000000000 0.0000618171550
-119.0400000000000 0.0000748892553
-117.7600000000000 0.0000874870075
-117.7600000000000 0.0000874870075
-116.4800000000000 0.0000987652095
-115.2000000000000 0.0001078292451
-115.2000000000000 0.0001078292451
-113.9200000000000 0.0001137934882
-112.6400000000000 0.0001158397802
-112.6400000000000 0.0001158397802
-111.3600000000000 0.0001132754174
-110.0800000000000 0.0001055858333
-110.0800000000000 0.0001055858333
-108.8000000000000 0.0000924705244
-107.5200000000000 0.0000738557481
-107.5200000000000 0.0000738557481
-106.2400000000000 0.0000498897980
-104.9600000000000 0.0000209315796
-104.9600000000000 0.0000209315796
-103.6800000000000 -0.0000124637544
-102.4000000000000 -0.0000495684484
-102.4000000000000 -0.0000495684484
-101.1200000000000 -0.0000895207619
-99.8400000000000 -0.0001313713155
-99.8400000000000 -0.0001313713155
-98.5600000000000 -0.0001741226983
-97.2800000000000 -0.0002167582841
-97.2800000000000 -0.0002167582841
-96.0000000000000 -0.0002582694638
-94.7200000000000 -0.0002976879813
-94.7200000000000 -0.0002976879813
-93.4400000000000 -0.0003341175707
-92.1600000000000 -0.0003667555906
-92.1600000000000 -0.0003667555906
-90.8800000000000 -0.0003949040596
-89.6000000000000 -0.0004179767593
-89.6000000000000 -0.0004179767593
-88.3200000000000 -0.0004355069696
-87.0400000000000 -0.0004471537234
-87.0400000000000 -0.0004471537234
-85.7600000000000 -0.0004527011523
-84.4800000000000 -0.0004520500725
-84.4800000000000 -0.0004520500725
-83.2000000000000 -0.0004452074004
-81.9200000000000 -0.0004322768228
-81.9200000000000 -0.0004322768228
-80.6400000000000 -0.0004134485772
-79.3600000000000 -0.0003889871240
-79.3600000000000 -0.0003889871240
-78.0800000000000 -0.0003592175526
-76.8000000000000 -0.0003245115963
-76.8000000000000 -0.0003245115963
-75.5200000000000 -0.0002852758519
-74.2400000000000 -0.0002419429093
-74.2400000000000 -0.0002419429093
-72.9600000000000 -0.0001949619656
-71.6800000000000 -0.0001447887520
-71.6800000000000 -0.0001447887520
-70.4000000000000 -0.0000918781806
-69.1200000000000 -0.0000366793141
-69.1200000000000 -0.0000366793141
-67.8400000000000 0.0000203699342
-66.5600000000000 0.0000788478999
-66.5600000000000 0.0000788478999
-65.2800000000000 0.0001383521804
-64.0000000000000 0.0001985015210
-64.0000000000000 0.0001985015210
-62.7200000000000 0.0002589390338
-61.4400000000000 0.0003193353803
-61.4400000000000 0.0003193353803
-60.1600000000000 0.0003793899509
-58.8800000000000 0.0004388323673
-58.8800000000000 0.0004388323673
-57.6000000000000 0.0004974236937
-56.3200000000000 0.0005549549167
-56.3200000000000 0.0005549549167
-55.0400000000000 0.0006112472738
-53.7600000000000 0.0006661549676
-53.7600000000000 0.0006661549676
-52.4800000000000 0.0007195636139
-51.2000000000000 0.0007713868645
-51.2000000000000 0.0007713868645
-49.9200000000000 0.0008215652826
-48.6400000000000 0.0008700647612
-48.6400000000000 0.0008700647612
-47.3600000000000 0.0009168762158
-46.0800000000000 0.0009620148398
-46.0800000000000 0.0009620148398
-44.8000000000000 0.0010055156601
-43.5200000000000 0.0010474324505
-43.5200000000000 0.0010474324505
-42.2400000000000 0.0010878352908
-40.9600000000000 0.0011268089207
-40.9600000000000 0.0011268089207
-39.6800000000000 0.0011644596503
-38.4000000000000 0.0012009062401
-38.4000000000000 0.0012009062401
-37.7600000000000 0.0012187179545
-37.1200000000000 0.0012362790177
-37.1200000000000 0.0012362790177
-36.4800000000000 0.0012536085514
-35.8400000000000 0.0012707243329
-35.8400000000000 0.0012707243329
-35.8400000000000 0.0012707243329
-35.2000000000000 0.0012876450507
-34.5600000000000 0.0013043935056
-34.5600000000000 0.0013043935056
-33.9200000000000 0.0013209933639
-33.2800000000000 0.0013374670811
-33.2800000000000 0.0013374670811
-33.2800000000000 0.0013374670811
-32.6400000000000 0.0013538379943
-32.0000000000000 0.0013701303225
-32.0000000000000 0.0013701303225
-31.3600000000000 0.0013863691106
-30.7200000000000 0.0014025808266
-30.7200000000000 0.0014025808266
-30.7200000000000 0.0014025808266
-30.0800000000000 0.0014187926949
-29.4400000000000 0.0014350337635
-29.4400000000000 0.0014350337635
-28.8000000000000 0.0014513343967
-28.1600000000000 0.0014677244572
-28.1600000000000 0.0014677244572
-28.1600000000000 0.0014677244572
-27.5200000000000 0.0014842338321
-26.8800000000000 0.0015008958253
-26.8800000000000 0.0015008958253
-26.2400000000000 0.0015177480874
-25.6000000000000 0.0015348284488
-25.6000000000000 0.0015348284488
-25.6000000000000 0.0015348284488
-24.9600000000000 0.0015521719519
-24.3200000000000 0.0015698141911
-24.3200000000000 0.0015698141911
-23.6800000000000 0.0015877961285
-23.0400000000000 0.0016061649293
-23.0400000000000 0.0016061649293
-23.0400000000000 0.0016061649293
-22.7200000000000 0.0016155098543
-22.4000000000000 0.0016249694649
-22.4000000000000 0.0016249694649
-22.0800000000000 0.0016345494238
-21.7600000000000 0.0016442555358
-21.7600000000000 0.0016442555358
-21.7600000000000 0.0016442555358
-21.4400000000000 0.0016540937757
-21.1200000000000 0.0016640708712
-21.1200000000000 0.0016640708712
-20.8000000000000 0.0016741938737
-20.4800000000000 0.0016844696678
-20.4800000000000 0.0016844696678
-20.4800000000000 0.0016844696678
-20.4800000000000 0.0016844696678
-20.1600000000000 0.0016949054749
-19.8400000000000 0.0017055096859
-19.8400000000000 0.0017055096859
-19.5200000000000 0.0017162908318
-19.2000000000000 0.0017272576495
-19.2000000000000 0.0017272576495
-19.2000000000000 0.0017272576495
-18.8800000000000 0.0017384184913
-18.5600000000000 0.0017497816409
-18.5600000000000 0.0017497816409
-18.2400000000000 0.0017613558134
-17.9200000000000 0.0017731504514
-17.9200000000000 0.0017731504514
-17.9200000000000 0.0017731504514
-17.9200000000000 0.0017731504514
-17.6000000000000 0.0017851755785
-17.2800000000000 0.0017974415223
-17.2800000000000 0.0017974415223
-16.9600000000000 0.0018099589522
-16.6400000000000 0.0018227391731
-16.6400000000000 0.0018227391731
-16.6400000000000 0.0018227391731
-16.3200000000000 0.0018357942727
-16.0000000000000 0.0018491370040
-16.0000000000000 0.0018491370040
-15.6800000000000 0.0018627806538
-15.5200000000000 0.0018697196326
-15.3600000000000 0.0018767391072
-15.3600000000000 0.0018767391072
-15.3600000000000 0.0018767391072
-15.3600000000000 0.0018767391072
-15.3600000000000 0.0018767391072
-15.2000000000000 0.0018838409278
-15.0400000000000 0.0018910269910
-15.0400000000000 0.0018910269910
-14.8800000000000 0.0018982992356
-14.7200000000000 0.0019056596216
-14.7200000000000 0.0019056596216
-14.7200000000000 0.0019056596216
-14.5600000000000 0.0019131101562
-14.4000000000000 0.0019206528854
-14.4000000000000 0.0019206528854
-14.2400000000000 0.0019282899170
-14.0800000000000 0.0019360234261
-14.0800000000000 0.0019360234261
-14.0800000000000 0.0019360234261
-14.0800000000000 0.0019360234261
-13.9200000000000 0.0019438556642
-13.7600000000000 0.0019517890096
-13.7600000000000 0.0019517890096
-13.6000000000000 0.0019598259219
-13.4400000000000 0.0019679689456
-13.4400000000000 0.0019679689456
-13.4400000000000 0.0019679689456
-13.2800000000000 0.0019762206982
-13.1200000000000 0.0019845838696
-13.1200000000000 0.0019845838696
-12.9600000000000 0.0019930612274
-12.8000000000000 0.0020016556211
-12.8000000000000 0.0020016556211
-12.8000000000000 0.0020016556211
-12.8000000000000 0.0020016556211
-12.8000000000000 0.0020016556211
-12.6400000000000 0.0020103699825
-12.4800000000000 0.0020192073239
-12.4800000000000 0.0020192073239
-12.3200000000000 0.0020281707432
-12.1600000000000 0.0020372634324
-12.1600000000000 0.0020372634324
-12.1600000000000 0.0020372634324
-12.0000000000000 0.0020464886870
-11.8400000000000 0.0020558499143
-11.8400000000000 0.0020558499143
-11.6800000000000 0.0020653506418
-11.5200000000000 0.0020749945261
-11.5200000000000 0.0020749945261
-11.5200000000000 0.0020749945261
-11.5200000000000 0.0020749945261
-11.3600000000000 0.0020847853597
-11.2000000000000 0.0020947270773
-11.2000000000000 0.0020947270773
-11.0400000000000 0.0021048237612
-10.8800000000000 0.0021150796510
-10.8800000000000 0.0021150796510
-10.8800000000000 0.0021150796510
-10.8000000000000 0.0021202686680
-10.7200000000000 0.0021254991515
-10.7200000000000 0.0021254991515
-10.6400000000000 0.0021307716799
-10.5600000000000 0.0021360868429
-10.5600000000000 0.0021360868429
-10.5600000000000 0.0021360868429
-10.4800000000000 0.0021414452429
-10.4000000000000 0.0021468474953
-10.4000000000000 0.0021468474953
-10.3200000000000 0.0021522942289
-10.2400000000000 0.0021577860867
-10.2400000000000 0.0021577860867
-10.2400000000000 0.0021577860867
-10.2400000000000 0.0021577860867
-10.2400000000000 0.0021577860867
-10.2400000000000 0.0021577860867
-10.1600000000000 0.0021633237258
-10.0800000000000 0.0021689078163
-10.0800000000000 0.0021689078163
-10.0000000000000 0.0021745390420
-9.9200000000000 0.0021802181045
-9.9200000000000 0.0021802181045
-9.9200000000000 0.0021802181045
-9.8400000000000 0.0021859457169
-9.7600000000000 0.0021917226062
-9.7600000000000 0.0021917226062
-9.6800000000000 0.0021975495131
-9.6000000000000 0.0022034271920
-9.6000000000000 0.0022034271920
-9.6000000000000 0.0022034271920
-9.6000000000000 0.0022034271920
-9.5200000000000 0.0022093564114
-9.4400000000000 0.0022153379539
-9.4400000000000 0.0022153379539
-9.3600000000000 0.0022213726172
-9.2800000000000 0.0022274612145
-9.2800000000000 0.0022274612145
-9.2800000000000 0.0022274612145
-9.2000000000000 0.0022336045763
-9.1200000000000 0.0022398035508
-9.1200000000000 0.0022398035508
-9.0400000000000 0.0022460590059
-8.9600000000000 0.0022523718297
-8.9600000000000 0.0022523718297
-8.9600000000000 0.0022523718297
-8.9600000000000 0.0022523718297
-8.9600000000000 0.0022523718297
-8.8800000000000 0.0022587429313
-8.8000000000000 0.0022651732411
-8.8000000000000 0.0022651732411
-8.7200000000000 0.0022716637106
-8.6400000000000 0.0022782153125
-8.6400000000000 0.0022782153125
-8.6400000000000 0.0022782153125
-8.5600000000000 0.0022848290406
-8.4800000000000 0.0022915059101
-8.4800000000000 0.0022915059101
-8.4000000000000 0.0022982469577
-8.3200000000000 0.0023050532424
-8.3200000000000 0.0023050532424
-8.3200000000000 0.0023050532424
-8.3200000000000 0.0023050532424
-8.2400000000000 0.0023119258461
-8.1600000000000 0.0023188658749
-8.1600000000000 0.0023188658749
-8.0800000000000 0.0023258744597
-8.0000000000000 0.0023329527576
-8.0000000000000 0.0023329527576
-8.0000000000000 0.0023329527576
-7.9200000000000 0.0023401019534
-7.8400000000000 0.0023473232607
-7.8400000000000 0.0023473232607
-7.7600000000000 0.0023546179237
-7.6800000000000 0.0023619872181
-7.6800000000000 0.0023619872181
-7.6800000000000 0.0023619872181
-7.6800000000000 0.0023619872181
-7.6800000000000 0.0023619872181
-7.6800000000000 0.0023619872181
-7.6000000000000 0.0023694324527
-7.5200000000000 0.0023769549703
-7.5200000000000 0.0023769549703
-7.4400000000000 0.0023845561481
-7.3600000000000 0.0023922373989
-7.3600000000000 0.0023922373989
-7.3600000000000 0.0023922373989
-7.2800000000000 0.0024000001706
-7.2000000000000 0.0024078459476
-7.2000000000000 0.0024078459476
-7.1200000000000 0.0024157762510
-7.0400000000000 0.0024237926399
-7.0400000000000 0.0024237926399
-7.0400000000000 0.0024237926399
-7.0400000000000 0.0024237926399
-6.9600000000000 0.0024318967133
-6.8800000000000 0.0024400901112
-6.8800000000000 0.0024400901112
-6.8000000000000 0.0024483745170
-6.7200000000000 0.0024567516588
-6.7200000000000 0.0024567516588
-6.7200000000000 0.0024567516588
-6.6400000000000 0.0024652233103
-6.5600000000000 0.0024737912928
-6.5600000000000 0.0024737912928
-6.4800000000000 0.0024824574759
-6.4000000000000 0.0024912237790
-6.4000000000000 0.0024912237790
-6.4000000000000 0.0024912237790
-6.4000000000000 0.0024912237790
-6.4000000000000 0.0024912237790
-6.3600000000000 0.0024956450894
-6.3200000000000 0.0025000921732
-6.3200000000000 0.0025000921732
-6.2800000000000 0.0025045652851
-6.2400000000000 0.0025090646832
-6.2400000000000 0.0025090646832
-6.2400000000000 0.0025090646832
-6.2000000000000 0.0025135906293
-6.1600000000000 0.0025181433886
-6.1600000000000 0.0025181433886
-6.1200000000000 0.0025227232300
-6.0800000000000 0.0025273304260
-6.0800000000000 0.0025273304260
-6.0800000000000 0.0025273304260
-6.0800000000000 0.0025273304260
-6.0400000000000 0.0025319652526
-6.0000000000000 0.0025366279894
-6.0000000000000 0.0025366279894
-5.9600000000000 0.0025413189199
-5.9200000000000 0.0025460383315
-5.9200000000000 0.0025460383315
-5.9200000000000 0.0025460383315
-5.8800000000000 0.0025507865154
-5.8400000000000 0.0025555637665
-5.8400000000000 0.0025555637665
-5.8000000000000 0.0025603703836
-5.7600000000000 0.0025652066696
-5.7600000000000 0.0025652066696
-5.7600000000000 0.0025652066696
-5.7600000000000 0.0025652066696
-5.7600000000000 0.0025652066696
-5.7200000000000 0.0025700729313
-5.6800000000000 0.0025749694798
-5.6800000000000 0.0025749694798
-5.6400000000000 0.0025798966302
-5.6000000000000 0.0025848547021
-5.6000000000000 0.0025848547021
-5.6000000000000 0.0025848547021
-5.5600000000000 0.0025898440192
-5.5200000000000 0.0025948649096
-5.5200000000000 0.0025948649096
-5.4800000000000 0.0025999177061
-5.4400000000000 0.0026050027457
-5.4400000000000 0.0026050027457
-5.4400000000000 0.0026050027457
-5.4400000000000 0.0026050027457
-5.4000000000000 0.0026101203699
-5.3600000000000 0.0026152709249
-5.3600000000000 0.0026152709249
-5.3200000000000 0.0026204547613
-5.2800000000000 0.0026256722343
-5.2800000000000 0.0026256722343
-5.2800000000000 0.0026256722343
-5.2400000000000 0.0026309237036
-5.2000000000000 0.0026362095337
-5.2000000000000 0.0026362095337
-5.1600000000000 0.0026415300935
-5.1200000000000 0.0026468857567
-5.1200000000000 0.0026468857567
-5.1200000000000 0.0026468857567
-5.1200000000000 0.0026468857567
-5.1200000000000 0.0026468857567
-5.1200000000000 0.0026468857567
-5.1200000000000 0.0026468857567
-5.0800000000000 0.0026522769014
-5.0400000000000 0.0026577039109
-5.0400000000000 0.0026577039109
-5.0000000000000 0.0026631671728
-4.9600000000000 0.0026686670801
-4.9600000000000 0.0026686670801
-4.9600000000000 0.0026686670801
-4.9200000000000 0.0026742040303
-4.8800000000000 0.0026797784263
-4.8800000000000 0.0026797784263
-4.8400000000000 0.0026853906758
-4.8000000000000 0.0026910411919
-4.8000000000000 0.0026910411919
-4.8000000000000 0.0026910411919
-4.8000000000000 0.0026910411919
-4.7600000000000 0.0026967303929
-4.7200000000000 0.0027024587024
-4.7200000000000 0.0027024587024
-4.6800000000000 0.0027082265492
-4.6400000000000 0.0027140343678
-4.6400000000000 0.0027140343678
-4.6400000000000 0.0027140343678
-4.6000000000000 0.0027198825978
-4.5600000000000 0.0027257716846
-4.5600000000000 0.0027257716846
-4.5200000000000 0.0027317020786
-4.4800000000000 0.0027376742362
-4.4800000000000 0.0027376742362
-4.4800000000000 0.0027376742362
-4.4800000000000 0.0027376742362
-4.4800000000000 0.0027376742362
-4.4400000000000 0.0027436886190
-4.4000000000000 0.0027497456943
-4.4000000000000 0.0027497456943
-4.3600000000000 0.0027558459348
-4.3200000000000 0.0027619898191
-4.3200000000000 0.0027619898191
-4.3200000000000 0.0027619898191
-4.2800000000000 0.0027681778310
-4.2400000000000 0.0027744104602
-4.2400000000000 0.0027744104602
-4.2000000000000 0.0027806882019
-4.1800000000000 0.0027838441463
-4.1600000000000 0.0027870115570
-4.1600000000000 0.0027870115570
-4.1600000000000 0.0027870115570
-4.1600000000000 0.0027870115570
-4.1600000000000 0.0027870115570
-4.1400000000000 0.0027901904976
-4.1200000000000 0.0027933810319
-4.1200000000000 0.0027933810319
-4.1000000000000 0.0027965832240
-4.0800000000000 0.0027997971385
-4.0800000000000 0.0027997971385
-4.0800000000000 0.0027997971385
-4.0600000000000 0.0028030228402
-4.0400000000000 0.0028062603943
-4.0400000000000 0.0028062603943
-4.0200000000000 0.0028095098663
-4.0000000000000 0.0028127713220
-4.0000000000000 0.0028127713220
-4.0000000000000 0.0028127713220
-4.0000000000000 0.0028127713220
-3.9800000000000 0.0028160448276
-3.9600000000000 0.0028193304497
-3.9600000000000 0.0028193304497
-3.9400000000000 0.0028226282550
-3.9200000000000 0.0028259383107
-3.9200000000000 0.0028259383107
-3.9200000000000 0.0028259383107
-3.9000000000000 0.0028292606842
-3.8800000000000 0.0028325954433
-3.8800000000000 0.0028325954433
-3.8600000000000 0.0028359426559
-3.8400000000000 0.0028393023904
-3.8400000000000 0.0028393023904
-3.8400000000000 0.0028393023904
-3.8400000000000 0.0028393023904
-3.8400000000000 0.0028393023904
-3.8400000000000 0.0028393023904
-3.8400000000000 0.0028393023904
-3.8200000000000 0.0028426747155
-3.8000000000000 0.0028460596999
-3.8000000000000 0.0028460596999
-3.7800000000000 0.0028494574129
-3.7600000000000 0.0028528679239
-3.7600000000000 0.0028528679239
-3.7600000000000 0.0028528679239
-3.7400000000000 0.0028562913024
-3.7200000000000 0.0028597276184
-3.7200000000000 0.0028597276184
-3.7000000000000 0.0028631769421
-3.6800000000000 0.0028666393437
-3.6800000000000 0.0028666393437
-3.6800000000000 0.0028666393437
-3.6800000000000 0.0028666393437
-3.6600000000000 0.0028701148938
-3.6400000000000 0.0028736036632
-3.6400000000000 0.0028736036632
-3.6200000000000 0.0028771057227
-3.6000000000000 0.0028806211435
-3.6000000000000 0.0028806211435
-3.6000000000000 0.0028806211435
-3.5800000000000 0.0028841499969
-3.5600000000000 0.0028876923542
-3.5600000000000 0.0028876923542
-3.5400000000000 0.0028912482869
-3.5200000000000 0.0028948178667
-3.5200000000000 0.0028948178667
-3.5200000000000 0.0028948178667
-3.5200000000000 0.0028948178667
-3.5200000000000 0.0028948178667
-3.5000000000000 0.0028984011653
-3.4800000000000 0.0029019982545
-3.4800000000000 0.0029019982545
-3.4600000000000 0.0029056092062
-3.4400000000000 0.0029092340923
-3.4400000000000 0.0029092340923
-3.4400000000000 0.0029092340923
-3.4200000000000 0.0029128729848
-3.4000000000000 0.0029165259555
-3.4000000000000 0.0029165259555
-3.3800000000000 0.0029201930764
-3.3600000000000 0.0029238744194
-3.3600000000000 0.0029238744194
-3.3600000000000 0.0029238744194
-3.3600000000000 0.0029238744194
-3.3400000000000 0.0029275700562
-3.3200000000000 0.0029312800588
-3.3200000000000 0.0029312800588
-3.3000000000000 0.0029350044986
-3.2800000000000 0.0029387434472
-3.2800000000000 0.0029387434472
-3.2800000000000 0.0029387434472
-3.2600000000000 0.0029424969760
-3.2400000000000 0.0029462651561
-3.2400000000000 0.0029462651561
-3.2200000000000 0.0029500480584
-3.2000000000000 0.0029538457539
-3.2000000000000 0.0029538457539
-3.2000000000000 0.0029538457539
-3.2000000000000 0.0029538457539
-3.2000000000000 0.0029538457539
-3.2000000000000 0.0029538457539
-3.1800000000000 0.0029576583127
-3.1600000000000 0.0029614858053
-3.1600000000000 0.0029614858053
-3.1400000000000 0.0029653283013
-3.1200000000000 0.0029691858702
-3.1200000000000 0.0029691858702
-3.1200000000000 0.0029691858702
-3.1000000000000 0.0029730585811
-3.0800000000000 0.0029769465026
-3.0800000000000 0.0029769465026
-3.0600000000000 0.0029808497029
-3.0400000000000 0.0029847682494
-3.0400000000000 0.0029847682494
-3.0400000000000 0.0029847682494
-3.0400000000000 0.0029847682494
-3.0200000000000 0.0029887022094
-3.0000000000000 0.0029926516492
-3.0000000000000 0.0029926516492
-2.9800000000000 0.0029966166345
-2.9600000000000 0.0030005972304
-2.9600000000000 0.0030005972304
-2.9600000000000 0.0030005972304
-2.9400000000000 0.0030045935012
-2.9200000000000 0.0030086055103
-2.9200000000000 0.0030086055103
-2.9000000000000 0.0030126333202
-2.8800000000000 0.0030166769926
-2.8800000000000 0.0030166769926
-2.8800000000000 0.0030166769926
-2.8800000000000 0.0030166769926
-2.8800000000000 0.0030166769926
-2.8600000000000 0.0030207365881
-2.8400000000000 0.0030248121660
-2.8400000000000 0.0030248121660
-2.8200000000000 0.0030289037846
-2.8000000000000 0.0030330115011
-2.8000000000000 0.0030330115011
-2.8000000000000 0.0030330115011
-2.7800000000000 0.0030371353711
-2.7600000000000 0.0030412754488
-2.7600000000000 0.0030412754488
-2.7400000000000 0.0030454317870
-2.7200000000000 0.0030496044368
-2.7200000000000 0.0030496044368
-2.7200000000000 0.0030496044368
-2.7200000000000 0.0030496044368
-2.7000000000000 0.0030537934475
-2.6800000000000 0.0030579988666
-2.6800000000000 0.0030579988666
-2.6600000000000 0.0030622207397
-2.6400000000000 0.0030664591101
-2.6400000000000 0.0030664591101
-2.6400000000000 0.0030664591101
-2.6200000000000 0.0030707140191
-2.6000000000000 0.0030749855055
-2.6000000000000 0.0030749855055
-2.5800000000000 0.0030792736057
-2.5600000000000 0.0030835783532
-2.5600000000000 0.0030835783532
-2.5600000000000 0.0030835783532
-2.5600000000000 0.0030835783532
-2.5600000000000 0.0030835783532
-2.5600000000000 0.0030835783532
-2.5600000000000 0.0030835783532
-2.5600000000000 0.0030835783532
-2.5400000000000 0.0030878997790
-2.5200000000000 0.0030922379108
-2.5200000000000 0.0030922379108
-2.5000000000000 0.0030965927734
-2.4800000000000 0.0031009643880
-2.4800000000000 0.0031009643880
-2.4800000000000 0.0031009643880
-2.4600000000000 0.0031053527725
-2.4400000000000 0.0031097579407
-2.4400000000000 0.0031097579407
-2.4200000000000 0.0031141799028
-2.4000000000000 0.0031186186645
-2.4000000000000 0.0031186186645
-2.4000000000000 0.0031186186645
-2.4000000000000 0.0031186186645
-2.3800000000000 0.0031230742273
-2.3600000000000 0.0031275465878
-2.3600000000000 0.0031275465878
-2.3400000000000 0.0031320357377
-2.3200000000000 0.0031365416636
-2.3200000000000 0.0031365416636
-2.3200000000000 0.0031365416636
-2.3000000000000 0.0031410643463
-2.2800000000000 0.0031456037611
-2.2800000000000 0.0031456037611
-2.2600000000000 0.0031501598769
-2.2400000000000 0.0031547326561
-2.2400000000000 0.0031547326561
-2.2400000000000 0.0031547326561
-2.2400000000000 0.0031547326561
-2.2400000000000 0.0031547326561
-2.2200000000000 0.0031593220542
-2.2000000000000 0.0031639280195
-2.2000000000000 0.0031639280195
-2.1800000000000 0.0031685504926
-2.1600000000000 0.0031731894059
-2.1600000000000 0.0031731894059
-2.1600000000000 0.0031731894059
-2.1400000000000 0.0031778446833
-2.1200000000000 0.0031825162396
-2.1200000000000 0.0031825162396
-2.1000000000000 0.0031872039799
-2.0800000000000 0.0031919077992
-2.0800000000000 0.0031919077992
-2.0800000000000 0.0031919077992
-2.0800000000000 0.0031919077992
-2.0600000000000 0.0031966275818
-2.0400000000000 0.0032013632005
-2.0400000000000 0.0032013632005
-2.0200000000000 0.0032061145162
-2.0000000000000 0.0032108813770
-2.0000000000000 0.0032108813770
-2.0000000000000 0.0032108813770
-1.9800000000000 0.0032156636174
-1.9600000000000 0.0032204610579
-1.9600000000000 0.0032204610579
-1.9400000000000 0.0032252735035
-1.9200000000000 0.0032301007435
-1.9200000000000 0.0032301007435
-1.9200000000000 0.0032301007435
-1.9200000000000 0.0032301007435
-1.9200000000000 0.0032301007435
-1.9200000000000 0.0032301007435
-1.9000000000000 0.0032349425501
-1.8800000000000 0.0032397986774
-1.8800000000000 0.0032397986774
-1.8600000000000 0.0032446688606
-1.8400000000000 0.0032495528144
-1.8400000000000 0.0032495528144
-1.8400000000000 0.0032495528144
-1.8200000000000 0.0032544502324
-1.8000000000000 0.0032593607851
-1.8000000000000 0.0032593607851
-1.7800000000000 0.0032642841187
-1.7600000000000 0.0032692198540
-1.7600000000000 0.0032692198540
-1.7600000000000 0.0032692198540
-1.7600000000000 0.0032692198540
-1.7400000000000 0.0032741675843
-1.7200000000000 0.0032791268736
-1.7200000000000 0.0032791268736
-1.7000000000000 0.0032840972553
-1.6800000000000 0.0032890782299
-1.6800000000000 0.0032890782299
-1.6800000000000 0.0032890782299
-1.6600000000000 0.0032940692628
-1.6400000000000 0.0032990697822
-1.6400000000000 0.0032990697822
-1.6200000000000 0.0033040791766
-1.6000000000000 0.0033090967922
-1.6000000000000 0.0033090967922
-1.6000000000000 0.0033090967922
-1.6000000000000 0.0033090967922
-1.6000000000000 0.0033090967922
-1.5800000000000 0.0033141219304
-1.5600000000000 0.0033191538443
-1.5600000000000 0.0033191538443
-1.5400000000000 0.0033241917357
-1.5200000000000 0.0033292347519
-1.5200000000000 0.0033292347519
-1.5200000000000 0.0033292347519
-1.5000000000000 0.0033342819815
-1.4800000000000 0.0033393324503
-1.4800000000000 0.0033393324503
-1.4600000000000 0.0033443851175
-1.4400000000000 0.0033494388701
-1.4400000000000 0.0033494388701
-1.4400000000000 0.0033494388701
-1.4400000000000 0.0033494388701
-1.4200000000000 0.0033544925185
-1.4000000000000 0.0033595447904
-1.4000000000000 0.0033595447904
-1.3800000000000 0.0033645943248
-1.3600000000000 0.0033696396657
-1.3600000000000 0.0033696396657
-1.3600000000000 0.0033696396657
-1.3400000000000 0.0033746792543
-1.3200000000000 0.0033797114218
-1.3200000000000 0.0033797114218
-1.3000000000000 0.0033847343805
-1.2800000000000 0.0033897462147
-1.2800000000000 0.0033897462147
-1.2800000000000 0.0033897462147
-1.2800000000000 0.0033897462147
-1.2800000000000 0.0033897462147
-1.2800000000000 0.0033897462147
-1.2800000000000 0.0033897462147
-1.2600000000000 0.0033947448701
-1.2400000000000 0.0033997281432
-1.2400000000000 0.0033997281432
-1.2200000000000 0.0034046936688
-1.2000000000000 0.0034096389071
-1.2000000000000 0.0034096389071
-1.2000000000000 0.0034096389071
-1.1800000000000 0.0034145611284
-1.1600000000000 0.0034194573980
-1.1600000000000 0.0034194573980
-1.1400000000000 0.0034243245581
-1.1200000000000 0.0034291592089
-1.1200000000000 0.0034291592089
-1.1200000000000 0.0034291592089
-1.1200000000000 0.0034291592089
-1.1000000000000 0.0034339576874
-1.0800000000000 0.0034387160436
-1.0800000000000 0.0034387160436
-1.0600000000000 0.0034434300156
-1.0400000000000 0.0034480950002
-1.0400000000000 0.0034480950002
-1.0400000000000 0.0034480950002
-1.0200000000000 0.0034527060216
-1.0000000000000 0.0034572576961
-1.0000000000000 0.0034572576961
-0.9800000000000 0.0034617441925
-0.9600000000000 0.0034661591881
-0.9600000000000 0.0034661591881
-0.9600000000000 0.0034661591881
-0.9600000000000 0.0034661591881
-0.9600000000000 0.0034661591881
-0.9400000000000 0.0034704958192
-0.9200000000000 0.0034747466253
-0.9200000000000 0.0034747466253
-0.9000000000000 0.0034789034868
-0.8800000000000 0.0034829575543
-0.8800000000000 0.0034829575543
-0.8800000000000 0.0034829575543
-0.8600000000000 0.0034868991693
-0.8400000000000 0.0034907177743
-0.8400000000000 0.0034907177743
-0.8200000000000 0.0034944018114
-0.8000000000000 0.0034979386070
-0.8000000000000 0.0034979386070
-0.8000000000000 0.0034979386070
-0.8000000000000 0.0034979386070
-0.7800000000000 0.0035013142410
-0.7600000000000 0.0035045133975
-0.7600000000000 0.0035045133975
-0.7400000000000 0.0035075191940
-0.7200000000000 0.0035103129849
-0.7200000000000 0.0035103129849
-0.7200000000000 0.0035103129849
-0.7000000000000 0.0035128741352
-0.6800000000000 0.0035151797579
-0.6800000000000 0.0035151797579
-0.6600000000000 0.0035172044079
-0.6400000000000 0.0035189197241
-0.6400000000000 0.0035189197241
-0.6400000000000 0.0035189197241
-0.6400000000000 0.0035189197241
-0.6400000000000 0.0035189197241
-0.6400000000000 0.0035189197241
-0.6200000000000 0.0035202940064
-0.6000000000000 0.0035212917143
-0.6000000000000 0.0035212917143
-0.5800000000000 0.0035218728708
-0.5600000000000 0.0035219923493
-0.5600000000000 0.0035219923493
-0.5600000000000 0.0035219923493
-0.5400000000000 0.0035215990210
-0.5200000000000 0.0035206347317
-0.5200000000000 0.0035206347317
-0.5000000000000 0.0035190330693
-0.4800000000000 0.0035167178661
-0.4800000000000 0.0035167178661
-0.4800000000000 0.0035167178661
-0.4800000000000 0.0035167178661
-0.4600000000000 0.0035136013629
-0.4400000000000 0.0035095819261
-0.4400000000000 0.0035095819261
-0.4200000000000 0.0035045411745
-0.4000000000000 0.0034983403228
-0.4000000000000 0.0034983403228
-0.4000000000000 0.0034983403228
-0.3800000000000 0.0034908155057
-0.3600000000000 0.0034817717589
-0.3600000000000 0.0034817717589
-0.3400000000000 0.0034709751870
-0.3200000000000 0.0034581426682
-0.3200000000000 0.0034581426682
-0.3200000000000 0.0034581426682
-0.3200000000000 0.0034581426682
-0.3200000000000 0.0034581426682
-0.3000000000000 0.0034429281230
-0.2800000000000 0.0034249029648
-0.2800000000000 0.0034249029648
-0.2600000000000 0.0034035286448
-0.2400000000000 0.0033781252380
-0.2400000000000 0.0033781252380
-0.2400000000000 0.0033781252380
-0.2200000000000 0.0033478159850
-0.2000000000000 0.0033113867366
-0.2000000000000 0.0033113867366
-0.1800000000000 0.0032672289053
-0.1600000000000 0.0032135155286
-0.1600000000000 0.0032135155286
-0.1600000000000 0.0032135155286
-0.1600000000000 0.0032135155286
-0.1400000000000 0.0031468758571
-0.1200000000000 0.0030597759137
-0.1200000000000 0.0030597759137
-0.1000000000000 0.0029475275311
-0.0800000000000 0.0028140952317
-0.0800000000000 0.0028140952317
-0.0800000000000 0.0028140952317
-0.0600000000000 0.0026162724585
-0.0400000000000 0.0022233948387
-0.0400000000000 0.0022233948387
-0.0200000000000 0.0016588466353
0.0000000000000 0.0013505591214
0.0000000000000 0.0013505591214
0.0000000000000 0.0013505591214
0.0000000000000 0.0013505591214
0.0000000000000 0.0013505591214
0.0000000000000 0.0013505591214
0.0000000000000 0.0013505591214
0.0000000000000 0.0013505591214
0.0200000000000 0.0016418559012
0.0400000000000 0.0022096497957
0.0400000000000 0.0022096497957
0.0600000000000 0.0026115146501
0.0800000000000 0.0028125416508
0.0800000000000 0.0028125416508
0.0800000000000 0.0028125416508
0.1000000000000 0.0029460030285
0.1200000000000 0.0030585078181
0.1200000000000 0.0030585078181
0.1400000000000 0.0031460489836
0.1600000000000 0.0032129137548
0.1600000000000 0.0032129137548
0.1600000000000 0.0032129137548
0.1600000000000 0.0032129137548
0.1800000000000 0.0032667449686
0.2000000000000 0.0033110015338
0.2000000000000 0.0033110015338
0.2200000000000 0.0033475080034
0.2400000000000 0.0033778742892
0.2400000000000 0.0033778742892
0.2400000000000 0.0033778742892
0.2600000000000 0.0034033222792
0.2800000000000 0.0034247324624
0.2800000000000 0.0034247324624
0.3000000000000 0.0034427866752
0.3200000000000 0.0034580250679
0.3200000000000 0.0034580250679
0.3200000000000 0.0034580250679
0.3200000000000 0.0034580250679
0.3200000000000 0.0034580250679
0.3400000000000 0.0034708774115
0.3600000000000 0.0034816906256
0.3600000000000 0.0034816906256
0.3800000000000 0.0034907484641
0.4000000000000 0.0034982853076
0.4000000000000 0.0034982853076
0.4000000000000 0.0034982853076
0.4200000000000 0.0035044964948
0.4400000000000 0.0035095461847
0.4400000000000 0.0035095461847
0.4600000000000 0.0035135733943
0.4800000000000 0.0035166966905
0.4800000000000 0.0035166966905
0.4800000000000 0.0035166966905
0.4800000000000 0.0035166966905
0.5000000000000 0.0035190178569
0.5200000000000 0.0035206247749
0.5200000000000 0.0035206247749
0.5400000000000 0.0035215937130
0.5600000000000 0.0035219911672
0.5600000000000 0.0035219911672
0.5600000000000 0.0035219911672
0.5800000000000 0.0035218753615
0.6000000000000 0.0035212974834
0.6000000000000 0.0035212974834
0.6200000000000 0.0035203027090
0.6400000000000 0.0035189310577
0.6400000000000 0.0035189310577
0.6400000000000 0.0035189310577
0.6400000000000 0.0035189310577
0.6400000000000 0.0035189310577
0.6400000000000 0.0035189310577
0.6600000000000 0.0035172181054
0.6800000000000 0.0035151955832
0.6800000000000 0.0035151955832
0.7000000000000 0.0035128918787
0.7200000000000 0.0035103324598
0.7200000000000 0.0035103324598
0.7200000000000 0.0035103324598
0.7400000000000 0.0035075402336
0.7600000000000 0.0035045358524
0.7600000000000 0.0035045358524
0.7800000000000 0.0035013379773
0.8000000000000 0.0034979635042
0.8000000000000 0.0034979635042
0.8000000000000 0.0034979635042
0.8000000000000 0.0034979635042
0.8200000000000 0.0034944277608
0.8400000000000 0.0034907446778
0.8400000000000 0.0034907446778
0.8600000000000 0.0034869269380
0.8800000000000 0.0034829861078
0.8800000000000 0.0034829861078
0.8800000000000 0.0034829861078
0.9000000000000 0.0034789327519
0.9200000000000 0.0034747765354
0.9200000000000 0.0034747765354
0.9400000000000 0.0034705263137
0.9600000000000 0.0034661902116
0.9600000000000 0.0034661902116
0.9600000000000 0.0034661902116
0.9600000000000 0.0034661902116
0.9600000000000 0.0034661902116
0.9800000000000 0.0034617756945
1.0000000000000 0.0034572896302
1.0000000000000 0.0034572896302
1.0200000000000 0.0034527383455
1.0400000000000 0.0034481276751
1.0400000000000 0.0034481276751
1.0400000000000 0.0034481276751
1.0600000000000 0.0034434630058
1.0800000000000 0.0034387493163
1.0800000000000 0.0034387493163
1.1000000000000 0.0034339912123
1.1200000000000 0.0034291929583
1.1200000000000 0.0034291929583
1.1200000000000 0.0034291929583
1.1200000000000 0.0034291929583
1.1400000000000 0.0034243585062
1.1600000000000 0.0034194915211
1.1600000000000 0.0034194915211
1.1800000000000 0.0034145954048
1.2000000000000 0.0034096733164
1.2000000000000 0.0034096733164
1.2000000000000 0.0034096733164
1.2200000000000 0.0034047281925
1.2400000000000 0.0033997627638
1.2400000000000 0.0033997627638
1.2600000000000 0.0033947795716
1.2800000000000 0.0033897809823
1.2800000000000 0.0033897809823
1.2800000000000 0.0033897809823
1.2800000000000 0.0033897809823
1.2800000000000 0.0033897809823
1.2800000000000 0.0033897809823
1.2800000000000 0.0033897809823
1.3000000000000 0.0033847692005
1.3200000000000 0.0033797462814
1.3200000000000 0.0033797462814
1.3400000000000 0.0033747141417
1.3600000000000 0.0033696745698
1.3600000000000 0.0033696745698
1.3600000000000 0.0033696745698
1.3800000000000 0.0033646292356
1.4000000000000 0.0033595796983
1.4000000000000 0.0033595796983
1.4200000000000 0.0033545274147
1.4400000000000 0.0033494737464
1.4400000000000 0.0033494737464
1.4400000000000 0.0033494737464
1.4400000000000 0.0033494737464
1.4600000000000 0.0033444199662
1.4800000000000 0.0033393672643
1.4800000000000 0.0033393672643
1.5000000000000 0.0033343167542
1.5200000000000 0.0033292694771
1.5200000000000 0.0033292694771
1.5200000000000 0.0033292694771
1.5400000000000 0.0033242264077
1.5600000000000 0.0033191884576
1.5600000000000 0.0033191884576
1.5800000000000 0.0033141564801
1.6000000000000 0.0033091312737
1.6000000000000 0.0033091312737
1.6000000000000 0.0033091312737
1.6000000000000 0.0033091312737
1.6000000000000 0.0033091312737
1.6200000000000 0.0033041135855
1.6400000000000 0.0032991041146
1.6400000000000 0.0032991041146
1.6600000000000 0.0032941035150
1.6800000000000 0.0032891123984
1.6800000000000 0.0032891123984
1.6800000000000 0.0032891123984
1.7000000000000 0.0032841313369
1.7200000000000 0.0032791608653
1.7200000000000 0.0032791608653
1.7400000000000 0.0032742014833
1.7600000000000 0.0032692536579
1.7600000000000 0.0032692536579
1.7600000000000 0.0032692536579
1.7600000000000 0.0032692536579
1.7800000000000 0.0032643178251
1.8000000000000 0.0032593943917
1.8000000000000 0.0032593943917
1.8200000000000 0.0032544837374
1.8400000000000 0.0032495862159
1.8400000000000 0.0032495862159
1.8400000000000 0.0032495862159
1.8600000000000 0.0032447021567
1.8800000000000 0.0032398318667
1.8800000000000 0.0032398318667
1.9000000000000 0.0032349756312
1.9200000000000 0.0032301337151
1.9200000000000 0.0032301337151
1.9200000000000 0.0032301337151
1.9200000000000 0.0032301337151
1.9200000000000 0.0032301337151
1.9200000000000 0.0032301337151
1.9400000000000 0.0032253063644
1.9600000000000 0.0032204938069
1.9600000000000 0.0032204938069
1.9800000000000 0.0032156962537
2.0000000000000 0.0032109138996
2.0000000000000 0.0032109138996
2.0000000000000 0.0032109138996
2.0200000000000 0.0032061469243
2.0400000000000 0.0032013954935
2.0400000000000 0.0032013954935
2.0600000000000 0.0031966597590
2.0800000000000 0.0031919398600
2.0800000000000 0.0031919398600
2.0800000000000 0.0031919398600
2.0800000000000 0.0031919398600
2.1000000000000 0.0031872359239
2.1200000000000 0.0031825480663
2.1200000000000 0.0031825480663
2.1400000000000 0.0031778763924
2.1600000000000 0.0031732209971
2.1600000000000 0.0031732209971
2.1600000000000 0.0031732209971
2.1800000000000 0.0031685819656
2.2000000000000 0.0031639593741
2.2000000000000 0.0031639593741
2.2200000000000 0.0031593532903
2.2400000000000 0.0031547637736
2.2400000000000 0.0031547637736
2.2400000000000 0.0031547637736
2.2400000000000 0.0031547637736
2.2400000000000 0.0031547637736
2.2600000000000 0.0031501908758
2.2800000000000 0.0031456346413
2.2800000000000 0.0031456346413
2.3000000000000 0.0031410951079
2.3200000000000 0.0031365723065
2.3200000000000 0.0031365723065
2.3200000000000 0.0031365723065
2.3400000000000 0.0031320662622
2.3600000000000 0.0031275769939
2.3600000000000 0.0031275769939
2.3800000000000 0.0031231045152
2.4000000000000 0.0031186488344
2.4000000000000 0.0031186488344
2.4000000000000 0.0031186488344
2.4000000000000 0.0031186488344
2.4200000000000 0.0031142099549
2.4400000000000 0.0031097878752
2.4400000000000 0.0031097878752
2.4600000000000 0.0031053825897
2.4800000000000 0.0031009940882
2.4800000000000 0.0031009940882
2.4800000000000 0.0031009940882
2.5000000000000 0.0030966223568
2.5200000000000 0.0030922673778
2.5200000000000 0.0030922673778
2.5400000000000 0.0030879291299
2.5600000000000 0.0030836075884
2.5600000000000 0.0030836075884
2.5600000000000 0.0030836075884
2.5600000000000 0.0030836075884
2.5600000000000 0.0030836075884
2.5600000000000 0.0030836075884
2.5600000000000 0.0030836075884
2.5600000000000 0.0030836075884
2.5800000000000 0.0030793027255
2.6000000000000 0.0030750145104
2.6000000000000 0.0030750145104
2.6200000000000 0.0030707429094
2.6400000000000 0.0030664878863
2.6400000000000 0.0030664878863
2.6400000000000 0.0030664878863
2.6600000000000 0.0030622494021
2.6800000000000 0.0030580274158
2.6800000000000 0.0030580274158
2.7000000000000 0.0030538218839
2.7200000000000 0.0030496327608
2.7200000000000 0.0030496327608
2.7200000000000 0.0030496327608
2.7200000000000 0.0030496327608
2.7400000000000 0.0030454599992
2.7600000000000 0.0030413035495
2.7600000000000 0.0030413035495
2.7800000000000 0.0030371633609
2.8000000000000 0.0030330393805
2.8000000000000 0.0030330393805
2.8000000000000 0.0030330393805
2.8200000000000 0.0030289315541
2.8400000000000 0.0030248398260
2.8400000000000 0.0030248398260
2.8600000000000 0.0030207641392
2.8800000000000 0.0030167044353
2.8800000000000 0.0030167044353
2.8800000000000 0.0030167044353
2.8800000000000 0.0030167044353
2.8800000000000 0.0030167044353
2.9000000000000 0.0030126606551
2.9200000000000 0.0030086327377
2.9200000000000 0.0030086327377
2.9400000000000 0.0030046206218
2.9600000000000 0.0030006242447
2.9600000000000 0.0030006242447
2.9600000000000 0.0030006242447
2.9800000000000 0.0029966435430
3.0000000000000 0.0029926784525
3.0000000000000 0.0029926784525
3.0200000000000 0.0029887289080
3.0400000000000 0.0029847948439
3.0400000000000 0.0029847948439
3.0400000000000 0.0029847948439
3.0400000000000 0.0029847948439
3.0600000000000 0.0029808761938
3.0800000000000 0.0029769728905
3.0800000000000 0.0029769728905
3.1000000000000 0.0029730848665
3.1200000000000 0.0029692120536
3.1200000000000 0.0029692120536
3.1200000000000 0.0029692120536
3.1400000000000 0.0029653543833
3.1600000000000 0.0029615117864
3.1600000000000 0.0029615117864
3.1800000000000 0.0029576841936
3.2000000000000 0.0029538715350
3.2000000000000 0.0029538715350
3.2000000000000 0.0029538715350
3.2000000000000 0.0029538715353
3.2000000000000 0.0029538715350
3.2000000000000 0.0029538715353
3.2200000000000 0.0029500737404
3.2400000000000 0.0029462907394
3.2400000000000 0.0029462907394
3.2600000000000 0.0029425224613
3.2800000000000 0.0029387688350
3.2800000000000 0.0029387688350
3.2800000000000 0.0029387688350
3.3000000000000 0.0029350297894
3.3200000000000 0.0029313052532
3.3200000000000 0.0029313052532
3.3400000000000 0.0029275951549
3.3600000000000 0.0029238994227
3.3600000000000 0.0029238994227
3.3600000000000 0.0029238994227
3.3600000000000 0.0029238994227
3.3800000000000 0.0029202179850
3.4000000000000 0.0029165507699
3.4000000000000 0.0029165507699
3.4200000000000 0.0029128977055
3.4400000000000 0.0029092587200
3.4400000000000 0.0029092587200
3.4400000000000 0.0029092587200
3.4600000000000 0.0029056337413
3.4800000000000 0.0029020226976
3.4800000000000 0.0029020226976
3.5000000000000 0.0028984255169
3.5200000000000 0.0028948421273
3.5200000000000 0.0028948421273
3.5200000000000 0.0028948421273
3.5200000000000 0.0028948421273
3.5200000000000 0.0028948421273
3.5400000000000 0.0028912724571
3.5600000000000 0.0028877164346
3.5600000000000 0.0028877164346
3.5800000000000 0.0028841739880
3.6000000000000 0.0028806450459
3.6000000000000 0.0028806450459
3.6000000000000 0.0028806450459
3.6200000000000 0.0028771295368
3.6400000000000 0.0028736273895
3.6400000000000 0.0028736273895
3.6600000000000 0.0028701385330
3.6800000000000 0.0028666628962
3.6800000000000 0.0028666628962
3.6800000000000 0.0028666628962
3.6800000000000 0.0028666628962
3.7000000000000 0.0028632004085
3.7200000000000 0.0028597509992
3.7200000000000 0.0028597509992
3.7400000000000 0.0028563145981
3.7600000000000 0.0028528911350
3.7600000000000 0.0028528911350
3.7600000000000 0.0028528911350
3.7800000000000 0.0028494805400
3.8000000000000 0.0028460827435
3.8000000000000 0.0028460827435
3.8200000000000 0.0028426976760
3.8400000000000 0.0028393252684
3.8400000000000 0.0028393252684
3.8400000000000 0.0028393252684
3.8400000000000 0.0028393252684
3.8400000000000 0.0028393252684
3.8400000000000 0.0028393252684
3.8400000000000 0.0028393252684
3.8600000000000 0.0028359654519
3.8800000000000 0.0028326181577
3.8800000000000 0.0028326181577
3.9000000000000 0.0028292833177
3.9200000000000 0.0028259608636
3.9200000000000 0.0028259608636
3.9200000000000 0.0028259608636
3.9400000000000 0.0028226507279
3.9600000000000 0.0028193528431
3.9600000000000 0.0028193528431
3.9800000000000 0.0028160671420
4.0000000000000 0.0028127935577
4.0000000000000 0.0028127935577
4.0000000000000 0.0028127935577
4.0000000000000 0.0028127935577
4.0200000000000 0.0028095320239
4.0400000000000 0.0028062824743
4.0400000000000 0.0028062824743
4.0600000000000 0.0028030448431
4.0800000000000 0.0027998190647
4.0800000000000 0.0027998190647
4.0800000000000 0.0027998190647
4.1000000000000 0.0027966050741
4.1200000000000 0.0027934028062
4.1200000000000 0.0027934028062
4.1400000000000 0.0027902121967
4.1600000000000 0.0027870331813
4.1600000000000 0.0027870331813
4.1600000000000 0.0027870331813
4.1600000000000 0.0027870331813
4.1600000000000 0.0027870331813
4.1800000000000 0.0027838656962
4.2000000000000 0.0027807096780
4.2400000000000 0.0027744317898
4.2400000000000 0.0027744317898
4.2800000000000 0.0027681990160
4.3200000000000 0.0027620108611
4.3200000000000 0.0027620108611
4.3200000000000 0.0027620108611
4.3600000000000 0.0027558668357
4.4000000000000 0.0027497664556
4.4000000000000 0.0027497664556
4.4400000000000 0.0027437092424
4.4800000000000 0.0027376947233
4.4800000000000 0.0027376947233
4.4800000000000 0.0027376947233
4.4800000000000 0.0027376947233
4.4800000000000 0.0027376947233
4.5200000000000 0.0027317224310
4.5600000000000 0.0027257919039
4.5600000000000 0.0027257919039
4.6000000000000 0.0027199026856
4.6400000000000 0.0027140543256
4.6400000000000 0.0027140543256
4.6400000000000 0.0027140543256
4.6800000000000 0.0027082463786
4.7200000000000 0.0027024784049
4.7200000000000 0.0027024784049
4.7600000000000 0.0026967499700
4.8000000000000 0.0026910606452
4.8000000000000 0.0026910606452
4.8000000000000 0.0026910606452
4.8000000000000 0.0026910606452
4.8400000000000 0.0026854100066
4.8800000000000 0.0026797976361
4.8800000000000 0.0026797976361
4.9200000000000 0.0026742231205
4.9600000000000 0.0026686860521
4.9600000000000 0.0026686860521
4.9600000000000 0.0026686860521
5.0000000000000 0.0026631860279
5.0400000000000 0.0026577226503
5.0400000000000 0.0026577226503
5.0800000000000 0.0026522955265
5.1200000000000 0.0026469042687
5.1200000000000 0.0026469042687
5.1200000000000 0.0026469042687
5.1200000000000 0.0026469042687
5.1200000000000 0.0026469042687
5.1200000000000 0.0026469042687
5.1200000000000 0.0026469042687
5.1600000000000 0.0026415484937
5.2000000000000 0.0026362278233
5.2000000000000 0.0026362278233
5.2400000000000 0.0026309418837
5.2800000000000 0.0026256903061
5.2800000000000 0.0026256903061
5.2800000000000 0.0026256903061
5.3200000000000 0.0026204727260
5.3600000000000 0.0026152887837
5.3600000000000 0.0026152887837
5.4000000000000 0.0026101381239
5.4400000000000 0.0026050203960
5.4400000000000 0.0026050203960
5.4400000000000 0.0026050203960
5.4400000000000 0.0026050203960
5.4800000000000 0.0025999352539
5.5200000000000 0.0025948823560
5.5200000000000 0.0025948823560
5.5600000000000 0.0025898613651
5.6000000000000 0.0025848719488
5.6000000000000 0.0025848719488
5.6000000000000 0.0025848719488
5.6400000000000 0.0025799137787
5.6800000000000 0.0025749865312
5.6800000000000 0.0025749865312
5.7200000000000 0.0025700898866
5.7600000000000 0.0025652235299
5.7600000000000 0.0025652235299
5.7600000000000 0.0025652235299
5.7600000000000 0.0025652235299
5.7600000000000 0.0025652235299
5.8000000000000 0.0025603871499
5.8400000000000 0.0025555804398
5.8400000000000 0.0025555804398
5.8800000000000 0.0025508030967
5.9200000000000 0.0025460548217
5.9200000000000 0.0025460548217
5.9200000000000 0.0025460548217
5.9600000000000 0.0025413353200
6.0000000000000 0.0025366443004
6.0000000000000 0.0025366443004
6.0400000000000 0.0025319814754
6.0800000000000 0.0025273465615
6.0800000000000 0.0025273465615
6.0800000000000 0.0025273465615
6.0800000000000 0.0025273465615
6.1200000000000 0.0025227392792
6.1600000000000 0.0025181593522
6.1600000000000 0.0025181593522
6.2000000000000 0.0025136065082
6.2400000000000 0.0025090804783
6.2400000000000 0.0025090804783
6.2400000000000 0.0025090804783
6.2800000000000 0.0025045809972
6.3200000000000 0.0025001078032
6.3200000000000 0.0025001078032
6.3600000000000 0.0024956606381
6.4000000000000 0.0024912392472
6.4000000000000 0.0024912392472
6.4000000000000 0.0024912392472
6.4000000000000 0.0024912392472
6.4000000000000 0.0024912392472
6.4800000000000 0.0024824727855
6.5600000000000 0.0024738064472
6.5600000000000 0.0024738064472
6.6400000000000 0.0024652383125
6.7200000000000 0.0024567665120
6.7200000000000 0.0024567665120
6.7200000000000 0.0024567665120
6.8000000000000 0.0024483892245
6.8800000000000 0.0024401046759
6.8800000000000 0.0024401046759
6.9600000000000 0.0024319111383
7.0400000000000 0.0024238069282
7.0400000000000 0.0024238069282
7.0400000000000 0.0024238069282
7.0400000000000 0.0024238069282
7.1200000000000 0.0024157904053
7.2000000000000 0.0024078599707
7.2000000000000 0.0024078599707
7.2800000000000 0.0024000140650
7.3600000000000 0.0023922511670
7.3600000000000 0.0023922511670
7.3600000000000 0.0023922511670
7.4400000000000 0.0023845697924
7.5200000000000 0.0023769684930
7.5200000000000 0.0023769684930
7.6000000000000 0.0023694458563
7.6800000000000 0.0023620005048
7.6800000000000 0.0023620005048
7.6800000000000 0.0023620005048
7.6800000000000 0.0023620005048
7.6800000000000 0.0023620005048
7.6800000000000 0.0023620005048
7.7600000000000 0.0023546310956
7.8400000000000 0.0023473363200
7.8400000000000 0.0023473363200
7.9200000000000 0.0023401149019
8.0000000000000 0.0023329655973
8.0000000000000 0.0023329655973
8.0000000000000 0.0023329655973
8.0800000000000 0.0023258871923
8.1600000000000 0.0023188785023
8.1600000000000 0.0023188785023
8.2400000000000 0.0023119383700
8.3200000000000 0.0023050656645
8.3200000000000 0.0023050656645
8.3200000000000 0.0023050656645
8.3200000000000 0.0023050656645
8.4000000000000 0.0022982592798
8.4800000000000 0.0022915181339
8.4800000000000 0.0022915181339
8.5600000000000 0.0022848411678
8.6400000000000 0.0022782273445
8.6400000000000 0.0022782273445
8.6400000000000 0.0022782273445
8.7200000000000 0.0022716756491
8.8000000000000 0.0022651850875
8.8000000000000 0.0022651850875
8.8800000000000 0.0022587546871
8.9600000000000 0.0022523834964
8.9600000000000 0.0022523834964
8.9600000000000 0.0022523834964
8.9600000000000 0.0022523834964
8.9600000000000 0.0022523834964
9.0400000000000 0.0022460705850
9.1200000000000 0.0022398150437
9.1200000000000 0.0022398150437
9.2000000000000 0.0022336159843
9.2800000000000 0.0022274725391
9.2800000000000 0.0022274725391
9.2800000000000 0.0022274725391
9.3600000000000 0.0022213838594
9.4400000000000 0.0022153491149
9.4400000000000 0.0022153491149
9.5200000000000 0.0022093674923
9.6000000000000 0.0022034381940
9.6000000000000 0.0022034381940
9.6000000000000 0.0022034381940
9.6000000000000 0.0022034381940
9.6800000000000 0.0021975604372
9.7600000000000 0.0021917334535
9.7600000000000 0.0021917334535
9.8400000000000 0.0021859564885
9.9200000000000 0.0021802288014
9.9200000000000 0.0021802288014
9.9200000000000 0.0021802288014
10.0000000000000 0.0021745496652
10.0800000000000 0.0021689183666
10.0800000000000 0.0021689183666
10.1600000000000 0.0021633342042
10.2400000000000 0.0021577964942
10.2400000000000 0.0021577964942
10.2400000000000 0.0021577964942
10.2400000000000 0.0021577964942
10.2400000000000 0.0021577964942
10.2400000000000 0.0021577964942
10.3200000000000 0.0021523045663
10.4000000000000 0.0021468577637
10.4000000000000 0.0021468577637
10.4800000000000 0.0021414554432
10.5600000000000 0.0021360969761
10.5600000000000 0.0021360969761
10.5600000000000 0.0021360969761
10.6400000000000 0.0021307817468
10.7200000000000 0.0021255091531
10.7200000000000 0.0021255091531
10.8000000000000 0.0021202786052
10.8800000000000 0.0021150895249
10.8800000000000 0.0021150895249
10.8800000000000 0.0021150895249
11.0400000000000 0.0021048335115
11.2000000000000 0.0020947367080
11.2000000000000 0.0020947367080
11.3600000000000 0.0020847948747
11.5200000000000 0.0020750039285
11.5200000000000 0.0020750039285
11.5200000000000 0.0020750039285
11.5200000000000 0.0020750039285
11.6800000000000 0.0020653599351
11.8400000000000 0.0020558591012
11.8400000000000 0.0020558591012
12.0000000000000 0.0020464977697
12.1600000000000 0.0020372724126
12.1600000000000 0.0020372724126
12.1600000000000 0.0020372724126
12.3200000000000 0.0020281796223
12.4800000000000 0.0020192161036
12.4800000000000 0.0020192161036
12.6400000000000 0.0020103786646
12.8000000000000 0.0020016642077
12.8000000000000 0.0020016642077
12.8000000000000 0.0020016642077
12.8000000000000 0.0020016642077
12.8000000000000 0.0020016642077
12.9600000000000 0.0019930697205
13.1200000000000 0.0019845922715
13.1200000000000 0.0019845922715
13.2800000000000 0.0019762290111
13.4400000000000 0.0019679771716
13.4400000000000 0.0019679771716
13.4400000000000 0.0019679771716
13.6000000000000 0.0019598340630
13.7600000000000 0.0019517970674
13.7600000000000 0.0019517970674
13.9200000000000 0.0019438636403
14.0800000000000 0.0019360313219
14.0800000000000 0.0019360313213
14.0800000000000 0.0019360313219
14.0800000000000 0.0019360313213
14.2400000000000 0.0019282977340
14.4000000000000 0.0019206606250
14.4000000000000 0.0019206606250
14.5600000000000 0.0019131178199
14.7200000000000 0.0019056672109
14.7200000000000 0.0019056672109
14.7200000000000 0.0019056672109
14.8800000000000 0.0018983067516
15.0400000000000 0.0018910344350
15.0400000000000 0.0018910344350
15.2000000000000 0.0018838483010
15.3600000000000 0.0018767464111
15.3600000000000 0.0018767464111
15.3600000000000 0.0018767464111
15.3600000000000 0.0018767464111
15.3600000000000 0.0018767464111
15.5200000000000 0.0018697268691
15.6800000000000 0.0018627878245
16.0000000000000 0.0018491440478
16.0000000000000 0.0018491440478
16.3200000000000 0.0018358011930
16.6400000000000 0.0018227459707
16.6400000000000 0.0018227459707
16.6400000000000 0.0018227459707
16.9600000000000 0.0018099656282
17.2800000000000 0.0017974480805
17.2800000000000 0.0017974480805
17.6000000000000 0.0017851820241
17.9200000000000 0.0017731567890
17.9200000000000 0.0017731567890
17.9200000000000 0.0017731567890
17.9200000000000 0.0017731567890
18.2400000000000 0.0017613620462
18.5600000000000 0.0017497877715
18.5600000000000 0.0017497877715
18.8800000000000 0.0017384245222
19.2000000000000 0.0017272635824
19.2000000000000 0.0017272635824
19.2000000000000 0.0017272635824
19.5200000000000 0.0017162966674
19.8400000000000 0.0017055154243
19.8400000000000 0.0017055154243
20.1600000000000 0.0016949111169
20.4800000000000 0.0016844752159
20.4800000000000 0.0016844752159
20.4800000000000 0.0016844752159
20.4800000000000 0.0016844752159
20.8000000000000 0.0016741993319
21.1200000000000 0.0016640762439
21.1200000000000 0.0016640762439
21.4400000000000 0.0016540990670
21.7600000000000 0.0016442607484
21.7600000000000 0.0016442607484
21.7600000000000 0.0016442607484
22.0800000000000 0.0016345545589
22.4000000000000 0.0016249745218
22.4000000000000 0.0016249745218
22.7200000000000 0.0016155148305
23.0400000000000 0.0016061698225
23.0400000000000 0.0016061698225
23.0400000000000 0.0016061698225
23.6800000000000 0.0015878008524
24.3200000000000 0.0015698187505
24.3200000000000 0.0015698187505
24.9600000000000 0.0015521763609
25.6000000000000 0.0015348327208
25.6000000000000 0.0015348327208
25.6000000000000 0.0015348327208
26.2400000000000 0.0015177522239
26.8800000000000 0.0015008998142
26.8800000000000 0.0015008998142
27.5200000000000 0.0014842376589
28.1600000000000 0.0014677281245
28.1600000000000 0.0014677281245
28.1600000000000 0.0014677281245
28.8000000000000 0.0014513379304
29.4400000000000 0.0014350371857
29.4400000000000 0.0014350371857
30.0800000000000 0.0014187959932
30.7200000000000 0.0014025839647
30.7200000000000 0.0014025839647
30.7200000000000 0.0014025839647
31.3600000000000 0.0013863720732
32.0000000000000 0.0013701331378
32.0000000000000 0.0013701331378
32.6400000000000 0.0013538407035
33.2800000000000 0.0013374696906
33.2800000000000 0.0013374696906
33.2800000000000 0.0013374696906
33.9200000000000 0.0013209958379
34.5600000000000 0.0013043958312
34.5600000000000 0.0013043958312
35.2000000000000 0.0012876472371
35.8400000000000 0.0012707263878
35.8400000000000 0.0012707263878
35.8400000000000 0.0012707263878
36.4800000000000 0.0012536104825
37.1200000000000 0.0012362808275
37.1200000000000 0.0012362808275
37.7600000000000 0.0012187196392
38.4000000000000 0.0012009077983
38.4000000000000 0.0012009077983
39.6800000000000 0.0011644609599
40.9600000000000 0.0011268099887
40.9600000000000 0.0011268099887
42.2400000000000 0.0010878361238
43.5200000000000 0.0010474330624
43.5200000000000 0.0010474330624
44.8000000000000 0.0010055160684
46.0800000000000 0.0009620150599
46.0800000000000 0.0009620150599
47.3600000000000 0.0009168762666
48.6400000000000 0.0008700646667
48.6400000000000 0.0008700646667
49.9200000000000 0.0008215650660
51.2000000000000 0.0007713865427
51.2000000000000 0.0007713865427
52.4800000000000 0.0007195632013
53.7600000000000 0.0006661544806
53.7600000000000 0.0006661544806
55.0400000000000 0.0006112467305
56.3200000000000 0.0005549543348
56.3200000000000 0.0005549543348
57.6000000000000 0.0004974230913
58.8800000000000 0.0004388317609
58.8800000000000 0.0004388317609
60.1600000000000 0.0003793893549
61.4400000000000 0.0003193348096
61.4400000000000 0.0003193348096
62.7200000000000 0.0002589385047
64.0000000000000 0.0001985010455
64.0000000000000 0.0001985010455
65.2800000000000 0.0001383517612
66.5600000000000 0.0000788475330
66.5600000000000 0.0000788475330
67.8400000000000 0.0000203696171
69.1200000000000 -0.0000366795823
69.1200000000000 -0.0000366795823
70.4000000000000 -0.0000918784083
71.6800000000000 -0.0001447889554
71.6800000000000 -0.0001447889554
72.9600000000000 -0.0001949621556
74.2400000000000 -0.0002419430860
74.2400000000000 -0.0002419430860
75.5200000000000 -0.0002852760137
76.8000000000000 -0.0003245117496
76.8000000000000 -0.0003245117496
78.0800000000000 -0.0003592177095
79.3600000000000 -0.0003889872895
79.3600000000000 -0.0003889872895
80.6400000000000 -0.0004134487423
81.9200000000000 -0.0004322769759
81.9200000000000 -0.0004322769759
83.2000000000000 -0.0004452075413
84.4800000000000 -0.0004520502085
84.4800000000000 -0.0004520502085
85.7600000000000 -0.0004527012845
87.0400000000000 -0.0004471538403
87.0400000000000 -0.0004471538403
88.3200000000000 -0.0004355070546
89.6000000000000 -0.0004179768049
89.6000000000000 -0.0004179768049
90.8800000000000 -0.0003949040727
92.1600000000000 -0.0003667555832
92.1600000000000 -0.0003667555832
93.4400000000000 -0.0003341175469
94.7200000000000 -0.0002976879360
94.7200000000000 -0.0002976879360
96.0000000000000 -0.0002582693926
97.2800000000000 -0.0002167581940
97.2800000000000 -0.0002167581940
98.5600000000000 -0.0001741226089
99.8400000000000 -0.0001313712489
99.8400000000000 -0.0001313712489
101.1200000000000 -0.0000895207290
102.4000000000000 -0.0000495684430
102.4000000000000 -0.0000495684430
103.6800000000000 -0.0000124637596
104.9600000000000 0.0000209315786
104.9600000000000 0.0000209315786
106.2400000000000 0.0000498898064
107.5200000000000 0.0000738557632
107.5200000000000 0.0000738557632
108.8000000000000 0.0000924705411
110.0800000000000 0.0001055858481
110.0800000000000 0.0001055858481
111.3600000000000 0.0001132754289
112.6400000000000 0.0001158397882
112.6400000000000 0.0001158397882
113.9200000000000 0.0001137934937
115.2000000000000 0.0001078292493
115.2000000000000 0.0001078292493
116.4800000000000 0.0000987652130
117.7600000000000 0.0000874870103
117.7600000000000 0.0000874870103
119.0400000000000 0.0000748892567
120.3200000000000 0.0000618171542
120.3200000000000 0.0000618171542
121.6000000000000 0.0000490134418
122.8800000000000 0.0000370783271
122.8800000000000 0.0000370783271
124.1600000000000 0.0000264457372
125.4400000000000 0.0000173769028
125.4400000000000 0.0000173769028
126.7200000000000 0.0000099723833
128.0000000000000 0.0000041996169
128.0000000000000 0.0000041996169
129.2800000000000 -0.0000000724597
130.5600000000000 -0.0000030347859
130.5600000000000 -0.0000030347859
131.8400000000000 -0.0000049212409
133.1200000000000 -0.0000059561139
133.1200000000000 -0.0000059561139
134.4000000000000 -0.0000063642809
135.6800000000000 -0.0000063298650
135.6800000000000 -0.0000063298650
136.9600000000000 -0.0000060148862
138.2400000000000 -0.0000055298710
138.2400000000000 -0.0000055298710
139.5200000000000 -0.0000049588159
140.8000000000000 -0.0000043581131
143.3600000000000 -0.0000032005920
145.9200000000000 -0.0000022174416
148.4800000000000 -0.0000014431789
151.0400000000000 -0.0000008566321
153.6000000000000 -0.0000004130931
156.1600000000000 -0.0000000783191
158.7200000000000 0.0000001540372
161.2800000000000 0.0000002882929
163.8400000000000 0.0000003392612
166.4000000000000 0.0000003220090
168.9600000000000 0.0000002491641
171.5200000000000 0.0000001295398
174.0800000000000 -0.0000000273866
176.6400000000000 -0.0000002017480
179.2000000000000 -0.0000003663828
181.7600000000000 -0.0000004971067
184.3200000000000 -0.0000005787492
186.8800000000000 -0.0000006019592
189.4400000000000 -0.0000005591367
192.0000000000000 -0.0000004525192
194.5600000000000 -0.0000003010015
197.1200000000000 -0.0000001363027
199.6800000000000 0.0000000046965
202.2400000000000 0.0000000986340
204.8000000000000 0.0000001562011
207.3600000000000 0.0000002128536
209.9200000000000 0.0000002970740
212.4800000000000 0.0000004097807
215.0400000000000 0.0000005186031
217.6000000000000 0.0000005643657
220.1600000000000 0.0000004924861
222.7200000000000 0.0000002972815
225.2800000000000 0.0000000358362
227.8400000000000 -0.0000002112498
230.4000000000000 -0.0000003942669
232.9600000000000 -0.0000005021053
235.5200000000000 -0.0000005263803
238.0800000000000 -0.0000004465131
240.6400000000000 -0.0000002575708
243.2000000000000 -0.0000000005321
245.7600000000000 0.0000002378428
248.3200000000000 0.0000003637098
250.8800000000000 0.0000003374936
253.4400000000000 0.0000002016748
256.0000000000000 0.0000000390343
258.5600000000000 -0.0000000875859
261.1200000000000 -0.0000001500320
263.6800000000000 -0.0000001412317
266.2400000000000 -0.0000000770510
268.8000000000000 -0.0000000000536
271.3600000000000 0.0000000458076
273.9200000000000 0.0000000489260
276.4800000000000 0.0000000304690
279.0400000000000 0.0000000146015
281.6000000000000 0.0000000077558
284.1600000000000 0.0000000046335
286.7200000000000 0.0000000017676
289.2800000000000 -0.0000000003265
291.8400000000000 -0.0000000015775
294.4000000000000 -0.0000000026514
296.9600000000000 -0.0000000030613
299.5200000000000 -0.0000000022898
302.0800000000000 -0.0000000010596
304.6400000000000 0.0000000000446
307.2000000000000 0.0000000011828
309.7600000000000 0.0000000020362
312.3200000000000 0.0000000020124
314.8800000000000 0.0000000013546
317.4400000000000 0.0000000006215
