# z phi
-317.4400000000000 0.0000002434843
-314.8800000000000 0.0000004252095
-312.3200000000000 0.0000004933181
-309.7600000000000 0.0000004416665
-307.2000000000000 0.0000002628420
-304.6400000000000 -0.0000000209761
-302.0800000000000 -0.0000003117859
-299.5200000000000 -0.0000004843542
-296.9600000000000 -0.0000004906408
-294.4000000000000 -0.0000003823007
-291.8400000000000 -0.0000002391697
-289.2800000000000 -0.0000001093362
-286.7200000000000 -0.0000000052911
-284.1600000000000 0.0000000770321
-281.6000000000000 0.0000001415902
-279.0400000000000 0.0000001890485
-276.4800000000000 0.0000002254336
-273.9200000000000 0.0000002601656
-271.3600000000000 0.0000002932375
-268.8000000000000 0.0000003146398
-266.2400000000000 0.0000003126979
-263.6800000000000 0.0000002770701
-261.1200000000000 0.0000002009433
-258.5600000000000 0.0000000846437
-256.0000000000000 -0.0000000620900
-253.4400000000000 -0.0000002176176
-250.8800000000000 -0.0000003514037
-248.3200000000000 -0.0000004367596
-245.7600000000000 -0.0000004635700
-243.2000000000000 -0.0000004396178
-240.6400000000000 -0.0000003794523
-238.0800000000000 -0.0000002933942
-235.5200000000000 -0.0000001890724
-232.9600000000000 -0.0000000777542
-230.4000000000000 0.0000000294107
-227.8400000000000 0.0000001332163
-225.2800000000000 0.0000002530832
-222.7200000000000 0.0000004262303
-220.1600000000000 0.0000007092616
-217.6000000000000 0.0000011770123
-215.0400000000000 0.0000018873202
-212.4800000000000 0.0000027854937
-209.9200000000000 0.0000035690915
-207.3600000000000 0.0000036009258
-204.8000000000000 0.0000019947320
-202.2400000000000 -0.0000020547772
-199.6800000000000 -0.0000087615774
-197.1200000000000 -0.0000172719064
-194.5600000000000 -0.0000255172072
-192.0000000000000 -0.0000306022619
-189.4400000000000 -0.0000296565028
-186.8800000000000 -0.0000208080522
-184.3200000000000 -0.0000038916447
-181.7600000000000 0.0000193428958
-179.2000000000000 0.0000455430376
-176.6400000000000 0.0000704535032
-174.0800000000000 0.0000897875057
-171.5200000000000 0.0001000186540
-168.9600000000000 0.0000989071098
-166.4000000000000 0.0000857178604
-163.8400000000000 0.0000611725343
-161.2800000000000 0.0000272068226
-158.7200000000000 -0.0000133667088
-156.1600000000000 -0.0000572208763
-153.6000000000000 -0.0001008584952
-151.0400000000000 -0.0001409121637
-148.4800000000000 -0.0001744013711
-145.9200000000000 -0.0001989301805
-143.3600000000000 -0.0002128163917
-140.8000000000000 -0.0002151486086
-139.5200000000000 -0.0002119047386
-138.2400000000000 -0.0002057692142
-138.2400000000000 -0.0002057692142
-136.9600000000000 -0.0001968274294
-135.6800000000000 -0.0001852004859
-135.6800000000000 -0.0001852004859
-134.4000000000000 -0.0001710398819
-133.1200000000000 -0.0001545236898
-133.1200000000000 -0.0001545236898
-131.8400000000000 -0.0001358518477
-130.5600000000000 -0.0001152417340
-130.5600000000000 -0.0001152417340
-129.2800000000000 -0.0000929246273
-128.0000000000000 -0.0000691370965
-128.0000000000000 -0.0000691370965
-126.7200000000000 -0.0000441215049
-125.4400000000000 -0.0000181304525
-125.4400000000000 -0.0000181304525
-124.1600000000000 0.0000085879405
-122.8800000000000 0.0000357892918
-122.8800000000000 0.0000357892918
-121.6000000000000 0.0000632357369
-120.3200000000000 0.0000906974215
-120.3200000000000 0.0000906974215
-119.0400000000000 0.0001179535247
-117.7600000000000 0.0001447937314
-117.7600000000000 0.0001447937314
-116.4800000000000 0.0001710202887
-115.2000000000000 0.0001964498393
-115.2000000000000 0.0001964498393
-113.9200000000000 0.0002209142137
-112.6400000000000 0.0002442606631
-112.6400000000000 0.0002442606631
-111.3600000000000 0.0002663525154
-110.0800000000000 0.0002870697760
-110.0800000000000 0.0002870697760
-108.8000000000000 0.0003063087488
-107.5200000000000 0.0003239814760
-107.5200000000000 0.0003239814760
-106.2400000000000 0.0003400159982
-104.9600000000000 0.0003543564902
-104.9600000000000 0.0003543564902
-103.6800000000000 0.0003669621194
-102.4000000000000 0.0003778053157
-102.4000000000000 0.0003778053157
-101.1200000000000 0.0003868707776
-99.8400000000000 0.0003941553422
-99.8400000000000 0.0003941553422
-98.5600000000000 0.0003996676971
-97.2800000000000 0.0004034270527
-97.2800000000000 0.0004034270527
-96.0000000000000 0.0004054612609
-94.7200000000000 0.0004058056636
-94.7200000000000 0.0004058056636
-93.4400000000000 0.0004045028962
-92.1600000000000 0.0004016028141
-92.1600000000000 0.0004016028141
-90.8800000000000 0.0003971619158
-89.6000000000000 0.0003912417628
-89.6000000000000 0.0003912417628
-88.3200000000000 0.0003839066044
-87.0400000000000 0.0003752221380
-87.0400000000000 0.0003752221380
-85.7600000000000 0.0003652566533
-84.4800000000000 0.0003540826649
-84.4800000000000 0.0003540826649
-83.2000000000000 0.0003417761154
-81.9200000000000 0.0003284127992
-81.9200000000000 0.0003284127992
-80.6400000000000 0.0003140650898
-79.3600000000000 0.0002988020387
-79.3600000000000 0.0002988020387
-78.0800000000000 0.0002826921937
-76.8000000000000 0.0002658065920
-76.8000000000000 0.0002658065920
-75.5200000000000 0.0002482197111
-74.2400000000000 0.0002300059527
-74.2400000000000 0.0002300059527
-72.9600000000000 0.0002112318116
-71.6800000000000 0.0001919492643
-71.6800000000000 0.0001919492643
-70.4000000000000 0.0001721990148
-69.1200000000000 0.0001520272366
-69.1200000000000 0.0001520272366
-67.8400000000000 0.0001315023857
-66.5600000000000 0.0001107078824
-66.5600000000000 0.0001107078824
-65.2800000000000 0.0000897078490
-64.0000000000000 0.0000685199680
-64.0000000000000 0.0000685199680
-62.7200000000000 0.0000471342684
-61.4400000000000 0.0000255688748
-61.4400000000000 0.0000255688748
-60.1600000000000 0.0000038984770
-58.8800000000000 -0.0000177899587
-58.8800000000000 -0.0000177899587
-57.6000000000000 -0.0000394682498
-56.3200000000000 -0.0000611736436
-56.3200000000000 -0.0000611736436
-55.0400000000000 -0.0000829350453
-53.7600000000000 -0.0001047106582
-53.7600000000000 -0.0001047106582
-52.4800000000000 -0.0001264219962
-51.2000000000000 -0.0001480402829
-51.2000000000000 -0.0001480402829
-49.9200000000000 -0.0001696073311
-48.6400000000000 -0.0001911649475
-48.6400000000000 -0.0001911649475
-47.3600000000000 -0.0002126930277
-46.0800000000000 -0.0002341410475
-46.0800000000000 -0.0002341410475
-44.8000000000000 -0.0002554999916
-43.5200000000000 -0.0002768082778
-43.5200000000000 -0.0002768082778
-42.2400000000000 -0.0002980974869
-40.9600000000000 -0.0003193633465
-40.9600000000000 -0.0003193633465
-39.6800000000000 -0.0003405926648
-38.4000000000000 -0.0003617994571
-38.4000000000000 -0.0003617994571
-37.7600000000000 -0.0003724044798
-37.1200000000000 -0.0003830139187
-37.1200000000000 -0.0003830139187
-36.4800000000000 -0.0003936294511
-35.8400000000000 -0.0004042528934
-35.8400000000000 -0.0004042528934
-35.8400000000000 -0.0004042528934
-35.2000000000000 -0.0004148858957
-34.5600000000000 -0.0004255297988
-34.5600000000000 -0.0004255297988
-33.9200000000000 -0.0004361862338
-33.2800000000000 -0.0004468570212
-33.2800000000000 -0.0004468570212
-33.2800000000000 -0.0004468570212
-32.6400000000000 -0.0004575440166
-32.0000000000000 -0.0004682535276
-32.0000000000000 -0.0004682535276
-31.3600000000000 -0.0004789916358
-30.7200000000000 -0.0004897572052
-30.7200000000000 -0.0004897572052
-30.7200000000000 -0.0004897572052
-30.0800000000000 -0.0005005484261
-29.4400000000000 -0.0005113674461
-29.4400000000000 -0.0005113674461
-28.8000000000000 -0.0005222204180
-28.1600000000000 -0.0005331124442
-28.1600000000000 -0.0005331124442
-28.1600000000000 -0.0005331124442
-27.5200000000000 -0.0005440443086
-26.8800000000000 -0.0005550153509
-26.8800000000000 -0.0005550153509
-26.2400000000000 -0.0005660283295
-25.6000000000000 -0.0005770892552
-25.6000000000000 -0.0005770892552
-25.6000000000000 -0.0005770892552
-24.9600000000000 -0.0005882024767
-24.3200000000000 -0.0005993681748
-24.3200000000000 -0.0005993681748
-23.6800000000000 -0.0006105852967
-23.0400000000000 -0.0006218548414
-23.0400000000000 -0.0006218548414
-23.0400000000000 -0.0006218548414
-22.7200000000000 -0.0006275099990
-22.4000000000000 -0.0006331789482
-22.4000000000000 -0.0006331789482
-22.0800000000000 -0.0006388617596
-21.7600000000000 -0.0006445583580
-21.7600000000000 -0.0006445583580
-21.7600000000000 -0.0006445583580
-21.4400000000000 -0.0006502686549
-21.1200000000000 -0.0006559927179
-21.1200000000000 -0.0006559927179
-20.8000000000000 -0.0006617306199
-20.4800000000000 -0.0006674825396
-20.4800000000000 -0.0006674825396
-20.4800000000000 -0.0006674825396
-20.4800000000000 -0.0006674825396
-20.1600000000000 -0.0006732486213
-19.8400000000000 -0.0006790289812
-19.8400000000000 -0.0006790289812
-19.5200000000000 -0.0006848236340
-19.2000000000000 -0.0006906322328
-19.2000000000000 -0.0006906322328
-19.2000000000000 -0.0006906322328
-18.8800000000000 -0.0006964543131
-18.5600000000000 -0.0007022892112
-18.5600000000000 -0.0007022892112
-18.2400000000000 -0.0007081361279
-17.9200000000000 -0.0007139941938
-17.9200000000000 -0.0007139941938
-17.9200000000000 -0.0007139941938
-17.9200000000000 -0.0007139941938
-17.6000000000000 -0.0007198624820
-17.2800000000000 -0.0007257399564
-17.2800000000000 -0.0007257399564
-16.9600000000000 -0.0007316254226
-16.6400000000000 -0.0007375175471
-16.6400000000000 -0.0007375175471
-16.6400000000000 -0.0007375175471
-16.3200000000000 -0.0007434149195
-16.0000000000000 -0.0007493160794
-16.0000000000000 -0.0007493160794
-15.6800000000000 -0.0007552194779
-15.5200000000000 -0.0007581714916
-15.3600000000000 -0.0007611234115
-15.3600000000000 -0.0007611234115
-15.3600000000000 -0.0007611234115
-15.3600000000000 -0.0007611234115
-15.3600000000000 -0.0007611234115
-15.2000000000000 -0.0007640749914
-15.0400000000000 -0.0007670259715
-15.0400000000000 -0.0007670259715
-14.8800000000000 -0.0007699760706
-14.7200000000000 -0.0007729249844
-14.7200000000000 -0.0007729249844
-14.7200000000000 -0.0007729249844
-14.5600000000000 -0.0007758723813
-14.4000000000000 -0.0007788178914
-14.4000000000000 -0.0007788178914
-14.2400000000000 -0.0007817611121
-14.0800000000000 -0.0007847016077
-14.0800000000000 -0.0007847016077
-14.0800000000000 -0.0007847016077
-14.0800000000000 -0.0007847016077
-13.9200000000000 -0.0007876389114
-13.7600000000000 -0.0007905724992
-13.7600000000000 -0.0007905724992
-13.6000000000000 -0.0007935018310
-13.4400000000000 -0.0007964263375
-13.4400000000000 -0.0007964263375
-13.4400000000000 -0.0007964263375
-13.2800000000000 -0.0007993454194
-13.1200000000000 -0.0008022584459
-13.1200000000000 -0.0008022584459
-12.9600000000000 -0.0008051647507
-12.8000000000000 -0.0008080636277
-12.8000000000000 -0.0008080636277
-12.8000000000000 -0.0008080636277
-12.8000000000000 -0.0008080636277
-12.8000000000000 -0.0008080636277
-12.6400000000000 -0.0008109543275
-12.4800000000000 -0.0008138360527
-12.4800000000000 -0.0008138360527
-12.3200000000000 -0.0008167079552
-12.1600000000000 -0.0008195691311
-12.1600000000000 -0.0008195691311
-12.1600000000000 -0.0008195691311
-12.0000000000000 -0.0008224186167
-11.8400000000000 -0.0008252553825
-11.8400000000000 -0.0008252553825
-11.6800000000000 -0.0008280783281
-11.5200000000000 -0.0008308862747
-11.5200000000000 -0.0008308862747
-11.5200000000000 -0.0008308862747
-11.5200000000000 -0.0008308862747
-11.3600000000000 -0.0008336779590
-11.2000000000000 -0.0008364520279
-11.2000000000000 -0.0008364520279
-11.0400000000000 -0.0008392070354
-10.8800000000000 -0.0008419414431
-10.8800000000000 -0.0008419414431
-10.8800000000000 -0.0008419414431
-10.8000000000000 -0.0008433004157
-10.7200000000000 -0.0008446536194
-10.7200000000000 -0.0008446536194
-10.6400000000000 -0.0008460008355
-10.5600000000000 -0.0008473418392
-10.5600000000000 -0.0008473418392
-10.5600000000000 -0.0008473418392
-10.4800000000000 -0.0008486763994
-10.4000000000000 -0.0008500042780
-10.4000000000000 -0.0008500042780
-10.3200000000000 -0.0008513252297
-10.2400000000000 -0.0008526390016
-10.2400000000000 -0.0008526390016
-10.2400000000000 -0.0008526390016
-10.2400000000000 -0.0008526390016
-10.2400000000000 -0.0008526390016
-10.2400000000000 -0.0008526390016
-10.1600000000000 -0.0008539453322
-10.0800000000000 -0.0008552439523
-10.0800000000000 -0.0008552439523
-10.0000000000000 -0.0008565345836
-9.9200000000000 -0.0008578169345
-9.9200000000000 -0.0008578169345
-9.9200000000000 -0.0008578169345
-9.8400000000000 -0.0008590907046
-9.7600000000000 -0.0008603555825
-9.7600000000000 -0.0008603555825
-9.6800000000000 -0.0008616112448
-9.6000000000000 -0.0008628573558
-9.6000000000000 -0.0008628573558
-9.6000000000000 -0.0008628573558
-9.6000000000000 -0.0008628573558
-9.5200000000000 -0.0008640935668
-9.4400000000000 -0.0008653195160
-9.4400000000000 -0.0008653195160
-9.3600000000000 -0.0008665348275
-9.2800000000000 -0.0008677391110
-9.2800000000000 -0.0008677391110
-9.2800000000000 -0.0008677391110
-9.2000000000000 -0.0008689319612
-9.1200000000000 -0.0008701129573
-9.1200000000000 -0.0008701129573
-9.0400000000000 -0.0008712816620
-8.9600000000000 -0.0008724376211
-8.9600000000000 -0.0008724376211
-8.9600000000000 -0.0008724376211
-8.9600000000000 -0.0008724376211
-8.9600000000000 -0.0008724376211
-8.8800000000000 -0.0008735803626
-8.8000000000000 -0.0008747093957
-8.8000000000000 -0.0008747093957
-8.7200000000000 -0.0008758242102
-8.6400000000000 -0.0008769242756
-8.6400000000000 -0.0008769242756
-8.6400000000000 -0.0008769242756
-8.5600000000000 -0.0008780090403
-8.4800000000000 -0.0008790779307
-8.4800000000000 -0.0008790779307
-8.4000000000000 -0.0008801303505
-8.3200000000000 -0.0008811656800
-8.3200000000000 -0.0008811656800
-8.3200000000000 -0.0008811656800
-8.3200000000000 -0.0008811656800
-8.2400000000000 -0.0008821832749
-8.1600000000000 -0.0008831824663
-8.1600000000000 -0.0008831824663
-8.0800000000000 -0.0008841625587
-8.0000000000000 -0.0008851228299
-8.0000000000000 -0.0008851228299
-8.0000000000000 -0.0008851228299
-7.9200000000000 -0.0008860625294
-7.8400000000000 -0.0008869808772
-7.8400000000000 -0.0008869808772
-7.7600000000000 -0.0008878770624
-7.6800000000000 -0.0008887502411
-7.6800000000000 -0.0008887502411
-7.6800000000000 -0.0008887502411
-7.6800000000000 -0.0008887502411
-7.6800000000000 -0.0008887502411
-7.6800000000000 -0.0008887502411
-7.6000000000000 -0.0008895995351
-7.5200000000000 -0.0008904240289
-7.5200000000000 -0.0008904240289
-7.4400000000000 -0.0008912227683
-7.3600000000000 -0.0008919947570
-7.3600000000000 -0.0008919947570
-7.3600000000000 -0.0008919947570
-7.2800000000000 -0.0008927389547
-7.2000000000000 -0.0008934542740
-7.2000000000000 -0.0008934542740
-7.1200000000000 -0.0008941395776
-7.0400000000000 -0.0008947936758
-7.0400000000000 -0.0008947936758
-7.0400000000000 -0.0008947936758
-7.0400000000000 -0.0008947936758
-6.9600000000000 -0.0008954153234
-6.8800000000000 -0.0008960032172
-6.8800000000000 -0.0008960032172
-6.8000000000000 -0.0008965559927
-6.7200000000000 -0.0008970722212
-6.7200000000000 -0.0008970722212
-6.7200000000000 -0.0008970722212
-6.6400000000000 -0.0008975504070
-6.5600000000000 -0.0008979889838
-6.5600000000000 -0.0008979889838
-6.4800000000000 -0.0008983863111
-6.4000000000000 -0.0008987406709
-6.4000000000000 -0.0008987406709
-6.4000000000000 -0.0008987406709
-6.4000000000000 -0.0008987406709
-6.4000000000000 -0.0008987406709
-6.3600000000000 -0.0008989011789
-6.3200000000000 -0.0008990502636
-6.3200000000000 -0.0008990502636
-6.2800000000000 -0.0008991876864
-6.2400000000000 -0.0008993132033
-6.2400000000000 -0.0008993132033
-6.2400000000000 -0.0008993132033
-6.2000000000000 -0.0008994265644
-6.1600000000000 -0.0008995275139
-6.1600000000000 -0.0008995275139
-6.1200000000000 -0.0008996157896
-6.0800000000000 -0.0008996911232
-6.0800000000000 -0.0008996911232
-6.0800000000000 -0.0008996911232
-6.0800000000000 -0.0008996911232
-6.0400000000000 -0.0008997532399
-6.0000000000000 -0.0008998018583
-6.0000000000000 -0.0008998018583
-5.9600000000000 -0.0008998366901
-5.9200000000000 -0.0008998574397
-5.9200000000000 -0.0008998574397
-5.9200000000000 -0.0008998574397
-5.8800000000000 -0.0008998638041
-5.8400000000000 -0.0008998554731
-5.8400000000000 -0.0008998554731
-5.8000000000000 -0.0008998321286
-5.7600000000000 -0.0008997934445
-5.7600000000000 -0.0008997934445
-5.7600000000000 -0.0008997934445
-5.7600000000000 -0.0008997934445
-5.7600000000000 -0.0008997934445
-5.7200000000000 -0.0008997390867
-5.6800000000000 -0.0008996687122
-5.6800000000000 -0.0008996687122
-5.6400000000000 -0.0008995819695
-5.6000000000000 -0.0008994784979
-5.6000000000000 -0.0008994784979
-5.6000000000000 -0.0008994784979
-5.5600000000000 -0.0008993579274
-5.5200000000000 -0.0008992198783
-5.5200000000000 -0.0008992198783
-5.4800000000000 -0.0008990639608
-5.4400000000000 -0.0008988897750
-5.4400000000000 -0.0008988897750
-5.4400000000000 -0.0008988897750
-5.4400000000000 -0.0008988897750
-5.4000000000000 -0.0008986969098
-5.3600000000000 -0.0008984849436
-5.3600000000000 -0.0008984849436
-5.3200000000000 -0.0008982534429
-5.2800000000000 -0.0008980019624
-5.2800000000000 -0.0008980019624
-5.2800000000000 -0.0008980019624
-5.2400000000000 -0.0008977300448
-5.2000000000000 -0.0008974372197
-5.2000000000000 -0.0008974372197
-5.1600000000000 -0.0008971230038
-5.1200000000000 -0.0008967871877
-5.1200000000000 -0.0008967871877
-5.1200000000000 -0.0008967869001
-5.1200000000000 -0.0008967869001
-5.1200000000000 -0.0008967869001
-5.1200000000000 -0.0008967869001
-5.1200000000000 -0.0008967869001
-5.0800000000000 -0.0008964283974
-5.0400000000000 -0.0008960469700
-5.0400000000000 -0.0008960469700
-5.0000000000000 -0.0008956420772
-4.9600000000000 -0.0008952131623
-4.9600000000000 -0.0008952131623
-4.9600000000000 -0.0008952131623
-4.9200000000000 -0.0008947596528
-4.8800000000000 -0.0008942809592
-4.8800000000000 -0.0008942809592
-4.8400000000000 -0.0008937764745
-4.8000000000000 -0.0008932455741
-4.8000000000000 -0.0008932455741
-4.8000000000000 -0.0008932455741
-4.8000000000000 -0.0008932455741
-4.7600000000000 -0.0008926876144
-4.7200000000000 -0.0008921019325
-4.7200000000000 -0.0008921019325
-4.6800000000000 -0.0008914878458
-4.6400000000000 -0.0008908446507
-4.6400000000000 -0.0008908446507
-4.6400000000000 -0.0008908446507
-4.6000000000000 -0.0008901716221
-4.5600000000000 -0.0008894680127
-4.5600000000000 -0.0008894680127
-4.5200000000000 -0.0008887330523
-4.4800000000000 -0.0008879659464
-4.4800000000000 -0.0008879659464
-4.4800000000000 -0.0008879659464
-4.4800000000000 -0.0008879659464
-4.4800000000000 -0.0008879659464
-4.4400000000000 -0.0008871658759
-4.4000000000000 -0.0008863319959
-4.4000000000000 -0.0008863319959
-4.3600000000000 -0.0008854634348
-4.3200000000000 -0.0008845592933
-4.3200000000000 -0.0008845592933
-4.3200000000000 -0.0008845592933
-4.2800000000000 -0.0008836186431
-4.2400000000000 -0.0008826405263
-4.2400000000000 -0.0008826405263
-4.2000000000000 -0.0008816239537
-4.1800000000000 -0.0008811009286
-4.1600000000000 -0.0008805679040
-4.1600000000000 -0.0008805679040
-4.1600000000000 -0.0008805679040
-4.1600000000000 -0.0008805679040
-4.1600000000000 -0.0008805679040
-4.1400000000000 -0.0008800247468
-4.1200000000000 -0.0008794713221
-4.1200000000000 -0.0008794713221
-4.1000000000000 -0.0008789074924
-4.0800000000000 -0.0008783331182
-4.0800000000000 -0.0008783331182
-4.0800000000000 -0.0008783331182
-4.0600000000000 -0.0008777480575
-4.0400000000000 -0.0008771521660
-4.0400000000000 -0.0008771521660
-4.0200000000000 -0.0008765452971
-4.0000000000000 -0.0008759273017
-4.0000000000000 -0.0008759273017
-4.0000000000000 -0.0008759273017
-4.0000000000000 -0.0008759273017
-3.9800000000000 -0.0008752980280
-3.9600000000000 -0.0008746573219
-3.9600000000000 -0.0008746573219
-3.9400000000000 -0.0008740050265
-3.9200000000000 -0.0008733409822
-3.9200000000000 -0.0008733409822
-3.9200000000000 -0.0008733409822
-3.9000000000000 -0.0008726650268
-3.8800000000000 -0.0008719769954
-3.8800000000000 -0.0008719769954
-3.8600000000000 -0.0008712767200
-3.8400000000000 -0.0008705640298
-3.8400000000000 -0.0008705640298
-3.8400000000000 -0.0008705640298
-3.8400000000000 -0.0008705640298
-3.8400000000000 -0.0008705640298
-3.8400000000000 -0.0008705640298
-3.8400000000000 -0.0008705640298
-3.8200000000000 -0.0008698387511
-3.8000000000000 -0.0008691007072
-3.8000000000000 -0.0008691007072
-3.7800000000000 -0.0008683497181
-3.7600000000000 -0.0008675856008
-3.7600000000000 -0.0008675856008
-3.7600000000000 -0.0008675856008
-3.7400000000000 -0.0008668081689
-3.7200000000000 -0.0008660172330
-3.7200000000000 -0.0008660172330
-3.7000000000000 -0.0008652125999
-3.6800000000000 -0.0008643940732
-3.6800000000000 -0.0008643940732
-3.6800000000000 -0.0008643940732
-3.6800000000000 -0.0008643940732
-3.6600000000000 -0.0008635614530
-3.6400000000000 -0.0008627145355
-3.6400000000000 -0.0008627145355
-3.6200000000000 -0.0008618531135
-3.6000000000000 -0.0008609769758
-3.6000000000000 -0.0008609769758
-3.6000000000000 -0.0008609769758
-3.5800000000000 -0.0008600859075
-3.5600000000000 -0.0008591796895
-3.5600000000000 -0.0008591796895
-3.5400000000000 -0.0008582580988
-3.5200000000000 -0.0008573209081
-3.5200000000000 -0.0008573209081
-3.5200000000000 -0.0008573209081
-3.5200000000000 -0.0008573209081
-3.5200000000000 -0.0008573209081
-3.5000000000000 -0.0008563678861
-3.4800000000000 -0.0008553987969
-3.4800000000000 -0.0008553987969
-3.4600000000000 -0.0008544134002
-3.4400000000000 -0.0008534114511
-3.4400000000000 -0.0008534114511
-3.4400000000000 -0.0008534114511
-3.4200000000000 -0.0008523927001
-3.4000000000000 -0.0008513568928
-3.4000000000000 -0.0008513568928
-3.3800000000000 -0.0008503037701
-3.3600000000000 -0.0008492330675
-3.3600000000000 -0.0008492330675
-3.3600000000000 -0.0008492330675
-3.3600000000000 -0.0008492330675
-3.3400000000000 -0.0008481445156
-3.3200000000000 -0.0008470378397
-3.3200000000000 -0.0008470378397
-3.3000000000000 -0.0008459127597
-3.2800000000000 -0.0008447689898
-3.2800000000000 -0.0008447689898
-3.2800000000000 -0.0008447689898
-3.2600000000000 -0.0008436062386
-3.2400000000000 -0.0008424242090
-3.2400000000000 -0.0008424242090
-3.2200000000000 -0.0008412225975
-3.2000000000000 -0.0008400010950
-3.2000000000000 -0.0008400010950
-3.2000000000000 -0.0008400010950
-3.2000000000000 -0.0008400010950
-3.2000000000000 -0.0008400010950
-3.2000000000000 -0.0008400010950
-3.1800000000000 -0.0008387593857
-3.1600000000000 -0.0008374971476
-3.1600000000000 -0.0008374971476
-3.1400000000000 -0.0008362140518
-3.1200000000000 -0.0008349097628
-3.1200000000000 -0.0008349097628
-3.1200000000000 -0.0008349097628
-3.1000000000000 -0.0008335839382
-3.0800000000000 -0.0008322362283
-3.0800000000000 -0.0008322362283
-3.0600000000000 -0.0008308662759
-3.0400000000000 -0.0008294737165
-3.0400000000000 -0.0008294737165
-3.0400000000000 -0.0008294737165
-3.0400000000000 -0.0008294737165
-3.0200000000000 -0.0008280581779
-3.0000000000000 -0.0008266192796
-3.0000000000000 -0.0008266192796
-2.9800000000000 -0.0008251566332
-2.9600000000000 -0.0008236698418
-2.9600000000000 -0.0008236698418
-2.9600000000000 -0.0008236698418
-2.9400000000000 -0.0008221584999
-2.9200000000000 -0.0008206221930
-2.9200000000000 -0.0008206221930
-2.9000000000000 -0.0008190604977
-2.8800000000000 -0.0008174729810
-2.8800000000000 -0.0008174729810
-2.8800000000000 -0.0008174729810
-2.8800000000000 -0.0008174729810
-2.8800000000000 -0.0008174729810
-2.8600000000000 -0.0008158592003
-2.8400000000000 -0.0008142187032
-2.8400000000000 -0.0008142187032
-2.8200000000000 -0.0008125510269
-2.8000000000000 -0.0008108556982
-2.8000000000000 -0.0008108556982
-2.8000000000000 -0.0008108556982
-2.7800000000000 -0.0008091322331
-2.7600000000000 -0.0008073801363
-2.7600000000000 -0.0008073801363
-2.7400000000000 -0.0008055989013
-2.7200000000000 -0.0008037880095
-2.7200000000000 -0.0008037880095
-2.7200000000000 -0.0008037880095
-2.7200000000000 -0.0008037880095
-2.7000000000000 -0.0008019469305
-2.6800000000000 -0.0008000751211
-2.6800000000000 -0.0008000751211
-2.6600000000000 -0.0007981720253
-2.6400000000000 -0.0007962370737
-2.6400000000000 -0.0007962370737
-2.6400000000000 -0.0007962370737
-2.6200000000000 -0.0007942696833
-2.6000000000000 -0.0007922692570
-2.6000000000000 -0.0007922692570
-2.5800000000000 -0.0007902351831
-2.5600000000000 -0.0007881674705
-2.5600000000000 -0.0007881668348
-2.5600000000000 -0.0007881668348
-2.5600000000000 -0.0007881668348
-2.5600000000000 -0.0007881674705
-2.5600000000000 -0.0007881668348
-2.5600000000000 -0.0007881674705
-2.5600000000000 -0.0007881668348
-2.5400000000000 -0.0007860635700
-2.5200000000000 -0.0007839247303
-2.5200000000000 -0.0007839247303
-2.5000000000000 -0.0007817496411
-2.4800000000000 -0.0007795376105
-2.4800000000000 -0.0007795376105
-2.4800000000000 -0.0007795376105
-2.4600000000000 -0.0007772879293
-2.4400000000000 -0.0007749998700
-2.4400000000000 -0.0007749998700
-2.4200000000000 -0.0007726726861
-2.4000000000000 -0.0007703056122
-2.4000000000000 -0.0007703056122
-2.4000000000000 -0.0007703056122
-2.4000000000000 -0.0007703056122
-2.3800000000000 -0.0007678978624
-2.3600000000000 -0.0007654486304
-2.3600000000000 -0.0007654486304
-2.3400000000000 -0.0007629570883
-2.3200000000000 -0.0007604223861
-2.3200000000000 -0.0007604223861
-2.3200000000000 -0.0007604223861
-2.3000000000000 -0.0007578436508
-2.2800000000000 -0.0007552199858
-2.2800000000000 -0.0007552199858
-2.2600000000000 -0.0007525504698
-2.2400000000000 -0.0007498341560
-2.2400000000000 -0.0007498341560
-2.2400000000000 -0.0007498341560
-2.2400000000000 -0.0007498341560
-2.2400000000000 -0.0007498341560
-2.2200000000000 -0.0007470700714
-2.2000000000000 -0.0007442572156
-2.2000000000000 -0.0007442572156
-2.1800000000000 -0.0007413945597
-2.1600000000000 -0.0007384810456
-2.1600000000000 -0.0007384810456
-2.1600000000000 -0.0007384810456
-2.1400000000000 -0.0007355155846
-2.1200000000000 -0.0007324970565
-2.1200000000000 -0.0007324970565
-2.1000000000000 -0.0007294243081
-2.0800000000000 -0.0007262961520
-2.0800000000000 -0.0007262961520
-2.0800000000000 -0.0007262961520
-2.0800000000000 -0.0007262961520
-2.0600000000000 -0.0007231113656
-2.0400000000000 -0.0007198686893
-2.0400000000000 -0.0007198686893
-2.0200000000000 -0.0007165668251
-2.0000000000000 -0.0007132044353
-2.0000000000000 -0.0007132044353
-2.0000000000000 -0.0007132044353
-1.9800000000000 -0.0007097801407
-1.9600000000000 -0.0007062925188
-1.9600000000000 -0.0007062925188
-1.9400000000000 -0.0007027401023
-1.9200000000000 -0.0006991213771
-1.9200000000000 -0.0006991213771
-1.9200000000000 -0.0006991213771
-1.9200000000000 -0.0006991213771
-1.9200000000000 -0.0006991213771
-1.9200000000000 -0.0006991213771
-1.9000000000000 -0.0006954347800
-1.8800000000000 -0.0006916786974
-1.8800000000000 -0.0006916786974
-1.8600000000000 -0.0006878514621
-1.8400000000000 -0.0006839513519
-1.8400000000000 -0.0006839513519
-1.8400000000000 -0.0006839513519
-1.8200000000000 -0.0006799765866
-1.8000000000000 -0.0006759253256
-1.8000000000000 -0.0006759253256
-1.7800000000000 -0.0006717956652
-1.7600000000000 -0.0006675856358
-1.7600000000000 -0.0006675856358
-1.7600000000000 -0.0006675856358
-1.7600000000000 -0.0006675856358
-1.7400000000000 -0.0006632931986
-1.7200000000000 -0.0006589162430
-1.7200000000000 -0.0006589162430
-1.7000000000000 -0.0006544525823
-1.6800000000000 -0.0006498999510
-1.6800000000000 -0.0006498999510
-1.6800000000000 -0.0006498999510
-1.6600000000000 -0.0006452560004
-1.6400000000000 -0.0006405182949
-1.6400000000000 -0.0006405182949
-1.6200000000000 -0.0006356843075
-1.6000000000000 -0.0006307514155
-1.6000000000000 -0.0006307514155
-1.6000000000000 -0.0006307514155
-1.6000000000000 -0.0006307514155
-1.6000000000000 -0.0006307514155
-1.5800000000000 -0.0006257168953
-1.5600000000000 -0.0006205779176
-1.5600000000000 -0.0006205779176
-1.5400000000000 -0.0006153315420
-1.5200000000000 -0.0006099747106
-1.5200000000000 -0.0006099747106
-1.5200000000000 -0.0006099747106
-1.5000000000000 -0.0006045042426
-1.4800000000000 -0.0005989168270
-1.4800000000000 -0.0005989168270
-1.4600000000000 -0.0005932090159
-1.4400000000000 -0.0005873772168
-1.4400000000000 -0.0005873772333
-1.4400000000000 -0.0005873772168
-1.4400000000000 -0.0005873772168
-1.4200000000000 -0.0005814176848
-1.4000000000000 -0.0005753265134
-1.4000000000000 -0.0005753265134
-1.3800000000000 -0.0005690996260
-1.3600000000000 -0.0005627327652
-1.3600000000000 -0.0005627327652
-1.3600000000000 -0.0005627327652
-1.3400000000000 -0.0005562214829
-1.3200000000000 -0.0005495611282
-1.3200000000000 -0.0005495611282
-1.3000000000000 -0.0005427468356
-1.2800000000000 -0.0005357735116
-1.2800000000000 -0.0005357735116
-1.2800000000000 -0.0005357735116
-1.2800000000000 -0.0005357735116
-1.2800000000000 -0.0005357735116
-1.2800000000000 -0.0005357735116
-1.2800000000000 -0.0005357735116
-1.2600000000000 -0.0005286358203
-1.2400000000000 -0.0005213281683
-1.2400000000000 -0.0005213281683
-1.2200000000000 -0.0005138446880
-1.2000000000000 -0.0005061792196
-1.2000000000000 -0.0005061792196
-1.2000000000000 -0.0005061792196
-1.1800000000000 -0.0004983252916
-1.1600000000000 -0.0004902761001
-1.1600000000000 -0.0004902761001
-1.1400000000000 -0.0004820244854
-1.1200000000000 -0.0004735629078
-1.1200000000000 -0.0004735629078
-1.1200000000000 -0.0004735629078
-1.1200000000000 -0.0004735629078
-1.1000000000000 -0.0004648834199
-1.0800000000000 -0.0004559776378
-1.0800000000000 -0.0004559776378
-1.0600000000000 -0.0004468367084
-1.0400000000000 -0.0004374512745
-1.0400000000000 -0.0004374512745
-1.0400000000000 -0.0004374512745
-1.0200000000000 -0.0004278114361
-1.0000000000000 -0.0004179067083
-1.0000000000000 -0.0004179067083
-0.9800000000000 -0.0004077259745
-0.9600000000000 -0.0003972574356
-0.9600000000000 -0.0003972574356
-0.9600000000000 -0.0003972574356
-0.9600000000000 -0.0003972574356
-0.9600000000000 -0.0003972574356
-0.9400000000000 -0.0003864885533
-0.9200000000000 -0.0003754059877
-0.9200000000000 -0.0003754059877
-0.9000000000000 -0.0003639955280
-0.8800000000000 -0.0003522420163
-0.8800000000000 -0.0003522420163
-0.8800000000000 -0.0003522420163
-0.8600000000000 -0.0003401292615
-0.8400000000000 -0.0003276399444
-0.8400000000000 -0.0003276399444
-0.8200000000000 -0.0003147555112
-0.8000000000000 -0.0003014560543
-0.8000000000000 -0.0003014560543
-0.8000000000000 -0.0003014560543
-0.8000000000000 -0.0003014560543
-0.7800000000000 -0.0002877201779
-0.7600000000000 -0.0002735248474
-0.7600000000000 -0.0002735248474
-0.7400000000000 -0.0002588452182
-0.7200000000000 -0.0002436544425
-0.7200000000000 -0.0002436544425
-0.7200000000000 -0.0002436544425
-0.7000000000000 -0.0002279234488
-0.6800000000000 -0.0002116206914
-0.6800000000000 -0.0002116206914
-0.6600000000000 -0.0001947118618
-0.6400000000000 -0.0001771595589
-0.6400000000000 -0.0001771595589
-0.6400000000000 -0.0001771595589
-0.6400000000000 -0.0001771595589
-0.6400000000000 -0.0001771595589
-0.6400000000000 -0.0001771595589
-0.6200000000000 -0.0001589229064
-0.6000000000000 -0.0001399571110
-0.6000000000000 -0.0001399571110
-0.5800000000000 -0.0001202129468
-0.5600000000000 -0.0000996361524
-0.5600000000000 -0.0000996361524
-0.5600000000000 -0.0000996361524
-0.5400000000000 -0.0000781667220
-0.5200000000000 -0.0000557380668
-0.5200000000000 -0.0000557380668
-0.5000000000000 -0.0000322760173
-0.4800000000000 -0.0000076976294
-0.4800000000000 -0.0000076976294
-0.4800000000000 -0.0000076976294
-0.4800000000000 -0.0000076976294
-0.4600000000000 0.0000180902554
-0.4400000000000 0.0000451927577
-0.4400000000000 0.0000451927577
-0.4200000000000 0.0000737290985
-0.4000000000000 0.0001038352395
-0.4000000000000 0.0001038352395
-0.4000000000000 0.0001038352395
-0.3800000000000 0.0001356671703
-0.3600000000000 0.0001694050474
-0.3600000000000 0.0001694050474
-0.3400000000000 0.0002052584741
-0.3200000000000 0.0002434732829
-0.3200000000000 0.0002434732829
-0.3200000000000 0.0002434732829
-0.3200000000000 0.0002434732829
-0.3200000000000 0.0002434732829
-0.3000000000000 0.0002843403397
-0.2800000000000 0.0003282076183
-0.2800000000000 0.0003282076183
-0.2600000000000 0.0003754965923
-0.2400000000000 0.0004267212594
-0.2400000000000 0.0004267212594
-0.2400000000000 0.0004267212594
-0.2200000000000 0.0004825199411
-0.2000000000000 0.0005437254575
-0.2000000000000 0.0005437254575
-0.1800000000000 0.0006113944586
-0.1600000000000 0.0006867559526
-0.1600000000000 0.0006867559526
-0.1600000000000 0.0006867559526
-0.1600000000000 0.0006867559526
-0.1400000000000 0.0007718272393
-0.1200000000000 0.0008703943531
-0.1200000000000 0.0008703943531
-0.1000000000000 0.0009849050232
-0.0800000000000 0.0011149792547
-0.0800000000000 0.0011149792547
-0.0800000000000 0.0011149792547
-0.0600000000000 0.0012808255214
-0.0400000000000 0.0015327434079
-0.0400000000000 0.0015327434079
-0.0200000000000 0.0018410718570
0.0000000000000 0.0019995688300
0.0000000000000 0.0019995688300
0.0000000000000 0.0019995688300
0.0000000000000 0.0019995688300
0.0000000000000 0.0019995688300
0.0000000000000 0.0019995688300
0.0000000000000 0.0019995688300
0.0000000000000 0.0019995688300
0.0200000000000 0.0018502649512
0.0400000000000 0.0015400808731
0.0400000000000 0.0015400808731
0.0600000000000 0.0012834014535
0.0800000000000 0.0011158140392
0.0800000000000 0.0011158140392
0.0800000000000 0.0011158140392
0.1000000000000 0.0009856478303
0.1200000000000 0.0008709732989
0.1200000000000 0.0008709732989
0.1400000000000 0.0007721738475
0.1600000000000 0.0006869859227
0.1600000000000 0.0006869859227
0.1600000000000 0.0006869859227
0.1600000000000 0.0006869859227
0.1800000000000 0.0006115642074
0.2000000000000 0.0005438468677
0.2000000000000 0.0005438468677
0.2200000000000 0.0004826053396
0.2400000000000 0.0004267814283
0.2400000000000 0.0004267814283
0.2400000000000 0.0004267814283
0.2600000000000 0.0003755380107
0.2800000000000 0.0003282347328
0.2800000000000 0.0003282347328
0.3000000000000 0.0002843565249
0.3200000000000 0.0002434810319
0.3200000000000 0.0002434810319
0.3200000000000 0.0002434810319
0.3200000000000 0.0002434810319
0.3200000000000 0.0002434810319
0.3400000000000 0.0002052596478
0.3600000000000 0.0001694010684
0.3600000000000 0.0001694010684
0.3800000000000 0.0001356591381
0.4000000000000 0.0001038240117
0.4000000000000 0.0001038240117
0.4000000000000 0.0001038240117
0.4200000000000 0.0000737153506
0.4400000000000 0.0000451770262
0.4400000000000 0.0000451770262
0.4600000000000 0.0000180729694
0.4800000000000 -0.0000077161247
0.4800000000000 -0.0000077161247
0.4800000000000 -0.0000077161247
0.4800000000000 -0.0000077161247
0.5000000000000 -0.0000322954423
0.5200000000000 -0.0000557581943
0.5200000000000 -0.0000557581943
0.5400000000000 -0.0000781873667
0.5600000000000 -0.0000996571626
0.5600000000000 -0.0000996571626
0.5600000000000 -0.0000996571626
0.5800000000000 -0.0001202341978
0.6000000000000 -0.0001399785004
0.6000000000000 -0.0001399785004
0.6200000000000 -0.0001589443497
0.6400000000000 -0.0001771809867
0.6400000000000 -0.0001771809867
0.6400000000000 -0.0001771809867
0.6400000000000 -0.0001771809867
0.6400000000000 -0.0001771809867
0.6400000000000 -0.0001771809867
0.6600000000000 -0.0001947332170
0.6800000000000 -0.0002116419267
0.6800000000000 -0.0002116419267
0.7000000000000 -0.0002279445258
0.7200000000000 -0.0002436753295
0.7200000000000 -0.0002436753295
0.7200000000000 -0.0002436753295
0.7400000000000 -0.0002588658895
0.7600000000000 -0.0002735452823
0.7600000000000 -0.0002735452823
0.7800000000000 -0.0002877403597
0.8000000000000 -0.0003014759698
0.8000000000000 -0.0003014759698
0.8000000000000 -0.0003014759698
0.8000000000000 -0.0003014759698
0.8200000000000 -0.0003147751502
0.8400000000000 -0.0003276592991
0.8400000000000 -0.0003276592991
0.8600000000000 -0.0003401483263
0.8800000000000 -0.0003522607873
0.8800000000000 -0.0003522607873
0.8800000000000 -0.0003522607873
0.9000000000000 -0.0003640140027
0.9200000000000 -0.0003754241649
0.9200000000000 -0.0003754241649
0.9400000000000 -0.0003865064329
0.9600000000000 -0.0003972750184
0.9600000000000 -0.0003972750184
0.9600000000000 -0.0003972750184
0.9600000000000 -0.0003972750184
0.9600000000000 -0.0003972750184
0.9800000000000 -0.0004077432620
1.0000000000000 -0.0004179237025
1.0000000000000 -0.0004179237025
1.0200000000000 -0.0004278281398
1.0400000000000 -0.0004374676906
1.0400000000000 -0.0004374676931
1.0400000000000 -0.0004374676906
1.0600000000000 -0.0004468528404
1.0800000000000 -0.0004559934894
1.0800000000000 -0.0004559934894
1.1000000000000 -0.0004648989950
1.1200000000000 -0.0004735782105
1.1200000000000 -0.0004735782122
1.1200000000000 -0.0004735782122
1.1200000000000 -0.0004735782105
1.1400000000000 -0.0004820395200
1.1600000000000 -0.0004902908709
1.1600000000000 -0.0004902908709
1.1800000000000 -0.0004983398031
1.2000000000000 -0.0005061934762
1.2000000000000 -0.0005061934775
1.2000000000000 -0.0005061934762
1.2200000000000 -0.0005138586943
1.2400000000000 -0.0005213419288
1.2400000000000 -0.0005213419288
1.2600000000000 -0.0005286493394
1.2800000000000 -0.0005357867948
1.2800000000000 -0.0005357867938
1.2800000000000 -0.0005357867948
1.2800000000000 -0.0005357867938
1.2800000000000 -0.0005357867948
1.2800000000000 -0.0005357867948
1.2800000000000 -0.0005357867948
1.3000000000000 -0.0005427598855
1.3200000000000 -0.0005495739502
1.3200000000000 -0.0005495739502
1.3400000000000 -0.0005562340813
1.3600000000000 -0.0005627451444
1.3600000000000 -0.0005627451444
1.3600000000000 -0.0005627451451
1.3800000000000 -0.0005691117902
1.4000000000000 -0.0005753384669
1.4000000000000 -0.0005753384669
1.4200000000000 -0.0005814294316
1.4400000000000 -0.0005873887617
1.4400000000000 -0.0005873887617
1.4400000000000 -0.0005873887612
1.4400000000000 -0.0005873887612
1.4600000000000 -0.0005932203617
1.4800000000000 -0.0005989279782
1.4800000000000 -0.0005989279782
1.5000000000000 -0.0006045152030
1.5200000000000 -0.0006099854841
1.5200000000000 -0.0006099854845
1.5200000000000 -0.0006099854841
1.5400000000000 -0.0006153421322
1.5600000000000 -0.0006205883282
1.5600000000000 -0.0006205883282
1.5800000000000 -0.0006257271297
1.6000000000000 -0.0006307614776
1.6000000000000 -0.0006307614776
1.6000000000000 -0.0006307614776
1.6000000000000 -0.0006307614773
1.6000000000000 -0.0006307614773
1.6200000000000 -0.0006356942002
1.6400000000000 -0.0006405280217
1.6400000000000 -0.0006405280217
1.6600000000000 -0.0006452655646
1.6800000000000 -0.0006499093560
1.6800000000000 -0.0006499093558
1.6800000000000 -0.0006499093558
1.7000000000000 -0.0006544618308
1.7200000000000 -0.0006589253383
1.7200000000000 -0.0006589253383
1.7400000000000 -0.0006633021437
1.7600000000000 -0.0006675944400
1.7600000000000 -0.0006675944337
1.7600000000000 -0.0006675944335
1.7600000000000 -0.0006675944335
1.7800000000000 -0.0006718043185
1.8000000000000 -0.0006759338372
1.8000000000000 -0.0006759338372
1.8200000000000 -0.0006799849593
1.8400000000000 -0.0006839595885
1.8400000000000 -0.0006839595883
1.8400000000000 -0.0006839595883
1.8600000000000 -0.0006878595648
1.8800000000000 -0.0006916866689
1.8800000000000 -0.0006916866689
1.9000000000000 -0.0006954426229
1.9200000000000 -0.0006991290937
1.9200000000000 -0.0006991290979
1.9200000000000 -0.0006991290938
1.9200000000000 -0.0006991290937
1.9200000000000 -0.0006991290979
1.9200000000000 -0.0006991290979
1.9400000000000 -0.0007027476951
1.9600000000000 -0.0007062999900
1.9600000000000 -0.0007062999900
1.9800000000000 -0.0007097874926
2.0000000000000 -0.0007132116702
2.0000000000000 -0.0007132116703
2.0000000000000 -0.0007132116702
2.0200000000000 -0.0007165739452
2.0400000000000 -0.0007198756966
2.0400000000000 -0.0007198756966
2.0600000000000 -0.0007231182623
2.0800000000000 -0.0007263029401
2.0800000000000 -0.0007263029400
2.0800000000000 -0.0007263029400
2.0800000000000 -0.0007263029428
2.1000000000000 -0.0007294309894
2.1200000000000 -0.0007325036331
2.1200000000000 -0.0007325036331
2.1400000000000 -0.0007355220584
2.1600000000000 -0.0007384874183
2.1600000000000 -0.0007384874184
2.1600000000000 -0.0007384874183
2.1800000000000 -0.0007414008333
2.2000000000000 -0.0007442633918
2.2000000000000 -0.0007442633918
2.2200000000000 -0.0007470761520
2.2400000000000 -0.0007498401426
2.2400000000000 -0.0007498401427
2.2400000000000 -0.0007498401445
2.2400000000000 -0.0007498401426
2.2400000000000 -0.0007498401445
2.2600000000000 -0.0007525563641
2.2800000000000 -0.0007552257895
2.2800000000000 -0.0007552257895
2.3000000000000 -0.0007578493654
2.3200000000000 -0.0007604280132
2.3200000000000 -0.0007604280132
2.3200000000000 -0.0007604280133
2.3400000000000 -0.0007629626295
2.3600000000000 -0.0007654540871
2.3600000000000 -0.0007654540871
2.3800000000000 -0.0007679032360
2.4000000000000 -0.0007703109042
2.4000000000000 -0.0007703109055
2.4000000000000 -0.0007703109042
2.4000000000000 -0.0007703109042
2.4200000000000 -0.0007726778979
2.4400000000000 -0.0007750050029
2.4400000000000 -0.0007750050029
2.4600000000000 -0.0007772929848
2.4800000000000 -0.0007795425898
2.4800000000000 -0.0007795425898
2.4800000000000 -0.0007795425898
2.5000000000000 -0.0007817545454
2.5200000000000 -0.0007839295610
2.5200000000000 -0.0007839295610
2.5400000000000 -0.0007860683283
2.5600000000000 -0.0007881715228
2.5600000000000 -0.0007881715228
2.5600000000000 -0.0007881715219
2.5600000000000 -0.0007881715228
2.5600000000000 -0.0007881715219
2.5600000000000 -0.0007881715228
2.5600000000000 -0.0007881715219
2.5600000000000 -0.0007881715228
2.5800000000000 -0.0007902398002
2.6000000000000 -0.0007922738052
2.6000000000000 -0.0007922738052
2.6200000000000 -0.0007942741637
2.6400000000000 -0.0007962414874
2.6400000000000 -0.0007962414874
2.6400000000000 -0.0007962414874
2.6600000000000 -0.0007981763735
2.6800000000000 -0.0008000794048
2.6800000000000 -0.0008000794048
2.7000000000000 -0.0008019511508
2.7200000000000 -0.0008037921673
2.7200000000000 -0.0008037921674
2.7200000000000 -0.0008037921680
2.7200000000000 -0.0008037921673
2.7400000000000 -0.0008056029976
2.7600000000000 -0.0008073841722
2.7600000000000 -0.0008073841722
2.7800000000000 -0.0008091362094
2.8000000000000 -0.0008108596160
2.8000000000000 -0.0008108596160
2.8000000000000 -0.0008108596160
2.8200000000000 -0.0008125548871
2.8400000000000 -0.0008142225066
2.8400000000000 -0.0008142225066
2.8600000000000 -0.0008158629479
2.8800000000000 -0.0008174766740
2.8800000000000 -0.0008174766736
2.8800000000000 -0.0008174766736
2.8800000000000 -0.0008174766740
2.8800000000000 -0.0008174766736
2.9000000000000 -0.0008190641361
2.9200000000000 -0.0008206257781
2.9200000000000 -0.0008206257781
2.9400000000000 -0.0008221620325
2.9600000000000 -0.0008236733227
2.9600000000000 -0.0008236733227
2.9600000000000 -0.0008236733227
2.9800000000000 -0.0008251600632
3.0000000000000 -0.0008266226595
3.0000000000000 -0.0008266226595
3.0200000000000 -0.0008280615085
3.0400000000000 -0.0008294769985
3.0400000000000 -0.0008294769985
3.0400000000000 -0.0008294769989
3.0400000000000 -0.0008294769985
3.0600000000000 -0.0008308695100
3.0800000000000 -0.0008322394152
3.0800000000000 -0.0008322394152
3.1000000000000 -0.0008335870788
3.1200000000000 -0.0008349128577
3.1200000000000 -0.0008349128577
3.1200000000000 -0.0008349128577
3.1400000000000 -0.0008362171015
3.1600000000000 -0.0008375001529
3.1600000000000 -0.0008375001529
3.1800000000000 -0.0008387623474
3.2000000000000 -0.0008400040136
3.2000000000000 -0.0008400040136
3.2000000000000 -0.0008400040138
3.2000000000000 -0.0008400040138
3.2000000000000 -0.0008400040136
3.2000000000000 -0.0008400040138
3.2200000000000 -0.0008412254736
3.2400000000000 -0.0008424270432
3.2400000000000 -0.0008424270432
3.2600000000000 -0.0008436090317
3.2800000000000 -0.0008447717423
3.2800000000000 -0.0008447717422
3.2800000000000 -0.0008447717422
3.3000000000000 -0.0008459154721
3.3200000000000 -0.0008470405127
3.3200000000000 -0.0008470405127
3.3400000000000 -0.0008481471497
3.3600000000000 -0.0008492356634
3.3600000000000 -0.0008492356632
3.3600000000000 -0.0008492356632
3.3600000000000 -0.0008492356632
3.3800000000000 -0.0008503063280
3.4000000000000 -0.0008513594136
3.4000000000000 -0.0008513594136
3.4200000000000 -0.0008523951842
3.4400000000000 -0.0008534138990
3.4400000000000 -0.0008534138990
3.4400000000000 -0.0008534138990
3.4600000000000 -0.0008544158124
3.4800000000000 -0.0008554011739
3.4800000000000 -0.0008554011739
3.5000000000000 -0.0008563702285
3.5200000000000 -0.0008573232165
3.5200000000000 -0.0008573232165
3.5200000000000 -0.0008573232163
3.5200000000000 -0.0008573232163
3.5200000000000 -0.0008573232163
3.5400000000000 -0.0008582603732
3.5600000000000 -0.0008591819307
3.5600000000000 -0.0008591819307
3.5800000000000 -0.0008600881159
3.6000000000000 -0.0008609791520
3.6000000000000 -0.0008609791520
3.6000000000000 -0.0008609791520
3.6200000000000 -0.0008618552577
3.6400000000000 -0.0008627166483
3.6400000000000 -0.0008627166483
3.6600000000000 -0.0008635635347
3.6800000000000 -0.0008643961244
3.6800000000000 -0.0008643961244
3.6800000000000 -0.0008643961245
3.6800000000000 -0.0008643961244
3.7000000000000 -0.0008652146209
3.7200000000000 -0.0008660192242
3.7200000000000 -0.0008660192242
3.7400000000000 -0.0008668101308
3.7600000000000 -0.0008675875336
3.7600000000000 -0.0008675875337
3.7600000000000 -0.0008675875336
3.7800000000000 -0.0008683516224
3.8000000000000 -0.0008691025833
3.8000000000000 -0.0008691025833
3.8200000000000 -0.0008698405994
3.8400000000000 -0.0008705658506
3.8400000000000 -0.0008705658507
3.8400000000000 -0.0008705659206
3.8400000000000 -0.0008705658507
3.8400000000000 -0.0008705659206
3.8400000000000 -0.0008705658506
3.8400000000000 -0.0008705658506
3.8600000000000 -0.0008712785137
3.8800000000000 -0.0008719787624
3.8800000000000 -0.0008719787624
3.9000000000000 -0.0008726667675
3.9200000000000 -0.0008733426969
3.9200000000000 -0.0008733426969
3.9200000000000 -0.0008733426969
3.9400000000000 -0.0008740067155
3.9600000000000 -0.0008746589856
3.9600000000000 -0.0008746589856
3.9800000000000 -0.0008752996667
4.0000000000000 -0.0008759289157
4.0000000000000 -0.0008759289157
4.0000000000000 -0.0008759289157
4.0000000000000 -0.0008759289158
4.0200000000000 -0.0008765468869
4.0400000000000 -0.0008771537317
4.0400000000000 -0.0008771537317
4.0600000000000 -0.0008777495995
4.0800000000000 -0.0008783346368
4.0800000000000 -0.0008783346368
4.0800000000000 -0.0008783346368
4.1000000000000 -0.0008789089879
4.1200000000000 -0.0008794727949
4.1200000000000 -0.0008794727949
4.1400000000000 -0.0008800261971
4.1600000000000 -0.0008805693322
4.1600000000000 -0.0008805693321
4.1600000000000 -0.0008805693321
4.1600000000000 -0.0008805693321
4.1600000000000 -0.0008805693322
4.1800000000000 -0.0008811023349
4.2000000000000 -0.0008816253384
4.2400000000000 -0.0008826418686
4.2400000000000 -0.0008826418686
4.2800000000000 -0.0008836199441
4.3200000000000 -0.0008845605541
4.3200000000000 -0.0008845605540
4.3200000000000 -0.0008845605540
4.3600000000000 -0.0008854646563
4.4000000000000 -0.0008863331792
4.4000000000000 -0.0008863331792
4.4400000000000 -0.0008871670219
4.4800000000000 -0.0008879670561
4.4800000000000 -0.0008879670561
4.4800000000000 -0.0008879670561
4.4800000000000 -0.0008879670561
4.4800000000000 -0.0008879670561
4.5200000000000 -0.0008887341265
4.5600000000000 -0.0008894690524
4.5600000000000 -0.0008894690524
4.6000000000000 -0.0008901726280
4.6400000000000 -0.0008908456237
4.6400000000000 -0.0008908456237
4.6400000000000 -0.0008908456238
4.6800000000000 -0.0008914887868
4.7200000000000 -0.0008921028421
4.7200000000000 -0.0008921028421
4.7600000000000 -0.0008926884934
4.8000000000000 -0.0008932464232
4.8000000000000 -0.0008932464232
4.8000000000000 -0.0008932464232
4.8000000000000 -0.0008932464232
4.8400000000000 -0.0008937772945
4.8800000000000 -0.0008942817506
4.8800000000000 -0.0008942817506
4.9200000000000 -0.0008947604164
4.9600000000000 -0.0008952138987
4.9600000000000 -0.0008952138987
4.9600000000000 -0.0008952138987
5.0000000000000 -0.0008956427870
5.0400000000000 -0.0008960476539
5.0400000000000 -0.0008960476539
5.0800000000000 -0.0008964290559
5.1200000000000 -0.0008967875338
5.1200000000000 -0.0008967875338
5.1200000000000 -0.0008967875338
5.1200000000000 -0.0008967875338
5.1200000000000 -0.0008967875338
5.1200000000000 -0.0008967875338
5.1200000000000 -0.0008967875338
5.1600000000000 -0.0008971236133
5.2000000000000 -0.0008974378055
5.2000000000000 -0.0008974378055
5.2400000000000 -0.0008977306075
5.2800000000000 -0.0008980025025
5.2800000000000 -0.0008980025025
5.2800000000000 -0.0008980025025
5.3200000000000 -0.0008982539608
5.3600000000000 -0.0008984854399
5.3600000000000 -0.0008984854399
5.4000000000000 -0.0008986973850
5.4400000000000 -0.0008988902294
5.4400000000000 -0.0008988902294
5.4400000000000 -0.0008988902294
5.4400000000000 -0.0008988902294
5.4800000000000 -0.0008990643951
5.5200000000000 -0.0008992202927
5.5200000000000 -0.0008992202927
5.5600000000000 -0.0008993583224
5.6000000000000 -0.0008994788740
5.6000000000000 -0.0008994788740
5.6000000000000 -0.0008994788740
5.6400000000000 -0.0008995823270
5.6800000000000 -0.0008996690515
5.6800000000000 -0.0008996690515
5.7200000000000 -0.0008997394082
5.7600000000000 -0.0008997937487
5.7600000000000 -0.0008997937487
5.7600000000000 -0.0008997937487
5.7600000000000 -0.0008997937487
5.7600000000000 -0.0008997937487
5.8000000000000 -0.0008998324157
5.8400000000000 -0.0008998557435
5.8400000000000 -0.0008998557435
5.8800000000000 -0.0008998640581
5.9200000000000 -0.0008998576777
5.9200000000000 -0.0008998576777
5.9200000000000 -0.0008998576777
5.9600000000000 -0.0008998369125
6.0000000000000 -0.0008998020653
6.0000000000000 -0.0008998020653
6.0400000000000 -0.0008997534319
6.0800000000000 -0.0008996913005
6.0800000000000 -0.0008996913005
6.0800000000000 -0.0008996913005
6.0800000000000 -0.0008996913005
6.1200000000000 -0.0008996159524
6.1600000000000 -0.0008995276626
6.1600000000000 -0.0008995276626
6.2000000000000 -0.0008994266993
6.2400000000000 -0.0008993133247
6.2400000000000 -0.0008993133247
6.2400000000000 -0.0008993133247
6.2800000000000 -0.0008991877945
6.3200000000000 -0.0008990503586
6.3200000000000 -0.0008990503586
6.3600000000000 -0.0008989012613
6.4000000000000 -0.0008987407408
6.4000000000000 -0.0008987407408
6.4000000000000 -0.0008987407408
6.4000000000000 -0.0008987407408
6.4000000000000 -0.0008987407408
6.4800000000000 -0.0008983863569
6.5600000000000 -0.0008979890065
6.5600000000000 -0.0008979890065
6.6400000000000 -0.0008975504077
6.7200000000000 -0.0008970722007
6.7200000000000 -0.0008970722007
6.7200000000000 -0.0008970722007
6.8000000000000 -0.0008965559519
6.8800000000000 -0.0008960031570
6.8800000000000 -0.0008960031570
6.9600000000000 -0.0008954152446
7.0400000000000 -0.0008947935791
7.0400000000000 -0.0008947935791
7.0400000000000 -0.0008947935791
7.0400000000000 -0.0008947935791
7.1200000000000 -0.0008941394639
7.2000000000000 -0.0008934541439
7.2000000000000 -0.0008934541439
7.2800000000000 -0.0008927388089
7.3600000000000 -0.0008919945962
7.3600000000000 -0.0008919945962
7.3600000000000 -0.0008919945962
7.4400000000000 -0.0008912225930
7.5200000000000 -0.0008904238399
7.5200000000000 -0.0008904238399
7.6000000000000 -0.0008895993328
7.6800000000000 -0.0008887500263
7.6800000000000 -0.0008887500263
7.6800000000000 -0.0008887500263
7.6800000000000 -0.0008887500263
7.6800000000000 -0.0008887500263
7.6800000000000 -0.0008887500263
7.7600000000000 -0.0008878768355
7.8400000000000 -0.0008869806388
7.8400000000000 -0.0008869806388
7.9200000000000 -0.0008860622800
8.0000000000000 -0.0008851225700
8.0000000000000 -0.0008851225700
8.0000000000000 -0.0008851225700
8.0800000000000 -0.0008841622888
8.1600000000000 -0.0008831821868
8.1600000000000 -0.0008831821868
8.2400000000000 -0.0008821829864
8.3200000000000 -0.0008811653827
8.3200000000000 -0.0008811653827
8.3200000000000 -0.0008811653827
8.3200000000000 -0.0008811653827
8.4000000000000 -0.0008801300449
8.4800000000000 -0.0008790776171
8.4800000000000 -0.0008790776171
8.5600000000000 -0.0008780087190
8.6400000000000 -0.0008769239469
8.6400000000000 -0.0008769239469
8.6400000000000 -0.0008769239469
8.7200000000000 -0.0008758238744
8.8000000000000 -0.0008747090530
8.8000000000000 -0.0008747090530
8.8800000000000 -0.0008735800134
8.9600000000000 -0.0008724372655
8.9600000000000 -0.0008724372655
8.9600000000000 -0.0008724372655
8.9600000000000 -0.0008724372655
8.9600000000000 -0.0008724372655
9.0400000000000 -0.0008712813003
9.1200000000000 -0.0008701125897
9.1200000000000 -0.0008701125897
9.2000000000000 -0.0008689315880
9.2800000000000 -0.0008677387324
9.2800000000000 -0.0008677387324
9.2800000000000 -0.0008677387324
9.3600000000000 -0.0008665344437
9.4400000000000 -0.0008653191272
9.4400000000000 -0.0008653191272
9.5200000000000 -0.0008640931732
9.6000000000000 -0.0008628569575
9.6000000000000 -0.0008628569575
9.6000000000000 -0.0008628569575
9.6000000000000 -0.0008628569575
9.6800000000000 -0.0008616108421
9.7600000000000 -0.0008603551756
9.7600000000000 -0.0008603551756
9.8400000000000 -0.0008590902936
9.9200000000000 -0.0008578165195
9.9200000000000 -0.0008578165195
9.9200000000000 -0.0008578165195
10.0000000000000 -0.0008565341648
10.0800000000000 -0.0008552435299
10.0800000000000 -0.0008552435299
10.1600000000000 -0.0008539449063
10.2400000000000 -0.0008526385727
10.2400000000000 -0.0008526385724
10.2400000000000 -0.0008526385724
10.2400000000000 -0.0008526385724
10.2400000000000 -0.0008526385727
10.2400000000000 -0.0008526385727
10.3200000000000 -0.0008513247974
10.4000000000000 -0.0008500038426
10.4000000000000 -0.0008500038426
10.4800000000000 -0.0008486759611
10.5600000000000 -0.0008473413982
10.5600000000000 -0.0008473413982
10.5600000000000 -0.0008473413982
10.6400000000000 -0.0008460003919
10.7200000000000 -0.0008446531734
10.7200000000000 -0.0008446531734
10.8000000000000 -0.0008432999674
10.8800000000000 -0.0008419409927
10.8800000000000 -0.0008419409927
10.8800000000000 -0.0008419409927
11.0400000000000 -0.0008392065814
11.2000000000000 -0.0008364515708
11.2000000000000 -0.0008364515708
11.3600000000000 -0.0008336774994
11.5200000000000 -0.0008308858130
11.5200000000000 -0.0008308858130
11.5200000000000 -0.0008308858130
11.5200000000000 -0.0008308858130
11.6800000000000 -0.0008280778647
11.8400000000000 -0.0008252549177
11.8400000000000 -0.0008252549177
12.0000000000000 -0.0008224181506
12.1600000000000 -0.0008195686641
12.1600000000000 -0.0008195686641
12.1600000000000 -0.0008195686641
12.3200000000000 -0.0008167074875
12.4800000000000 -0.0008138355846
12.4800000000000 -0.0008138355846
12.6400000000000 -0.0008109538592
12.8000000000000 -0.0008080631596
12.8000000000000 -0.0008080631596
12.8000000000000 -0.0008080631596
12.8000000000000 -0.0008080631596
12.8000000000000 -0.0008080631596
12.9600000000000 -0.0008051642830
13.1200000000000 -0.0008022579789
13.1200000000000 -0.0008022579789
13.2800000000000 -0.0007993449533
13.4400000000000 -0.0007964258725
13.4400000000000 -0.0007964258725
13.4400000000000 -0.0007964258725
13.6000000000000 -0.0007935013672
13.7600000000000 -0.0007905720367
13.7600000000000 -0.0007905720367
13.9200000000000 -0.0007876384503
14.0800000000000 -0.0007847011480
14.0800000000000 -0.0007847011480
14.0800000000000 -0.0007847011480
14.0800000000000 -0.0007847011480
14.2400000000000 -0.0007817606539
14.4000000000000 -0.0007788174348
14.4000000000000 -0.0007788174348
14.5600000000000 -0.0007758719265
14.7200000000000 -0.0007729245315
14.7200000000000 -0.0007729245315
14.7200000000000 -0.0007729245315
14.8800000000000 -0.0007699756197
15.0400000000000 -0.0007670255227
15.0400000000000 -0.0007670255227
15.2000000000000 -0.0007640745448
15.3600000000000 -0.0007611229672
15.3600000000000 -0.0007611229672
15.3600000000000 -0.0007611229672
15.3600000000000 -0.0007611229672
15.3600000000000 -0.0007611229672
15.5200000000000 -0.0007581710498
15.6800000000000 -0.0007552190386
16.0000000000000 -0.0007493156454
16.0000000000000 -0.0007493156454
16.3200000000000 -0.0007434144910
16.6400000000000 -0.0007375171246
16.6400000000000 -0.0007375171246
16.6400000000000 -0.0007375171242
16.9600000000000 -0.0007316250062
17.2800000000000 -0.0007257395460
17.2800000000000 -0.0007257395460
17.6000000000000 -0.0007198620775
17.9200000000000 -0.0007139937953
17.9200000000000 -0.0007139937953
17.9200000000000 -0.0007139937953
17.9200000000000 -0.0007139937953
18.2400000000000 -0.0007081357356
18.5600000000000 -0.0007022888253
18.5600000000000 -0.0007022888253
18.8800000000000 -0.0006964539337
19.2000000000000 -0.0006906318598
19.2000000000000 -0.0006906318598
19.2000000000000 -0.0006906318598
19.5200000000000 -0.0006848232676
19.8400000000000 -0.0006790286215
19.8400000000000 -0.0006790286215
20.1600000000000 -0.0006732482683
20.4800000000000 -0.0006674821933
20.4800000000000 -0.0006674821933
20.4800000000000 -0.0006674821933
20.4800000000000 -0.0006674821933
20.8000000000000 -0.0006617302804
21.1200000000000 -0.0006559923853
21.1200000000000 -0.0006559923853
21.4400000000000 -0.0006502683293
21.7600000000000 -0.0006445580394
21.7600000000000 -0.0006445580394
21.7600000000000 -0.0006445580394
22.0800000000000 -0.0006388614479
22.4000000000000 -0.0006331786435
22.4000000000000 -0.0006331786435
22.7200000000000 -0.0006275097010
23.0400000000000 -0.0006218545500
23.0400000000000 -0.0006218545301
23.0400000000000 -0.0006218545500
23.6800000000000 -0.0006105850180
24.3200000000000 -0.0005993679087
24.3200000000000 -0.0005993679087
24.9600000000000 -0.0005882022240
25.6000000000000 -0.0005770890167
25.6000000000000 -0.0005770890167
25.6000000000000 -0.0005770890167
26.2400000000000 -0.0005660281047
26.8800000000000 -0.0005550151387
26.8800000000000 -0.0005550151387
27.5200000000000 -0.0005440441081
28.1600000000000 -0.0005331122556
28.1600000000000 -0.0005331122556
28.1600000000000 -0.0005331122556
28.8000000000000 -0.0005222202420
29.4400000000000 -0.0005113672825
29.4400000000000 -0.0005113672825
30.0800000000000 -0.0005005482741
30.7200000000000 -0.0004897570647
30.7200000000000 -0.0004897570647
30.7200000000000 -0.0004897570647
31.3600000000000 -0.0004789915069
32.0000000000000 -0.0004682534096
32.0000000000000 -0.0004682534096
32.6400000000000 -0.0004575439090
33.2800000000000 -0.0004468569247
33.2800000000000 -0.0004468569247
33.2800000000000 -0.0004468569247
33.9200000000000 -0.0004361861500
34.5600000000000 -0.0004255297273
34.5600000000000 -0.0004255297273
35.2000000000000 -0.0004148858338
35.8400000000000 -0.0004042528406
35.8400000000000 -0.0004042528406
35.8400000000000 -0.0004042528406
36.4800000000000 -0.0003936294091
37.1200000000000 -0.0003830138873
37.1200000000000 -0.0003830138873
37.7600000000000 -0.0003724044570
38.4000000000000 -0.0003617994420
38.4000000000000 -0.0003617994420
39.6800000000000 -0.0003405926663
40.9600000000000 -0.0003193633688
40.9600000000000 -0.0003193633688
42.2400000000000 -0.0002980975279
43.5200000000000 -0.0002768083341
43.5200000000000 -0.0002768083341
44.8000000000000 -0.0002555000615
46.0800000000000 -0.0002341411307
46.0800000000000 -0.0002341411307
47.3600000000000 -0.0002126931263
48.6400000000000 -0.0001911650627
48.6400000000000 -0.0001911650627
49.9200000000000 -0.0001696074603
51.2000000000000 -0.0001480404222
51.2000000000000 -0.0001480404222
52.4800000000000 -0.0001264221446
53.7600000000000 -0.0001047108172
53.7600000000000 -0.0001047108172
55.0400000000000 -0.0000829352165
56.3200000000000 -0.0000611738264
56.3200000000000 -0.0000611738264
57.6000000000000 -0.0000394684422
58.8800000000000 -0.0000177901584
58.8800000000000 -0.0000177901584
60.1600000000000 0.0000038982711
61.4400000000000 0.0000255686623
61.4400000000000 0.0000255686623
62.7200000000000 0.0000471340487
64.0000000000000 0.0000685197416
64.0000000000000 0.0000685197416
65.2800000000000 0.0000897076170
66.5600000000000 0.0001107076463
66.5600000000000 0.0001107076463
67.8400000000000 0.0001315021462
69.1200000000000 0.0001520269937
69.1200000000000 0.0001520269937
70.4000000000000 0.0001721987685
71.6800000000000 0.0001919490157
71.6800000000000 0.0001919490157
72.9600000000000 0.0002112315625
74.2400000000000 0.0002300057045
74.2400000000000 0.0002300057045
75.5200000000000 0.0002482194641
76.8000000000000 0.0002658063451
76.8000000000000 0.0002658063451
78.0800000000000 0.0002826919464
79.3600000000000 0.0002988017934
79.3600000000000 0.0002988017934
80.6400000000000 0.0003140648499
81.9200000000000 0.0003284125657
81.9200000000000 0.0003284125657
83.2000000000000 0.0003417758860
84.4800000000000 0.0003540824381
84.4800000000000 0.0003540824381
85.7600000000000 0.0003652564323
87.0400000000000 0.0003752219274
87.0400000000000 0.0003752219274
88.3200000000000 0.0003839064054
89.6000000000000 0.0003912415732
89.6000000000000 0.0003912415732
90.8800000000000 0.0003971617344
92.1600000000000 0.0004016026427
92.1600000000000 0.0004016026427
93.4400000000000 0.0004045027382
94.7200000000000 0.0004058055205
94.7200000000000 0.0004058055205
96.0000000000000 0.0004054611313
97.2800000000000 0.0004034269350
97.2800000000000 0.0004034269350
98.5600000000000 0.0003996675929
99.8400000000000 0.0003941552543
99.8400000000000 0.0003941552543
101.1200000000000 0.0003868707059
102.4000000000000 0.0003778052581
102.4000000000000 0.0003778052581
103.6800000000000 0.0003669620761
104.9600000000000 0.0003543564634
104.9600000000000 0.0003543564634
106.2400000000000 0.0003400159882
107.5200000000000 0.0003239814804
107.5200000000000 0.0003239814804
108.8000000000000 0.0003063087649
110.0800000000000 0.0002870698030
110.0800000000000 0.0002870698030
111.3600000000000 0.0002663525524
112.6400000000000 0.0002442607085
112.6400000000000 0.0002442607085
113.9200000000000 0.0002209142662
115.2000000000000 0.0001964498983
115.2000000000000 0.0001964498983
116.4800000000000 0.0001710203535
117.7600000000000 0.0001447938001
117.7600000000000 0.0001447938001
119.0400000000000 0.0001179535949
120.3200000000000 0.0000906974913
120.3200000000000 0.0000906974913
121.6000000000000 0.0000632358054
122.8800000000000 0.0000357893575
122.8800000000000 0.0000357893575
124.1600000000000 0.0000085880019
125.4400000000000 -0.0000181303969
125.4400000000000 -0.0000181303969
126.7200000000000 -0.0000441214566
128.0000000000000 -0.0000691370573
128.0000000000000 -0.0000691370573
129.2800000000000 -0.0000929245989
130.5600000000000 -0.0001152417161
130.5600000000000 -0.0001152417161
131.8400000000000 -0.0001358518379
133.1200000000000 -0.0001545236861
133.1200000000000 -0.0001545236861
134.4000000000000 -0.0001710398827
135.6800000000000 -0.0001852004899
135.6800000000000 -0.0001852004899
136.9600000000000 -0.0001968274353
138.2400000000000 -0.0002057692216
138.2400000000000 -0.0002057692216
139.5200000000000 -0.0002119047483
140.8000000000000 -0.0002151486195
143.3600000000000 -0.0002128164003
145.9200000000000 -0.0001989301966
148.4800000000000 -0.0001744014169
151.0400000000000 -0.0001409122245
153.6000000000000 -0.0001008584679
156.1600000000000 -0.0000572206123
158.7200000000000 -0.0000133662183
161.2800000000000 0.0000272071086
163.8400000000000 0.0000611718457
166.4000000000000 0.0000857158948
168.9600000000000 0.0000989050771
171.5200000000000 0.0001000191064
174.0800000000000 0.0000897920742
176.6400000000000 0.0000704601376
179.2000000000000 0.0000455462248
181.7600000000000 0.0000193382112
184.3200000000000 -0.0000039025264
186.8800000000000 -0.0000208177865
189.4400000000000 -0.0000296584773
192.0000000000000 -0.0000305962463
194.5600000000000 -0.0000255081308
197.1200000000000 -0.0000172641628
199.6800000000000 -0.0000087562321
202.2400000000000 -0.0000020517461
204.8000000000000 0.0000019945372
207.3600000000000 0.0000035968466
209.9200000000000 0.0000035624060
212.4800000000000 0.0000027784010
215.0400000000000 0.0000018811351
217.6000000000000 0.0000011723038
220.1600000000000 0.0000007067671
222.7200000000000 0.0000004265257
225.2800000000000 0.0000002559025
227.8400000000000 0.0000001378015
230.4000000000000 0.0000000350772
232.9600000000000 -0.0000000717213
235.5200000000000 -0.0000001834978
238.0800000000000 -0.0000002888847
240.6400000000000 -0.0000003763297
243.2000000000000 -0.0000004381768
245.7600000000000 -0.0000004640494
248.3200000000000 -0.0000004390798
250.8800000000000 -0.0000003551419
253.4400000000000 -0.0000002222141
256.0000000000000 -0.0000000670533
258.5600000000000 0.0000000796523
261.1200000000000 0.0000001962080
263.6800000000000 0.0000002729146
266.2400000000000 0.0000003093091
268.8000000000000 0.0000003119285
271.3600000000000 0.0000002913866
273.9200000000000 0.0000002607035
276.4800000000000 0.0000002312229
279.0400000000000 0.0000002011804
281.6000000000000 0.0000001539191
284.1600000000000 0.0000000745816
286.7200000000000 -0.0000000360202
289.2800000000000 -0.0000001599725
291.8400000000000 -0.0000002683037
294.4000000000000 -0.0000003370342
296.9600000000000 -0.0000003574225
299.5200000000000 -0.0000003247770
302.0800000000000 -0.0000002344685
304.6400000000000 -0.0000000985517
307.2000000000000 0.0000000552523
309.7600000000000 0.0000002028218
312.3200000000000 0.0000003180114
314.8800000000000 0.0000003604073
317.4400000000000 0.0000003036190
