# z phi
-317.4400000000000 -0.0000000035287
-314.8800000000000 -0.0000000072235
-312.3200000000000 -0.0000000094366
-309.7600000000000 -0.0000000097839
-307.2000000000000 -0.0000000093681
-304.6400000000000 -0.0000000078892
-302.0800000000000 -0.0000000043213
-299.5200000000000 -0.0000000002432
-296.9600000000000 0.0000000017818
-294.4000000000000 0.0000000022323
-291.8400000000000 0.0000000027773
-289.2800000000000 0.0000000015244
-286.7200000000000 -0.0000000049012
-284.1600000000000 -0.0000000141127
-281.6000000000000 -0.0000000176334
-279.0400000000000 -0.0000000102540
-276.4800000000000 0.0000000032530
-273.9200000000000 0.0000000130849
-271.3600000000000 0.0000000140088
-268.8000000000000 0.0000000081119
-266.2400000000000 0.0000000004062
-263.6800000000000 -0.0000000039006
-261.1200000000000 0.0000000027629
-258.5600000000000 0.0000000283701
-256.0000000000000 0.0000000670857
-253.4400000000000 0.0000000848130
-250.8800000000000 0.0000000328794
-248.3200000000000 -0.0000001007721
-245.7600000000000 -0.0000002449158
-243.2000000000000 -0.0000002725433
-240.6400000000000 -0.0000001138054
-238.0800000000000 0.0000001526047
-235.5200000000000 0.0000003610213
-232.9600000000000 0.0000004243502
-230.4000000000000 0.0000003803821
-227.8400000000000 0.0000002648247
-225.2800000000000 0.0000000563233
-222.7200000000000 -0.0000002090204
-220.1600000000000 -0.0000004158941
-217.6000000000000 -0.0000005146139
-215.0400000000000 -0.0000005421675
-212.4800000000000 -0.0000005018315
-209.9200000000000 -0.0000003701266
-207.3600000000000 -0.0000001710263
-204.8000000000000 0.0000000526196
-202.2400000000000 0.0000002609381
-199.6800000000000 0.0000004089123
-197.1200000000000 0.0000004834104
-194.5600000000000 0.0000004985108
-192.0000000000000 0.0000004662805
-189.4400000000000 0.0000004144338
-186.8800000000000 0.0000003704985
-184.3200000000000 0.0000003311057
-181.7600000000000 0.0000002730655
-179.2000000000000 0.0000001695504
-176.6400000000000 0.0000000128839
-174.0800000000000 -0.0000001785583
-171.5200000000000 -0.0000003755927
-168.9600000000000 -0.0000005441733
-166.4000000000000 -0.0000006534660
-163.8400000000000 -0.0000006800055
-161.2800000000000 -0.0000006125205
-158.7200000000000 -0.0000004614538
-156.1600000000000 -0.0000002660049
-153.6000000000000 -0.0000000817048
-151.0400000000000 0.0000000541312
-148.4800000000000 0.0000001317312
-145.9200000000000 0.0000001495508
-143.3600000000000 0.0000000835563
-140.8000000000000 -0.0000001052655
-139.5200000000000 -0.0000002543358
-138.2400000000000 -0.0000004459771
-138.2400000000000 -0.0000004459771
-136.9600000000000 -0.0000006863706
-135.6800000000000 -0.0000009842847
-135.6800000000000 -0.0000009842847
-134.4000000000000 -0.0000013501442
-133.1200000000000 -0.0000017968120
-133.1200000000000 -0.0000017968120
-131.8400000000000 -0.0000023384905
-130.5600000000000 -0.0000029914090
-130.5600000000000 -0.0000029914090
-129.2800000000000 -0.0000037714145
-128.0000000000000 -0.0000046970922
-128.0000000000000 -0.0000046970922
-126.7200000000000 -0.0000057833587
-125.4400000000000 -0.0000070389702
-125.4400000000000 -0.0000070389702
-124.1600000000000 -0.0000084641615
-122.8800000000000 -0.0000100495375
-122.8800000000000 -0.0000100495375
-121.6000000000000 -0.0000117713487
-120.3200000000000 -0.0000135792033
-120.3200000000000 -0.0000135792033
-119.0400000000000 -0.0000153814873
-117.7600000000000 -0.0000170364728
-117.7600000000000 -0.0000170364728
-116.4800000000000 -0.0000183456917
-115.2000000000000 -0.0000190443628
-115.2000000000000 -0.0000190443628
-113.9200000000000 -0.0000187985652
-112.6400000000000 -0.0000172180074
-112.6400000000000 -0.0000172180074
-111.3600000000000 -0.0000138762581
-110.0800000000000 -0.0000083347361
-110.0800000000000 -0.0000083347361
-108.8000000000000 -0.0000001810263
-107.5200000000000 0.0000109198385
-107.5200000000000 0.0000109198385
-106.2400000000000 0.0000251755098
-104.9600000000000 0.0000426194130
-104.9600000000000 0.0000426194130
-103.6800000000000 0.0000630649821
-102.4000000000000 0.0000860768007
-102.4000000000000 0.0000860768007
-101.1200000000000 0.0001109721118
-99.8400000000000 0.0001368455277
-99.8400000000000 0.0001368455277
-98.5600000000000 0.0001626073389
-97.2800000000000 0.0001870354558
-97.2800000000000 0.0001870354558
-96.0000000000000 0.0002088420383
-94.7200000000000 0.0002267513872
-94.7200000000000 0.0002267513872
-93.4400000000000 0.0002395785449
-92.1600000000000 0.0002462950625
-92.1600000000000 0.0002462950625
-90.8800000000000 0.0002460780898
-89.6000000000000 0.0002383450897
-89.6000000000000 0.0002383450897
-88.3200000000000 0.0002227721684
-87.0400000000000 0.0001992982491
-87.0400000000000 0.0001992982491
-85.7600000000000 0.0001681214205
-84.4800000000000 0.0001296802274
-84.4800000000000 0.0001296802274
-83.2000000000000 0.0000846109126
-81.9200000000000 0.0000336973156
-81.9200000000000 0.0000336973156
-80.6400000000000 -0.0000221650025
-79.3600000000000 -0.0000819989198
-79.3600000000000 -0.0000819989198
-78.0800000000000 -0.0001447848626
-76.8000000000000 -0.0002094991128
-76.8000000000000 -0.0002094991128
-75.5200000000000 -0.0002751412820
-74.2400000000000 -0.0003407540416
-74.2400000000000 -0.0003407540416
-72.9600000000000 -0.0004054348111
-71.6800000000000 -0.0004683444506
-71.6800000000000 -0.0004683444506
-70.4000000000000 -0.0005287198899
-69.1200000000000 -0.0005858802378
-69.1200000000000 -0.0005858802378
-67.8400000000000 -0.0006392253408
-66.5600000000000 -0.0006882388290
-66.5600000000000 -0.0006882388290
-65.2800000000000 -0.0007324876970
-64.0000000000000 -0.0007716180153
-64.0000000000000 -0.0007716180153
-62.7200000000000 -0.0008053599535
-61.4400000000000 -0.0008335276584
-61.4400000000000 -0.0008335276584
-60.1600000000000 -0.0008560092544
-58.8800000000000 -0.0008727664099
-58.8800000000000 -0.0008727664099
-57.6000000000000 -0.0008838329851
-56.3200000000000 -0.0008893026694
-56.3200000000000 -0.0008893026694
-55.0400000000000 -0.0008893226399
-53.7600000000000 -0.0008840898798
-53.7600000000000 -0.0008840898798
-52.4800000000000 -0.0008738388938
-51.2000000000000 -0.0008588320528
-51.2000000000000 -0.0008588320528
-49.9200000000000 -0.0008393537933
-48.6400000000000 -0.0008157000813
-48.6400000000000 -0.0008157000813
-47.3600000000000 -0.0007881733540
-46.0800000000000 -0.0007570777857
-46.0800000000000 -0.0007570777857
-44.8000000000000 -0.0007227134618
-43.5200000000000 -0.0006853818576
-43.5200000000000 -0.0006853818576
-42.2400000000000 -0.0006453727361
-40.9600000000000 -0.0006029544233
-40.9600000000000 -0.0006029544233
-39.6800000000000 -0.0005583894099
-38.4000000000000 -0.0005119425443
-38.4000000000000 -0.0005119425443
-37.7600000000000 -0.0004880976267
-37.1200000000000 -0.0004638782606
-37.1200000000000 -0.0004638782606
-36.4800000000000 -0.0004393122293
-35.8400000000000 -0.0004144241241
-35.8400000000000 -0.0004144241241
-35.8400000000000 -0.0004144241241
-35.2000000000000 -0.0003892380907
-34.5600000000000 -0.0003637822642
-34.5600000000000 -0.0003637822642
-33.9200000000000 -0.0003380845754
-33.2800000000000 -0.0003121749944
-33.2800000000000 -0.0003121749944
-33.2800000000000 -0.0003121749944
-32.6400000000000 -0.0002860827630
-32.0000000000000 -0.0002598322361
-32.0000000000000 -0.0002598322361
-31.3600000000000 -0.0002334450747
-30.7200000000000 -0.0002069455745
-30.7200000000000 -0.0002069455745
-30.7200000000000 -0.0002069455745
-30.0800000000000 -0.0001803507742
-29.4400000000000 -0.0001536754440
-29.4400000000000 -0.0001536754440
-28.8000000000000 -0.0001269404466
-28.1600000000000 -0.0001001725947
-28.1600000000000 -0.0001001725947
-28.1600000000000 -0.0001001725947
-27.5200000000000 -0.0000733964029
-26.8800000000000 -0.0000466285772
-26.8800000000000 -0.0000466285772
-26.2400000000000 -0.0000198830055
-25.6000000000000 0.0000068188752
-25.6000000000000 0.0000068188752
-25.6000000000000 0.0000068188752
-24.9600000000000 0.0000334492454
-24.3200000000000 0.0000599886084
-24.3200000000000 0.0000599886084
-23.6800000000000 0.0000864328664
-23.0400000000000 0.0001127797096
-23.0400000000000 0.0001127797096
-23.0400000000000 0.0001127797096
-22.7200000000000 0.0001259119502
-22.4000000000000 0.0001390118311
-22.4000000000000 0.0001390118311
-22.0800000000000 0.0001520749358
-21.7600000000000 0.0001650968037
-21.7600000000000 0.0001650968037
-21.7600000000000 0.0001650968037
-21.4400000000000 0.0001780731005
-21.1200000000000 0.0001910013549
-21.1200000000000 0.0001910013549
-20.8000000000000 0.0002038794035
-20.4800000000000 0.0002167054496
-20.4800000000000 0.0002167054496
-20.4800000000000 0.0002167054496
-20.4800000000000 0.0002167054496
-20.1600000000000 0.0002294777514
-19.8400000000000 0.0002421942776
-19.8400000000000 0.0002421942776
-19.5200000000000 0.0002548527145
-19.2000000000000 0.0002674493851
-19.2000000000000 0.0002674493851
-19.2000000000000 0.0002674493851
-18.8800000000000 0.0002799802129
-18.5600000000000 0.0002924411248
-18.5600000000000 0.0002924411248
-18.2400000000000 0.0003048282492
-17.9200000000000 0.0003171372562
-17.9200000000000 0.0003171372562
-17.9200000000000 0.0003171372562
-17.9200000000000 0.0003171372562
-17.6000000000000 0.0003293630801
-17.2800000000000 0.0003415006860
-17.2800000000000 0.0003415006860
-16.9600000000000 0.0003535455639
-16.6400000000000 0.0003654930936
-16.6400000000000 0.0003654930936
-16.6400000000000 0.0003654930936
-16.3200000000000 0.0003773376969
-16.0000000000000 0.0003890726919
-16.0000000000000 0.0003890726919
-15.6800000000000 0.0004006907991
-15.5200000000000 0.0004064537259
-15.3600000000000 0.0004121846852
-15.3600000000000 0.0004121846852
-15.3600000000000 0.0004121846852
-15.3600000000000 0.0004121846852
-15.3600000000000 0.0004121846852
-15.2000000000000 0.0004178827420
-15.0400000000000 0.0004235469170
-15.0400000000000 0.0004235469170
-14.8800000000000 0.0004291761824
-14.7200000000000 0.0004347694389
-14.7200000000000 0.0004347694389
-14.7200000000000 0.0004347694389
-14.5600000000000 0.0004403255170
-14.4000000000000 0.0004458431603
-14.4000000000000 0.0004458431603
-14.2400000000000 0.0004513210223
-14.0800000000000 0.0004567576851
-14.0800000000000 0.0004567576851
-14.0800000000000 0.0004567576851
-14.0800000000000 0.0004567576851
-13.9200000000000 0.0004621516294
-13.7600000000000 0.0004675011600
-13.7600000000000 0.0004675011600
-13.6000000000000 0.0004728044892
-13.4400000000000 0.0004780597105
-13.4400000000000 0.0004780597105
-13.4400000000000 0.0004780597105
-13.2800000000000 0.0004832648108
-13.1200000000000 0.0004884176864
-13.1200000000000 0.0004884176864
-12.9600000000000 0.0004935161618
-12.8000000000000 0.0004985580102
-12.8000000000000 0.0004985580102
-12.8000000000000 0.0004985580102
-12.8000000000000 0.0004985580102
-12.8000000000000 0.0004985580102
-12.6400000000000 0.0005035409647
-12.4800000000000 0.0005084627187
-12.4800000000000 0.0005084627187
-12.3200000000000 0.0005133209177
-12.1600000000000 0.0005181131482
-12.1600000000000 0.0005181131482
-12.1600000000000 0.0005181131482
-12.0000000000000 0.0005228369295
-11.8400000000000 0.0005274897013
-11.8400000000000 0.0005274897013
-11.6800000000000 0.0005320687914
-11.5200000000000 0.0005365713524
-11.5200000000000 0.0005365713524
-11.5200000000000 0.0005365713524
-11.5200000000000 0.0005365713524
-11.3600000000000 0.0005409942928
-11.2000000000000 0.0005453342400
-11.2000000000000 0.0005453342400
-11.0400000000000 0.0005495875456
-10.8800000000000 0.0005537503016
-10.8800000000000 0.0005537503016
-10.8800000000000 0.0005537503016
-10.8000000000000 0.0005557964304
-10.7200000000000 0.0005578183349
-10.7200000000000 0.0005578183349
-10.6400000000000 0.0005598154480
-10.5600000000000 0.0005617871817
-10.5600000000000 0.0005617871817
-10.5600000000000 0.0005617871817
-10.4800000000000 0.0005637329273
-10.4000000000000 0.0005656520532
-10.4000000000000 0.0005656520532
-10.3200000000000 0.0005675439059
-10.2400000000000 0.0005694078083
-10.2400000000000 0.0005694078083
-10.2400000000000 0.0005694078083
-10.2400000000000 0.0005694078083
-10.2400000000000 0.0005694078083
-10.2400000000000 0.0005694078083
-10.1600000000000 0.0005712430618
-10.0800000000000 0.0005730489501
-10.0800000000000 0.0005730489501
-10.0000000000000 0.0005748247375
-9.9200000000000 0.0005765696629
-9.9200000000000 0.0005765696629
-9.9200000000000 0.0005765696629
-9.8400000000000 0.0005782829518
-9.7600000000000 0.0005799638108
-9.7600000000000 0.0005799638108
-9.6800000000000 0.0005816114273
-9.6000000000000 0.0005832249681
-9.6000000000000 0.0005832249681
-9.6000000000000 0.0005832249681
-9.6000000000000 0.0005832249681
-9.5200000000000 0.0005848035768
-9.4400000000000 0.0005863463722
-9.4400000000000 0.0005863463722
-9.3600000000000 0.0005878524457
-9.2800000000000 0.0005893208592
-9.2800000000000 0.0005893208592
-9.2800000000000 0.0005893208592
-9.2000000000000 0.0005907506427
-9.1200000000000 0.0005921407924
-9.1200000000000 0.0005921407924
-9.0400000000000 0.0005934902680
-8.9600000000000 0.0005947979902
-8.9600000000000 0.0005947979902
-8.9600000000000 0.0005947979902
-8.9600000000000 0.0005947979902
-8.9600000000000 0.0005947979902
-8.8800000000000 0.0005960628385
-8.8000000000000 0.0005972836482
-8.8000000000000 0.0005972836482
-8.7200000000000 0.0005984592086
-8.6400000000000 0.0005995882620
-8.6400000000000 0.0005995882620
-8.6400000000000 0.0005995882620
-8.5600000000000 0.0006006695024
-8.4800000000000 0.0006017015760
-8.4800000000000 0.0006017015760
-8.4000000000000 0.0006026830812
-8.3200000000000 0.0006036125690
-8.3200000000000 0.0006036125690
-8.3200000000000 0.0006036125690
-8.3200000000000 0.0006036125690
-8.2400000000000 0.0006044885435
-8.1600000000000 0.0006053094612
-8.1600000000000 0.0006053094612
-8.0800000000000 0.0006060737302
-8.0000000000000 0.0006067797065
-8.0000000000000 0.0006067797065
-8.0000000000000 0.0006067797065
-7.9200000000000 0.0006074256899
-7.8400000000000 0.0006080099176
-7.8400000000000 0.0006080099176
-7.7600000000000 0.0006085305574
-7.6800000000000 0.0006089857004
-7.6800000000000 0.0006089857004
-7.6800000000000 0.0006089857004
-7.6800000000000 0.0006089857004
-7.6800000000000 0.0006089857004
-7.6800000000000 0.0006089857004
-7.6000000000000 0.0006093733543
-7.5200000000000 0.0006096914382
-7.5200000000000 0.0006096914382
-7.4400000000000 0.0006099377778
-7.3600000000000 0.0006101101026
-7.3600000000000 0.0006101101026
-7.3600000000000 0.0006101101026
-7.2800000000000 0.0006102060433
-7.2000000000000 0.0006102231300
-7.2000000000000 0.0006102231300
-7.1200000000000 0.0006101587904
-7.0400000000000 0.0006100103465
-7.0400000000000 0.0006100103465
-7.0400000000000 0.0006100103465
-7.0400000000000 0.0006100103465
-6.9600000000000 0.0006097750108
-6.8800000000000 0.0006094498818
-6.8800000000000 0.0006094498818
-6.8000000000000 0.0006090319382
-6.7200000000000 0.0006085180335
-6.7200000000000 0.0006085180335
-6.7200000000000 0.0006085180335
-6.6400000000000 0.0006079048898
-6.5600000000000 0.0006071890922
-6.5600000000000 0.0006071890922
-6.4800000000000 0.0006063670805
-6.4000000000000 0.0006054351408
-6.4000000000000 0.0006054351408
-6.4000000000000 0.0006054351408
-6.4000000000000 0.0006054351408
-6.4000000000000 0.0006054351408
-6.3600000000000 0.0006049267425
-6.3200000000000 0.0006043893942
-6.3200000000000 0.0006043893942
-6.2800000000000 0.0006038225830
-6.2400000000000 0.0006032257844
-6.2400000000000 0.0006032257844
-6.2400000000000 0.0006032257844
-6.2000000000000 0.0006025984614
-6.1600000000000 0.0006019400641
-6.1600000000000 0.0006019400641
-6.1200000000000 0.0006012500295
-6.0800000000000 0.0006005277809
-6.0800000000000 0.0006005277809
-6.0800000000000 0.0006005277809
-6.0800000000000 0.0006005277809
-6.0400000000000 0.0005997727278
-6.0000000000000 0.0005989842653
-6.0000000000000 0.0005989842653
-5.9600000000000 0.0005981617744
-5.9200000000000 0.0005973046195
-5.9200000000000 0.0005973046195
-5.9200000000000 0.0005973046195
-5.8800000000000 0.0005964121505
-5.8400000000000 0.0005954837017
-5.8400000000000 0.0005954837017
-5.8000000000000 0.0005945185908
-5.7600000000000 0.0005935161193
-5.7600000000000 0.0005935161193
-5.7600000000000 0.0005935161193
-5.7600000000000 0.0005935161193
-5.7600000000000 0.0005935161193
-5.7200000000000 0.0005924755717
-5.6800000000000 0.0005913962148
-5.6800000000000 0.0005913962148
-5.6400000000000 0.0005902772980
-5.6000000000000 0.0005891180519
-5.6000000000000 0.0005891180519
-5.6000000000000 0.0005891180519
-5.5600000000000 0.0005879176882
-5.5200000000000 0.0005866753993
-5.5200000000000 0.0005866753993
-5.4800000000000 0.0005853903573
-5.4400000000000 0.0005840617135
-5.4400000000000 0.0005840617135
-5.4400000000000 0.0005840617135
-5.4400000000000 0.0005840617135
-5.4000000000000 0.0005826885977
-5.3600000000000 0.0005812701178
-5.3600000000000 0.0005812701178
-5.3200000000000 0.0005798053585
-5.2800000000000 0.0005782933809
-5.2800000000000 0.0005782933809
-5.2800000000000 0.0005782933809
-5.2400000000000 0.0005767332216
-5.2000000000000 0.0005751238916
-5.2000000000000 0.0005751238916
-5.1600000000000 0.0005734643757
-5.1200000000000 0.0005717542723
-5.1200000000000 0.0005717542723
-5.1200000000000 0.0005717536311
-5.1200000000000 0.0005717536311
-5.1200000000000 0.0005717536311
-5.1200000000000 0.0005717536311
-5.1200000000000 0.0005717536311
-5.0800000000000 0.0005699905868
-5.0400000000000 0.0005681741424
-5.0400000000000 0.0005681741424
-5.0000000000000 0.0005663031667
-4.9600000000000 0.0005643764971
-4.9600000000000 0.0005643764971
-4.9600000000000 0.0005643764971
-4.9200000000000 0.0005623929382
-4.8800000000000 0.0005603512606
-4.8800000000000 0.0005603512606
-4.8400000000000 0.0005582502000
-4.8000000000000 0.0005560884557
-4.8000000000000 0.0005560884557
-4.8000000000000 0.0005560884557
-4.8000000000000 0.0005560884557
-4.7600000000000 0.0005538646895
-4.7200000000000 0.0005515775248
-4.7200000000000 0.0005515775248
-4.6800000000000 0.0005492255449
-4.6400000000000 0.0005468072919
-4.6400000000000 0.0005468072919
-4.6400000000000 0.0005468072919
-4.6000000000000 0.0005443212655
-4.5600000000000 0.0005417659217
-4.5600000000000 0.0005417659217
-4.5200000000000 0.0005391396710
-4.4800000000000 0.0005364408771
-4.4800000000000 0.0005364408771
-4.4800000000000 0.0005364408771
-4.4800000000000 0.0005364408771
-4.4800000000000 0.0005364408771
-4.4400000000000 0.0005336678555
-4.4000000000000 0.0005308188713
-4.4000000000000 0.0005308188713
-4.3600000000000 0.0005278921379
-4.3200000000000 0.0005248858146
-4.3200000000000 0.0005248858146
-4.3200000000000 0.0005248858146
-4.2800000000000 0.0005217980051
-4.2400000000000 0.0005186267546
-4.2400000000000 0.0005186267546
-4.2000000000000 0.0005153700482
-4.1800000000000 0.0005137090021
-4.1600000000000 0.0005120258078
-4.1600000000000 0.0005120258078
-4.1600000000000 0.0005120258078
-4.1600000000000 0.0005120258078
-4.1600000000000 0.0005120258078
-4.1400000000000 0.0005103201952
-4.1200000000000 0.0005085918901
-4.1200000000000 0.0005085918901
-4.1000000000000 0.0005068406139
-4.0800000000000 0.0005050660835
-4.0800000000000 0.0005050660835
-4.0800000000000 0.0005050660835
-4.0600000000000 0.0005032680115
-4.0400000000000 0.0005014461055
-4.0400000000000 0.0005014461055
-4.0200000000000 0.0004996000687
-4.0000000000000 0.0004977295994
-4.0000000000000 0.0004977295994
-4.0000000000000 0.0004977295994
-4.0000000000000 0.0004977295994
-3.9800000000000 0.0004958343910
-3.9600000000000 0.0004939141317
-3.9600000000000 0.0004939141317
-3.9400000000000 0.0004919685046
-3.9200000000000 0.0004899971876
-3.9200000000000 0.0004899971876
-3.9200000000000 0.0004899971876
-3.9000000000000 0.0004879998533
-3.8800000000000 0.0004859761687
-3.8800000000000 0.0004859761687
-3.8600000000000 0.0004839257954
-3.8400000000000 0.0004818483889
-3.8400000000000 0.0004818483889
-3.8400000000000 0.0004818483889
-3.8400000000000 0.0004818483889
-3.8400000000000 0.0004818483889
-3.8400000000000 0.0004818483889
-3.8400000000000 0.0004818483889
-3.8200000000000 0.0004797435993
-3.8000000000000 0.0004776110704
-3.8000000000000 0.0004776110704
-3.7800000000000 0.0004754504401
-3.7600000000000 0.0004732613399
-3.7600000000000 0.0004732613399
-3.7600000000000 0.0004732613399
-3.7400000000000 0.0004710433951
-3.7200000000000 0.0004687962244
-3.7200000000000 0.0004687962244
-3.7000000000000 0.0004665194399
-3.6800000000000 0.0004642126469
-3.6800000000000 0.0004642126469
-3.6800000000000 0.0004642126469
-3.6800000000000 0.0004642126469
-3.6600000000000 0.0004618754438
-3.6400000000000 0.0004595074219
-3.6400000000000 0.0004595074219
-3.6200000000000 0.0004571081654
-3.6000000000000 0.0004546772508
-3.6000000000000 0.0004546772508
-3.6000000000000 0.0004546772508
-3.5800000000000 0.0004522142475
-3.5600000000000 0.0004497187168
-3.5600000000000 0.0004497187168
-3.5400000000000 0.0004471902124
-3.5200000000000 0.0004446282797
-3.5200000000000 0.0004446282797
-3.5200000000000 0.0004446282797
-3.5200000000000 0.0004446282797
-3.5200000000000 0.0004446282797
-3.5000000000000 0.0004420324562
-3.4800000000000 0.0004394022707
-3.4800000000000 0.0004394022707
-3.4600000000000 0.0004367372435
-3.4400000000000 0.0004340368860
-3.4400000000000 0.0004340368860
-3.4400000000000 0.0004340368860
-3.4200000000000 0.0004313007009
-3.4000000000000 0.0004285281813
-3.4000000000000 0.0004285281813
-3.3800000000000 0.0004257188111
-3.3600000000000 0.0004228720645
-3.3600000000000 0.0004228720645
-3.3600000000000 0.0004228720645
-3.3600000000000 0.0004228720645
-3.3400000000000 0.0004199874056
-3.3200000000000 0.0004170642888
-3.3200000000000 0.0004170642888
-3.3000000000000 0.0004141021576
-3.2800000000000 0.0004111004453
-3.2800000000000 0.0004111004453
-3.2800000000000 0.0004111004453
-3.2600000000000 0.0004080585740
-3.2400000000000 0.0004049759548
-3.2400000000000 0.0004049759548
-3.2200000000000 0.0004018519872
-3.2000000000000 0.0003986860590
-3.2000000000000 0.0003986860590
-3.2000000000000 0.0003986860590
-3.2000000000000 0.0003986860590
-3.2000000000000 0.0003986860590
-3.2000000000000 0.0003986860590
-3.1800000000000 0.0003954775460
-3.1600000000000 0.0003922258115
-3.1600000000000 0.0003922258115
-3.1400000000000 0.0003889302063
-3.1200000000000 0.0003855900680
-3.1200000000000 0.0003855900680
-3.1200000000000 0.0003855900680
-3.1000000000000 0.0003822047209
-3.0800000000000 0.0003787734756
-3.0800000000000 0.0003787734756
-3.0600000000000 0.0003752956287
-3.0400000000000 0.0003717704622
-3.0400000000000 0.0003717704622
-3.0400000000000 0.0003717704622
-3.0400000000000 0.0003717704622
-3.0200000000000 0.0003681972432
-3.0000000000000 0.0003645752239
-3.0000000000000 0.0003645752239
-2.9800000000000 0.0003609036406
-2.9600000000000 0.0003571817134
-2.9600000000000 0.0003571817134
-2.9600000000000 0.0003571817134
-2.9400000000000 0.0003534086463
-2.9200000000000 0.0003495836259
-2.9200000000000 0.0003495836259
-2.9000000000000 0.0003457058218
-2.8800000000000 0.0003417743853
-2.8800000000000 0.0003417743853
-2.8800000000000 0.0003417743853
-2.8800000000000 0.0003417743853
-2.8800000000000 0.0003417743853
-2.8600000000000 0.0003377884495
-2.8400000000000 0.0003337471287
-2.8400000000000 0.0003337471287
-2.8200000000000 0.0003296495176
-2.8000000000000 0.0003254946909
-2.8000000000000 0.0003254946909
-2.8000000000000 0.0003254946909
-2.7800000000000 0.0003212817027
-2.7600000000000 0.0003170095863
-2.7600000000000 0.0003170095863
-2.7400000000000 0.0003126773528
-2.7200000000000 0.0003082839913
-2.7200000000000 0.0003082839913
-2.7200000000000 0.0003082839913
-2.7200000000000 0.0003082839913
-2.7000000000000 0.0003038284675
-2.6800000000000 0.0002993097239
-2.6800000000000 0.0002993097239
-2.6600000000000 0.0002947266782
-2.6400000000000 0.0002900782232
-2.6400000000000 0.0002900782232
-2.6400000000000 0.0002900782232
-2.6200000000000 0.0002853632257
-2.6000000000000 0.0002805805261
-2.6000000000000 0.0002805805261
-2.5800000000000 0.0002757289373
-2.5600000000000 0.0002708084987
-2.5600000000000 0.0002708072438
-2.5600000000000 0.0002708072438
-2.5600000000000 0.0002708072438
-2.5600000000000 0.0002708084987
-2.5600000000000 0.0002708072438
-2.5600000000000 0.0002708084987
-2.5600000000000 0.0002708072438
-2.5400000000000 0.0002658142011
-2.5200000000000 0.0002607485346
-2.5200000000000 0.0002607485346
-2.5000000000000 0.0002556089387
-2.4800000000000 0.0002503940759
-2.4800000000000 0.0002503940759
-2.4800000000000 0.0002503940759
-2.4600000000000 0.0002451025755
-2.4400000000000 0.0002397330329
-2.4400000000000 0.0002397330329
-2.4200000000000 0.0002342840083
-2.4000000000000 0.0002287540253
-2.4000000000000 0.0002287540253
-2.4000000000000 0.0002287540253
-2.4000000000000 0.0002287540253
-2.3800000000000 0.0002231415701
-2.3600000000000 0.0002174450899
-2.3600000000000 0.0002174450899
-2.3400000000000 0.0002116629918
-2.3200000000000 0.0002057936413
-2.3200000000000 0.0002057936413
-2.3200000000000 0.0002057936413
-2.3000000000000 0.0001998353609
-2.2800000000000 0.0001937864285
-2.2800000000000 0.0001937864285
-2.2600000000000 0.0001876450760
-2.2400000000000 0.0001814094875
-2.2400000000000 0.0001814094875
-2.2400000000000 0.0001814094875
-2.2400000000000 0.0001814094875
-2.2400000000000 0.0001814094875
-2.2200000000000 0.0001750777977
-2.2000000000000 0.0001686480901
-2.2000000000000 0.0001686480901
-2.1800000000000 0.0001621183951
-2.1600000000000 0.0001554866882
-2.1600000000000 0.0001554866882
-2.1600000000000 0.0001554866882
-2.1400000000000 0.0001487508875
-2.1200000000000 0.0001419088522
-2.1200000000000 0.0001419088522
-2.1000000000000 0.0001349583801
-2.0800000000000 0.0001278972051
-2.0800000000000 0.0001278972051
-2.0800000000000 0.0001278972051
-2.0800000000000 0.0001278972051
-2.0600000000000 0.0001207229952
-2.0400000000000 0.0001134333494
-2.0400000000000 0.0001134333494
-2.0200000000000 0.0001060257955
-2.0000000000000 0.0000984977871
-2.0000000000000 0.0000984977871
-2.0000000000000 0.0000984977871
-1.9800000000000 0.0000908467008
-1.9600000000000 0.0000830698330
-1.9600000000000 0.0000830698330
-1.9400000000000 0.0000751643965
-1.9200000000000 0.0000671275175
-1.9200000000000 0.0000671275175
-1.9200000000000 0.0000671275175
-1.9200000000000 0.0000671275175
-1.9200000000000 0.0000671275175
-1.9200000000000 0.0000671275175
-1.9000000000000 0.0000589562318
-1.8800000000000 0.0000506474809
-1.8800000000000 0.0000506474809
-1.8600000000000 0.0000421981084
-1.8400000000000 0.0000336048554
-1.8400000000000 0.0000336048554
-1.8400000000000 0.0000336048554
-1.8200000000000 0.0000248643564
-1.8000000000000 0.0000159731344
-1.8000000000000 0.0000159731344
-1.7800000000000 0.0000069275963
-1.7600000000000 -0.0000022759725
-1.7600000000000 -0.0000022759725
-1.7600000000000 -0.0000022759725
-1.7600000000000 -0.0000022759725
-1.7400000000000 -0.0000116414137
-1.7200000000000 -0.0000211727014
-1.7200000000000 -0.0000211727014
-1.7000000000000 -0.0000308739487
-1.6800000000000 -0.0000407494140
-1.6800000000000 -0.0000407494140
-1.6800000000000 -0.0000407494140
-1.6600000000000 -0.0000508035078
-1.6400000000000 -0.0000610407997
-1.6400000000000 -0.0000610407997
-1.6200000000000 -0.0000714660266
-1.6000000000000 -0.0000820841006
-1.6000000000000 -0.0000820841006
-1.6000000000000 -0.0000820841006
-1.6000000000000 -0.0000820841006
-1.6000000000000 -0.0000820841006
-1.5800000000000 -0.0000929001174
-1.5600000000000 -0.0001039193663
-1.5600000000000 -0.0001039193663
-1.5400000000000 -0.0001151473391
-1.5200000000000 -0.0001265897416
-1.5200000000000 -0.0001265897416
-1.5200000000000 -0.0001265897416
-1.5000000000000 -0.0001382525041
-1.4800000000000 -0.0001501417935
-1.4800000000000 -0.0001501417935
-1.4600000000000 -0.0001622640265
-1.4400000000000 -0.0001746258827
-1.4400000000000 -0.0001746258524
-1.4400000000000 -0.0001746258827
-1.4400000000000 -0.0001746258827
-1.4200000000000 -0.0001872343194
-1.4000000000000 -0.0002000965872
-1.4000000000000 -0.0002000965872
-1.3800000000000 -0.0002132202468
-1.3600000000000 -0.0002266131863
-1.3600000000000 -0.0002266131863
-1.3600000000000 -0.0002266131863
-1.3400000000000 -0.0002402836409
-1.3200000000000 -0.0002542402129
-1.3200000000000 -0.0002542402129
-1.3000000000000 -0.0002684918937
-1.2800000000000 -0.0002830480872
-1.2800000000000 -0.0002830480872
-1.2800000000000 -0.0002830480872
-1.2800000000000 -0.0002830480872
-1.2800000000000 -0.0002830480872
-1.2800000000000 -0.0002830480872
-1.2800000000000 -0.0002830480872
-1.2600000000000 -0.0002979186353
-1.2400000000000 -0.0003131138446
-1.2400000000000 -0.0003131138446
-1.2200000000000 -0.0003286445158
-1.2000000000000 -0.0003445219752
-1.2000000000000 -0.0003445219752
-1.2000000000000 -0.0003445219752
-1.1800000000000 -0.0003607581087
-1.1600000000000 -0.0003773653987
-1.1600000000000 -0.0003773653987
-1.1400000000000 -0.0003943569640
-1.1200000000000 -0.0004117466032
-1.1200000000000 -0.0004117466032
-1.1200000000000 -0.0004117466032
-1.1200000000000 -0.0004117466032
-1.1000000000000 -0.0004295488422
-1.0800000000000 -0.0004477789854
-1.0800000000000 -0.0004477789854
-1.0600000000000 -0.0004664531720
-1.0400000000000 -0.0004855884378
-1.0400000000000 -0.0004855884378
-1.0400000000000 -0.0004855884378
-1.0200000000000 -0.0005052027825
-1.0000000000000 -0.0005253152438
-1.0000000000000 -0.0005253152438
-0.9800000000000 -0.0005459459789
-0.9600000000000 -0.0005671163540
-0.9600000000000 -0.0005671163540
-0.9600000000000 -0.0005671163540
-0.9600000000000 -0.0005671163540
-0.9600000000000 -0.0005671163540
-0.9400000000000 -0.0005888490436
-0.9200000000000 -0.0006111681396
-0.9200000000000 -0.0006111681396
-0.9000000000000 -0.0006340992721
-0.8800000000000 -0.0006576697439
-0.8800000000000 -0.0006576697439
-0.8800000000000 -0.0006576697439
-0.8600000000000 -0.0006819086786
-0.8400000000000 -0.0007068471863
-0.8400000000000 -0.0007068471863
-0.8200000000000 -0.0007325185475
-0.8000000000000 -0.0007589584185
-0.8000000000000 -0.0007589584185
-0.8000000000000 -0.0007589584185
-0.8000000000000 -0.0007589584185
-0.7800000000000 -0.0007862050618
-0.7600000000000 -0.0008142996042
-0.7600000000000 -0.0008142996042
-0.7400000000000 -0.0008432863273
-0.7200000000000 -0.0008732129974
-0.7200000000000 -0.0008732129974
-0.7200000000000 -0.0008732129974
-0.7000000000000 -0.0009041312374
-0.6800000000000 -0.0009360969524
-0.6800000000000 -0.0009360969524
-0.6600000000000 -0.0009691708148
-0.6400000000000 -0.0010034188206
-0.6400000000000 -0.0010034188206
-0.6400000000000 -0.0010034188206
-0.6400000000000 -0.0010034188206
-0.6400000000000 -0.0010034188206
-0.6400000000000 -0.0010034188206
-0.6200000000000 -0.0010389129315
-0.6000000000000 -0.0010757318163
-0.6000000000000 -0.0010757318163
-0.5800000000000 -0.0011139617146
-0.5600000000000 -0.0011536974462
-0.5600000000000 -0.0011536974462
-0.5600000000000 -0.0011536974462
-0.5400000000000 -0.0011950435977
-0.5200000000000 -0.0012381159225
-0.5200000000000 -0.0012381159225
-0.5000000000000 -0.0012830429993
-0.4800000000000 -0.0013299682055
-0.4800000000000 -0.0013299682055
-0.4800000000000 -0.0013299682055
-0.4800000000000 -0.0013299682055
-0.4600000000000 -0.0013790520787
-0.4400000000000 -0.0014304751636
-0.4400000000000 -0.0014304751636
-0.4200000000000 -0.0014844414763
-0.4000000000000 -0.0015411827653
-0.4000000000000 -0.0015411827653
-0.4000000000000 -0.0015411827653
-0.3800000000000 -0.0016009638119
-0.3600000000000 -0.0016640890982
-0.3600000000000 -0.0016640890982
-0.3400000000000 -0.0017309112979
-0.3200000000000 -0.0018018421605
-0.3200000000000 -0.0018018421605
-0.3200000000000 -0.0018018421605
-0.3200000000000 -0.0018018421605
-0.3200000000000 -0.0018018421605
-0.3000000000000 -0.0018773666566
-0.2800000000000 -0.0019580621849
-0.2800000000000 -0.0019580621849
-0.2600000000000 -0.0020446241724
-0.2400000000000 -0.0021378968390
-0.2400000000000 -0.0021378968390
-0.2400000000000 -0.0021378968390
-0.2200000000000 -0.0022389238555
-0.2000000000000 -0.0023490448595
-0.2000000000000 -0.0023490448595
-0.1800000000000 -0.0024699357148
-0.1600000000000 -0.0026035999073
-0.1600000000000 -0.0026035999073
-0.1600000000000 -0.0026035999073
-0.1600000000000 -0.0026035999073
-0.1400000000000 -0.0027532258709
-0.1200000000000 -0.0029241952107
-0.1200000000000 -0.0029241952107
-0.1000000000000 -0.0031200592576
-0.0800000000000 -0.0033422917401
-0.0800000000000 -0.0033422917401
-0.0800000000000 -0.0033422917401
-0.0600000000000 -0.0036202297964
-0.0400000000000 -0.0040143805483
-0.0400000000000 -0.0040143805483
-0.0200000000000 -0.0044673211534
0.0000000000000 -0.0046918353340
0.0000000000000 -0.0046918353340
0.0000000000000 -0.0046918353340
0.0000000000000 -0.0046918353340
0.0000000000000 -0.0046918353340
0.0000000000000 -0.0046918353340
0.0000000000000 -0.0046918353340
0.0000000000000 -0.0046918353340
0.0200000000000 -0.0044778948193
0.0400000000000 -0.0040232681079
0.0400000000000 -0.0040232681079
0.0600000000000 -0.0036238440915
0.0800000000000 -0.0033437226869
0.0800000000000 -0.0033437226869
0.0800000000000 -0.0033437226869
0.1000000000000 -0.0031212129315
0.1200000000000 -0.0029251020182
0.1200000000000 -0.0029251020182
0.1400000000000 -0.0027538304177
0.1600000000000 -0.0026040332664
0.1600000000000 -0.0026040332664
0.1600000000000 -0.0026040332664
0.1600000000000 -0.0026040332664
0.1800000000000 -0.0024702719073
0.2000000000000 -0.0023493056036
0.2000000000000 -0.0023493056036
0.2200000000000 -0.0022391272314
0.2400000000000 -0.0021380581380
0.2400000000000 -0.0021380581380
0.2400000000000 -0.0021380581380
0.2600000000000 -0.0020447532779
0.2800000000000 -0.0019581660320
0.2800000000000 -0.0019581660320
0.3000000000000 -0.0018774505207
0.3200000000000 -0.0018019100227
0.3200000000000 -0.0018019100227
0.3200000000000 -0.0018019100227
0.3200000000000 -0.0018019100227
0.3200000000000 -0.0018019100227
0.3400000000000 -0.0017309661942
0.3600000000000 -0.0016641333927
0.3600000000000 -0.0016641333927
0.3800000000000 -0.0016009993688
0.4000000000000 -0.0015412110698
0.4000000000000 -0.0015412110698
0.4000000000000 -0.0015412110698
0.4200000000000 -0.0014844637235
0.4400000000000 -0.0014304923241
0.4400000000000 -0.0014304923241
0.4600000000000 -0.0013790649469
0.4800000000000 -0.0013299774370
0.4800000000000 -0.0013299774370
0.4800000000000 -0.0013299774370
0.4800000000000 -0.0013299774370
0.5000000000000 -0.0012830491386
0.5200000000000 -0.0012381194246
0.5200000000000 -0.0012381194246
0.5400000000000 -0.0011950448450
0.5600000000000 -0.0011536967615
0.5600000000000 -0.0011536967615
0.5600000000000 -0.0011536967615
0.5800000000000 -0.0011139593717
0.6000000000000 -0.0010757280486
0.6000000000000 -0.0010757280486
0.6200000000000 -0.0010389079385
0.6400000000000 -0.0010034127737
0.6400000000000 -0.0010034127737
0.6400000000000 -0.0010034127737
0.6400000000000 -0.0010034127737
0.6400000000000 -0.0010034127737
0.6400000000000 -0.0010034127737
0.6600000000000 -0.0009691638616
0.6800000000000 -0.0009360892208
0.6800000000000 -0.0009360892208
0.7000000000000 -0.0009041228382
0.7200000000000 -0.0008732040271
0.7200000000000 -0.0008732040271
0.7200000000000 -0.0008732040271
0.7400000000000 -0.0008432768702
0.7600000000000 -0.0008142897336
0.7600000000000 -0.0008142897336
0.7800000000000 -0.0007861948421
0.8000000000000 -0.0007589479060
0.8000000000000 -0.0007589479060
0.8000000000000 -0.0007589479060
0.8000000000000 -0.0007589479060
0.8200000000000 -0.0007325077916
0.8400000000000 -0.0007068362307
0.8400000000000 -0.0007068362307
0.8600000000000 -0.0006818975615
0.8800000000000 -0.0006576584990
0.8800000000000 -0.0006576584990
0.8800000000000 -0.0006576584990
0.9000000000000 -0.0006340879291
0.9200000000000 -0.0006111567244
0.9200000000000 -0.0006111567244
0.9400000000000 -0.0005888375793
0.9600000000000 -0.0005671048607
0.9600000000000 -0.0005671048607
0.9600000000000 -0.0005671048607
0.9600000000000 -0.0005671048607
0.9600000000000 -0.0005671048607
0.9800000000000 -0.0005459344744
1.0000000000000 -0.0005253037438
1.0000000000000 -0.0005253037438
1.0200000000000 -0.0005051913009
1.0400000000000 -0.0004855769867
1.0400000000000 -0.0004855769825
1.0400000000000 -0.0004855769867
1.0600000000000 -0.0004664417622
1.0800000000000 -0.0004477676264
1.0800000000000 -0.0004477676264
1.1000000000000 -0.0004295375424
1.1200000000000 -0.0004117353700
1.1200000000000 -0.0004117353670
1.1200000000000 -0.0004117353670
1.1200000000000 -0.0004117353700
1.1400000000000 -0.0003943458038
1.1600000000000 -0.0003773543174
1.1600000000000 -0.0003773543174
1.1800000000000 -0.0003607471113
1.2000000000000 -0.0003445110660
1.2000000000000 -0.0003445110639
1.2000000000000 -0.0003445110660
1.2200000000000 -0.0003286336987
1.2400000000000 -0.0003131031227
1.2400000000000 -0.0003131031227
1.2600000000000 -0.0002979080113
1.2800000000000 -0.0002830375618
1.2800000000000 -0.0002830375634
1.2800000000000 -0.0002830375618
1.2800000000000 -0.0002830375634
1.2800000000000 -0.0002830375618
1.2800000000000 -0.0002830375618
1.2800000000000 -0.0002830375618
1.3000000000000 -0.0002684814718
1.3200000000000 -0.0002542298946
1.3200000000000 -0.0002542298946
1.3400000000000 -0.0002402734273
1.3600000000000 -0.0002266030783
1.3600000000000 -0.0002266030783
1.3600000000000 -0.0002266030770
1.3800000000000 -0.0002132102450
1.4000000000000 -0.0002000866922
1.4000000000000 -0.0002000866922
1.4200000000000 -0.0001872245313
1.4400000000000 -0.0001746162006
1.4400000000000 -0.0001746162006
1.4400000000000 -0.0001746162016
1.4400000000000 -0.0001746162016
1.4600000000000 -0.0001622544523
1.4800000000000 -0.0001501323260
1.4800000000000 -0.0001501323260
1.5000000000000 -0.0001382431429
1.5200000000000 -0.0001265804863
1.5200000000000 -0.0001265804856
1.5200000000000 -0.0001265804863
1.5400000000000 -0.0001151381892
1.5600000000000 -0.0001039103212
1.5600000000000 -0.0001039103212
1.5800000000000 -0.0000928911765
1.6000000000000 -0.0000820752626
1.6000000000000 -0.0000820752626
1.6000000000000 -0.0000820752626
1.6000000000000 -0.0000820752631
1.6000000000000 -0.0000820752631
1.6200000000000 -0.0000714572919
1.6400000000000 -0.0000610321668
1.6400000000000 -0.0000610321668
1.6600000000000 -0.0000507949759
1.6800000000000 -0.0000407409819
1.6800000000000 -0.0000407409823
1.6800000000000 -0.0000407409823
1.7000000000000 -0.0000308656163
1.7200000000000 -0.0000211644673
1.7200000000000 -0.0000211644673
1.7400000000000 -0.0000116332770
1.7600000000000 -0.0000022679204
1.7600000000000 -0.0000022679321
1.7600000000000 -0.0000022679325
1.7600000000000 -0.0000022679325
1.7800000000000 0.0000069355407
1.8000000000000 0.0000159809841
1.8000000000000 0.0000159809841
1.8200000000000 0.0000248721124
1.8400000000000 0.0000336125190
1.8400000000000 0.0000336125187
1.8400000000000 0.0000336125187
1.8600000000000 0.0000422056799
1.8800000000000 0.0000506549617
1.8800000000000 0.0000506549617
1.9000000000000 0.0000589636229
1.9200000000000 0.0000671348199
1.9200000000000 0.0000671348277
1.9200000000000 0.0000671348201
1.9200000000000 0.0000671348199
1.9200000000000 0.0000671348277
1.9200000000000 0.0000671348277
1.9400000000000 0.0000751716112
1.9600000000000 0.0000830769611
1.9600000000000 0.0000830769611
1.9800000000000 0.0000908537433
2.0000000000000 0.0000985047450
2.0000000000000 0.0000985047452
2.0000000000000 0.0000985047450
2.0200000000000 0.0001060326699
2.0400000000000 0.0001134401413
2.0400000000000 0.0001134401413
2.0600000000000 0.0001207297057
2.0800000000000 0.0001279038355
2.0800000000000 0.0001279038353
2.0800000000000 0.0001279038353
2.0800000000000 0.0001279038406
2.1000000000000 0.0001349649310
2.1200000000000 0.0001419153250
2.1200000000000 0.0001419153250
2.1400000000000 0.0001487572831
2.1600000000000 0.0001554930078
2.1600000000000 0.0001554930079
2.1600000000000 0.0001554930078
2.1800000000000 0.0001621246398
2.2000000000000 0.0001686542608
2.2000000000000 0.0001686542608
2.2200000000000 0.0001750838955
2.2400000000000 0.0001814155134
2.2400000000000 0.0001814155135
2.2400000000000 0.0001814155170
2.2400000000000 0.0001814155134
2.2400000000000 0.0001814155170
2.2600000000000 0.0001876510310
2.2800000000000 0.0001937923137
2.2800000000000 0.0001937923137
2.3000000000000 0.0001998411772
2.3200000000000 0.0002057993897
2.3200000000000 0.0002057993897
2.3200000000000 0.0002057993898
2.3400000000000 0.0002116686732
2.3600000000000 0.0002174507053
2.3600000000000 0.0002174507053
2.3800000000000 0.0002231471204
2.4000000000000 0.0002287595114
2.4000000000000 0.0002287595140
2.4000000000000 0.0002287595115
2.4000000000000 0.0002287595114
2.4200000000000 0.0002342894311
2.4400000000000 0.0002397383933
2.4400000000000 0.0002397383933
2.4600000000000 0.0002451078742
2.4800000000000 0.0002503993138
2.4800000000000 0.0002503993137
2.4800000000000 0.0002503993137
2.5000000000000 0.0002556141166
2.5200000000000 0.0002607536532
2.5200000000000 0.0002607536532
2.5400000000000 0.0002658192613
2.5600000000000 0.0002708122480
2.5600000000000 0.0002708122480
2.5600000000000 0.0002708122463
2.5600000000000 0.0002708122480
2.5600000000000 0.0002708122463
2.5600000000000 0.0002708122480
2.5600000000000 0.0002708122463
2.5600000000000 0.0002708122480
2.5800000000000 0.0002757338828
2.6000000000000 0.0002805854155
2.6000000000000 0.0002805854155
2.6200000000000 0.0002853680596
2.6400000000000 0.0002900830023
2.6400000000000 0.0002900830023
2.6400000000000 0.0002900830023
2.6600000000000 0.0002947314033
2.6800000000000 0.0002993143957
2.6800000000000 0.0002993143957
2.7000000000000 0.0003038330868
2.7200000000000 0.0003082885586
2.7200000000000 0.0003082885586
2.7200000000000 0.0003082885599
2.7200000000000 0.0003082885586
2.7400000000000 0.0003126818690
2.7600000000000 0.0003170140519
2.7600000000000 0.0003170140519
2.7800000000000 0.0003212861186
2.8000000000000 0.0003254990576
2.8000000000000 0.0003254990575
2.8000000000000 0.0003254990575
2.8200000000000 0.0003296538358
2.8400000000000 0.0003337513991
2.8400000000000 0.0003337513991
2.8600000000000 0.0003377926727
2.8800000000000 0.0003417785629
2.8800000000000 0.0003417785620
2.8800000000000 0.0003417785619
2.8800000000000 0.0003417785629
2.8800000000000 0.0003417785619
2.9000000000000 0.0003457099525
2.9200000000000 0.0003495877114
2.9200000000000 0.0003495877114
2.9400000000000 0.0003534126871
2.9600000000000 0.0003571857102
2.9600000000000 0.0003571857102
2.9600000000000 0.0003571857102
2.9800000000000 0.0003609075938
3.0000000000000 0.0003645791343
3.0000000000000 0.0003645791343
3.0200000000000 0.0003682011112
3.0400000000000 0.0003717742883
3.0400000000000 0.0003717742884
3.0400000000000 0.0003717742890
3.0400000000000 0.0003717742883
3.0600000000000 0.0003752994136
3.0800000000000 0.0003787772199
3.0800000000000 0.0003787772199
3.1000000000000 0.0003822084249
3.1200000000000 0.0003855937324
3.1200000000000 0.0003855937324
3.1200000000000 0.0003855937324
3.1400000000000 0.0003889338315
3.1600000000000 0.0003922293981
3.1600000000000 0.0003922293981
3.1800000000000 0.0003954810944
3.2000000000000 0.0003986895698
3.2000000000000 0.0003986895698
3.2000000000000 0.0003986895703
3.2000000000000 0.0003986895703
3.2000000000000 0.0003986895698
3.2000000000000 0.0003986895703
3.2200000000000 0.0004018554608
3.2400000000000 0.0004049793918
3.2400000000000 0.0004049793918
3.2600000000000 0.0004080619748
3.2800000000000 0.0004111038104
3.2800000000000 0.0004111038104
3.2800000000000 0.0004111038104
3.3000000000000 0.0004141054875
3.3200000000000 0.0004170675838
3.3200000000000 0.0004170675838
3.3400000000000 0.0004199906664
3.3600000000000 0.0004228752917
3.3600000000000 0.0004228752913
3.3600000000000 0.0004228752913
3.3600000000000 0.0004228752913
3.3800000000000 0.0004257220045
3.4000000000000 0.0004285313417
3.4000000000000 0.0004285313417
3.4200000000000 0.0004313038287
3.4400000000000 0.0004340399816
3.4400000000000 0.0004340399816
3.4400000000000 0.0004340399816
3.4600000000000 0.0004367403072
3.4800000000000 0.0004394053029
3.4800000000000 0.0004394053029
3.5000000000000 0.0004420354574
3.5200000000000 0.0004446312505
3.5200000000000 0.0004446312505
3.5200000000000 0.0004446312502
3.5200000000000 0.0004446312502
3.5200000000000 0.0004446312502
3.5400000000000 0.0004471931525
3.5600000000000 0.0004497216270
3.5600000000000 0.0004497216270
3.5800000000000 0.0004522171280
3.6000000000000 0.0004546801020
3.6000000000000 0.0004546801020
3.6000000000000 0.0004546801020
3.6200000000000 0.0004571109876
3.6400000000000 0.0004595102156
3.6400000000000 0.0004595102156
3.6600000000000 0.0004618782092
3.6800000000000 0.0004642153843
3.6800000000000 0.0004642153843
3.6800000000000 0.0004642153845
3.6800000000000 0.0004642153843
3.7000000000000 0.0004665221497
3.7200000000000 0.0004687989069
3.7200000000000 0.0004687989069
3.7400000000000 0.0004710460507
3.7600000000000 0.0004732639689
3.7600000000000 0.0004732639689
3.7600000000000 0.0004732639689
3.7800000000000 0.0004754530428
3.8000000000000 0.0004776136472
3.8000000000000 0.0004776136472
3.8200000000000 0.0004797461505
3.8400000000000 0.0004818509149
3.8400000000000 0.0004818509151
3.8400000000000 0.0004818510694
3.8400000000000 0.0004818509151
3.8400000000000 0.0004818510694
3.8400000000000 0.0004818509149
3.8400000000000 0.0004818509149
3.8600000000000 0.0004839282964
3.8800000000000 0.0004859786452
3.8800000000000 0.0004859786452
3.9000000000000 0.0004880023055
3.9200000000000 0.0004899996158
3.9200000000000 0.0004899996158
3.9200000000000 0.0004899996158
3.9400000000000 0.0004919709091
3.9600000000000 0.0004939165128
3.9600000000000 0.0004939165128
3.9800000000000 0.0004958367490
4.0000000000000 0.0004977319346
4.0000000000000 0.0004977319346
4.0000000000000 0.0004977319346
4.0000000000000 0.0004977319348
4.0200000000000 0.0004996023814
4.0400000000000 0.0005014483958
4.0400000000000 0.0005014483958
4.0600000000000 0.0005032702797
4.0800000000000 0.0005050683300
4.0800000000000 0.0005050683300
4.0800000000000 0.0005050683300
4.1000000000000 0.0005068428388
4.1200000000000 0.0005085940937
4.1200000000000 0.0005085940937
4.1400000000000 0.0005103223777
4.1600000000000 0.0005120279696
4.1600000000000 0.0005120279695
4.1600000000000 0.0005120279695
4.1600000000000 0.0005120279695
4.1600000000000 0.0005120279696
4.1800000000000 0.0005137111432
4.2000000000000 0.0005153721689
4.2400000000000 0.0005186288353
4.2400000000000 0.0005186288353
4.2800000000000 0.0005218000467
4.3200000000000 0.0005248878181
4.3200000000000 0.0005248878181
4.3200000000000 0.0005248878181
4.3600000000000 0.0005278941041
4.4000000000000 0.0005308208012
4.4000000000000 0.0005308208012
4.4400000000000 0.0005336697500
4.4800000000000 0.0005364427370
4.4800000000000 0.0005364427371
4.4800000000000 0.0005364427370
4.4800000000000 0.0005364427371
4.4800000000000 0.0005364427371
4.5200000000000 0.0005391414971
4.5600000000000 0.0005417677147
4.5600000000000 0.0005417677147
4.6000000000000 0.0005443230261
4.6400000000000 0.0005468090205
4.6400000000000 0.0005468090205
4.6400000000000 0.0005468090206
4.6800000000000 0.0005492272422
4.7200000000000 0.0005515791915
4.7200000000000 0.0005515791915
4.7600000000000 0.0005538663261
4.8000000000000 0.0005560900627
4.8000000000000 0.0005560900627
4.8000000000000 0.0005560900627
4.8000000000000 0.0005560900627
4.8400000000000 0.0005582517782
4.8800000000000 0.0005603528106
4.8800000000000 0.0005603528106
4.9200000000000 0.0005623944607
4.9600000000000 0.0005643779929
4.9600000000000 0.0005643779928
4.9600000000000 0.0005643779928
5.0000000000000 0.0005663046363
5.0400000000000 0.0005681755866
5.0400000000000 0.0005681755866
5.0800000000000 0.0005699920062
5.1200000000000 0.0005717550262
5.1200000000000 0.0005717550262
5.1200000000000 0.0005717550262
5.1200000000000 0.0005717550262
5.1200000000000 0.0005717550262
5.1200000000000 0.0005717550262
5.1200000000000 0.0005717550262
5.1600000000000 0.0005734657469
5.2000000000000 0.0005751252394
5.2000000000000 0.0005751252394
5.2400000000000 0.0005767345464
5.2800000000000 0.0005782946830
5.2800000000000 0.0005782946830
5.2800000000000 0.0005782946830
5.3200000000000 0.0005798066382
5.3600000000000 0.0005812713756
5.3600000000000 0.0005812713756
5.4000000000000 0.0005826898338
5.4400000000000 0.0005840629283
5.4400000000000 0.0005840629283
5.4400000000000 0.0005840629283
5.4400000000000 0.0005840629283
5.4800000000000 0.0005853915513
5.5200000000000 0.0005866765728
5.5200000000000 0.0005866765728
5.5600000000000 0.0005879188416
5.6000000000000 0.0005891191855
5.6000000000000 0.0005891191855
5.6000000000000 0.0005891191855
5.6400000000000 0.0005902784124
5.6800000000000 0.0005913973103
5.6800000000000 0.0005913973103
5.7200000000000 0.0005924766486
5.7600000000000 0.0005935171783
5.7600000000000 0.0005935171783
5.7600000000000 0.0005935171783
5.7600000000000 0.0005935171783
5.7600000000000 0.0005935171783
5.8000000000000 0.0005945196321
5.8400000000000 0.0005954847258
5.8400000000000 0.0005954847258
5.8800000000000 0.0005964131579
5.9200000000000 0.0005973056104
5.9200000000000 0.0005973056104
5.9200000000000 0.0005973056104
5.9600000000000 0.0005981627494
6.0000000000000 0.0005989852248
6.0000000000000 0.0005989852248
6.0400000000000 0.0005997736721
6.0800000000000 0.0006005287106
6.0800000000000 0.0006005287106
6.0800000000000 0.0006005287106
6.0800000000000 0.0006005287106
6.1200000000000 0.0006012509448
6.1600000000000 0.0006019409654
6.1600000000000 0.0006019409654
6.2000000000000 0.0006025993490
6.2400000000000 0.0006032266586
6.2400000000000 0.0006032266586
6.2400000000000 0.0006032266586
6.2800000000000 0.0006038234439
6.3200000000000 0.0006043902419
6.3200000000000 0.0006043902419
6.3600000000000 0.0006049275772
6.4000000000000 0.0006054359625
6.4000000000000 0.0006054359625
6.4000000000000 0.0006054359625
6.4000000000000 0.0006054359625
6.4000000000000 0.0006054359625
6.4800000000000 0.0006063678767
6.5600000000000 0.0006071898635
6.5600000000000 0.0006071898635
6.6400000000000 0.0006079056373
6.7200000000000 0.0006085187581
6.7200000000000 0.0006085187581
6.7200000000000 0.0006085187581
6.8000000000000 0.0006090326412
6.8800000000000 0.0006094505642
6.8800000000000 0.0006094505642
6.9600000000000 0.0006097756736
7.0400000000000 0.0006100109907
7.0400000000000 0.0006100109907
7.0400000000000 0.0006100109907
7.0400000000000 0.0006100109907
7.1200000000000 0.0006101594166
7.2000000000000 0.0006102237384
7.2000000000000 0.0006102237384
7.2800000000000 0.0006102066342
7.3600000000000 0.0006101106764
7.3600000000000 0.0006101106764
7.3600000000000 0.0006101106764
7.4400000000000 0.0006099383352
7.5200000000000 0.0006096919801
7.5200000000000 0.0006096919801
7.6000000000000 0.0006093738817
7.6800000000000 0.0006089862143
7.6800000000000 0.0006089862143
7.6800000000000 0.0006089862143
7.6800000000000 0.0006089862143
7.6800000000000 0.0006089862143
7.6800000000000 0.0006089862143
7.7600000000000 0.0006085310588
7.8400000000000 0.0006080104074
7.8400000000000 0.0006080104074
7.9200000000000 0.0006074261687
8.0000000000000 0.0006067801748
8.0000000000000 0.0006067801748
8.0000000000000 0.0006067801748
8.0800000000000 0.0006060741885
8.1600000000000 0.0006053099098
8.1600000000000 0.0006053099098
8.2400000000000 0.0006044889827
8.3200000000000 0.0006036129993
8.3200000000000 0.0006036129993
8.3200000000000 0.0006036129993
8.3200000000000 0.0006036129993
8.4000000000000 0.0006026835029
8.4800000000000 0.0006017019896
8.4800000000000 0.0006017019896
8.5600000000000 0.0006006699084
8.6400000000000 0.0005995886607
8.6400000000000 0.0005995886607
8.6400000000000 0.0005995886607
8.7200000000000 0.0005984596006
8.8000000000000 0.0005972840336
8.8000000000000 0.0005972840336
8.8800000000000 0.0005960632176
8.9600000000000 0.0005947983631
8.9600000000000 0.0005947983631
8.9600000000000 0.0005947983631
8.9600000000000 0.0005947983631
8.9600000000000 0.0005947983631
9.0400000000000 0.0005934906347
9.1200000000000 0.0005921411531
9.1200000000000 0.0005921411531
9.2000000000000 0.0005907509974
9.2800000000000 0.0005893212079
9.2800000000000 0.0005893212079
9.2800000000000 0.0005893212079
9.3600000000000 0.0005878527884
9.4400000000000 0.0005863467088
9.4400000000000 0.0005863467088
9.5200000000000 0.0005848039070
9.6000000000000 0.0005832252917
9.6000000000000 0.0005832252917
9.6000000000000 0.0005832252917
9.6000000000000 0.0005832252917
9.6800000000000 0.0005816117441
9.7600000000000 0.0005799641203
9.7600000000000 0.0005799641203
9.8400000000000 0.0005782832540
9.9200000000000 0.0005765699576
9.9200000000000 0.0005765699576
9.9200000000000 0.0005765699576
10.0000000000000 0.0005748250244
10.0800000000000 0.0005730492293
10.0800000000000 0.0005730492293
10.1600000000000 0.0005712433332
10.2400000000000 0.0005694080720
10.2400000000000 0.0005694080718
10.2400000000000 0.0005694080718
10.2400000000000 0.0005694080718
10.2400000000000 0.0005694080720
10.2400000000000 0.0005694080720
10.3200000000000 0.0005675441613
10.4000000000000 0.0005656523005
10.4000000000000 0.0005656523005
10.4800000000000 0.0005637331667
10.5600000000000 0.0005617874134
10.5600000000000 0.0005617874134
10.5600000000000 0.0005617874134
10.6400000000000 0.0005598156724
10.7200000000000 0.0005578185525
10.7200000000000 0.0005578185525
10.8000000000000 0.0005557966415
10.8800000000000 0.0005537505065
10.8800000000000 0.0005537505065
10.8800000000000 0.0005537505065
11.0400000000000 0.0005495877390
11.2000000000000 0.0005453344230
11.2000000000000 0.0005453344230
11.3600000000000 0.0005409944676
11.5200000000000 0.0005365715218
11.5200000000000 0.0005365715218
11.5200000000000 0.0005365715218
11.5200000000000 0.0005365715218
11.6800000000000 0.0005320689581
11.8400000000000 0.0005274898680
11.8400000000000 0.0005274898680
12.0000000000000 0.0005228370987
12.1600000000000 0.0005181133228
12.1600000000000 0.0005181133228
12.1600000000000 0.0005181133228
12.3200000000000 0.0005133210999
12.4800000000000 0.0005084629094
12.4800000000000 0.0005084629094
12.6400000000000 0.0005035411637
12.8000000000000 0.0004985582171
12.8000000000000 0.0004985582171
12.8000000000000 0.0004985582171
12.8000000000000 0.0004985582171
12.8000000000000 0.0004985582171
12.9600000000000 0.0004935163759
13.1200000000000 0.0004884179061
13.1200000000000 0.0004884179061
13.2800000000000 0.0004832650337
13.4400000000000 0.0004780599329
13.4400000000000 0.0004780599329
13.4400000000000 0.0004780599329
13.6000000000000 0.0004728047079
13.7600000000000 0.0004675013715
13.7600000000000 0.0004675013715
13.9200000000000 0.0004621518307
14.0800000000000 0.0004567578733
14.0800000000000 0.0004567578733
14.0800000000000 0.0004567578733
14.0800000000000 0.0004567578733
14.2400000000000 0.0004513211957
14.4000000000000 0.0004458433185
14.4000000000000 0.0004458433185
14.5600000000000 0.0004403256613
14.7200000000000 0.0004347695709
14.7200000000000 0.0004347695709
14.7200000000000 0.0004347695709
14.8800000000000 0.0004291763039
15.0400000000000 0.0004235470305
15.0400000000000 0.0004235470305
15.2000000000000 0.0004178828504
15.3600000000000 0.0004121847926
15.3600000000000 0.0004121847926
15.3600000000000 0.0004121847926
15.3600000000000 0.0004121847926
15.3600000000000 0.0004121847926
15.5200000000000 0.0004064538365
15.6800000000000 0.0004006909172
16.0000000000000 0.0003890728352
16.0000000000000 0.0003890728352
16.3200000000000 0.0003773378733
16.6400000000000 0.0003654933020
16.6400000000000 0.0003654933020
16.6400000000000 0.0003654933088
16.9600000000000 0.0003535457949
17.2800000000000 0.0003415009267
17.2800000000000 0.0003415009267
17.6000000000000 0.0003293633195
17.9200000000000 0.0003171374882
17.9200000000000 0.0003171374882
17.9200000000000 0.0003171374882
17.9200000000000 0.0003171374882
18.2400000000000 0.0003048284719
18.5600000000000 0.0002924413395
18.5600000000000 0.0002924413395
18.8800000000000 0.0002799804237
19.2000000000000 0.0002674495987
19.2000000000000 0.0002674495987
19.2000000000000 0.0002674495987
19.5200000000000 0.0002548529385
19.8400000000000 0.0002421945175
19.8400000000000 0.0002421945175
20.1600000000000 0.0002294780091
20.4800000000000 0.0002167057239
20.4800000000000 0.0002167057239
20.4800000000000 0.0002167057239
20.4800000000000 0.0002167057239
20.8000000000000 0.0002038796902
21.1200000000000 0.0001910016506
21.1200000000000 0.0001910016506
21.4400000000000 0.0001780734030
21.7600000000000 0.0001650971117
21.7600000000000 0.0001650971117
21.7600000000000 0.0001650971117
22.0800000000000 0.0001520752491
22.4000000000000 0.0001390121499
22.4000000000000 0.0001390121499
22.7200000000000 0.0001259122748
23.0400000000000 0.0001127800405
23.0400000000000 0.0001127799839
23.0400000000000 0.0001127800405
23.6800000000000 0.0000864332108
24.3200000000000 0.0000599889653
24.3200000000000 0.0000599889653
24.9600000000000 0.0000334496136
25.6000000000000 0.0000068192574
25.6000000000000 0.0000068192574
25.6000000000000 0.0000068192574
26.2400000000000 -0.0000198826061
26.8800000000000 -0.0000466281635
26.8800000000000 -0.0000466281635
27.5200000000000 -0.0000733959802
28.1600000000000 -0.0001001721641
28.1600000000000 -0.0001001721641
28.1600000000000 -0.0001001721641
28.8000000000000 -0.0001269400063
29.4400000000000 -0.0001536749937
29.4400000000000 -0.0001536749937
30.0800000000000 -0.0001803503158
30.7200000000000 -0.0002069451087
30.7200000000000 -0.0002069451087
30.7200000000000 -0.0002069451087
31.3600000000000 -0.0002334446005
32.0000000000000 -0.0002598317531
32.0000000000000 -0.0002598317531
32.6400000000000 -0.0002860822724
33.2800000000000 -0.0003121744967
33.2800000000000 -0.0003121744967
33.2800000000000 -0.0003121744967
33.9200000000000 -0.0003380840704
34.5600000000000 -0.0003637817518
34.5600000000000 -0.0003637817518
35.2000000000000 -0.0003892375704
35.8400000000000 -0.0004144235978
35.8400000000000 -0.0004144235978
35.8400000000000 -0.0004144235978
36.4800000000000 -0.0004393117010
37.1200000000000 -0.0004638777337
37.1200000000000 -0.0004638777337
37.7600000000000 -0.0004880971040
38.4000000000000 -0.0005119420283
38.4000000000000 -0.0005119420283
39.6800000000000 -0.0005583889147
40.9600000000000 -0.0006029539548
40.9600000000000 -0.0006029539548
42.2400000000000 -0.0006453722945
43.5200000000000 -0.0006853814469
43.5200000000000 -0.0006853814469
44.8000000000000 -0.0007227130838
46.0800000000000 -0.0007570774337
46.0800000000000 -0.0007570774337
47.3600000000000 -0.0007881730263
48.6400000000000 -0.0008156997875
48.6400000000000 -0.0008156997875
49.9200000000000 -0.0008393535402
51.2000000000000 -0.0008588318370
51.2000000000000 -0.0008588318370
52.4800000000000 -0.0008738387104
53.7600000000000 -0.0008840897267
53.7600000000000 -0.0008840897267
55.0400000000000 -0.0008893225177
56.3200000000000 -0.0008893025839
56.3200000000000 -0.0008893025839
57.6000000000000 -0.0008838329389
58.8800000000000 -0.0008727663948
58.8800000000000 -0.0008727663948
60.1600000000000 -0.0008560092563
61.4400000000000 -0.0008335276625
61.4400000000000 -0.0008335276625
62.7200000000000 -0.0008053599531
64.0000000000000 -0.0007716180169
64.0000000000000 -0.0007716180169
65.2800000000000 -0.0007324877046
66.5600000000000 -0.0006882388355
66.5600000000000 -0.0006882388355
67.8400000000000 -0.0006392253427
69.1200000000000 -0.0005858802404
69.1200000000000 -0.0005858802404
70.4000000000000 -0.0005287198958
71.6800000000000 -0.0004683444532
71.6800000000000 -0.0004683444532
72.9600000000000 -0.0004054348010
74.2400000000000 -0.0003407540188
74.2400000000000 -0.0003407540188
75.5200000000000 -0.0002751412599
76.8000000000000 -0.0002094991051
76.8000000000000 -0.0002094991051
78.0800000000000 -0.0001447848685
79.3600000000000 -0.0000819989271
79.3600000000000 -0.0000819989271
80.6400000000000 -0.0000221650062
81.9200000000000 0.0000336973078
81.9200000000000 0.0000336973078
83.2000000000000 0.0000846108957
84.4800000000000 0.0001296802106
84.4800000000000 0.0001296802106
85.7600000000000 0.0001681214160
87.0400000000000 0.0001992982571
87.0400000000000 0.0001992982571
88.3200000000000 0.0002227721809
89.6000000000000 0.0002383451022
89.6000000000000 0.0002383451022
90.8800000000000 0.0002460781021
92.1600000000000 0.0002462950736
92.1600000000000 0.0002462950736
93.4400000000000 0.0002395785526
94.7200000000000 0.0002267513915
94.7200000000000 0.0002267513915
96.0000000000000 0.0002088420405
97.2800000000000 0.0001870354561
97.2800000000000 0.0001870354561
98.5600000000000 0.0001626073365
99.8400000000000 0.0001368455221
99.8400000000000 0.0001368455221
101.1200000000000 0.0001109721036
102.4000000000000 0.0000860767910
102.4000000000000 0.0000860767910
103.6800000000000 0.0000630649723
104.9600000000000 0.0000426194050
104.9600000000000 0.0000426194050
106.2400000000000 0.0000251755047
107.5200000000000 0.0000109198364
107.5200000000000 0.0000109198364
108.8000000000000 -0.0000001810267
110.0800000000000 -0.0000083347362
110.0800000000000 -0.0000083347362
111.3600000000000 -0.0000138762589
112.6400000000000 -0.0000172180092
112.6400000000000 -0.0000172180092
113.9200000000000 -0.0000187985674
115.2000000000000 -0.0000190443651
115.2000000000000 -0.0000190443651
116.4800000000000 -0.0000183456941
117.7600000000000 -0.0000170364751
117.7600000000000 -0.0000170364751
119.0400000000000 -0.0000153814892
120.3200000000000 -0.0000135792047
120.3200000000000 -0.0000135792047
121.6000000000000 -0.0000117713497
122.8800000000000 -0.0000100495385
122.8800000000000 -0.0000100495385
124.1600000000000 -0.0000084641635
125.4400000000000 -0.0000070389742
125.4400000000000 -0.0000070389742
126.7200000000000 -0.0000057833654
128.0000000000000 -0.0000046971013
128.0000000000000 -0.0000046971013
129.2800000000000 -0.0000037714246
130.5600000000000 -0.0000029914189
130.5600000000000 -0.0000029914189
131.8400000000000 -0.0000023384993
133.1200000000000 -0.0000017968185
133.1200000000000 -0.0000017968185
134.4000000000000 -0.0000013501473
135.6800000000000 -0.0000009842841
135.6800000000000 -0.0000009842841
136.9600000000000 -0.0000006863671
138.2400000000000 -0.0000004459714
138.2400000000000 -0.0000004459714
139.5200000000000 -0.0000002543289
140.8000000000000 -0.0000001052580
143.3600000000000 0.0000000835640
145.9200000000000 0.0000001495572
148.4800000000000 0.0000001317338
151.0400000000000 0.0000000541307
153.6000000000000 -0.0000000817056
156.1600000000000 -0.0000002660048
158.7200000000000 -0.0000004614529
161.2800000000000 -0.0000006125188
163.8400000000000 -0.0000006800025
166.4000000000000 -0.0000006534613
168.9600000000000 -0.0000005441674
171.5200000000000 -0.0000003755869
174.0800000000000 -0.0000001785545
176.6400000000000 0.0000000128838
179.2000000000000 0.0000001695462
181.7600000000000 0.0000002730587
184.3200000000000 0.0000003310972
186.8800000000000 0.0000003704896
189.4400000000000 0.0000004144256
192.0000000000000 0.0000004662730
194.5600000000000 0.0000004985053
197.1200000000000 0.0000004834099
199.6800000000000 0.0000004089186
202.2400000000000 0.0000002609489
204.8000000000000 0.0000000526288
207.3600000000000 -0.0000001710223
209.9200000000000 -0.0000003701254
212.4800000000000 -0.0000005018305
215.0400000000000 -0.0000005421674
217.6000000000000 -0.0000005146139
220.1600000000000 -0.0000004158916
222.7200000000000 -0.0000002090173
225.2800000000000 0.0000000563208
227.8400000000000 0.0000002648156
230.4000000000000 0.0000003803730
232.9600000000000 0.0000004243462
235.5200000000000 0.0000003610217
238.0800000000000 0.0000001526063
240.6400000000000 -0.0000001138007
243.2000000000000 -0.0000002725245
245.7600000000000 -0.0000002448746
248.3200000000000 -0.0000001007460
250.8800000000000 0.0000000327674
253.4400000000000 0.0000000844479
256.0000000000000 0.0000000666682
258.5600000000000 0.0000000286542
261.1200000000000 0.0000000045720
263.6800000000000 -0.0000000010735
266.2400000000000 0.0000000014397
268.8000000000000 0.0000000039142
271.3600000000000 0.0000000048114
273.9200000000000 0.0000000052845
276.4800000000000 0.0000000052219
279.0400000000000 0.0000000031852
281.6000000000000 -0.0000000011235
284.1600000000000 -0.0000000056530
286.7200000000000 -0.0000000079792
289.2800000000000 -0.0000000079566
291.8400000000000 -0.0000000074162
294.4000000000000 -0.0000000074218
296.9600000000000 -0.0000000072333
299.5200000000000 -0.0000000062648
302.0800000000000 -0.0000000051606
304.6400000000000 -0.0000000042802
307.2000000000000 -0.0000000031566
309.7600000000000 -0.0000000017424
312.3200000000000 -0.0000000002932
314.8800000000000 0.0000000014206
317.4400000000000 0.0000000033600
