# x lapse
-317.4400000000000 0.9956483284485
-314.8800000000000 0.9956248873286
-312.3200000000000 0.9955617771835
-309.7600000000000 0.9954536587251
-307.2000000000000 0.9953013419288
-304.6400000000000 0.9951128697112
-302.0800000000000 0.9949025191731
-299.5200000000000 0.9946878902947
-296.9600000000000 0.9944861562637
-294.4000000000000 0.9943108407785
-291.8400000000000 0.9941700071676
-289.2800000000000 0.9940659453749
-286.7200000000000 0.9939959450472
-284.1600000000000 0.9939536905372
-281.6000000000000 0.9939308978165
-279.0400000000000 0.9939188566429
-276.4800000000000 0.9939096480117
-273.9200000000000 0.9938969602243
-271.3600000000000 0.9938764807898
-268.8000000000000 0.9938458797210
-266.2400000000000 0.9938045304583
-263.6800000000000 0.9937531382932
-261.1200000000000 0.9936933027463
-258.5600000000000 0.9936270321748
-256.0000000000000 0.9935563486587
-253.4400000000000 0.9934830479692
-250.8800000000000 0.9934085416199
-248.3200000000000 0.9933337735929
-245.7600000000000 0.9932592501737
-243.2000000000000 0.9931851204376
-240.6400000000000 0.9931112491692
-238.0800000000000 0.9930373100644
-235.5200000000000 0.9929628971182
-232.9600000000000 0.9928875994644
-230.4000000000000 0.9928110275688
-227.8400000000000 0.9927328365222
-225.2800000000000 0.9926527569926
-222.7200000000000 0.9925705885410
-220.1600000000000 0.9924861748403
-217.6000000000000 0.9923994060431
-215.0400000000000 0.9923102066438
-212.4800000000000 0.9922185131725
-209.9200000000000 0.9921242840234
-207.3600000000000 0.9920274927201
-204.8000000000000 0.9919281104559
-202.2400000000000 0.9918261148759
-199.6800000000000 0.9917214799545
-197.1200000000000 0.9916141633312
-194.5600000000000 0.9915041093989
-192.0000000000000 0.9913912351643
-189.4400000000000 0.9912754279704
-186.8800000000000 0.9911565511432
-184.3200000000000 0.9910344409273
-181.7600000000000 0.9909089203592
-179.2000000000000 0.9907798102980
-176.6400000000000 0.9906469323591
-174.0800000000000 0.9905101140625
-171.5200000000000 0.9903691885469
-168.9600000000000 0.9902239914461
-166.4000000000000 0.9900743530754
-163.8400000000000 0.9899200891835
-161.2800000000000 0.9897609933822
-158.7200000000000 0.9895968367540
-156.1600000000000 0.9894273652181
-153.6000000000000 0.9892523014458
-151.0400000000000 0.9890713545766
-148.4800000000000 0.9888842130539
-145.9200000000000 0.9886905371551
-143.3600000000000 0.9884899560392
-140.8000000000000 0.9882820810240
-139.5200000000000 0.9881752837507
-138.2400000000000 0.9880665084395
-138.2400000000000 0.9880665084395
-136.9600000000000 0.9879556985869
-135.6800000000000 0.9878427938123
-135.6800000000000 0.9878427938123
-134.4000000000000 0.9877277318756
-133.1200000000000 0.9876104518303
-133.1200000000000 0.9876104518303
-131.8400000000000 0.9874908903158
-130.5600000000000 0.9873689845742
-130.5600000000000 0.9873689845742
-129.2800000000000 0.9872446687868
-128.0000000000000 0.9871178653465
-128.0000000000000 0.9871178653465
-126.7200000000000 0.9869884936960
-125.4400000000000 0.9868564712663
-125.4400000000000 0.9868564712663
-124.1600000000000 0.9867217143757
-122.8800000000000 0.9865841390924
-122.8800000000000 0.9865841390924
-121.6000000000000 0.9864436597586
-120.3200000000000 0.9863001868616
-120.3200000000000 0.9863001868616
-119.0400000000000 0.9861536265213
-117.7600000000000 0.9860038812695
-117.7600000000000 0.9860038812695
-116.4800000000000 0.9858508500537
-115.2000000000000 0.9856944265512
-115.2000000000000 0.9856944265512
-113.9200000000000 0.9855344975457
-112.6400000000000 0.9853709433633
-112.6400000000000 0.9853709433633
-111.3600000000000 0.9852036397098
-110.0800000000000 0.9850324583382
-110.0800000000000 0.9850324583382
-108.8000000000000 0.9848572652173
-107.5200000000000 0.9846779179095
-107.5200000000000 0.9846779179095
-106.2400000000000 0.9844942648175
-104.9600000000000 0.9843061466289
-104.9600000000000 0.9843061466289
-103.6800000000000 0.9841133980706
-102.4000000000000 0.9839158478469
-102.4000000000000 0.9839158478469
-101.1200000000000 0.9837133160406
-99.8400000000000 0.9835056112039
-99.8400000000000 0.9835056112039
-98.5600000000000 0.9832925302621
-97.2800000000000 0.9830738602699
-97.2800000000000 0.9830738602699
-96.0000000000000 0.9828493779841
-94.7200000000000 0.9826188467206
-94.7200000000000 0.9826188467206
-93.4400000000000 0.9823820142521
-92.1600000000000 0.9821386134884
-92.1600000000000 0.9821386134884
-90.8800000000000 0.9818883634393
-89.6000000000000 0.9816309684594
-89.6000000000000 0.9816309684594
-88.3200000000000 0.9813661165238
-87.0400000000000 0.9810934774282
-87.0400000000000 0.9810934774282
-85.7600000000000 0.9808127009291
-84.4800000000000 0.9805234151023
-84.4800000000000 0.9805234151023
-83.2000000000000 0.9802252252485
-81.9200000000000 0.9799177127761
-81.9200000000000 0.9799177127761
-80.6400000000000 0.9796004331262
-79.3600000000000 0.9792729128903
-79.3600000000000 0.9792729128903
-78.0800000000000 0.9789346471371
-76.8000000000000 0.9785850972893
-76.8000000000000 0.9785850972893
-75.5200000000000 0.9782236889666
-74.2400000000000 0.9778498091132
-74.2400000000000 0.9778498091132
-72.9600000000000 0.9774628017491
-71.6800000000000 0.9770619627933
-71.6800000000000 0.9770619627933
-70.4000000000000 0.9766465362862
-69.1200000000000 0.9762157117379
-69.1200000000000 0.9762157117379
-67.8400000000000 0.9757686189208
-66.5600000000000 0.9753043201989
-66.5600000000000 0.9753043201989
-65.2800000000000 0.9748218030425
-64.0000000000000 0.9743199731197
-64.0000000000000 0.9743199731197
-62.7200000000000 0.9737976478853
-61.4400000000000 0.9732535477854
-61.4400000000000 0.9732535477854
-60.1600000000000 0.9726862834659
-58.8800000000000 0.9720943433492
-58.8800000000000 0.9720943433492
-57.6000000000000 0.9714760808063
-56.3200000000000 0.9708296990378
-56.3200000000000 0.9708296990378
-55.0400000000000 0.9701532354103
-53.7600000000000 0.9694445410344
-53.7600000000000 0.9694445410344
-52.4800000000000 0.9687012562250
-51.2000000000000 0.9679207839977
-51.2000000000000 0.9679207839977
-49.9200000000000 0.9671002592852
-48.6400000000000 0.9662365174753
-48.6400000000000 0.9662365174753
-47.3600000000000 0.9653260571434
-46.0800000000000 0.9643649914623
-46.0800000000000 0.9643649914623
-44.8000000000000 0.9633489865053
-43.5200000000000 0.9622731917869
-43.5200000000000 0.9622731917869
-42.2400000000000 0.9611321739165
-40.9600000000000 0.9599198324779
-40.9600000000000 0.9599198324779
-39.6800000000000 0.9586292889619
-38.4000000000000 0.9572527467391
-38.4000000000000 0.9572527467391
-37.7600000000000 0.9565294993991
-37.1200000000000 0.9557813304455
-37.1200000000000 0.9557813304455
-36.4800000000000 0.9550069302245
-35.8400000000000 0.9542048978104
-35.8400000000000 0.9542048978104
-35.8400000000000 0.9542048978104
-35.2000000000000 0.9533737289534
-34.5600000000000 0.9525118134498
-34.5600000000000 0.9525118134498
-33.9200000000000 0.9516174178394
-33.2800000000000 0.9506886789757
-33.2800000000000 0.9506886789757
-33.2800000000000 0.9506886789757
-32.6400000000000 0.9497235852925
-32.0000000000000 0.9487199727786
-32.0000000000000 0.9487199727786
-31.3600000000000 0.9476754979346
-30.7200000000000 0.9465876254824
-30.7200000000000 0.9465876254824
-30.7200000000000 0.9465876254824
-30.0800000000000 0.9454536053625
-29.4400000000000 0.9442704505356
-29.4400000000000 0.9442704505356
-28.8000000000000 0.9430349118881
-28.1600000000000 0.9417434488365
-28.1600000000000 0.9417434488365
-28.1600000000000 0.9417434488365
-27.5200000000000 0.9403921956963
-26.8800000000000 0.9389769242749
-26.8800000000000 0.9389769242749
-26.2400000000000 0.9374930015804
-25.6000000000000 0.9359353407242
-25.6000000000000 0.9359353407242
-25.6000000000000 0.9359353407242
-24.9600000000000 0.9342983432815
-24.3200000000000 0.9325758324943
-24.3200000000000 0.9325758324943
-23.6800000000000 0.9307609765324
-23.0400000000000 0.9288461991671
-23.0400000000000 0.9288461991671
-23.0400000000000 0.9288461991671
-22.7200000000000 0.9278487435445
-22.4000000000000 0.9268230761686
-22.4000000000000 0.9268230761686
-22.0800000000000 0.9257679914261
-21.7600000000000 0.9246822157928
-21.7600000000000 0.9246822157928
-21.7600000000000 0.9246822157928
-21.4400000000000 0.9235644006366
-21.1200000000000 0.9224131192307
-21.1200000000000 0.9224131192307
-20.8000000000000 0.9212268581775
-20.4800000000000 0.9200040137331
-20.4800000000000 0.9200040137331
-20.4800000000000 0.9200040137331
-20.4800000000000 0.9200040137331
-20.1600000000000 0.9187428817111
-19.8400000000000 0.9174416531596
-19.8400000000000 0.9174416531596
-19.5200000000000 0.9160984026218
-19.2000000000000 0.9147110813906
-19.2000000000000 0.9147110813906
-19.2000000000000 0.9147110813906
-18.8800000000000 0.9132775067194
-18.5600000000000 0.9117953507572
-18.5600000000000 0.9117953507572
-18.2400000000000 0.9102621283344
-17.9200000000000 0.9086751835560
-17.9200000000000 0.9086751835560
-17.9200000000000 0.9086751835560
-17.9200000000000 0.9086751835560
-17.6000000000000 0.9070316750183
-17.2800000000000 0.9053285594916
-17.2800000000000 0.9053285594916
-16.9600000000000 0.9035625739337
-16.6400000000000 0.9017302156317
-16.6400000000000 0.9017302156317
-16.6400000000000 0.9017302156317
-16.3200000000000 0.8998277201952
-16.0000000000000 0.8978510370914
-16.0000000000000 0.8978510370914
-15.6800000000000 0.8957958023655
-15.5200000000000 0.8947372712466
-15.3600000000000 0.8936573081079
-15.3600000000000 0.8936573081079
-15.3600000000000 0.8936573081079
-15.3600000000000 0.8936573081079
-15.3600000000000 0.8936573081079
-15.2000000000000 0.8925552650149
-15.0400000000000 0.8914304682112
-15.0400000000000 0.8914304682112
-14.8800000000000 0.8902822164553
-14.7200000000000 0.8891097800359
-14.7200000000000 0.8891097800359
-14.7200000000000 0.8891097800359
-14.5600000000000 0.8879123989001
-14.4000000000000 0.8866892815642
-14.4000000000000 0.8866892815642
-14.2400000000000 0.8854396029892
-14.0800000000000 0.8841625033982
-14.0800000000000 0.8841625033982
-14.0800000000000 0.8841625033982
-14.0800000000000 0.8841625033982
-13.9200000000000 0.8828570858821
-13.7600000000000 0.8815224147755
-13.7600000000000 0.8815224147755
-13.6000000000000 0.8801575134645
-13.4400000000000 0.8787613621756
-13.4400000000000 0.8787613621961
-13.4400000000000 0.8787613621756
-13.2800000000000 0.8773328956142
-13.1200000000000 0.8758710004493
-13.1200000000000 0.8758710004493
-12.9600000000000 0.8743745126286
-12.8000000000000 0.8728422145110
-12.8000000000000 0.8728422145110
-12.8000000000000 0.8728422145110
-12.8000000000000 0.8728422145110
-12.8000000000000 0.8728422145110
-12.6400000000000 0.8712728318024
-12.4800000000000 0.8696650302809
-12.4800000000000 0.8696650302809
-12.3200000000000 0.8680174122975
-12.1600000000000 0.8663285130364
-12.1600000000000 0.8663285130364
-12.1600000000000 0.8663285130364
-12.0000000000000 0.8645967965189
-11.8400000000000 0.8628206513335
-11.8400000000000 0.8628206513335
-11.6800000000000 0.8609983860695
-11.5200000000000 0.8591282244291
-11.5200000000000 0.8591282244291
-11.5200000000000 0.8591282244291
-11.5200000000000 0.8591282244291
-11.3600000000000 0.8572082999868
-11.2000000000000 0.8552366505610
-11.2000000000000 0.8552366505610
-11.0400000000000 0.8532112121661
-10.8800000000000 0.8511298125086
-10.8800000000000 0.8511298125086
-10.8800000000000 0.8511298125086
-10.8000000000000 0.8500674170360
-10.7200000000000 0.8489901639935
-10.7200000000000 0.8489901639935
-10.6400000000000 0.8478977481689
-10.5600000000000 0.8467898561958
-10.5600000000000 0.8467898561958
-10.5600000000000 0.8467898561958
-10.4800000000000 0.8456661662360
-10.4000000000000 0.8445263477540
-10.4000000000000 0.8445263477540
-10.3200000000000 0.8433700611737
-10.2400000000000 0.8421969576365
-10.2400000000000 0.8421969576365
-10.2400000000000 0.8421969576365
-10.2400000000000 0.8421969576365
-10.2400000000000 0.8421969576365
-10.2400000000000 0.8421969576365
-10.1600000000000 0.8410066786294
-10.0800000000000 0.8397988557280
-10.0800000000000 0.8397988557280
-10.0000000000000 0.8385731101963
-9.9200000000000 0.8373290526752
-9.9200000000000 0.8373290526752
-9.9200000000000 0.8373290526752
-9.8400000000000 0.8360662828080
-9.7600000000000 0.8347843888629
-9.7600000000000 0.8347843888629
-9.6800000000000 0.8334829473404
-9.6000000000000 0.8321615225631
-9.6000000000000 0.8321615225631
-9.6000000000000 0.8321615225631
-9.6000000000000 0.8321615225631
-9.5200000000000 0.8308196662512
-9.4400000000000 0.8294569170789
-9.4400000000000 0.8294569170789
-9.3600000000000 0.8280728002139
-9.2800000000000 0.8266668268458
-9.2800000000000 0.8266668268381
-9.2800000000000 0.8266668268381
-9.2000000000000 0.8252384936483
-9.1200000000000 0.8237872823367
-9.1200000000000 0.8237872823367
-9.0400000000000 0.8223126590502
-8.9600000000000 0.8208140738262
-8.9600000000000 0.8208140738262
-8.9600000000000 0.8208140738262
-8.9600000000000 0.8208140738262
-8.9600000000000 0.8208140738262
-8.8800000000000 0.8192909600064
-8.8000000000000 0.8177427336246
-8.8000000000000 0.8177427336246
-8.7200000000000 0.8161687927693
-8.6400000000000 0.8145685169190
-8.6400000000000 0.8145685169190
-8.6400000000000 0.8145685169190
-8.5600000000000 0.8129412662494
-8.4800000000000 0.8112863809104
-8.4800000000000 0.8112863809104
-8.4000000000000 0.8096031802721
-8.3200000000000 0.8078909621380
-8.3200000000000 0.8078909621380
-8.3200000000000 0.8078909621380
-8.3200000000000 0.8078909621380
-8.2400000000000 0.8061490019241
-8.1600000000000 0.8043765518017
-8.1600000000000 0.8043765518017
-8.0800000000000 0.8025728398034
-8.0000000000000 0.8007370688892
-8.0000000000000 0.8007370688892
-8.0000000000000 0.8007370688892
-7.9200000000000 0.7988684159719
-7.8400000000000 0.7969660308996
-7.8400000000000 0.7969660308996
-7.7600000000000 0.7950290353924
-7.6800000000000 0.7930565219330
-7.6800000000000 0.7930565219330
-7.6800000000000 0.7930565219330
-7.6800000000000 0.7930565219330
-7.6800000000000 0.7930565219330
-7.6800000000000 0.7930565219330
-7.6000000000000 0.7910475526065
-7.5200000000000 0.7890011578886
-7.5200000000000 0.7890011578886
-7.4400000000000 0.7869163353789
-7.3600000000000 0.7847920484770
-7.3600000000000 0.7847920484770
-7.3600000000000 0.7847920484770
-7.2800000000000 0.7826272249982
-7.2000000000000 0.7804207557257
-7.2000000000000 0.7804207557257
-7.1200000000000 0.7781714928980
-7.0400000000000 0.7758782486253
-7.0400000000000 0.7758782486253
-7.0400000000000 0.7758782486253
-7.0400000000000 0.7758782486253
-6.9600000000000 0.7735397932348
-6.8800000000000 0.7711548535389
-6.8800000000000 0.7711548535389
-6.8000000000000 0.7687221110247
-6.7200000000000 0.7662401999589
-6.7200000000000 0.7662401999589
-6.7200000000000 0.7662401999589
-6.6400000000000 0.7637077054061
-6.5600000000000 0.7611231611543
-6.5600000000000 0.7611231611543
-6.4800000000000 0.7584850475456
-6.4000000000000 0.7557917892050
-6.4000000000000 0.7557917892050
-6.4000000000000 0.7557917892050
-6.4000000000000 0.7557917892050
-6.4000000000000 0.7557917892050
-6.3600000000000 0.7544239726375
-6.3200000000000 0.7530417526649
-6.3200000000000 0.7530417526649
-6.2800000000000 0.7516449156165
-6.2400000000000 0.7502332438786
-6.2400000000000 0.7502332438786
-6.2400000000000 0.7502332438786
-6.2000000000000 0.7488065158004
-6.1600000000000 0.7473645056180
-6.1600000000000 0.7473645056180
-6.1200000000000 0.7459069833565
-6.0800000000000 0.7444337147505
-6.0800000000000 0.7444337147505
-6.0800000000000 0.7444337147505
-6.0800000000000 0.7444337147505
-6.0400000000000 0.7429444611411
-6.0000000000000 0.7414389793932
-6.0000000000000 0.7414389793932
-5.9600000000000 0.7399170217884
-5.9200000000000 0.7383783359324
-5.9200000000000 0.7383783359324
-5.9200000000000 0.7383783359324
-5.8800000000000 0.7368226646520
-5.8400000000000 0.7352497458928
-5.8400000000000 0.7352497458928
-5.8000000000000 0.7336593126131
-5.7600000000000 0.7320510926766
-5.7600000000000 0.7320510926766
-5.7600000000000 0.7320510926766
-5.7600000000000 0.7320510926766
-5.7600000000000 0.7320510926766
-5.7200000000000 0.7304248087417
-5.6800000000000 0.7287801781485
-5.6800000000000 0.7287801781485
-5.6400000000000 0.7271169128036
-5.6000000000000 0.7254347190617
-5.6000000000000 0.7254347190617
-5.6000000000000 0.7254347190617
-5.5600000000000 0.7237332976053
-5.5200000000000 0.7220123433209
-5.5200000000000 0.7220123433209
-5.4800000000000 0.7202715451727
-5.4400000000000 0.7185105860737
-5.4400000000000 0.7185105860737
-5.4400000000000 0.7185105860737
-5.4400000000000 0.7185105860737
-5.4000000000000 0.7167291427536
-5.3600000000000 0.7149268856241
-5.3600000000000 0.7149268856241
-5.3200000000000 0.7131034786404
-5.2800000000000 0.7112585791610
-5.2800000000000 0.7112585791610
-5.2800000000000 0.7112585791610
-5.2400000000000 0.7093918378029
-5.2000000000000 0.7075028982947
-5.2000000000000 0.7075028982947
-5.1600000000000 0.7055913973258
-5.1200000000000 0.7036569643928
-5.1200000000000 0.7036569643928
-5.1200000000000 0.7036569643928
-5.1200000000000 0.7036569643928
-5.1200000000000 0.7036569643928
-5.1200000000000 0.7036569643928
-5.1200000000000 0.7036569643928
-5.0800000000000 0.7016992216424
-5.0400000000000 0.6997177837104
-5.0400000000000 0.6997177837104
-5.0000000000000 0.6977122575582
-4.9600000000000 0.6956822423051
-4.9600000000000 0.6956822423051
-4.9600000000000 0.6956822423051
-4.9200000000000 0.6936273290571
-4.8800000000000 0.6915471007320
-4.8800000000000 0.6915471007320
-4.8400000000000 0.6894411318817
-4.8000000000000 0.6873089885094
-4.8000000000000 0.6873089885094
-4.8000000000000 0.6873089885094
-4.8000000000000 0.6873089885094
-4.7600000000000 0.6851502278841
-4.7200000000000 0.6829643983508
-4.7200000000000 0.6829643983508
-4.6800000000000 0.6807510391369
-4.6400000000000 0.6785096801549
-4.6400000000000 0.6785096801549
-4.6400000000000 0.6785096801549
-4.6000000000000 0.6762398418010
-4.5600000000000 0.6739410347497
-4.5600000000000 0.6739410347497
-4.5200000000000 0.6716127597440
-4.4800000000000 0.6692545073829
-4.4800000000000 0.6692545073829
-4.4800000000000 0.6692545073829
-4.4800000000000 0.6692545073829
-4.4800000000000 0.6692545073829
-4.4400000000000 0.6668657579029
-4.4000000000000 0.6644459809569
-4.4000000000000 0.6644459809569
-4.3600000000000 0.6619946353885
-4.3200000000000 0.6595111690018
-4.3200000000000 0.6595111690018
-4.3200000000000 0.6595111690018
-4.2800000000000 0.6569950183278
-4.2400000000000 0.6544456083859
-4.2400000000000 0.6544456083859
-4.2000000000000 0.6518623524418
-4.1800000000000 0.6505578455898
-4.1600000000000 0.6492446517607
-4.1600000000000 0.6492446517607
-4.1600000000000 0.6492446517607
-4.1600000000000 0.6492446517607
-4.1600000000000 0.6492446517607
-4.1400000000000 0.6479226941964
-4.1200000000000 0.6465918953574
-4.1200000000000 0.6465918953574
-4.1000000000000 0.6452521769145
-4.0800000000000 0.6439034597410
-4.0800000000000 0.6439034597410
-4.0800000000000 0.6439034597410
-4.0600000000000 0.6425456639038
-4.0400000000000 0.6411787086563
-4.0400000000000 0.6411787086563
-4.0200000000000 0.6398025124290
-4.0000000000000 0.6384169928218
-4.0000000000000 0.6384169928218
-4.0000000000000 0.6384169928218
-4.0000000000000 0.6384169928218
-3.9800000000000 0.6370220665954
-3.9600000000000 0.6356176496627
-3.9600000000000 0.6356176496627
-3.9400000000000 0.6342036570801
-3.9200000000000 0.6327800030394
-3.9200000000000 0.6327800030394
-3.9200000000000 0.6327800030394
-3.9000000000000 0.6313466008585
-3.8800000000000 0.6299033629733
-3.8800000000000 0.6299033629733
-3.8600000000000 0.6284502009284
-3.8400000000000 0.6269870253686
-3.8400000000000 0.6269870253686
-3.8400000000000 0.6269870253686
-3.8400000000000 0.6269870253686
-3.8400000000000 0.6269870253686
-3.8400000000000 0.6269870253686
-3.8400000000000 0.6269870253686
-3.8200000000000 0.6255137460300
-3.8000000000000 0.6240302717306
-3.8000000000000 0.6240302717306
-3.7800000000000 0.6225365103622
-3.7600000000000 0.6210323688801
-3.7600000000000 0.6210323688801
-3.7600000000000 0.6210323688801
-3.7400000000000 0.6195177532954
-3.7200000000000 0.6179925686645
-3.7200000000000 0.6179925686645
-3.7000000000000 0.6164567190808
-3.6800000000000 0.6149101076653
-3.6800000000000 0.6149101076653
-3.6800000000000 0.6149101076653
-3.6800000000000 0.6149101076653
-3.6600000000000 0.6133526365569
-3.6400000000000 0.6117842069035
-3.6400000000000 0.6117842069035
-3.6200000000000 0.6102047188523
-3.6000000000000 0.6086140715405
-3.6000000000000 0.6086140715405
-3.6000000000000 0.6086140715405
-3.5800000000000 0.6070121630860
-3.5600000000000 0.6053988905776
-3.5600000000000 0.6053988905776
-3.5400000000000 0.6037741500655
-3.5200000000000 0.6021378365520
-3.5200000000000 0.6021378365520
-3.5200000000000 0.6021378365520
-3.5200000000000 0.6021378365520
-3.5200000000000 0.6021378365520
-3.5000000000000 0.6004898439816
-3.4800000000000 0.5988300652313
-3.4800000000000 0.5988300652313
-3.4600000000000 0.5971583921015
-3.4400000000000 0.5954747153055
-3.4400000000000 0.5954747153055
-3.4400000000000 0.5954747153055
-3.4200000000000 0.5937789244604
-3.4000000000000 0.5920709080771
-3.4000000000000 0.5920709080771
-3.3800000000000 0.5903505535506
-3.3600000000000 0.5886177471502
-3.3600000000000 0.5886177471502
-3.3600000000000 0.5886177471502
-3.3600000000000 0.5886177471502
-3.3400000000000 0.5868723740100
-3.3200000000000 0.5851143181185
-3.3200000000000 0.5851143181185
-3.3000000000000 0.5833434623095
-3.2800000000000 0.5815596882520
-3.2800000000000 0.5815596882520
-3.2800000000000 0.5815596882520
-3.2600000000000 0.5797628764403
-3.2400000000000 0.5779529061844
-3.2400000000000 0.5779529061844
-3.2200000000000 0.5761296556002
-3.2000000000000 0.5742930015996
-3.2000000000000 0.5742930015996
-3.2000000000000 0.5742930015996
-3.2000000000000 0.5742930015996
-3.2000000000000 0.5742930015996
-3.2000000000000 0.5742930015996
-3.1800000000000 0.5724428198811
-3.1600000000000 0.5705789849196
-3.1600000000000 0.5705789849196
-3.1400000000000 0.5687013699572
-3.1200000000000 0.5668098469933
-3.1200000000000 0.5668098469933
-3.1200000000000 0.5668098469933
-3.1000000000000 0.5649042867748
-3.0800000000000 0.5629845587870
-3.0800000000000 0.5629845587870
-3.0600000000000 0.5610505312436
-3.0400000000000 0.5591020710775
-3.0400000000000 0.5591020710775
-3.0400000000000 0.5591020710775
-3.0400000000000 0.5591020710775
-3.0200000000000 0.5571390439313
-3.0000000000000 0.5551613141480
-3.0000000000000 0.5551613141480
-2.9800000000000 0.5531687447616
-2.9600000000000 0.5511611974882
-2.9600000000000 0.5511611974882
-2.9600000000000 0.5511611974882
-2.9400000000000 0.5491385327164
-2.9200000000000 0.5471006094987
-2.9200000000000 0.5471006094987
-2.9000000000000 0.5450472855425
-2.8800000000000 0.5429784172012
-2.8800000000000 0.5429784172012
-2.8800000000000 0.5429784172012
-2.8800000000000 0.5429784172012
-2.8800000000000 0.5429784172012
-2.8600000000000 0.5408938594655
-2.8400000000000 0.5387934659550
-2.8400000000000 0.5387934659550
-2.8200000000000 0.5366770889095
-2.8000000000000 0.5345445791811
-2.8000000000000 0.5345445791811
-2.8000000000000 0.5345445791811
-2.7800000000000 0.5323957862257
-2.7600000000000 0.5302305580953
-2.7600000000000 0.5302305580953
-2.7400000000000 0.5280487414300
-2.7200000000000 0.5258501814506
-2.7200000000000 0.5258501814506
-2.7200000000000 0.5258501814506
-2.7200000000000 0.5258501814506
-2.7000000000000 0.5236347219511
-2.6800000000000 0.5214022052916
-2.6800000000000 0.5214022052916
-2.6600000000000 0.5191524723911
-2.6400000000000 0.5168853627211
-2.6400000000000 0.5168853627211
-2.6400000000000 0.5168853627211
-2.6200000000000 0.5146007142990
-2.6000000000000 0.5122983636818
-2.6000000000000 0.5122983636818
-2.5800000000000 0.5099781459601
-2.5600000000000 0.5076398947531
-2.5600000000000 0.5076398947531
-2.5600000000000 0.5076398947531
-2.5600000000000 0.5076398947531
-2.5600000000000 0.5076398947531
-2.5600000000000 0.5076398947531
-2.5600000000000 0.5076398947531
-2.5600000000000 0.5076398947531
-2.5400000000000 0.5052834422024
-2.5200000000000 0.5029086189678
-2.5200000000000 0.5029086189678
-2.5000000000000 0.5005152542221
-2.4800000000000 0.4981031756474
-2.4800000000000 0.4981031756474
-2.4800000000000 0.4981031756474
-2.4600000000000 0.4956722094308
-2.4400000000000 0.4932221802614
-2.4400000000000 0.4932221802614
-2.4200000000000 0.4907529113270
-2.4000000000000 0.4882642243117
-2.4000000000000 0.4882642243117
-2.4000000000000 0.4882642243117
-2.4000000000000 0.4882642243117
-2.3800000000000 0.4857559393939
-2.3600000000000 0.4832278752451
-2.3600000000000 0.4832278752451
-2.3400000000000 0.4806798490283
-2.3200000000000 0.4781116763982
-2.3200000000000 0.4781116763982
-2.3200000000000 0.4781116763982
-2.3000000000000 0.4755231715013
-2.2800000000000 0.4729141469768
-2.2800000000000 0.4729141469768
-2.2600000000000 0.4702844139582
-2.2400000000000 0.4676337820754
-2.2400000000000 0.4676337820754
-2.2400000000000 0.4676337820754
-2.2400000000000 0.4676337820754
-2.2400000000000 0.4676337820754
-2.2200000000000 0.4649620594584
-2.2000000000000 0.4622690527404
-2.2000000000000 0.4622690527404
-2.1800000000000 0.4595545670632
-2.1600000000000 0.4568184060823
-2.1600000000000 0.4568184060823
-2.1600000000000 0.4568184060823
-2.1400000000000 0.4540603719740
-2.1200000000000 0.4512802654428
-2.1200000000000 0.4512802654428
-2.1000000000000 0.4484778857299
-2.0800000000000 0.4456530306234
-2.0800000000000 0.4456530306234
-2.0800000000000 0.4456530306234
-2.0800000000000 0.4456530306234
-2.0600000000000 0.4428054964691
-2.0400000000000 0.4399350781826
-2.0400000000000 0.4399350781826
-2.0200000000000 0.4370415692636
-2.0000000000000 0.4341247618099
-2.0000000000000 0.4341247618099
-2.0000000000000 0.4341247618099
-1.9800000000000 0.4311844465351
-1.9600000000000 0.4282204127861
-1.9600000000000 0.4282204127861
-1.9400000000000 0.4252324485629
-1.9200000000000 0.4222203405410
-1.9200000000000 0.4222203405410
-1.9200000000000 0.4222203405410
-1.9200000000000 0.4222203405410
-1.9200000000000 0.4222203405410
-1.9200000000000 0.4222203405410
-1.9000000000000 0.4191838740941
-1.8800000000000 0.4161228333205
-1.8800000000000 0.4161228333205
-1.8600000000000 0.4130370010706
-1.8400000000000 0.4099261589769
-1.8400000000000 0.4099261589769
-1.8400000000000 0.4099261589769
-1.8200000000000 0.4067900874869
-1.8000000000000 0.4036285658982
-1.8000000000000 0.4036285658982
-1.7800000000000 0.4004413723964
-1.7600000000000 0.3972282840961
-1.7600000000000 0.3972282840961
-1.7600000000000 0.3972282840961
-1.7600000000000 0.3972282840961
-1.7400000000000 0.3939890770852
-1.7200000000000 0.3907235264721
-1.7200000000000 0.3907235264721
-1.7000000000000 0.3874314064371
-1.6800000000000 0.3841124902871
-1.6800000000000 0.3841124902871
-1.6800000000000 0.3841124902871
-1.6600000000000 0.3807665505149
-1.6400000000000 0.3773933588624
-1.6400000000000 0.3773933588624
-1.6200000000000 0.3739926863892
-1.6000000000000 0.3705643035451
-1.6000000000000 0.3705643035451
-1.6000000000000 0.3705643035451
-1.6000000000000 0.3705643035451
-1.6000000000000 0.3705643035451
-1.5800000000000 0.3671079802494
-1.5600000000000 0.3636234859748
-1.5600000000000 0.3636234859748
-1.5400000000000 0.3601105898379
-1.5200000000000 0.3565690606967
-1.5200000000000 0.3565690606967
-1.5200000000000 0.3565690606967
-1.5000000000000 0.3529986672546
-1.4800000000000 0.3493991781721
-1.4800000000000 0.3493991781721
-1.4600000000000 0.3457703621876
-1.4400000000000 0.3421119882456
-1.4400000000000 0.3421119882456
-1.4400000000000 0.3421119882456
-1.4400000000000 0.3421119882456
-1.4200000000000 0.3384238256355
-1.4000000000000 0.3347056441404
-1.4000000000000 0.3347056441404
-1.3800000000000 0.3309572141961
-1.3600000000000 0.3271783070633
-1.3600000000000 0.3271783070633
-1.3600000000000 0.3271783070633
-1.3400000000000 0.3233686950114
-1.3200000000000 0.3195281515167
-1.3200000000000 0.3195281515167
-1.3000000000000 0.3156564514754
-1.2800000000000 0.3117533714324
-1.2800000000000 0.3117533714324
-1.2800000000000 0.3117533714324
-1.2800000000000 0.3117533714324
-1.2800000000000 0.3117533714324
-1.2800000000000 0.3117533714324
-1.2800000000000 0.3117533714324
-1.2600000000000 0.3078186898277
-1.2400000000000 0.3038521872619
-1.2400000000000 0.3038521872619
-1.2200000000000 0.2998536467812
-1.2000000000000 0.2958228541858
-1.2000000000000 0.2958228541858
-1.2000000000000 0.2958228541858
-1.1800000000000 0.2917595983609
-1.1600000000000 0.2876636716345
-1.1600000000000 0.2876636716345
-1.1400000000000 0.2835348701635
-1.1200000000000 0.2793729943499
-1.1200000000000 0.2793729943499
-1.1200000000000 0.2793729943499
-1.1200000000000 0.2793729943499
-1.1000000000000 0.2751778492911
-1.0800000000000 0.2709492452665
-1.0800000000000 0.2709492452665
-1.0600000000000 0.2666869982635
-1.0400000000000 0.2623909305474
-1.0400000000000 0.2623909305474
-1.0400000000000 0.2623909305474
-1.0200000000000 0.2580608712789
-1.0000000000000 0.2536966571828
-1.0000000000000 0.2536966571828
-0.9800000000000 0.2492981332747
-0.9600000000000 0.2448651536497
-0.9600000000000 0.2448651536497
-0.9600000000000 0.2448651536497
-0.9600000000000 0.2448651536497
-0.9600000000000 0.2448651536497
-0.9400000000000 0.2403975823403
-0.9200000000000 0.2358952942494
-0.9200000000000 0.2358952942494
-0.9000000000000 0.2313581761674
-0.8800000000000 0.2267861278816
-0.8800000000000 0.2267861278816
-0.8800000000000 0.2267861278816
-0.8600000000000 0.2221790633873
-0.8400000000000 0.2175369122122
-0.8400000000000 0.2175369122122
-0.8200000000000 0.2128596208666
-0.8000000000000 0.2081471544336
-0.8000000000000 0.2081471544336
-0.8000000000000 0.2081471544336
-0.8000000000000 0.2081471544336
-0.7800000000000 0.2033994983153
-0.7600000000000 0.1986166601537
-0.7600000000000 0.1986166601537
-0.7400000000000 0.1937986719474
-0.7200000000000 0.1889455923888
-0.7200000000000 0.1889455923888
-0.7200000000000 0.1889455923888
-0.7000000000000 0.1840575094492
-0.6800000000000 0.1791345432449
-0.6800000000000 0.1791345432449
-0.6600000000000 0.1741768492226
-0.6400000000000 0.1691846217073
-0.6400000000000 0.1691846217073
-0.6400000000000 0.1691846217073
-0.6400000000000 0.1691846217073
-0.6400000000000 0.1691846217073
-0.6400000000000 0.1691846217073
-0.6200000000000 0.1641580978654
-0.6000000000000 0.1590975621452
-0.6000000000000 0.1590975621452
-0.5800000000000 0.1540033512661
-0.5600000000000 0.1488758598453
-0.5600000000000 0.1488758598453
-0.5600000000000 0.1488758598453
-0.5400000000000 0.1437155467654
-0.5200000000000 0.1385229424098
-0.5200000000000 0.1385229424098
-0.5000000000000 0.1332986569200
-0.4800000000000 0.1280433896632
-0.4800000000000 0.1280433896632
-0.4800000000000 0.1280433896632
-0.4800000000000 0.1280433896632
-0.4600000000000 0.1227579401448
-0.4400000000000 0.1174432206551
-0.4400000000000 0.1174432206551
-0.4200000000000 0.1121002710169
-0.4000000000000 0.1067302759067
-0.4000000000000 0.1067302759067
-0.4000000000000 0.1067302759067
-0.3800000000000 0.1013345853682
-0.3600000000000 0.0959147392925
-0.3600000000000 0.0959147392925
-0.3400000000000 0.0904724967753
-0.3200000000000 0.0850098716618
-0.3200000000000 0.0850098716618
-0.3200000000000 0.0850098716618
-0.3200000000000 0.0850098716618
-0.3200000000000 0.0850098716618
-0.3000000000000 0.0795291771092
-0.2800000000000 0.0740330837420
-0.2800000000000 0.0740330837420
-0.2600000000000 0.0685246879615
-0.2400000000000 0.0630075777772
-0.2400000000000 0.0630075777772
-0.2400000000000 0.0630075777772
-0.2200000000000 0.0574859652184
-0.2000000000000 0.0519650092958
-0.2000000000000 0.0519650092958
-0.1800000000000 0.0464509528517
-0.1600000000000 0.0409507299835
-0.1600000000000 0.0409507299835
-0.1600000000000 0.0409507299835
-0.1600000000000 0.0409507299835
-0.1400000000000 0.0354726006883
-0.1200000000000 0.0300293427995
-0.1200000000000 0.0300293427995
-0.1000000000000 0.0246470342970
-0.0800000000000 0.0193640283372
-0.0800000000000 0.0193640283372
-0.0800000000000 0.0193640283372
-0.0600000000000 0.0141589805336
-0.0400000000000 0.0090136726665
-0.0400000000000 0.0090136726665
-0.0200000000000 0.0046200962912
0.0000000000000 0.0027817286074
0.0000000000000 0.0027817286074
0.0000000000000 0.0027817286074
0.0000000000000 0.0027817286074
0.0000000000000 0.0027817286074
0.0000000000000 0.0027817286074
0.0000000000000 0.0027817286074
0.0000000000000 0.0027817286074
0.0200000000000 0.0046362026503
0.0400000000000 0.0090104040955
0.0400000000000 0.0090104040955
0.0600000000000 0.0141307850461
0.0800000000000 0.0193220338209
0.0800000000000 0.0193220338209
0.0800000000000 0.0193220338209
0.1000000000000 0.0245983892413
0.1200000000000 0.0299761876478
0.1200000000000 0.0299761876478
0.1400000000000 0.0354159108314
0.1600000000000 0.0408913379839
0.1600000000000 0.0408913379839
0.1600000000000 0.0408913379839
0.1600000000000 0.0408913379839
0.1800000000000 0.0463895153044
0.2000000000000 0.0519020019515
0.2000000000000 0.0519020019515
0.2200000000000 0.0574217265024
0.2400000000000 0.0629423672410
0.2400000000000 0.0629423672410
0.2400000000000 0.0629423672410
0.2600000000000 0.0684587165851
0.2800000000000 0.0739665229597
0.2800000000000 0.0739665229597
0.3000000000000 0.0794621669662
0.3200000000000 0.0849425286743
0.3200000000000 0.0849425286743
0.3200000000000 0.0849425286743
0.3200000000000 0.0849425286743
0.3200000000000 0.0849425286743
0.3400000000000 0.0904049191609
0.3600000000000 0.0958470105258
0.3600000000000 0.0958470105258
0.3800000000000 0.1012667769280
0.4000000000000 0.1066624494268
0.4000000000000 0.1066624494268
0.4000000000000 0.1066624494268
0.4200000000000 0.1120324799586
0.4400000000000 0.1173755116231
0.4400000000000 0.1173755116231
0.4600000000000 0.1226903539405
0.4800000000000 0.1279759621379
0.4800000000000 0.1279759621379
0.4800000000000 0.1279759621379
0.4800000000000 0.1279759621379
0.5000000000000 0.1332314196733
0.5200000000000 0.1384559233657
0.5200000000000 0.1384559233657
0.5400000000000 0.1436487706519
0.5600000000000 0.1488093485967
0.5600000000000 0.1488093485967
0.5600000000000 0.1488093485967
0.5800000000000 0.1539371243630
0.6000000000000 0.1590316369039
0.6000000000000 0.1590316369039
0.6200000000000 0.1640924896851
0.6400000000000 0.1691193442831
0.6400000000000 0.1691193442831
0.6400000000000 0.1691193442831
0.6400000000000 0.1691193442831
0.6400000000000 0.1691193442831
0.6400000000000 0.1691193442831
0.6600000000000 0.1741119147296
0.6800000000000 0.1790699624983
0.6800000000000 0.1790699624983
0.7000000000000 0.1839932920443
0.7200000000000 0.1888817468234
0.7200000000000 0.1888817468234
0.7200000000000 0.1888817468234
0.7400000000000 0.1937352057294
0.7600000000000 0.1985535798969
0.7600000000000 0.1985535798969
0.7800000000000 0.2033368098234
0.8000000000000 0.2080848627757
0.8000000000000 0.2080848627757
0.8000000000000 0.2080848627757
0.8000000000000 0.2080848627757
0.8200000000000 0.2127977304439
0.8400000000000 0.2174754268180
0.8400000000000 0.2174754268180
0.8600000000000 0.2221179862609
0.8800000000000 0.2267254617563
0.8800000000000 0.2267254617563
0.8800000000000 0.2267254617563
0.9000000000000 0.2312979233143
0.9200000000000 0.2358354565167
0.9200000000000 0.2358354565167
0.9400000000000 0.2403381611887
0.9600000000000 0.2448061501847
0.9600000000000 0.2448061501847
0.9600000000000 0.2448061501847
0.9600000000000 0.2448061501847
0.9600000000000 0.2448061501847
0.9800000000000 0.2492395482759
1.0000000000000 0.2536384911307
1.0000000000000 0.2536384911307
1.0200000000000 0.2580031243793
1.0400000000000 0.2623336027531
1.0400000000000 0.2623336027531
1.0400000000000 0.2623336027531
1.0600000000000 0.2666300892950
1.0800000000000 0.2708927546305
1.0800000000000 0.2708927546305
1.1000000000000 0.2751217762975
1.1200000000000 0.2793173381274
1.1200000000000 0.2793173381274
1.1200000000000 0.2793173381274
1.1200000000000 0.2793173381274
1.1400000000000 0.2834796296742
1.1600000000000 0.2876088456867
1.1600000000000 0.2876088456867
1.1800000000000 0.2917051856217
1.2000000000000 0.2957688531922
1.2000000000000 0.2957688531922
1.2000000000000 0.2957688531922
1.2200000000000 0.2998000559504
1.2400000000000 0.3037990049008
1.2400000000000 0.3037990049008
1.2600000000000 0.3077659141423
1.2800000000000 0.3117010005354
1.2800000000000 0.3117010005354
1.2800000000000 0.3117010005354
1.2800000000000 0.3117010005354
1.2800000000000 0.3117010005354
1.2800000000000 0.3117010005354
1.2800000000000 0.3117010005354
1.3000000000000 0.3156044833940
1.3200000000000 0.3194765841997
1.3200000000000 0.3194765841997
1.3400000000000 0.3233175263358
1.3600000000000 0.3271275348404
1.3600000000000 0.3271275348404
1.3600000000000 0.3271275348404
1.3800000000000 0.3309068361770
1.4000000000000 0.3346556580213
1.4000000000000 0.3346556580213
1.4200000000000 0.3383742290628
1.4400000000000 0.3420627788198
1.4400000000000 0.3420627788198
1.4400000000000 0.3420627788198
1.4400000000000 0.3420627788198
1.4600000000000 0.3457215374685
1.4800000000000 0.3493507356820
1.4800000000000 0.3493507356820
1.5000000000000 0.3529506044822
1.5200000000000 0.3565213751007
1.5200000000000 0.3565213751007
1.5200000000000 0.3565213751007
1.5400000000000 0.3600632788501
1.5600000000000 0.3635765470029
1.5600000000000 0.3635765470029
1.5800000000000 0.3670614106801
1.6000000000000 0.3705181007466
1.6000000000000 0.3705181007466
1.6000000000000 0.3705181007466
1.6000000000000 0.3705181007466
1.6000000000000 0.3705181007466
1.6200000000000 0.3739468477135
1.6400000000000 0.3773478816480
1.6400000000000 0.3773478816480
1.6600000000000 0.3807214320883
1.6800000000000 0.3840677279655
1.6800000000000 0.3840677279655
1.6800000000000 0.3840677279655
1.7000000000000 0.3873869975297
1.7200000000000 0.3906794682822
1.7200000000000 0.3906794682822
1.7400000000000 0.3939453669116
1.7600000000000 0.3971849192349
1.7600000000000 0.3971849192349
1.7600000000000 0.3971849192349
1.7600000000000 0.3971849192349
1.7800000000000 0.4003983501421
1.8000000000000 0.4035858835456
1.8000000000000 0.4035858835456
1.8200000000000 0.4067477423318
1.8400000000000 0.4098841483174
1.8400000000000 0.4098841483174
1.8400000000000 0.4098841483174
1.8600000000000 0.4129953222086
1.8800000000000 0.4160814835623
1.8800000000000 0.4160814835623
1.9000000000000 0.4191428507516
1.9200000000000 0.4221796409324
1.9200000000000 0.4221796409324
1.9200000000000 0.4221796409324
1.9200000000000 0.4221796409324
1.9200000000000 0.4221796409324
1.9200000000000 0.4221796409324
1.9400000000000 0.4251920700138
1.9600000000000 0.4281803526302
1.9600000000000 0.4281803526302
1.9800000000000 0.4311447021151
2.0000000000000 0.4340853304778
2.0000000000000 0.4340853304778
2.0000000000000 0.4340853304778
2.0200000000000 0.4370024483817
2.0400000000000 0.4398962651243
2.0400000000000 0.4398962651243
2.0600000000000 0.4427669886187
2.0800000000000 0.4456148253776
2.0800000000000 0.4456148253776
2.0800000000000 0.4456148253776
2.0800000000000 0.4456148253776
2.1000000000000 0.4484399804977
2.1200000000000 0.4512426576460
2.1200000000000 0.4512426576460
2.1400000000000 0.4540230590479
2.1600000000000 0.4567813854759
2.1600000000000 0.4567813854759
2.1600000000000 0.4567813854759
2.1800000000000 0.4595178362396
2.2000000000000 0.4622326091774
2.2000000000000 0.4622326091774
2.2200000000000 0.4649259006483
2.2400000000000 0.4675979055257
2.2400000000000 0.4675979055257
2.2400000000000 0.4675979055257
2.2400000000000 0.4675979055257
2.2400000000000 0.4675979055257
2.2600000000000 0.4702488171919
2.2800000000000 0.4728788275325
2.2800000000000 0.4728788275325
2.3000000000000 0.4754881269335
2.3200000000000 0.4780769042775
2.3200000000000 0.4780769042775
2.3200000000000 0.4780769042775
2.3400000000000 0.4806453469415
2.3600000000000 0.4831936407957
2.3600000000000 0.4831936407957
2.3800000000000 0.4857219702019
2.4000000000000 0.4882305180139
2.4000000000000 0.4882305180139
2.4000000000000 0.4882305180139
2.4000000000000 0.4882305180139
2.4200000000000 0.4907194655772
2.4400000000000 0.4931889927305
2.4400000000000 0.4931889927305
2.4600000000000 0.4956392778067
2.4800000000000 0.4980704976354
2.4800000000000 0.4980704976354
2.4800000000000 0.4980704976354
2.5000000000000 0.5004828275448
2.5200000000000 0.5028764413652
2.5200000000000 0.5028764413652
2.5400000000000 0.5052515114320
2.5600000000000 0.5076082085899
2.5600000000000 0.5076082085899
2.5600000000000 0.5076082085899
2.5600000000000 0.5076082085899
2.5600000000000 0.5076082085899
2.5600000000000 0.5076082085899
2.5600000000000 0.5076082085899
2.5600000000000 0.5076082085899
2.5800000000000 0.5099467021967
2.6000000000000 0.5122671601283
2.6000000000000 0.5122671601283
2.6200000000000 0.5145697487834
2.6400000000000 0.5168546330887
2.6400000000000 0.5168546330887
2.6400000000000 0.5168546330887
2.6600000000000 0.5191219765050
2.6800000000000 0.5213719410325
2.6800000000000 0.5213719410325
2.7000000000000 0.5236046872173
2.7200000000000 0.5258203741581
2.7200000000000 0.5258203741581
2.7200000000000 0.5258203741581
2.7200000000000 0.5258203741581
2.7400000000000 0.5280191595123
2.7600000000000 0.5302011995036
2.7600000000000 0.5302011995036
2.7800000000000 0.5323666489286
2.8000000000000 0.5345156611647
2.8000000000000 0.5345156611647
2.8000000000000 0.5345156611647
2.8200000000000 0.5366483881774
2.8400000000000 0.5387649805281
2.8400000000000 0.5387649805281
2.8600000000000 0.5408655873822
2.8800000000000 0.5429503565170
2.8800000000000 0.5429503565170
2.8800000000000 0.5429503565170
2.8800000000000 0.5429503565170
2.8800000000000 0.5429503565170
2.9000000000000 0.5450194343303
2.9200000000000 0.5470729658484
2.9200000000000 0.5470729658484
2.9400000000000 0.5491110947351
2.9600000000000 0.5511339632999
2.9600000000000 0.5511339632999
2.9600000000000 0.5511339632999
2.9800000000000 0.5531417125074
3.0000000000000 0.5551344819856
3.0000000000000 0.5551344819856
3.0200000000000 0.5571124100354
3.0400000000000 0.5590756336393
3.0400000000000 0.5590756336393
3.0400000000000 0.5590756336393
3.0400000000000 0.5590756336393
3.0600000000000 0.5610242884711
3.0800000000000 0.5629585089046
3.0800000000000 0.5629585089046
3.1000000000000 0.5648784280233
3.1200000000000 0.5667841776298
3.1200000000000 0.5667841776298
3.1200000000000 0.5667841776298
3.1400000000000 0.5686758882552
3.1600000000000 0.5705536891684
3.1600000000000 0.5705536891684
3.1800000000000 0.5724177083862
3.2000000000000 0.5742680726825
3.2000000000000 0.5742680726825
3.2000000000000 0.5742680726825
3.2000000000000 0.5742680738168
3.2000000000000 0.5742680726825
3.2000000000000 0.5742680738168
3.2200000000000 0.5761049075981
3.2400000000000 0.5779283374503
3.2400000000000 0.5779283374503
3.2600000000000 0.5797384853427
3.2800000000000 0.5815354731749
3.2800000000000 0.5815354731749
3.2800000000000 0.5815354731749
3.3000000000000 0.5833194216524
3.3200000000000 0.5850904502960
3.3200000000000 0.5850904502960
3.3400000000000 0.5868486774521
3.3600000000000 0.5885942203019
3.3600000000000 0.5885942203019
3.3600000000000 0.5885942203019
3.3600000000000 0.5885942203019
3.3800000000000 0.5903271948717
3.4000000000000 0.5920477160423
3.4000000000000 0.5920477160423
3.4200000000000 0.5937558975592
3.4400000000000 0.5954518520420
3.4400000000000 0.5954518520420
3.4400000000000 0.5954518520420
3.4600000000000 0.5971356909942
3.4800000000000 0.5988075248131
3.4800000000000 0.5988075248131
3.5000000000000 0.6004674627996
3.5200000000000 0.6021156131677
3.5200000000000 0.6021156131677
3.5200000000000 0.6021156131677
3.5200000000000 0.6021156131677
3.5200000000000 0.6021156131677
3.5400000000000 0.6037520830543
3.5600000000000 0.6053769785286
3.5600000000000 0.6053769785286
3.5800000000000 0.6069904046025
3.6000000000000 0.6085924652392
3.6000000000000 0.6085924652392
3.6000000000000 0.6085924652392
3.6200000000000 0.6101832633635
3.6400000000000 0.6117629008711
3.6400000000000 0.6117629008711
3.6600000000000 0.6133314786380
3.6800000000000 0.6148890965303
3.6800000000000 0.6148890965303
3.6800000000000 0.6148890965303
3.6800000000000 0.6148890965303
3.7000000000000 0.6164358534132
3.7200000000000 0.6179718471606
3.7200000000000 0.6179718471606
3.7400000000000 0.6194971746647
3.7600000000000 0.6210119318448
3.7600000000000 0.6210119318448
3.7600000000000 0.6210119318448
3.7800000000000 0.6225162136569
3.8000000000000 0.6240101141028
3.8000000000000 0.6240101141028
3.8200000000000 0.6254937262392
3.8400000000000 0.6269671421870
3.8400000000000 0.6269671421870
3.8400000000000 0.6269671421870
3.8400000000000 0.6269671421870
3.8400000000000 0.6269671421870
3.8400000000000 0.6269671421870
3.8400000000000 0.6269671421870
3.8600000000000 0.6284304531401
3.8800000000000 0.6298837493746
3.8800000000000 0.6298837493746
3.9000000000000 0.6313271202578
3.9200000000000 0.6327606542568
3.9200000000000 0.6327606542568
3.9200000000000 0.6327606542568
3.9400000000000 0.6341844389474
3.9600000000000 0.6355985610235
3.9600000000000 0.6355985610235
3.9800000000000 0.6370031063047
4.0000000000000 0.6383981597460
4.0000000000000 0.6383981597460
4.0000000000000 0.6383981597460
4.0000000000000 0.6383981597460
4.0200000000000 0.6397838054459
4.0400000000000 0.6411601266549
4.0400000000000 0.6411601266549
4.0600000000000 0.6425272057841
4.0800000000000 0.6438851244140
4.0800000000000 0.6438851244140
4.0800000000000 0.6438851244140
4.1000000000000 0.6452339633022
4.1200000000000 0.6465738023923
4.1200000000000 0.6465738023923
4.1400000000000 0.6479047208219
4.1600000000000 0.6492267969308
4.1600000000000 0.6492267969308
4.1600000000000 0.6492267969308
4.1600000000000 0.6492267969308
4.1600000000000 0.6492267969308
4.1800000000000 0.6505401082688
4.2000000000000 0.6518447316043
4.2400000000000 0.6544282174805
4.2400000000000 0.6544282174805
4.2800000000000 0.6569778533749
4.3200000000000 0.6594942261009
4.3200000000000 0.6594942261009
4.3200000000000 0.6594942261009
4.3600000000000 0.6619779107167
4.4000000000000 0.6644294707674
4.4000000000000 0.6644294707674
4.4400000000000 0.6668494585232
4.4800000000000 0.6692384152136
4.4800000000000 0.6692384152136
4.4800000000000 0.6692384152136
4.4800000000000 0.6692384152136
4.4800000000000 0.6692384152136
4.5200000000000 0.6715968712570
4.5600000000000 0.6739253464869
4.5600000000000 0.6739253464869
4.6000000000000 0.6762243503731
4.6400000000000 0.6784943822393
4.6400000000000 0.6784943822393
4.6400000000000 0.6784943822393
4.6800000000000 0.6807359314770
4.7200000000000 0.6829494777543
4.7200000000000 0.6829494777543
4.7600000000000 0.6851354912219
4.8000000000000 0.6872944327138
4.8000000000000 0.6872944327138
4.8000000000000 0.6872944327138
4.8000000000000 0.6872944327138
4.8400000000000 0.6894267539456
4.8800000000000 0.6915328977073
4.8800000000000 0.6915328977073
4.9200000000000 0.6936132980538
4.9600000000000 0.6956683804898
4.9600000000000 0.6956683804898
4.9600000000000 0.6956683804898
5.0000000000000 0.6976985621529
5.0400000000000 0.6997042519914
5.0400000000000 0.6997042519914
5.0800000000000 0.7016858509393
5.1200000000000 0.7036437520872
5.1200000000000 0.7036437520872
5.1200000000000 0.7036437520872
5.1200000000000 0.7036437520872
5.1200000000000 0.7036437520872
5.1200000000000 0.7036437520872
5.1200000000000 0.7036437520872
5.1600000000000 0.7055783408501
5.2000000000000 0.7074899951312
5.2000000000000 0.7074899951312
5.2400000000000 0.7093790854828
5.2800000000000 0.7112459752631
5.2800000000000 0.7112459752631
5.2800000000000 0.7112459752631
5.3200000000000 0.7130910207902
5.3600000000000 0.7149145714930
5.3600000000000 0.7149145714930
5.4000000000000 0.7167169700577
5.4400000000000 0.7184985525728
5.4400000000000 0.7184985525728
5.4400000000000 0.7184985525728
5.4400000000000 0.7184985525728
5.4800000000000 0.7202596486697
5.5200000000000 0.7220005816604
5.5200000000000 0.7220005816604
5.5600000000000 0.7237216686733
5.6000000000000 0.7254232207840
5.6000000000000 0.7254232207840
5.6000000000000 0.7254232207840
5.6400000000000 0.7271055431457
5.6800000000000 0.7287689351143
5.6800000000000 0.7287689351143
5.7200000000000 0.7304136903729
5.7600000000000 0.7320400970516
5.7600000000000 0.7320400970516
5.7600000000000 0.7320400970516
5.7600000000000 0.7320400970516
5.7600000000000 0.7320400970516
5.8000000000000 0.7336484378465
5.8400000000000 0.7352389901347
5.8400000000000 0.7352389901347
5.8800000000000 0.7368120260870
5.9200000000000 0.7383678127790
5.9200000000000 0.7383678127790
5.9200000000000 0.7383678127790
5.9600000000000 0.7399066122984
6.0000000000000 0.7414286818506
6.0000000000000 0.7414286818506
6.0400000000000 0.7429342738618
6.0800000000000 0.7444236360817
6.0800000000000 0.7444236360817
6.0800000000000 0.7444236360817
6.0800000000000 0.7444236360817
6.1200000000000 0.7458970116757
6.1600000000000 0.7473546393326
6.1600000000000 0.7473546393326
6.2000000000000 0.7487967533469
6.2400000000000 0.7502235837222
6.2400000000000 0.7502235837222
6.2400000000000 0.7502235837222
6.2800000000000 0.7516353562504
6.3200000000000 0.7530322926096
6.3200000000000 0.7530322926096
6.3600000000000 0.7544146104405
6.4000000000000 0.7557825234400
6.4000000000000 0.7557825234400
6.4000000000000 0.7557825234400
6.4000000000000 0.7557825234400
6.4000000000000 0.7557825234400
6.4800000000000 0.7584759704682
6.5600000000000 0.7611142673613
6.5600000000000 0.7611142673613
6.6400000000000 0.7636989896857
6.7200000000000 0.7662316572830
6.7200000000000 0.7662316572830
6.7200000000000 0.7662316572830
6.8000000000000 0.7687137365414
6.8800000000000 0.7711466425654
6.8800000000000 0.7711466425654
6.9600000000000 0.7735317412506
7.0400000000000 0.7758703512658
7.0400000000000 0.7758703512658
7.0400000000000 0.7758703512658
7.0400000000000 0.7758703512658
7.1200000000000 0.7781637459480
7.2000000000000 0.7804131551139
7.2000000000000 0.7804131551139
7.2800000000000 0.7826197667910
7.3600000000000 0.7847847288738
7.3600000000000 0.7847847288738
7.3600000000000 0.7847847288738
7.4400000000000 0.7869091507061
7.5200000000000 0.7889941045952
7.5200000000000 0.7889941045952
7.6000000000000 0.7910406272592
7.6800000000000 0.7930497212114
7.6800000000000 0.7930497212114
7.6800000000000 0.7930497212114
7.6800000000000 0.7930497212114
7.6800000000000 0.7930497212114
7.6800000000000 0.7930497212114
7.7600000000000 0.7950223560848
7.8400000000000 0.7969594698989
7.8400000000000 0.7969594698989
7.9200000000000 0.7988619702714
8.0000000000000 0.8007307355788
8.0000000000000 0.8007307355788
8.0000000000000 0.8007307355788
8.0800000000000 0.8025666160659
8.1600000000000 0.8043704349095
8.1600000000000 0.8043704349095
8.2400000000000 0.8061429892355
8.3200000000000 0.8078850510941
8.3200000000000 0.8078850510941
8.3200000000000 0.8078850510941
8.3200000000000 0.8078850510941
8.4000000000000 0.8095973683938
8.4800000000000 0.8112806657954
8.4800000000000 0.8112806657954
8.5600000000000 0.8129356455694
8.6400000000000 0.8145629884168
8.6400000000000 0.8145629884168
8.6400000000000 0.8145629884168
8.7200000000000 0.8161633542565
8.8000000000000 0.8177373829790
8.8000000000000 0.8177373829790
8.8800000000000 0.8192856951696
8.9600000000000 0.8208088928014
8.9600000000000 0.8208088928014
8.9600000000000 0.8208088928014
8.9600000000000 0.8208088928014
8.9600000000000 0.8208088928014
9.0400000000000 0.8223075598998
9.1200000000000 0.8237822631807
9.1200000000000 0.8237822631807
9.2000000000000 0.8252335526616
9.2800000000000 0.8266619622492
9.2800000000000 0.8266619622492
9.2800000000000 0.8266619622492
9.3600000000000 0.8280680103024
9.4400000000000 0.8294522001743
9.4400000000000 0.8294522001743
9.5200000000000 0.8308150207309
9.6000000000000 0.8321569468508
9.6000000000000 0.8321569468508
9.6000000000000 0.8321569468508
9.6000000000000 0.8321569468508
9.6800000000000 0.8334784399042
9.7600000000000 0.8347799482145
9.7600000000000 0.8347799482145
9.8400000000000 0.8360619075004
9.9200000000000 0.8373247413019
9.9200000000000 0.8373247413019
9.9200000000000 0.8373247413019
10.0000000000000 0.8385688613896
10.0800000000000 0.8397946681579
10.0800000000000 0.8397946681579
10.1600000000000 0.8410025510023
10.2400000000000 0.8421928886940
10.2400000000000 0.8421928886940
10.2400000000000 0.8421928886940
10.2400000000000 0.8421928886940
10.2400000000000 0.8421928886940
10.2400000000000 0.8421928886940
10.3200000000000 0.8433660496916
10.4000000000000 0.8445223925407
10.4000000000000 0.8445223925407
10.4800000000000 0.8456622661323
10.5600000000000 0.8467860100730
10.5600000000000 0.8467860100730
10.5600000000000 0.8467860100730
10.6400000000000 0.8478939549284
10.7200000000000 0.8489864225655
10.7200000000000 0.8489864225655
10.8000000000000 0.8500637263790
10.8800000000000 0.8511261716080
10.8800000000000 0.8511261716080
10.8800000000000 0.8511261716080
11.0400000000000 0.8532076678389
11.2000000000000 0.8552331990541
11.2000000000000 0.8552331990541
11.3600000000000 0.8572049377351
11.5200000000000 0.8591249480444
11.5200000000000 0.8591249480444
11.5200000000000 0.8591249480444
11.5200000000000 0.8591249480444
11.6800000000000 0.8609951923298
11.8400000000000 0.8628175371732
11.8400000000000 0.8628175371732
12.0000000000000 0.8645937590198
12.1600000000000 0.8663255494190
12.1600000000000 0.8663255494190
12.1600000000000 0.8663255494190
12.3200000000000 0.8680145199136
12.4800000000000 0.8696622066057
12.4800000000000 0.8696622066057
12.6400000000000 0.8712700744276
12.8000000000000 0.8728395211382
12.8000000000000 0.8728395211382
12.8000000000000 0.8728395211382
12.8000000000000 0.8728395211382
12.8000000000000 0.8728395211382
12.9600000000000 0.8743718810628
13.1200000000000 0.8758684285931
13.1200000000000 0.8758684285931
13.2800000000000 0.8773303814625
13.4400000000000 0.8787589038105
13.4400000000000 0.8787589038105
13.4400000000000 0.8787589038105
13.6000000000000 0.8801551090509
13.7600000000000 0.8815200625564
13.7600000000000 0.8815200625564
13.9200000000000 0.8828547841754
14.0800000000000 0.8841602505926
14.0800000000000 0.8841602506113
14.0800000000000 0.8841602505926
14.0800000000000 0.8841602506113
14.2400000000000 0.8854373975410
14.4000000000000 0.8866871219939
14.4000000000000 0.8866871219939
14.5600000000000 0.8879102837890
14.7200000000000 0.8891077080230
14.7200000000000 0.8891077080230
14.7200000000000 0.8891077080230
14.8800000000000 0.8902801862345
15.0400000000000 0.8914284785284
15.0400000000000 0.8914284785284
15.2000000000000 0.8925533146649
15.3600000000000 0.8936553959324
15.3600000000000 0.8936553959324
15.3600000000000 0.8936553959324
15.3600000000000 0.8936553959324
15.3600000000000 0.8936553959324
15.5200000000000 0.8947353961312
15.6800000000000 0.8957939632376
16.0000000000000 0.8978492668783
16.0000000000000 0.8978492668783
16.3200000000000 0.8998260150608
16.6400000000000 0.9017285720126
16.6400000000000 0.9017285720126
16.6400000000000 0.9017285720126
16.9600000000000 0.9035609885194
17.2800000000000 0.9053270292053
17.2800000000000 0.9053270292053
17.6000000000000 0.9070301969982
17.9200000000000 0.9086737551388
17.9200000000000 0.9086737551388
17.9200000000000 0.9086737551388
17.9200000000000 0.9086737551388
18.2400000000000 0.9102607470393
18.5600000000000 0.9117940142684
18.5600000000000 0.9117940142684
18.8800000000000 0.9132762128693
19.2000000000000 0.9147098281456
19.2000000000000 0.9147098281456
19.2000000000000 0.9147098281456
19.5200000000000 0.9160971880744
19.8400000000000 0.9174404755224
19.8400000000000 0.9174404755224
20.1600000000000 0.9187417393082
20.4800000000000 0.9200029049897
20.4800000000000 0.9200029049897
20.4800000000000 0.9200029049897
20.4800000000000 0.9200029049897
20.8000000000000 0.9212257816117
21.1200000000000 0.9224120734455
21.1200000000000 0.9224120734455
21.4400000000000 0.9235633843133
21.7600000000000 0.9246812276851
21.7600000000000 0.9246812276851
21.7600000000000 0.9246812276851
22.0800000000000 0.9257670303548
22.4000000000000 0.9268221410224
22.4000000000000 0.9268221410224
22.7200000000000 0.9278478332753
23.0400000000000 0.9288453127846
23.0400000000000 0.9288453127846
23.0400000000000 0.9288453127846
23.6800000000000 0.9307601351577
24.3200000000000 0.9325750327194
24.3200000000000 0.9325750327194
24.9600000000000 0.9342975820100
25.6000000000000 0.9359346151821
25.6000000000000 0.9359346151821
25.6000000000000 0.9359346151821
26.2400000000000 0.9374923092932
26.8800000000000 0.9389762629862
26.8800000000000 0.9389762629862
27.5200000000000 0.9403915633074
28.1600000000000 0.9417428434239
28.1600000000000 0.9417428434239
28.1600000000000 0.9417428434239
28.8000000000000 0.9430343317366
29.4400000000000 0.9442698941061
29.4400000000000 0.9442698941061
30.0800000000000 0.9454530712237
30.7200000000000 0.9465871122819
30.7200000000000 0.9465871122819
30.7200000000000 0.9465871122819
31.3600000000000 0.9476750044217
32.0000000000000 0.9487194978232
32.0000000000000 0.9487194978232
32.6400000000000 0.9497231278665
33.2800000000000 0.9506882381116
33.2800000000000 0.9506882381116
33.2800000000000 0.9506882381116
33.9200000000000 0.9516169926209
34.5600000000000 0.9525114030342
34.5600000000000 0.9525114030342
35.2000000000000 0.9533733325646
35.8400000000000 0.9542045147323
35.8400000000000 0.9542045147323
35.8400000000000 0.9542045147323
36.4800000000000 0.9550065597962
37.1200000000000 0.9557809720425
37.1200000000000 0.9557809720425
37.7600000000000 0.9565291524288
38.4000000000000 0.9572524106496
38.4000000000000 0.9572524106496
39.6800000000000 0.9586289731227
40.9600000000000 0.9599195350755
40.9600000000000 0.9599195350755
42.2400000000000 0.9611318933667
43.5200000000000 0.9622729266714
43.5200000000000 0.9622729266714
44.8000000000000 0.9633487355568
46.0800000000000 0.9643647535522
46.0800000000000 0.9643647535522
47.3600000000000 0.9653258312661
48.6400000000000 0.9662363027385
48.6400000000000 0.9662363027385
49.9200000000000 0.9671000548643
51.2000000000000 0.9679205891460
51.2000000000000 0.9679205891460
52.4800000000000 0.9687010702833
53.7600000000000 0.9694443634005
53.7600000000000 0.9694443634005
55.0400000000000 0.9701530655322
56.3200000000000 0.9708295364137
56.3200000000000 0.9708295364137
57.6000000000000 0.9714759249789
58.8800000000000 0.9720941939027
58.8800000000000 0.9720941939027
60.1600000000000 0.9726861400170
61.4400000000000 0.9732534099800
61.4400000000000 0.9732534099800
62.7200000000000 0.9737975153992
64.0000000000000 0.9743198456507
64.0000000000000 0.9743198456507
65.2800000000000 0.9748216803097
66.5600000000000 0.9753042019480
66.5600000000000 0.9753042019480
67.8400000000000 0.9757685049169
69.1200000000000 0.9762156017507
69.1200000000000 0.9762156017507
70.4000000000000 0.9766464300935
71.6800000000000 0.9770618601972
71.6800000000000 0.9770618601972
72.9600000000000 0.9774627025730
74.2400000000000 0.9778497131816
74.2400000000000 0.9778497131816
75.5200000000000 0.9782235961063
76.8000000000000 0.9785850073460
76.8000000000000 0.9785850073460
78.0800000000000 0.9789345599737
79.3600000000000 0.9792728283749
79.3600000000000 0.9792728283749
80.6400000000000 0.9796003511333
81.9200000000000 0.9799176331936
81.9200000000000 0.9799176331936
83.2000000000000 0.9802251479768
84.4800000000000 0.9805233400478
84.4800000000000 0.9805233400478
85.7600000000000 0.9808126280039
87.0400000000000 0.9810934065509
87.0400000000000 0.9810934065509
88.3200000000000 0.9813660476177
89.6000000000000 0.9816309014501
89.6000000000000 0.9816309014501
90.8800000000000 0.9818882982548
92.1600000000000 0.9821385500565
92.1600000000000 0.9821385500565
93.4400000000000 0.9823819524994
94.7200000000000 0.9826187865760
94.7200000000000 0.9826187865760
96.0000000000000 0.9828493193789
97.2800000000000 0.9830738031359
97.2800000000000 0.9830738031359
98.5600000000000 0.9832924745345
99.8400000000000 0.9835055568237
99.8400000000000 0.9835055568237
101.1200000000000 0.9837132629555
102.4000000000000 0.9839157960106
102.4000000000000 0.9839157960106
103.6800000000000 0.9841133474422
104.9600000000000 0.9843060971718
104.9600000000000 0.9843060971718
106.2400000000000 0.9844942164983
107.5200000000000 0.9846778706977
107.5200000000000 0.9846778706977
108.8000000000000 0.9848572190827
110.0800000000000 0.9850324132489
110.0800000000000 0.9850324132489
111.3600000000000 0.9852035956326
112.6400000000000 0.9853709002644
112.6400000000000 0.9853709002644
113.9200000000000 0.9855344553895
115.2000000000000 0.9856943853002
115.2000000000000 0.9856943853002
116.4800000000000 0.9858508096700
117.7600000000000 0.9860038417180
117.7600000000000 0.9860038417180
119.0400000000000 0.9861535877692
120.3200000000000 0.9863001488778
120.3200000000000 0.9863001488778
121.6000000000000 0.9864436225185
122.8800000000000 0.9865841025810
122.8800000000000 0.9865841025810
124.1600000000000 0.9867216785817
125.4400000000000 0.9868564361786
125.4400000000000 0.9868564361786
126.7200000000000 0.9869884593066
128.0000000000000 0.9871178316474
128.0000000000000 0.9871178316474
129.2800000000000 0.9872446357633
130.5600000000000 0.9873689522031
130.5600000000000 0.9873689522031
131.8400000000000 0.9874908585642
133.1200000000000 0.9876104206694
133.1200000000000 0.9876104206694
134.4000000000000 0.9877277012813
135.6800000000000 0.9878427637658
135.6800000000000 0.9878427637658
136.9600000000000 0.9879556690754
138.2400000000000 0.9880664794534
138.2400000000000 0.9880664794534
139.5200000000000 0.9881752552828
140.8000000000000 0.9882820530658
143.3600000000000 0.9884899290672
145.9200000000000 0.9886905111131
148.4800000000000 0.9888841878860
151.0400000000000 0.9890713302351
153.6000000000000 0.9892522778947
156.1600000000000 0.9894273424252
158.7200000000000 0.9895968146900
161.2800000000000 0.9897609720197
163.8400000000000 0.9899200684902
166.4000000000000 0.9900743330171
168.9600000000000 0.9902239719888
171.5200000000000 0.9903691696611
174.0800000000000 0.9905100957202
176.6400000000000 0.9906469145259
179.2000000000000 0.9907797929432
181.7600000000000 0.9909089034633
184.3200000000000 0.9910344244658
186.8800000000000 0.9911565350803
189.4400000000000 0.9912754122712
192.0000000000000 0.9913912197873
194.5600000000000 0.9915040942888
197.1200000000000 0.9916141484410
199.6800000000000 0.9917214652533
202.2400000000000 0.9918261003390
204.8000000000000 0.9919280960754
207.3600000000000 0.9920274785143
209.9200000000000 0.9921242700204
212.4800000000000 0.9922184993885
215.0400000000000 0.9923101930793
217.6000000000000 0.9923993926780
220.1600000000000 0.9924861615954
222.7200000000000 0.9925705752842
225.2800000000000 0.9926527436192
227.8400000000000 0.9927328229548
230.4000000000000 0.9928110137617
232.9600000000000 0.9928875855462
235.5200000000000 0.9929628833743
238.0800000000000 0.9930372967592
240.6400000000000 0.9931112366089
243.2000000000000 0.9931851090308
245.7600000000000 0.9932592401495
248.3200000000000 0.9933337648358
250.8800000000000 0.9934085338252
253.4400000000000 0.9934830406984
256.0000000000000 0.9935563413900
258.5600000000000 0.9936270246696
261.1200000000000 0.9936932953509
263.6800000000000 0.9937531317945
266.2400000000000 0.9938045257523
268.8000000000000 0.9938458774922
271.3600000000000 0.9938764811209
273.9200000000000 0.9938969623824
276.4800000000000 0.9939096507815
279.0400000000000 0.9939188589921
281.6000000000000 0.9939308993035
284.1600000000000 0.9939536912365
286.7200000000000 0.9939959452481
289.2800000000000 0.9940659453460
291.8400000000000 0.9941700070687
294.4000000000000 0.9943108406731
296.9600000000000 0.9944861561674
299.5200000000000 0.9946878902135
302.0800000000000 0.9949025191144
304.6400000000000 0.9951128696782
307.2000000000000 0.9953013419162
309.7600000000000 0.9954536587238
312.3200000000000 0.9955617771860
314.8800000000000 0.9956248873312
317.4400000000000 0.9956483284502
