# z lapse
-317.4400000000000 0.9947909944177
-314.8800000000000 0.9947488078594
-312.3200000000000 0.9947059297813
-309.7600000000000 0.9946623433240
-307.2000000000000 0.9946180316495
-304.6400000000000 0.9945729764326
-302.0800000000000 0.9945271581318
-299.5200000000000 0.9944805573328
-296.9600000000000 0.9944331544699
-294.4000000000000 0.9943849286326
-291.8400000000000 0.9943358578223
-289.2800000000000 0.9942859198194
-286.7200000000000 0.9942350916904
-284.1600000000000 0.9941833492153
-281.6000000000000 0.9941306675489
-279.0400000000000 0.9940770212975
-276.4800000000000 0.9940223836778
-273.9200000000000 0.9939667266879
-271.3600000000000 0.9939100216994
-268.8000000000000 0.9938522389798
-266.2400000000000 0.9937933474053
-263.6800000000000 0.9937333149063
-261.1200000000000 0.9936721082449
-258.5600000000000 0.9936096925510
-256.0000000000000 0.9935460315547
-253.4400000000000 0.9934810876631
-250.8800000000000 0.9934148217565
-248.3200000000000 0.9933471932382
-245.7600000000000 0.9932781597087
-243.2000000000000 0.9932076767337
-240.6400000000000 0.9931356982804
-238.0800000000000 0.9930621766048
-235.5200000000000 0.9929870615595
-232.9600000000000 0.9929103005048
-230.4000000000000 0.9928318386294
-227.8400000000000 0.9927516190062
-225.2800000000000 0.9926695820858
-222.7200000000000 0.9925856652236
-220.1600000000000 0.9924998029743
-217.6000000000000 0.9924119274511
-215.0400000000000 0.9923219683106
-212.4800000000000 0.9922298507470
-209.9200000000000 0.9921354848613
-207.3600000000000 0.9920387432933
-204.8000000000000 0.9919394462775
-202.2400000000000 0.9918373967881
-199.6800000000000 0.9917324823928
-197.1200000000000 0.9916247710239
-194.5600000000000 0.9915144844031
-192.0000000000000 0.9914018286444
-189.4400000000000 0.9912867730993
-186.8800000000000 0.9911689048803
-184.3200000000000 0.9910475755539
-181.7600000000000 0.9909224046895
-179.2000000000000 0.9907935063979
-176.6400000000000 0.9906609321213
-174.0800000000000 0.9905243390788
-171.5200000000000 0.9903835555742
-168.9600000000000 0.9902386355617
-166.4000000000000 0.9900893108461
-163.8400000000000 0.9899353156158
-161.2800000000000 0.9897765747167
-158.7200000000000 0.9896127841003
-156.1600000000000 0.9894436845178
-153.6000000000000 0.9892690603508
-151.0400000000000 0.9890885511780
-148.4800000000000 0.9889018964348
-145.9200000000000 0.9887087465774
-143.3600000000000 0.9885087533885
-140.8000000000000 0.9883015610429
-139.5200000000000 0.9881951353935
-138.2400000000000 0.9880867574071
-138.2400000000000 0.9880867574071
-136.9600000000000 0.9879763772581
-135.6800000000000 0.9878639350929
-135.6800000000000 0.9878639350929
-134.4000000000000 0.9877493690101
-133.1200000000000 0.9876326218495
-133.1200000000000 0.9876326218495
-131.8400000000000 0.9875136338929
-130.5600000000000 0.9873923384063
-130.5600000000000 0.9873923384063
-129.2800000000000 0.9872686660244
-128.0000000000000 0.9871425458103
-128.0000000000000 0.9871425458103
-126.7200000000000 0.9870139039811
-125.4400000000000 0.9868826628598
-125.4400000000000 0.9868826628598
-124.1600000000000 0.9867487430683
-122.8800000000000 0.9866120607388
-122.8800000000000 0.9866120607388
-121.6000000000000 0.9864725266609
-120.3200000000000 0.9863300513348
-120.3200000000000 0.9863300513348
-119.0400000000000 0.9861845451840
-117.7600000000000 0.9860359129539
-117.7600000000000 0.9860359129539
-116.4800000000000 0.9858840478705
-115.2000000000000 0.9857288328005
-115.2000000000000 0.9857288328005
-113.9200000000000 0.9855701557790
-112.6400000000000 0.9854079175972
-112.6400000000000 0.9854079175972
-111.3600000000000 0.9852420068952
-110.0800000000000 0.9850722805254
-110.0800000000000 0.9850722805254
-108.8000000000000 0.9848985898657
-107.5200000000000 0.9847208076028
-107.5200000000000 0.9847208076028
-106.2400000000000 0.9845388057674
-104.9600000000000 0.9843524290346
-104.9600000000000 0.9843524290346
-103.6800000000000 0.9841615094678
-102.4000000000000 0.9839658845663
-102.4000000000000 0.9839658845663
-101.1200000000000 0.9837653846714
-99.8400000000000 0.9835598238688
-99.8400000000000 0.9835598238688
-98.5600000000000 0.9833490125362
-97.2800000000000 0.9831327568817
-97.2800000000000 0.9831327568817
-96.0000000000000 0.9829108436694
-94.7200000000000 0.9826830430727
-94.7200000000000 0.9826830430727
-93.4400000000000 0.9824491147852
-92.1600000000000 0.9822088057263
-92.1600000000000 0.9822088057263
-90.8800000000000 0.9819618673871
-89.6000000000000 0.9817080467063
-89.6000000000000 0.9817080467063
-88.3200000000000 0.9814470236120
-87.0400000000000 0.9811784327440
-87.0400000000000 0.9811784327440
-85.7600000000000 0.9809019715794
-84.4800000000000 0.9806173667450
-84.4800000000000 0.9806173667450
-83.2000000000000 0.9803242323323
-81.9200000000000 0.9800220877473
-81.9200000000000 0.9800220877473
-80.6400000000000 0.9797104951976
-79.3600000000000 0.9793890841296
-79.3600000000000 0.9793890841296
-78.0800000000000 0.9790574387020
-76.8000000000000 0.9787150070669
-76.8000000000000 0.9787150070669
-75.5200000000000 0.9783611668809
-74.2400000000000 0.9779953455225
-74.2400000000000 0.9779953455225
-72.9600000000000 0.9776169970911
-71.6800000000000 0.9772254991252
-71.6800000000000 0.9772254991252
-70.4000000000000 0.9768201202818
-69.1200000000000 0.9764000572884
-69.1200000000000 0.9764000572884
-67.8400000000000 0.9759644867641
-66.5600000000000 0.9755125637519
-66.5600000000000 0.9755125637519
-65.2800000000000 0.9750433726738
-64.0000000000000 0.9745559028081
-64.0000000000000 0.9745559028081
-62.7200000000000 0.9740490469943
-61.4400000000000 0.9735216107194
-61.4400000000000 0.9735216107194
-60.1600000000000 0.9729723176177
-58.8800000000000 0.9723997902332
-58.8800000000000 0.9723997902332
-57.6000000000000 0.9718025270921
-56.3200000000000 0.9711788865055
-56.3200000000000 0.9711788865055
-55.0400000000000 0.9705270738972
-53.7600000000000 0.9698451265424
-53.7600000000000 0.9698451265424
-52.4800000000000 0.9691308952192
-51.2000000000000 0.9683820253534
-51.2000000000000 0.9683820253534
-49.9200000000000 0.9675959287904
-48.6400000000000 0.9667697518131
-48.6400000000000 0.9667697518131
-47.3600000000000 0.9659003410803
-46.0800000000000 0.9649841935027
-46.0800000000000 0.9649841935027
-44.8000000000000 0.9640174095475
-43.5200000000000 0.9629956669625
-43.5200000000000 0.9629956669625
-42.2400000000000 0.9619141230207
-40.9600000000000 0.9607672989690
-40.9600000000000 0.9607672989690
-39.6800000000000 0.9595490912510
-38.4000000000000 0.9582526101530
-38.4000000000000 0.9582526101530
-37.7600000000000 0.9575725726172
-37.1200000000000 0.9568699343336
-37.1200000000000 0.9568699343336
-36.4800000000000 0.9561435598753
-35.8400000000000 0.9553922059651
-35.8400000000000 0.9553922059651
-35.8400000000000 0.9553922059651
-35.2000000000000 0.9546145411436
-34.5600000000000 0.9538091501687
-34.5600000000000 0.9538091501687
-33.9200000000000 0.9529745107585
-33.2800000000000 0.9521090058518
-33.2800000000000 0.9521090058518
-33.2800000000000 0.9521090058518
-32.6400000000000 0.9512108906825
-32.0000000000000 0.9502782622878
-32.0000000000000 0.9502782622878
-31.3600000000000 0.9493090765247
-30.7200000000000 0.9483010848045
-30.7200000000000 0.9483010848045
-30.7200000000000 0.9483010848045
-30.0800000000000 0.9472519037433
-29.4400000000000 0.9461590167400
-29.4400000000000 0.9461590167400
-28.8000000000000 0.9450196278510
-28.1600000000000 0.9438305842807
-28.1600000000000 0.9438305842807
-28.1600000000000 0.9438305842807
-27.5200000000000 0.9425884831211
-26.8800000000000 0.9412897426256
-26.8800000000000 0.9412897426256
-26.2400000000000 0.9399304708755
-25.6000000000000 0.9385062760006
-25.6000000000000 0.9385062760006
-25.6000000000000 0.9385062760006
-24.9600000000000 0.9370122557452
-24.3200000000000 0.9354430865545
-24.3200000000000 0.9354430865545
-23.6800000000000 0.9337929715376
-23.0400000000000 0.9320554909972
-23.0400000000000 0.9320554909972
-23.0400000000000 0.9320554909972
-22.7200000000000 0.9311517764073
-22.4000000000000 0.9302234595553
-22.4000000000000 0.9302234595553
-22.0800000000000 0.9292695063840
-21.7600000000000 0.9282888275228
-21.7600000000000 0.9282888275228
-21.7600000000000 0.9282888275228
-21.4400000000000 0.9272802716830
-21.1200000000000 0.9262426314129
-21.1200000000000 0.9262426314129
-20.8000000000000 0.9251746276753
-20.4800000000000 0.9240749060761
-20.4800000000000 0.9240749060761
-20.4800000000000 0.9240749060761
-20.4800000000000 0.9240749060761
-20.1600000000000 0.9229420277955
-19.8400000000000 0.9217744594253
-19.8400000000000 0.9217744594253
-19.5200000000000 0.9205705685762
-19.2000000000000 0.9193286188517
-19.2000000000000 0.9193286188517
-19.2000000000000 0.9193286188517
-18.8800000000000 0.9180467602057
-18.5600000000000 0.9167230214894
-18.5600000000000 0.9167230214894
-18.2400000000000 0.9153553036920
-17.9200000000000 0.9139413700518
-17.9200000000000 0.9139413700518
-17.9200000000000 0.9139413700518
-17.9200000000000 0.9139413700518
-17.6000000000000 0.9124788307819
-17.2800000000000 0.9109651240198
-17.2800000000000 0.9109651240198
-16.9600000000000 0.9093974980399
-16.6400000000000 0.9077729963146
-16.6400000000000 0.9077729963146
-16.6400000000000 0.9077729963146
-16.3200000000000 0.9060884413224
-16.0000000000000 0.9043404164407
-16.0000000000000 0.9043404164407
-15.6800000000000 0.9025252444203
-15.5200000000000 0.9015912507766
-15.3600000000000 0.9006389587740
-15.3600000000000 0.9006389587740
-15.3600000000000 0.9006389587740
-15.3600000000000 0.9006389587740
-15.3600000000000 0.9006389587740
-15.2000000000000 0.8996678225646
-15.0400000000000 0.8986772751659
-15.0400000000000 0.8986772751659
-14.8800000000000 0.8976667263907
-14.7200000000000 0.8966355619511
-14.7200000000000 0.8966355619511
-14.7200000000000 0.8966355619511
-14.5600000000000 0.8955831417457
-14.4000000000000 0.8945087985060
-14.4000000000000 0.8945087985060
-14.2400000000000 0.8934118362799
-14.0800000000000 0.8922915290703
-14.0800000000000 0.8922915290703
-14.0800000000000 0.8922915290703
-14.0800000000000 0.8922915290703
-13.9200000000000 0.8911471191635
-13.7600000000000 0.8899778159741
-13.7600000000000 0.8899778159741
-13.6000000000000 0.8887827940966
-13.4400000000000 0.8875611912753
-13.4400000000000 0.8875611912753
-13.4400000000000 0.8875611912753
-13.2800000000000 0.8863121062212
-13.1200000000000 0.8850345964152
-13.1200000000000 0.8850345964152
-12.9600000000000 0.8837276758957
-12.8000000000000 0.8823903129129
-12.8000000000000 0.8823903129129
-12.8000000000000 0.8823903129129
-12.8000000000000 0.8823903129129
-12.8000000000000 0.8823903129129
-12.6400000000000 0.8810214272792
-12.4800000000000 0.8796198873122
-12.4800000000000 0.8796198873122
-12.3200000000000 0.8781845064549
-12.1600000000000 0.8767140398050
-12.1600000000000 0.8767140398050
-12.1600000000000 0.8767140398050
-12.0000000000000 0.8752071806813
-11.8400000000000 0.8736625570802
-11.8400000000000 0.8736625570802
-11.6800000000000 0.8720787277203
-11.5200000000000 0.8704541774107
-11.5200000000000 0.8704541774107
-11.5200000000000 0.8704541774107
-11.5200000000000 0.8704541774107
-11.3600000000000 0.8687873116548
-11.2000000000000 0.8670764507500
-11.2000000000000 0.8670764507500
-11.0400000000000 0.8653198239534
-10.8800000000000 0.8635155640753
-10.8800000000000 0.8635155640753
-10.8800000000000 0.8635155640753
-10.7200000000000 0.8616617020402
-10.5600000000000 0.8597561603568
-10.5600000000000 0.8597561603568
-10.4000000000000 0.8577967449365
-10.2400000000000 0.8557811358253
-10.2400000000000 0.8557811358253
-10.2400000000000 0.8557811358253
-10.2400000000000 0.8557811358253
-10.2400000000000 0.8557811358253
-10.0800000000000 0.8537068777586
-9.9200000000000 0.8515713705999
-9.9200000000000 0.8515713705999
-9.7600000000000 0.8493718589118
-9.6000000000000 0.8471054201416
-9.6000000000000 0.8471054201416
-9.6000000000000 0.8471054201416
-9.4400000000000 0.8447689516184
-9.2800000000000 0.8423591566239
-9.2800000000000 0.8423591566239
-9.1200000000000 0.8398725293194
-8.9600000000000 0.8373053381758
-8.9600000000000 0.8373053381758
-8.9600000000000 0.8373053381758
-8.9600000000000 0.8373053381758
-8.8000000000000 0.8346536078097
-8.6400000000000 0.8319130990739
-8.6400000000000 0.8319130990739
-8.4800000000000 0.8290792868943
-8.3200000000000 0.8261473354615
-8.3200000000000 0.8261473354615
-8.3200000000000 0.8261473354615
-8.1600000000000 0.8231120708835
-8.0000000000000 0.8199679514036
-8.0000000000000 0.8199679514036
-7.8400000000000 0.8167090347809
-7.6800000000000 0.8133289421835
-7.6800000000000 0.8133289421835
-7.6800000000000 0.8133289421835
-7.6800000000000 0.8133289421835
-7.6800000000000 0.8133289421835
-7.5200000000000 0.8098208179151
-7.3600000000000 0.8061772840776
-7.3600000000000 0.8061772840776
-7.2000000000000 0.8023903894106
-7.0400000000000 0.7984515522810
-7.0400000000000 0.7984515522810
-7.0400000000000 0.7984515522810
-6.8800000000000 0.7943514978996
-6.7200000000000 0.7900801886576
-6.7200000000000 0.7900801886576
-6.5600000000000 0.7856267455543
-6.4000000000000 0.7809793591813
-6.4000000000000 0.7809793591813
-6.4000000000000 0.7809793591813
-6.4000000000000 0.7809793591813
-6.2400000000000 0.7761251892813
-6.0800000000000 0.7710502510675
-6.0800000000000 0.7710502510675
-5.9200000000000 0.7657392852833
-5.7600000000000 0.7601756093378
-5.7600000000000 0.7601756093378
-5.7600000000000 0.7601756093378
-5.6000000000000 0.7543409484580
-5.4400000000000 0.7482152465942
-5.4400000000000 0.7482152465942
-5.2800000000000 0.7417764542966
-5.1200000000000 0.7350004045838
-5.1200000000000 0.7350002851473
-5.1200000000000 0.7350002851473
-5.1200000000000 0.7350002851473
-5.1200000000000 0.7350004045838
-4.9600000000000 0.7278599277457
-4.8000000000000 0.7203256995808
-4.8000000000000 0.7203256995808
-4.6400000000000 0.7123646331990
-4.4800000000000 0.7039399940594
-4.4800000000000 0.7039399940594
-4.4800000000000 0.7039399940594
-4.3200000000000 0.6950107382456
-4.1600000000000 0.6855309241139
-4.1600000000000 0.6855309241139
-4.0000000000000 0.6754489894897
-3.8400000000000 0.6647069583209
-3.8400000000000 0.6647069583209
-3.8400000000000 0.6647069583209
-3.8400000000000 0.6647069583209
-3.6800000000000 0.6532393050274
-3.5200000000000 0.6409725973726
-3.5200000000000 0.6409725973726
-3.3600000000000 0.6278285846697
-3.2000000000000 0.6137402858096
-3.2000000000000 0.6137402858096
-3.2000000000000 0.6137402858096
-3.0400000000000 0.5986498511095
-2.8800000000000 0.5824900248786
-2.8800000000000 0.5824900248786
-2.7200000000000 0.5651958031895
-2.5600000000000 0.5466896714814
-2.5600000000000 0.5466898822251
-2.5600000000000 0.5466896714814
-2.5600000000000 0.5466898822251
-2.5600000000000 0.5466896714814
-2.4000000000000 0.5269034141068
-2.2400000000000 0.5057511263477
-2.2400000000000 0.5057511263477
-2.0800000000000 0.4831670891434
-1.9200000000000 0.4590680570940
-1.9200000000000 0.4590680570940
-1.9200000000000 0.4590680570940
-1.7600000000000 0.4334030631751
-1.6000000000000 0.4061199993990
-1.6000000000000 0.4061199993990
-1.4400000000000 0.3772241673618
-1.2800000000000 0.3467722600026
-1.2800000000000 0.3467722600026
-1.2800000000000 0.3467722600026
-1.2800000000000 0.3467722600026
-1.1200000000000 0.3149429402273
-0.9600000000000 0.2820929251376
-0.9600000000000 0.2820929251376
-0.8000000000000 0.2488775489150
-0.6400000000000 0.2164170725907
-0.6400000000000 0.2164170725907
-0.6400000000000 0.2164170725907
-0.4800000000000 0.1864745650305
-0.3200000000000 0.1616083039297
-0.3200000000000 0.1616083039297
-0.1600000000000 0.1448786383579
0.0000000000000 0.1390199026726
0.0000000000000 0.1390199026726
0.0000000000000 0.1390199026726
0.0000000000000 0.1390199026726
0.0000000000000 0.1390199026726
0.1600000000000 0.1448786543802
0.3200000000000 0.1616083324040
0.3200000000000 0.1616083324040
0.4800000000000 0.1864746027728
0.6400000000000 0.2164171151941
0.6400000000000 0.2164171151941
0.6400000000000 0.2164171151941
0.8000000000000 0.2488775933384
0.9600000000000 0.2820929690931
0.9600000000000 0.2820929690931
1.1200000000000 0.3149429822662
1.2800000000000 0.3467723001575
1.2800000000000 0.3467723001575
1.2800000000000 0.3467723001575
1.2800000000000 0.3467723001575
1.4400000000000 0.3772242051197
1.6000000000000 0.4061200355824
1.6000000000000 0.4061200355824
1.7600000000000 0.4334030977935
1.9200000000000 0.4590680906618
1.9200000000000 0.4590680906618
1.9200000000000 0.4590680906618
2.0800000000000 0.4831671212509
2.2400000000000 0.5057511572927
2.2400000000000 0.5057511572927
2.4000000000000 0.5269034436151
2.5600000000000 0.5466899106222
2.5600000000000 0.5466899106222
2.5600000000000 0.5466899106222
2.5600000000000 0.5466899106222
2.5600000000000 0.5466899106222
2.7200000000000 0.5651958301793
2.8800000000000 0.5824900507770
2.8800000000000 0.5824900507770
3.0400000000000 0.5986498757246
3.2000000000000 0.6137403093435
3.2000000000000 0.6137403093435
3.2000000000000 0.6137403093435
3.3600000000000 0.6278286069355
3.5200000000000 0.6409726182355
3.5200000000000 0.6409726182355
3.6800000000000 0.6532393244988
3.8400000000000 0.6647070024181
3.8400000000000 0.6647069765282
3.8400000000000 0.6647070024181
3.8400000000000 0.6647069765282
4.0000000000000 0.6754490065579
4.1600000000000 0.6855309401494
4.1600000000000 0.6855309401494
4.3200000000000 0.6950107533424
4.4800000000000 0.7039400083008
4.4800000000000 0.7039400083008
4.4800000000000 0.7039400083008
4.6400000000000 0.7123646466587
4.8000000000000 0.7203257123234
4.8000000000000 0.7203257123234
4.9600000000000 0.7278599398285
5.1200000000000 0.7350002966216
5.1200000000000 0.7350002966216
5.1200000000000 0.7350002966216
5.1200000000000 0.7350002966216
5.1200000000000 0.7350002966216
5.2800000000000 0.7417764652080
5.4400000000000 0.7482152569838
5.4400000000000 0.7482152569838
5.6000000000000 0.7543409583630
5.7600000000000 0.7601756187921
5.7600000000000 0.7601756187921
5.7600000000000 0.7601756187921
5.9200000000000 0.7657392943178
6.0800000000000 0.7710502597103
6.0800000000000 0.7710502597103
6.2400000000000 0.7761251975581
6.4000000000000 0.7809793671156
6.4000000000000 0.7809793671156
6.4000000000000 0.7809793671156
6.4000000000000 0.7809793671156
6.5600000000000 0.7856267531680
6.7200000000000 0.7900801959712
6.7200000000000 0.7900801959712
6.8800000000000 0.7943515049321
7.0400000000000 0.7984515590496
7.0400000000000 0.7984515590496
7.0400000000000 0.7984515590496
7.2000000000000 0.8023903959308
7.3600000000000 0.8061772903631
7.3600000000000 0.8061772903631
7.5200000000000 0.8098208239773
7.6800000000000 0.8133289480330
7.6800000000000 0.8133289480330
7.6800000000000 0.8133289480330
7.6800000000000 0.8133289480330
7.6800000000000 0.8133289480330
7.8400000000000 0.8167090404272
8.0000000000000 0.8199679568561
8.0000000000000 0.8199679568561
8.1600000000000 0.8231120761518
8.3200000000000 0.8261473405554
8.3200000000000 0.8261473405554
8.3200000000000 0.8261473405554
8.4800000000000 0.8290792918234
8.6400000000000 0.8319131038475
8.6400000000000 0.8319131038475
8.8000000000000 0.8346536124368
8.9600000000000 0.8373053426653
8.9600000000000 0.8373053426653
8.9600000000000 0.8373053426653
8.9600000000000 0.8373053426653
9.1200000000000 0.8398725336799
9.2800000000000 0.8423591608629
9.2800000000000 0.8423591608629
9.4400000000000 0.8447689557418
9.6000000000000 0.8471054241534
9.6000000000000 0.8471054241534
9.6000000000000 0.8471054241534
9.7600000000000 0.8493718628149
9.9200000000000 0.8515713743969
9.9200000000000 0.8515713743969
10.0800000000000 0.8537068814521
10.2400000000000 0.8557811394376
10.2400000000000 0.8557811394180
10.2400000000000 0.8557811394376
10.2400000000000 0.8557811394180
10.2400000000000 0.8557811394376
10.4000000000000 0.8577967484315
10.5600000000000 0.8597561637579
10.5600000000000 0.8597561637579
10.7200000000000 0.8616617053516
10.8800000000000 0.8635155673014
10.8800000000000 0.8635155673014
10.8800000000000 0.8635155673014
11.0400000000000 0.8653198270983
11.2000000000000 0.8670764538172
11.2000000000000 0.8670764538172
11.3600000000000 0.8687873146472
11.5200000000000 0.8704541803312
11.5200000000000 0.8704541803312
11.5200000000000 0.8704541803312
11.5200000000000 0.8704541803312
11.6800000000000 0.8720787305722
11.8400000000000 0.8736625598670
11.8400000000000 0.8736625598670
12.0000000000000 0.8752071834065
12.1600000000000 0.8767140424719
12.1600000000000 0.8767140424719
12.1600000000000 0.8767140424719
12.3200000000000 0.8781845090664
12.4800000000000 0.8796198898710
12.4800000000000 0.8796198898710
12.6400000000000 0.8810214297876
12.8000000000000 0.8823903153728
12.8000000000000 0.8823903153728
12.8000000000000 0.8823903153728
12.8000000000000 0.8823903153728
12.8000000000000 0.8823903153728
12.9600000000000 0.8837276783083
13.1200000000000 0.8850345987812
13.1200000000000 0.8850345987812
13.2800000000000 0.8863121085410
13.4400000000000 0.8875611935495
13.4400000000000 0.8875611935495
13.4400000000000 0.8875611935495
13.6000000000000 0.8887827963263
13.7600000000000 0.8899778181609
13.7600000000000 0.8899778181609
13.9200000000000 0.8911471213091
14.0800000000000 0.8922915311763
14.0800000000000 0.8922915311763
14.0800000000000 0.8922915311763
14.0800000000000 0.8922915311763
14.2400000000000 0.8934118383473
14.4000000000000 0.8945088005358
14.4000000000000 0.8945088005358
14.5600000000000 0.8955831437383
14.7200000000000 0.8966355639073
14.7200000000000 0.8966355639073
14.7200000000000 0.8966355639073
14.8800000000000 0.8976667283117
15.0400000000000 0.8986772770530
15.0400000000000 0.8986772770530
15.2000000000000 0.8996678244195
15.3600000000000 0.9006389605981
15.3600000000000 0.9006389605981
15.3600000000000 0.9006389605981
15.3600000000000 0.9006389605981
15.3600000000000 0.9006389605981
15.5200000000000 0.9015912525710
15.6800000000000 0.9025252461858
16.0000000000000 0.9043404181490
16.0000000000000 0.9043404181490
16.3200000000000 0.9060884429745
16.6400000000000 0.9077729980435
16.6400000000000 0.9077729979125
16.6400000000000 0.9077729979125
16.9600000000000 0.9093974995870
17.2800000000000 0.9109651255190
17.2800000000000 0.9109651255190
17.6000000000000 0.9124788322349
17.9200000000000 0.9139413714604
17.9200000000000 0.9139413714604
17.9200000000000 0.9139413714604
17.9200000000000 0.9139413714604
18.2400000000000 0.9153553050590
18.5600000000000 0.9167230228185
18.5600000000000 0.9167230228185
18.8800000000000 0.9180467615000
19.2000000000000 0.9193286201133
19.2000000000000 0.9193286201133
19.2000000000000 0.9193286201133
19.5200000000000 0.9205705698057
19.8400000000000 0.9217744606227
19.8400000000000 0.9217744606227
20.1600000000000 0.9229420289619
20.4800000000000 0.9240749072123
20.4800000000000 0.9240749072123
20.4800000000000 0.9240749072123
20.4800000000000 0.9240749072123
20.8000000000000 0.9251746287823
21.1200000000000 0.9262426324917
21.1200000000000 0.9262426324917
21.4400000000000 0.9272802727345
21.7600000000000 0.9282888285476
21.7600000000000 0.9282888285476
21.7600000000000 0.9282888285476
22.0800000000000 0.9292695073819
22.4000000000000 0.9302234605265
22.4000000000000 0.9302234605265
22.7200000000000 0.9311517773521
23.0400000000000 0.9320554919164
23.0400000000000 0.9320554919164
23.0400000000000 0.9320554910748
23.6800000000000 0.9337929724095
24.3200000000000 0.9354430873824
24.3200000000000 0.9354430873824
24.9600000000000 0.9370122565297
25.6000000000000 0.9385062767426
25.6000000000000 0.9385062767426
25.6000000000000 0.9385062767426
26.2400000000000 0.9399304715787
26.8800000000000 0.9412897432942
26.8800000000000 0.9412897432942
27.5200000000000 0.9425884837573
28.1600000000000 0.9438305848851
28.1600000000000 0.9438305848851
28.1600000000000 0.9438305848851
28.8000000000000 0.9450196284251
29.4400000000000 0.9461590172859
29.4400000000000 0.9461590172859
30.0800000000000 0.9472519042621
30.7200000000000 0.9483010852980
30.7200000000000 0.9483010852980
30.7200000000000 0.9483010852980
31.3600000000000 0.9493090769965
32.0000000000000 0.9502782627410
32.0000000000000 0.9502782627410
32.6400000000000 0.9512108911176
33.2800000000000 0.9521090062691
33.2800000000000 0.9521090062691
33.2800000000000 0.9521090062691
33.9200000000000 0.9529745111579
34.5600000000000 0.9538091505511
34.5600000000000 0.9538091505511
35.2000000000000 0.9546145415106
35.8400000000000 0.9553922063182
35.8400000000000 0.9553922063182
35.8400000000000 0.9553922063182
36.4800000000000 0.9561435602154
37.1200000000000 0.9568699346617
37.1200000000000 0.9568699346617
37.7600000000000 0.9575725729343
38.4000000000000 0.9582526104598
38.4000000000000 0.9582526104598
39.6800000000000 0.9595490915376
40.9600000000000 0.9607672992345
40.9600000000000 0.9607672992345
42.2400000000000 0.9619141232676
43.5200000000000 0.9629956671941
43.5200000000000 0.9629956671941
44.8000000000000 0.9640174097660
46.0800000000000 0.9649841937088
46.0800000000000 0.9649841937088
47.3600000000000 0.9659003412746
48.6400000000000 0.9667697519973
48.6400000000000 0.9667697519973
49.9200000000000 0.9675959289664
51.2000000000000 0.9683820255217
51.2000000000000 0.9683820255217
52.4800000000000 0.9691308953801
53.7600000000000 0.9698451266957
53.7600000000000 0.9698451266957
55.0400000000000 0.9705270740429
56.3200000000000 0.9711788866434
56.3200000000000 0.9711788866434
57.6000000000000 0.9718025272221
58.8800000000000 0.9723997903570
58.8800000000000 0.9723997903570
60.1600000000000 0.9729723177382
61.4400000000000 0.9735216108380
61.4400000000000 0.9735216108380
62.7200000000000 0.9740490471103
64.0000000000000 0.9745559029192
64.0000000000000 0.9745559029192
65.2800000000000 0.9750433727780
66.5600000000000 0.9755125638494
66.5600000000000 0.9755125638494
67.8400000000000 0.9759644868569
69.1200000000000 0.9764000573777
69.1200000000000 0.9764000573777
70.4000000000000 0.9768201203671
71.6800000000000 0.9772254992057
71.6800000000000 0.9772254992057
72.9600000000000 0.9776169971673
74.2400000000000 0.9779953455961
74.2400000000000 0.9779953455961
75.5200000000000 0.9783611669525
76.8000000000000 0.9787150071355
76.8000000000000 0.9787150071355
78.0800000000000 0.9790574387670
79.3600000000000 0.9793890841915
79.3600000000000 0.9793890841915
80.6400000000000 0.9797104952577
81.9200000000000 0.9800220878057
81.9200000000000 0.9800220878057
83.2000000000000 0.9803242323886
84.4800000000000 0.9806173667992
84.4800000000000 0.9806173667992
85.7600000000000 0.9809019716318
87.0400000000000 0.9811784327948
87.0400000000000 0.9811784327948
88.3200000000000 0.9814470236613
89.6000000000000 0.9817080467540
89.6000000000000 0.9817080467540
90.8800000000000 0.9819618674329
92.1600000000000 0.9822088057698
92.1600000000000 0.9822088057698
93.4400000000000 0.9824491148265
94.7200000000000 0.9826830431120
94.7200000000000 0.9826830431120
96.0000000000000 0.9829108437074
97.2800000000000 0.9831327569188
97.2800000000000 0.9831327569188
98.5600000000000 0.9833490125730
99.8400000000000 0.9835598239057
99.8400000000000 0.9835598239057
101.1200000000000 0.9837653847084
102.4000000000000 0.9839658846031
102.4000000000000 0.9839658846031
103.6800000000000 0.9841615095042
104.9600000000000 0.9843524290703
104.9600000000000 0.9843524290703
106.2400000000000 0.9845388058025
107.5200000000000 0.9847208076371
107.5200000000000 0.9847208076371
108.8000000000000 0.9848985898990
110.0800000000000 0.9850722805573
110.0800000000000 0.9850722805573
111.3600000000000 0.9852420069253
112.6400000000000 0.9854079176254
112.6400000000000 0.9854079176254
113.9200000000000 0.9855701558049
115.2000000000000 0.9857288328235
115.2000000000000 0.9857288328235
116.4800000000000 0.9858840478905
117.7600000000000 0.9860359129707
117.7600000000000 0.9860359129707
119.0400000000000 0.9861845451974
120.3200000000000 0.9863300513450
120.3200000000000 0.9863300513450
121.6000000000000 0.9864725266686
122.8800000000000 0.9866120607453
122.8800000000000 0.9866120607453
124.1600000000000 0.9867487430754
125.4400000000000 0.9868826628695
125.4400000000000 0.9868826628695
126.7200000000000 0.9870139039952
128.0000000000000 0.9871425458303
128.0000000000000 0.9871425458303
129.2800000000000 0.9872686660510
130.5600000000000 0.9873923384391
130.5600000000000 0.9873923384391
131.8400000000000 0.9875136339305
133.1200000000000 0.9876326218897
133.1200000000000 0.9876326218897
134.4000000000000 0.9877493690502
135.6800000000000 0.9878639351302
135.6800000000000 0.9878639351302
136.9600000000000 0.9879763772899
138.2400000000000 0.9880867574315
138.2400000000000 0.9880867574315
139.5200000000000 0.9881951354092
140.8000000000000 0.9883015610493
143.3600000000000 0.9885087533779
145.9200000000000 0.9887087465551
148.4800000000000 0.9889018964099
151.0400000000000 0.9890885511607
153.6000000000000 0.9892690603507
156.1600000000000 0.9894436845543
158.7200000000000 0.9896127841904
161.2800000000000 0.9897765748323
163.8400000000000 0.9899353156881
166.4000000000000 0.9900893108251
168.9600000000000 0.9902386354602
171.5200000000000 0.9903835554510
174.0800000000000 0.9905243389883
176.6400000000000 0.9906609320901
179.2000000000000 0.9907935064245
181.7600000000000 0.9909224047520
184.3200000000000 0.9910475756319
186.8800000000000 0.9911689049590
189.4400000000000 0.9912867731527
192.0000000000000 0.9914018286449
194.5600000000000 0.9915144843547
197.1200000000000 0.9916247709625
199.6800000000000 0.9917324823503
202.2400000000000 0.9918373967708
204.8000000000000 0.9919394462746
207.3600000000000 0.9920387432943
209.9200000000000 0.9921354848620
212.4800000000000 0.9922298507471
215.0400000000000 0.9923219683106
217.6000000000000 0.9924119274511
220.1600000000000 0.9924998029743
222.7200000000000 0.9925856652236
225.2800000000000 0.9926695820858
227.8400000000000 0.9927516190062
230.4000000000000 0.9928318386294
232.9600000000000 0.9929103005048
235.5200000000000 0.9929870615595
238.0800000000000 0.9930621766048
240.6400000000000 0.9931356982804
243.2000000000000 0.9932076767337
245.7600000000000 0.9932781597087
248.3200000000000 0.9933471932382
250.8800000000000 0.9934148217565
253.4400000000000 0.9934810876631
256.0000000000000 0.9935460315547
258.5600000000000 0.9936096925510
261.1200000000000 0.9936721082449
263.6800000000000 0.9937333149063
266.2400000000000 0.9937933474053
268.8000000000000 0.9938522389798
271.3600000000000 0.9939100216994
273.9200000000000 0.9939667266879
276.4800000000000 0.9940223836778
279.0400000000000 0.9940770212975
281.6000000000000 0.9941306675489
284.1600000000000 0.9941833492153
286.7200000000000 0.9942350916904
289.2800000000000 0.9942859198194
291.8400000000000 0.9943358578223
294.4000000000000 0.9943849286326
296.9600000000000 0.9944331544699
299.5200000000000 0.9944805573328
302.0800000000000 0.9945271581318
304.6400000000000 0.9945729764326
307.2000000000000 0.9946180316495
309.7600000000000 0.9946623433240
312.3200000000000 0.9947059297813
314.8800000000000 0.9947488078594
317.4400000000000 0.9947909944177
