# x lapse
-317.4400000000000 0.9947921926467
-314.8800000000000 0.9947499895906
-312.3200000000000 0.9947070951103
-309.7600000000000 0.9946634921091
-307.2000000000000 0.9946191632278
-304.6400000000000 0.9945740903332
-302.0800000000000 0.9945282547180
-299.5200000000000 0.9944816372464
-296.9600000000000 0.9944342180639
-294.4000000000000 0.9943859763547
-291.8400000000000 0.9943368901292
-289.2800000000000 0.9942869364372
-286.7200000000000 0.9942360920292
-284.1600000000000 0.9941843330746
-281.6000000000000 0.9941316341232
-279.0400000000000 0.9940779692332
-276.4800000000000 0.9940233128784
-273.9200000000000 0.9939676381939
-271.3600000000000 0.9939109160831
-268.8000000000000 0.9938531163970
-266.2400000000000 0.9937942083176
-263.6800000000000 0.9937341589611
-261.1200000000000 0.9936729336858
-258.5600000000000 0.9936104981692
-256.0000000000000 0.9935468173687
-253.4400000000000 0.9934818539567
-250.8800000000000 0.9934155694988
-248.3200000000000 0.9933479232675
-245.7600000000000 0.9932788710332
-243.2000000000000 0.9932083677238
-240.6400000000000 0.9931363680263
-238.0800000000000 0.9930628246094
-235.5200000000000 0.9929876880166
-232.9600000000000 0.9929109064660
-230.4000000000000 0.9928324240914
-227.8400000000000 0.9927521820232
-225.2800000000000 0.9926701211921
-222.7200000000000 0.9925861811766
-220.1600000000000 0.9925002976144
-217.6000000000000 0.9924124013315
-215.0400000000000 0.9923224183969
-212.4800000000000 0.9922302740356
-209.9200000000000 0.9921358929220
-207.3600000000000 0.9920391921138
-204.8000000000000 0.9919400819676
-202.2400000000000 0.9918384718192
-199.6800000000000 0.9917342682536
-197.1200000000000 0.9916273705761
-194.5600000000000 0.9915176711580
-192.0000000000000 0.9914050588667
-189.4400000000000 0.9912894176234
-186.8800000000000 0.9911706225171
-184.3200000000000 0.9910485415077
-181.7600000000000 0.9909230374201
-179.2000000000000 0.9907939643778
-176.6400000000000 0.9906611671345
-174.0800000000000 0.9905244825093
-171.5200000000000 0.9903837371632
-168.9600000000000 0.9902387464485
-166.4000000000000 0.9900893156594
-163.8400000000000 0.9899352388741
-161.2800000000000 0.9897762952895
-158.7200000000000 0.9896122510297
-156.1600000000000 0.9894428567509
-153.6000000000000 0.9892678459598
-151.0400000000000 0.9890869363386
-148.4800000000000 0.9888998237227
-145.9200000000000 0.9887061837045
-143.3600000000000 0.9885056674781
-140.8000000000000 0.9882979027373
-139.5200000000000 0.9881911782291
-138.2400000000000 0.9880824891104
-138.2400000000000 0.9880824891104
-136.9600000000000 0.9879717805294
-135.6800000000000 0.9878589954483
-135.6800000000000 0.9878589954483
-134.4000000000000 0.9877440746897
-133.1200000000000 0.9876269571814
-133.1200000000000 0.9876269571814
-131.8400000000000 0.9875075794752
-130.5600000000000 0.9873858757497
-130.5600000000000 0.9873858757497
-129.2800000000000 0.9872617775887
-128.0000000000000 0.9871352131361
-128.0000000000000 0.9871352131361
-126.7200000000000 0.9870061078098
-125.4400000000000 0.9868743844196
-125.4400000000000 0.9868743844196
-124.1600000000000 0.9867399634522
-122.8800000000000 0.9866027611712
-122.8800000000000 0.9866027611712
-121.6000000000000 0.9864626896050
-120.3200000000000 0.9863196583516
-120.3200000000000 0.9863196583516
-119.0400000000000 0.9861735731206
-117.7600000000000 0.9860243344661
-117.7600000000000 0.9860243344661
-116.4800000000000 0.9858718390631
-115.2000000000000 0.9857159795333
-115.2000000000000 0.9857159795333
-113.9200000000000 0.9855566432114
-112.6400000000000 0.9853937122803
-112.6400000000000 0.9853937122803
-111.3600000000000 0.9852270637130
-110.0800000000000 0.9850565682626
-110.0800000000000 0.9850565682626
-108.8000000000000 0.9848820907844
-107.5200000000000 0.9847034907000
-107.5200000000000 0.9847034907000
-106.2400000000000 0.9845206200953
-104.9600000000000 0.9843333229605
-104.9600000000000 0.9843333229605
-103.6800000000000 0.9841414371588
-102.4000000000000 0.9839447929267
-102.4000000000000 0.9839447929267
-101.1200000000000 0.9837432099802
-99.8400000000000 0.9835364994336
-99.8400000000000 0.9835364994336
-98.5600000000000 0.9833244645964
-97.2800000000000 0.9831068977644
-97.2800000000000 0.9831068977644
-96.0000000000000 0.9828835784156
-94.7200000000000 0.9826542750175
-94.7200000000000 0.9826542750175
-93.4400000000000 0.9824187452259
-92.1600000000000 0.9821767321331
-92.1600000000000 0.9821767321331
-90.8800000000000 0.9819279611454
-89.6000000000000 0.9816721411024
-89.6000000000000 0.9816721411024
-88.3200000000000 0.9814089655580
-87.0400000000000 0.9811381100872
-87.0400000000000 0.9811381100872
-85.7600000000000 0.9808592233444
-84.4800000000000 0.9805719110622
-84.4800000000000 0.9805719110622
-83.2000000000000 0.9802757127753
-81.9200000000000 0.9799700848143
-81.9200000000000 0.9799700848143
-80.6400000000000 0.9796544334887
-79.3600000000000 0.9793282442296
-79.3600000000000 0.9793282442296
-78.0800000000000 0.9789912504847
-76.8000000000000 0.9786434173852
-76.8000000000000 0.9786434173852
-75.5200000000000 0.9782846006610
-74.2400000000000 0.9779142006364
-74.2400000000000 0.9779142006364
-72.9600000000000 0.9775313052517
-71.6800000000000 0.9771351332066
-71.6800000000000 0.9771351332066
-70.4000000000000 0.9767250420770
-69.1200000000000 0.9763001440914
-69.1200000000000 0.9763001440914
-67.8400000000000 0.9758593350979
-66.5600000000000 0.9754016589487
-66.5600000000000 0.9754016589487
-65.2800000000000 0.9749262244801
-64.0000000000000 0.9744319233793
-64.0000000000000 0.9744319233793
-62.7200000000000 0.9739175570668
-61.4400000000000 0.9733819382137
-61.4400000000000 0.9733819382137
-60.1600000000000 0.9728237238274
-58.8800000000000 0.9722414405082
-58.8800000000000 0.9722414405082
-57.6000000000000 0.9716335517500
-56.3200000000000 0.9709983510015
-56.3200000000000 0.9709983510015
-55.0400000000000 0.9703339693365
-53.7600000000000 0.9696383878292
-53.7600000000000 0.9696383878292
-52.4800000000000 0.9689093675245
-51.2000000000000 0.9681444581934
-51.2000000000000 0.9681444581934
-49.9200000000000 0.9673409646835
-48.6400000000000 0.9664959004779
-48.6400000000000 0.9664959004779
-47.3600000000000 0.9656059655723
-46.0800000000000 0.9646674894489
-46.0800000000000 0.9646674894489
-44.8000000000000 0.9636763979079
-43.5200000000000 0.9626281431948
-43.5200000000000 0.9626281431948
-42.2400000000000 0.9615176317475
-40.9600000000000 0.9603391433255
-40.9600000000000 0.9603391433255
-39.6800000000000 0.9590862196511
-38.4000000000000 0.9577515597084
-38.4000000000000 0.9577515597084
-37.7600000000000 0.9570510316083
-37.1200000000000 0.9563268779596
-37.1200000000000 0.9563268779596
-36.4800000000000 0.9555778822783
-35.8400000000000 0.9548027459835
-35.8400000000000 0.9548027459835
-35.8400000000000 0.9548027459835
-35.2000000000000 0.9540000766053
-34.5600000000000 0.9531683841409
-34.5600000000000 0.9531683841409
-33.9200000000000 0.9523060644531
-33.2800000000000 0.9514114030181
-33.2800000000000 0.9514114030181
-33.2800000000000 0.9514114030181
-32.6400000000000 0.9504825476612
-32.0000000000000 0.9495174792066
-32.0000000000000 0.9495174792066
-31.3600000000000 0.9485140142010
-30.7200000000000 0.9474698073322
-30.7200000000000 0.9474698073322
-30.7200000000000 0.9474698073322
-30.0800000000000 0.9463823215910
-29.4400000000000 0.9452488054755
-29.4400000000000 0.9452488054755
-28.8000000000000 0.9440662970895
-28.1600000000000 0.9428315674478
-28.1600000000000 0.9428315674478
-28.1600000000000 0.9428315674478
-27.5200000000000 0.9415410409221
-26.8800000000000 0.9401908424994
-26.8800000000000 0.9401908424994
-26.2400000000000 0.9387767888597
-25.6000000000000 0.9372942246724
-25.6000000000000 0.9372942246724
-25.6000000000000 0.9372942246724
-24.9600000000000 0.9357379916308
-24.3200000000000 0.9341024741731
-24.3200000000000 0.9341024741731
-23.6800000000000 0.9323814840654
-23.0400000000000 0.9305680965013
-23.0400000000000 0.9305680965013
-23.0400000000000 0.9305680965013
-22.7200000000000 0.9296243823154
-22.4000000000000 0.9286546376971
-22.4000000000000 0.9286546376971
-22.0800000000000 0.9276577831598
-21.7600000000000 0.9266326455860
-21.7600000000000 0.9266326455860
-21.7600000000000 0.9266326455860
-21.4400000000000 0.9255779841686
-21.1200000000000 0.9244925205805
-21.1200000000000 0.9244925205805
-20.8000000000000 0.9233748978258
-20.4800000000000 0.9222236570979
-20.4800000000000 0.9222236570979
-20.4800000000000 0.9222236570979
-20.4800000000000 0.9222236570979
-20.1600000000000 0.9210372499389
-19.8400000000000 0.9198140341837
-19.8400000000000 0.9198140341837
-19.5200000000000 0.9185522606444
-19.2000000000000 0.9172500909249
-19.2000000000000 0.9172500909249
-19.2000000000000 0.9172500909249
-18.8800000000000 0.9159055573756
-18.5600000000000 0.9145165476669
-18.5600000000000 0.9145165476669
-18.2400000000000 0.9130808097858
-17.9200000000000 0.9115959397501
-17.9200000000000 0.9115959397501
-17.9200000000000 0.9115959397501
-17.9200000000000 0.9115959397501
-17.6000000000000 0.9100593568256
-17.2800000000000 0.9084683059901
-17.2800000000000 0.9084683059901
-16.9600000000000 0.9068198611947
-16.6400000000000 0.9051108711467
-16.6400000000000 0.9051108711467
-16.6400000000000 0.9051108711467
-16.3200000000000 0.9033378952587
-16.0000000000000 0.9014972178070
-16.0000000000000 0.9014972178070
-15.6800000000000 0.8995848942518
-15.5200000000000 0.8986005624381
-15.3600000000000 0.8975967096424
-15.3600000000000 0.8975967096424
-15.3600000000000 0.8975967096424
-15.3600000000000 0.8975967096424
-15.3600000000000 0.8975967096424
-15.2000000000000 0.8965727490512
-15.0400000000000 0.8955280617444
-15.0400000000000 0.8955280617444
-14.8800000000000 0.8944620025350
-14.7200000000000 0.8933739010092
-14.7200000000000 0.8933739010092
-14.7200000000000 0.8933739010092
-14.5600000000000 0.8922630595020
-14.4000000000000 0.8911287590613
-14.4000000000000 0.8911287590613
-14.2400000000000 0.8899702508798
-14.0800000000000 0.8887867569228
-14.0800000000000 0.8887867569228
-14.0800000000000 0.8887867569228
-14.0800000000000 0.8887867569228
-13.9200000000000 0.8875774640577
-13.7600000000000 0.8863415198974
-13.7600000000000 0.8863415198974
-13.6000000000000 0.8850780297167
-13.4400000000000 0.8837860550137
-13.4400000000000 0.8837860550137
-13.4400000000000 0.8837860549919
-13.2800000000000 0.8824646132759
-13.1200000000000 0.8811126779945
-13.1200000000000 0.8811126779945
-12.9600000000000 0.8797291777378
-12.8000000000000 0.8783129934673
-12.8000000000000 0.8783129934673
-12.8000000000000 0.8783129934673
-12.8000000000000 0.8783129934673
-12.8000000000000 0.8783129934673
-12.6400000000000 0.8768629540739
-12.4800000000000 0.8753778308998
-12.4800000000000 0.8753778308998
-12.3200000000000 0.8738563323672
-12.1600000000000 0.8722970995723
-12.1600000000000 0.8722970995723
-12.1600000000000 0.8722970995723
-12.0000000000000 0.8706987029913
-11.8400000000000 0.8690596396947
-11.8400000000000 0.8690596396947
-11.6800000000000 0.8673783301243
-11.5200000000000 0.8656531136925
-11.5200000000000 0.8656531136925
-11.5200000000000 0.8656531136925
-11.5200000000000 0.8656531136925
-11.3600000000000 0.8638822430201
-11.2000000000000 0.8620638771323
-11.2000000000000 0.8620638771323
-11.0400000000000 0.8601960741267
-10.8800000000000 0.8582767836713
-10.8800000000000 0.8582767836713
-10.8800000000000 0.8582767836713
-10.7200000000000 0.8563038393655
-10.5600000000000 0.8542749507125
-10.5600000000000 0.8542749507125
-10.4000000000000 0.8521876943503
-10.2400000000000 0.8500395042727
-10.2400000000000 0.8500395042727
-10.2400000000000 0.8500395042727
-10.2400000000000 0.8500395042727
-10.2400000000000 0.8500395042727
-10.0800000000000 0.8478276609903
-9.9200000000000 0.8455492798411
-9.9200000000000 0.8455492798411
-9.7600000000000 0.8432012987165
-9.6000000000000 0.8407804651253
-9.6000000000000 0.8407804651253
-9.6000000000000 0.8407804651253
-9.4400000000000 0.8382833219729
-9.2800000000000 0.8357061911568
-9.2800000000000 0.8357061911568
-9.1200000000000 0.8330451543773
-8.9600000000000 0.8302960312996
-8.9600000000000 0.8302960312996
-8.9600000000000 0.8302960312996
-8.9600000000000 0.8302960312996
-8.8000000000000 0.8274543558119
-8.6400000000000 0.8245153511050
-8.6400000000000 0.8245153511050
-8.4800000000000 0.8214739035844
-8.3200000000000 0.8183245346247
-8.3200000000000 0.8183245346247
-8.3200000000000 0.8183245346247
-8.1600000000000 0.8150613686014
-8.0000000000000 0.8116780960540
-8.0000000000000 0.8116780960540
-7.8400000000000 0.8081679317515
-7.6800000000000 0.8045235678169
-7.6800000000000 0.8045235678169
-7.6800000000000 0.8045235678169
-7.6800000000000 0.8045235678169
-7.6800000000000 0.8045235678169
-7.5200000000000 0.8007371216670
-7.3600000000000 0.7968000779525
-7.3600000000000 0.7968000779525
-7.2000000000000 0.7927032235991
-7.0400000000000 0.7884365750834
-7.0400000000000 0.7884365750834
-7.0400000000000 0.7884365750834
-6.8800000000000 0.7839892966524
-6.7200000000000 0.7793496078224
-6.7200000000000 0.7793496078224
-6.5600000000000 0.7745046783371
-6.4000000000000 0.7694405079594
-6.4000000000000 0.7694405079594
-6.4000000000000 0.7694405079594
-6.4000000000000 0.7694405079594
-6.2400000000000 0.7641417876643
-6.0800000000000 0.7585917401641
-6.0800000000000 0.7585917401641
-5.9200000000000 0.7527719413243
-5.7600000000000 0.7466621252026
-5.7600000000000 0.7466621252026
-5.7600000000000 0.7466621252026
-5.6000000000000 0.7402399767328
-5.4400000000000 0.7334809892631
-5.4400000000000 0.7334809892631
-5.2800000000000 0.7263590523248
-5.1200000000000 0.7188512271720
-5.1200000000000 0.7188512271720
-5.1200000000000 0.7188512271720
-5.1200000000000 0.7188512271720
-5.1200000000000 0.7188512271720
-4.9600000000000 0.7109450655955
-4.8000000000000 0.7026314759403
-4.8000000000000 0.7026314759403
-4.6400000000000 0.6939017818640
-4.4800000000000 0.6847474360763
-4.4800000000000 0.6847474360763
-4.4800000000000 0.6847474360763
-4.3200000000000 0.6751619631942
-4.1600000000000 0.6651401609239
-4.1600000000000 0.6651401609239
-4.0000000000000 0.6546787677421
-3.8400000000000 0.6437774236724
-3.8400000000000 0.6437774236724
-3.8400000000000 0.6437774236724
-3.8400000000000 0.6437774236724
-3.6800000000000 0.6324388125670
-3.5200000000000 0.6206696884233
-3.5200000000000 0.6206696884233
-3.3600000000000 0.6084814771558
-3.2000000000000 0.5958917561365
-3.2000000000000 0.5958917561365
-3.2000000000000 0.5958917561365
-3.0400000000000 0.5829244411038
-2.8800000000000 0.5696120557971
-2.8800000000000 0.5696120557971
-2.7200000000000 0.5559958769565
-2.5600000000000 0.5421282476126
-2.5600000000000 0.5421282476126
-2.5600000000000 0.5421282476126
-2.5600000000000 0.5421282476126
-2.5600000000000 0.5421282476126
-2.4000000000000 0.5280728497777
-2.2400000000000 0.5139069927883
-2.2400000000000 0.5139069927883
-2.0800000000000 0.4997214061568
-1.9200000000000 0.4856227147418
-1.9200000000000 0.4856227147418
-1.9200000000000 0.4856227147418
-1.7600000000000 0.4717320339383
-1.6000000000000 0.4581874664840
-1.6000000000000 0.4581874664840
-1.4400000000000 0.4451401160890
-1.2800000000000 0.4327571450840
-1.2800000000000 0.4327571450840
-1.2800000000000 0.4327571450840
-1.2800000000000 0.4327571450840
-1.1200000000000 0.4212137199586
-0.9600000000000 0.4106961453196
-0.9600000000000 0.4106961453196
-0.8000000000000 0.4013874502009
-0.6400000000000 0.3934723688310
-0.6400000000000 0.3934723688310
-0.6400000000000 0.3934723688310
-0.4800000000000 0.3871132680467
-0.3200000000000 0.3824608539168
-0.3200000000000 0.3824608539168
-0.1600000000000 0.3796179595099
0.0000000000000 0.3786643397937
0.0000000000000 0.3786643397937
0.0000000000000 0.3786643397937
0.0000000000000 0.3786643397937
0.0000000000000 0.3786643397937
0.1600000000000 0.3796179595192
0.3200000000000 0.3824608539337
0.3200000000000 0.3824608539337
0.4800000000000 0.3871132680698
0.6400000000000 0.3934723688564
0.6400000000000 0.3934723688564
0.6400000000000 0.3934723688564
0.8000000000000 0.4013874502266
0.9600000000000 0.4106961453429
0.9600000000000 0.4106961453429
1.1200000000000 0.4212137199792
1.2800000000000 0.4327571451004
1.2800000000000 0.4327571451004
1.2800000000000 0.4327571451004
1.2800000000000 0.4327571451004
1.4400000000000 0.4451401161014
1.6000000000000 0.4581874664922
1.6000000000000 0.4581874664922
1.7600000000000 0.4717320339430
1.9200000000000 0.4856227147438
1.9200000000000 0.4856227147438
1.9200000000000 0.4856227147438
2.0800000000000 0.4997214061566
2.2400000000000 0.5139069927866
2.2400000000000 0.5139069927866
2.4000000000000 0.5280728497749
2.5600000000000 0.5421282476092
2.5600000000000 0.5421282476092
2.5600000000000 0.5421282476092
2.5600000000000 0.5421282476092
2.5600000000000 0.5421282476092
2.7200000000000 0.5559958769526
2.8800000000000 0.5696120557933
2.8800000000000 0.5696120557933
3.0400000000000 0.5829244411002
3.2000000000000 0.5958917561329
3.2000000000000 0.5958917561329
3.2000000000000 0.5958917561329
3.3600000000000 0.6084814771519
3.5200000000000 0.6206696884190
3.5200000000000 0.6206696884190
3.6800000000000 0.6324388125623
3.8400000000000 0.6437774236669
3.8400000000000 0.6437774236669
3.8400000000000 0.6437774236669
3.8400000000000 0.6437774236669
4.0000000000000 0.6546787677357
4.1600000000000 0.6651401609167
4.1600000000000 0.6651401609167
4.3200000000000 0.6751619631863
4.4800000000000 0.6847474360690
4.4800000000000 0.6847474360690
4.4800000000000 0.6847474360690
4.6400000000000 0.6939017818583
4.8000000000000 0.7026314759355
4.8000000000000 0.7026314759355
4.9600000000000 0.7109450655923
5.1200000000000 0.7188512271705
5.1200000000000 0.7188512271705
5.1200000000000 0.7188512271705
5.1200000000000 0.7188512271705
5.1200000000000 0.7188512271705
5.2800000000000 0.7263590523246
5.4400000000000 0.7334809892628
5.4400000000000 0.7334809892628
5.6000000000000 0.7402399767323
5.7600000000000 0.7466621252019
5.7600000000000 0.7466621252019
5.7600000000000 0.7466621252019
5.9200000000000 0.7527719413236
6.0800000000000 0.7585917401635
6.0800000000000 0.7585917401635
6.2400000000000 0.7641417876637
6.4000000000000 0.7694405079589
6.4000000000000 0.7694405079589
6.4000000000000 0.7694405079589
6.4000000000000 0.7694405079589
6.5600000000000 0.7745046783367
6.7200000000000 0.7793496078221
6.7200000000000 0.7793496078221
6.8800000000000 0.7839892966522
7.0400000000000 0.7884365750833
7.0400000000000 0.7884365750833
7.0400000000000 0.7884365750833
7.2000000000000 0.7927032235991
7.3600000000000 0.7968000779526
7.3600000000000 0.7968000779526
7.5200000000000 0.8007371216671
7.6800000000000 0.8045235678170
7.6800000000000 0.8045235678170
7.6800000000000 0.8045235678170
7.6800000000000 0.8045235678170
7.6800000000000 0.8045235678170
7.8400000000000 0.8081679317516
8.0000000000000 0.8116780960542
8.0000000000000 0.8116780960542
8.1600000000000 0.8150613686016
8.3200000000000 0.8183245346250
8.3200000000000 0.8183245346250
8.3200000000000 0.8183245346250
8.4800000000000 0.8214739035846
8.6400000000000 0.8245153511053
8.6400000000000 0.8245153511053
8.8000000000000 0.8274543558122
8.9600000000000 0.8302960312999
8.9600000000000 0.8302960312999
8.9600000000000 0.8302960312999
8.9600000000000 0.8302960312999
9.1200000000000 0.8330451543776
9.2800000000000 0.8357061911571
9.2800000000000 0.8357061911571
9.4400000000000 0.8382833219732
9.6000000000000 0.8407804651255
9.6000000000000 0.8407804651255
9.6000000000000 0.8407804651255
9.7600000000000 0.8432012987167
9.9200000000000 0.8455492798413
9.9200000000000 0.8455492798413
10.0800000000000 0.8478276609905
10.2400000000000 0.8500395042729
10.2400000000000 0.8500395042729
10.2400000000000 0.8500395042729
10.2400000000000 0.8500395042729
10.2400000000000 0.8500395042729
10.4000000000000 0.8521876943505
10.5600000000000 0.8542749507128
10.5600000000000 0.8542749507128
10.7200000000000 0.8563038393657
10.8800000000000 0.8582767836715
10.8800000000000 0.8582767836715
10.8800000000000 0.8582767836715
11.0400000000000 0.8601960741268
11.2000000000000 0.8620638771324
11.2000000000000 0.8620638771324
11.3600000000000 0.8638822430201
11.5200000000000 0.8656531136926
11.5200000000000 0.8656531136926
11.5200000000000 0.8656531136926
11.5200000000000 0.8656531136926
11.6800000000000 0.8673783301244
11.8400000000000 0.8690596396948
11.8400000000000 0.8690596396948
12.0000000000000 0.8706987029914
12.1600000000000 0.8722970995724
12.1600000000000 0.8722970995724
12.1600000000000 0.8722970995724
12.3200000000000 0.8738563323672
12.4800000000000 0.8753778308998
12.4800000000000 0.8753778308998
12.6400000000000 0.8768629540738
12.8000000000000 0.8783129934673
12.8000000000000 0.8783129934673
12.8000000000000 0.8783129934673
12.8000000000000 0.8783129934673
12.8000000000000 0.8783129934673
12.9600000000000 0.8797291777378
13.1200000000000 0.8811126779945
13.1200000000000 0.8811126779945
13.2800000000000 0.8824646132758
13.4400000000000 0.8837860550136
13.4400000000000 0.8837860550136
13.4400000000000 0.8837860550136
13.6000000000000 0.8850780297166
13.7600000000000 0.8863415198973
13.7600000000000 0.8863415198973
13.9200000000000 0.8875774640575
14.0800000000000 0.8887867569227
14.0800000000000 0.8887867569214
14.0800000000000 0.8887867569227
14.0800000000000 0.8887867569214
14.2400000000000 0.8899702508797
14.4000000000000 0.8911287590612
14.4000000000000 0.8911287590612
14.5600000000000 0.8922630595019
14.7200000000000 0.8933739010091
14.7200000000000 0.8933739010091
14.7200000000000 0.8933739010091
14.8800000000000 0.8944620025349
15.0400000000000 0.8955280617442
15.0400000000000 0.8955280617442
15.2000000000000 0.8965727490509
15.3600000000000 0.8975967096421
15.3600000000000 0.8975967096421
15.3600000000000 0.8975967096421
15.3600000000000 0.8975967096421
15.3600000000000 0.8975967096421
15.5200000000000 0.8986005624377
15.6800000000000 0.8995848942514
16.0000000000000 0.9014972178067
16.0000000000000 0.9014972178067
16.3200000000000 0.9033378952585
16.6400000000000 0.9051108711464
16.6400000000000 0.9051108711464
16.6400000000000 0.9051108711464
16.9600000000000 0.9068198611943
17.2800000000000 0.9084683059898
17.2800000000000 0.9084683059898
17.6000000000000 0.9100593568253
17.9200000000000 0.9115959397497
17.9200000000000 0.9115959397497
17.9200000000000 0.9115959397497
17.9200000000000 0.9115959397497
18.2400000000000 0.9130808097854
18.5600000000000 0.9145165476665
18.5600000000000 0.9145165476665
18.8800000000000 0.9159055573753
19.2000000000000 0.9172500909245
19.2000000000000 0.9172500909245
19.2000000000000 0.9172500909245
19.5200000000000 0.9185522606440
19.8400000000000 0.9198140341833
19.8400000000000 0.9198140341833
20.1600000000000 0.9210372499386
20.4800000000000 0.9222236570976
20.4800000000000 0.9222236570976
20.4800000000000 0.9222236570976
20.4800000000000 0.9222236570976
20.8000000000000 0.9233748978254
21.1200000000000 0.9244925205801
21.1200000000000 0.9244925205801
21.4400000000000 0.9255779841682
21.7600000000000 0.9266326455856
21.7600000000000 0.9266326455856
21.7600000000000 0.9266326455856
22.0800000000000 0.9276577831594
22.4000000000000 0.9286546376967
22.4000000000000 0.9286546376967
22.7200000000000 0.9296243823150
23.0400000000000 0.9305680965009
23.0400000000000 0.9305680965009
23.0400000000000 0.9305680965009
23.6800000000000 0.9323814840651
24.3200000000000 0.9341024741729
24.3200000000000 0.9341024741729
24.9600000000000 0.9357379916305
25.6000000000000 0.9372942246722
25.6000000000000 0.9372942246722
25.6000000000000 0.9372942246722
26.2400000000000 0.9387767888595
26.8800000000000 0.9401908424993
26.8800000000000 0.9401908424993
27.5200000000000 0.9415410409220
28.1600000000000 0.9428315674477
28.1600000000000 0.9428315674477
28.1600000000000 0.9428315674477
28.8000000000000 0.9440662970895
29.4400000000000 0.9452488054756
29.4400000000000 0.9452488054756
30.0800000000000 0.9463823215912
30.7200000000000 0.9474698073324
30.7200000000000 0.9474698073324
30.7200000000000 0.9474698073324
31.3600000000000 0.9485140142012
32.0000000000000 0.9495174792068
32.0000000000000 0.9495174792068
32.6400000000000 0.9504825476613
33.2800000000000 0.9514114030182
33.2800000000000 0.9514114030182
33.2800000000000 0.9514114030182
33.9200000000000 0.9523060644531
34.5600000000000 0.9531683841410
34.5600000000000 0.9531683841410
35.2000000000000 0.9540000766054
35.8400000000000 0.9548027459836
35.8400000000000 0.9548027459836
35.8400000000000 0.9548027459836
36.4800000000000 0.9555778822784
37.1200000000000 0.9563268779597
37.1200000000000 0.9563268779597
37.7600000000000 0.9570510316084
38.4000000000000 0.9577515597084
38.4000000000000 0.9577515597084
39.6800000000000 0.9590862196511
40.9600000000000 0.9603391433255
40.9600000000000 0.9603391433255
42.2400000000000 0.9615176317475
43.5200000000000 0.9626281431948
43.5200000000000 0.9626281431948
44.8000000000000 0.9636763979080
46.0800000000000 0.9646674894489
46.0800000000000 0.9646674894489
47.3600000000000 0.9656059655724
48.6400000000000 0.9664959004780
48.6400000000000 0.9664959004780
49.9200000000000 0.9673409646835
51.2000000000000 0.9681444581935
51.2000000000000 0.9681444581935
52.4800000000000 0.9689093675245
53.7600000000000 0.9696383878292
53.7600000000000 0.9696383878292
55.0400000000000 0.9703339693365
56.3200000000000 0.9709983510015
56.3200000000000 0.9709983510015
57.6000000000000 0.9716335517500
58.8800000000000 0.9722414405082
58.8800000000000 0.9722414405082
60.1600000000000 0.9728237238273
61.4400000000000 0.9733819382137
61.4400000000000 0.9733819382137
62.7200000000000 0.9739175570668
64.0000000000000 0.9744319233793
64.0000000000000 0.9744319233793
65.2800000000000 0.9749262244801
66.5600000000000 0.9754016589487
66.5600000000000 0.9754016589487
67.8400000000000 0.9758593350978
69.1200000000000 0.9763001440914
69.1200000000000 0.9763001440914
70.4000000000000 0.9767250420770
71.6800000000000 0.9771351332067
71.6800000000000 0.9771351332067
72.9600000000000 0.9775313052517
74.2400000000000 0.9779142006364
74.2400000000000 0.9779142006364
75.5200000000000 0.9782846006610
76.8000000000000 0.9786434173853
76.8000000000000 0.9786434173853
78.0800000000000 0.9789912504847
79.3600000000000 0.9793282442296
79.3600000000000 0.9793282442296
80.6400000000000 0.9796544334887
81.9200000000000 0.9799700848143
81.9200000000000 0.9799700848143
83.2000000000000 0.9802757127753
84.4800000000000 0.9805719110622
84.4800000000000 0.9805719110622
85.7600000000000 0.9808592233444
87.0400000000000 0.9811381100872
87.0400000000000 0.9811381100872
88.3200000000000 0.9814089655580
89.6000000000000 0.9816721411024
89.6000000000000 0.9816721411024
90.8800000000000 0.9819279611454
92.1600000000000 0.9821767321331
92.1600000000000 0.9821767321331
93.4400000000000 0.9824187452259
94.7200000000000 0.9826542750175
94.7200000000000 0.9826542750175
96.0000000000000 0.9828835784156
97.2800000000000 0.9831068977644
97.2800000000000 0.9831068977644
98.5600000000000 0.9833244645964
99.8400000000000 0.9835364994336
99.8400000000000 0.9835364994336
101.1200000000000 0.9837432099802
102.4000000000000 0.9839447929267
102.4000000000000 0.9839447929267
103.6800000000000 0.9841414371588
104.9600000000000 0.9843333229605
104.9600000000000 0.9843333229605
106.2400000000000 0.9845206200953
107.5200000000000 0.9847034907000
107.5200000000000 0.9847034907000
108.8000000000000 0.9848820907844
110.0800000000000 0.9850565682626
110.0800000000000 0.9850565682626
111.3600000000000 0.9852270637130
112.6400000000000 0.9853937122803
112.6400000000000 0.9853937122803
113.9200000000000 0.9855566432114
115.2000000000000 0.9857159795333
115.2000000000000 0.9857159795333
116.4800000000000 0.9858718390631
117.7600000000000 0.9860243344661
117.7600000000000 0.9860243344661
119.0400000000000 0.9861735731206
120.3200000000000 0.9863196583516
120.3200000000000 0.9863196583516
121.6000000000000 0.9864626896050
122.8800000000000 0.9866027611712
122.8800000000000 0.9866027611712
124.1600000000000 0.9867399634522
125.4400000000000 0.9868743844196
125.4400000000000 0.9868743844196
126.7200000000000 0.9870061078098
128.0000000000000 0.9871352131361
128.0000000000000 0.9871352131361
129.2800000000000 0.9872617775887
130.5600000000000 0.9873858757497
130.5600000000000 0.9873858757497
131.8400000000000 0.9875075794752
133.1200000000000 0.9876269571814
133.1200000000000 0.9876269571814
134.4000000000000 0.9877440746897
135.6800000000000 0.9878589954483
135.6800000000000 0.9878589954483
136.9600000000000 0.9879717805294
138.2400000000000 0.9880824891104
138.2400000000000 0.9880824891104
139.5200000000000 0.9881911782291
140.8000000000000 0.9882979027373
143.3600000000000 0.9885056674781
145.9200000000000 0.9887061837045
148.4800000000000 0.9888998237227
151.0400000000000 0.9890869363386
153.6000000000000 0.9892678459598
156.1600000000000 0.9894428567509
158.7200000000000 0.9896122510297
161.2800000000000 0.9897762952895
163.8400000000000 0.9899352388741
166.4000000000000 0.9900893156594
168.9600000000000 0.9902387464485
171.5200000000000 0.9903837371632
174.0800000000000 0.9905244825093
176.6400000000000 0.9906611671345
179.2000000000000 0.9907939643778
181.7600000000000 0.9909230374201
184.3200000000000 0.9910485415077
186.8800000000000 0.9911706225171
189.4400000000000 0.9912894176234
192.0000000000000 0.9914050588667
194.5600000000000 0.9915176711580
197.1200000000000 0.9916273705761
199.6800000000000 0.9917342682536
202.2400000000000 0.9918384718192
204.8000000000000 0.9919400819676
207.3600000000000 0.9920391921138
209.9200000000000 0.9921358929220
212.4800000000000 0.9922302740356
215.0400000000000 0.9923224183969
217.6000000000000 0.9924124013315
220.1600000000000 0.9925002976144
222.7200000000000 0.9925861811766
225.2800000000000 0.9926701211921
227.8400000000000 0.9927521820232
230.4000000000000 0.9928324240914
232.9600000000000 0.9929109064660
235.5200000000000 0.9929876880166
238.0800000000000 0.9930628246094
240.6400000000000 0.9931363680263
243.2000000000000 0.9932083677238
245.7600000000000 0.9932788710332
248.3200000000000 0.9933479232675
250.8800000000000 0.9934155694988
253.4400000000000 0.9934818539567
256.0000000000000 0.9935468173687
258.5600000000000 0.9936104981692
261.1200000000000 0.9936729336858
263.6800000000000 0.9937341589611
266.2400000000000 0.9937942083176
268.8000000000000 0.9938531163970
271.3600000000000 0.9939109160831
273.9200000000000 0.9939676381939
276.4800000000000 0.9940233128784
279.0400000000000 0.9940779692332
281.6000000000000 0.9941316341232
284.1600000000000 0.9941843330746
286.7200000000000 0.9942360920292
289.2800000000000 0.9942869364372
291.8400000000000 0.9943368901293
294.4000000000000 0.9943859763547
296.9600000000000 0.9944342180639
299.5200000000000 0.9944816372464
302.0800000000000 0.9945282547180
304.6400000000000 0.9945740903332
307.2000000000000 0.9946191632278
309.7600000000000 0.9946634921091
312.3200000000000 0.9947070951103
314.8800000000000 0.9947499895906
317.4400000000000 0.9947921926467
