# z phi
-317.4400000000000 0.0000002143835
-314.8800000000000 0.0000003050434
-312.3200000000000 0.0000002069942
-309.7600000000000 -0.0000000023864
-307.2000000000000 -0.0000001904566
-304.6400000000000 -0.0000002793550
-302.0800000000000 -0.0000002763516
-299.5200000000000 -0.0000002098721
-296.9600000000000 -0.0000000831587
-294.4000000000000 0.0000000886768
-291.8400000000000 0.0000002464783
-289.2800000000000 0.0000003366191
-286.7200000000000 0.0000003590136
-284.1600000000000 0.0000003309455
-281.6000000000000 0.0000002452178
-279.0400000000000 0.0000000995425
-276.4800000000000 -0.0000000729094
-273.9200000000000 -0.0000002290183
-271.3600000000000 -0.0000003406319
-268.8000000000000 -0.0000003907133
-266.2400000000000 -0.0000003763985
-263.6800000000000 -0.0000003142203
-261.1200000000000 -0.0000002291298
-258.5600000000000 -0.0000001445502
-256.0000000000000 -0.0000000742557
-253.4400000000000 -0.0000000119720
-250.8800000000000 0.0000000597587
-248.3200000000000 0.0000001490993
-245.7600000000000 0.0000002505065
-243.2000000000000 0.0000003498200
-240.6400000000000 0.0000004283678
-238.0800000000000 0.0000004681769
-235.5200000000000 0.0000004535421
-232.9600000000000 0.0000003738744
-230.4000000000000 0.0000002340402
-227.8400000000000 0.0000000595254
-225.2800000000000 -0.0000001134724
-222.7200000000000 -0.0000002568036
-220.1600000000000 -0.0000003609702
-217.6000000000000 -0.0000004272362
-215.0400000000000 -0.0000004563908
-212.4800000000000 -0.0000004508483
-209.9200000000000 -0.0000004211365
-207.3600000000000 -0.0000003794891
-204.8000000000000 -0.0000003233107
-202.2400000000000 -0.0000002272194
-199.6800000000000 -0.0000000435969
-197.1200000000000 0.0000003084809
-194.5600000000000 0.0000009641554
-192.0000000000000 0.0000021056545
-189.4400000000000 0.0000038769252
-186.8800000000000 0.0000061925991
-184.3200000000000 0.0000084936579
-181.7600000000000 0.0000096095837
-179.2000000000000 0.0000079096380
-176.6400000000000 0.0000018256467
-174.0800000000000 -0.0000093593802
-171.5200000000000 -0.0000247907454
-168.9600000000000 -0.0000418040545
-166.4000000000000 -0.0000563725743
-163.8400000000000 -0.0000641021687
-161.2800000000000 -0.0000614034594
-158.7200000000000 -0.0000464403166
-156.1600000000000 -0.0000196017019
-153.6000000000000 0.0000165793860
-151.0400000000000 0.0000579862104
-148.4800000000000 0.0000997112886
-145.9200000000000 0.0001368378486
-143.3600000000000 0.0001650920243
-140.8000000000000 0.0001812629330
-139.5200000000000 0.0001841548507
-138.2400000000000 0.0001833948980
-138.2400000000000 0.0001833948980
-136.9600000000000 0.0001789372761
-135.6800000000000 0.0001708133058
-135.6800000000000 0.0001708133058
-134.4000000000000 0.0001591218994
-133.1200000000000 0.0001440289487
-133.1200000000000 0.0001440289487
-131.8400000000000 0.0001257564803
-130.5600000000000 0.0001045776889
-130.5600000000000 0.0001045776889
-129.2800000000000 0.0000808081798
-128.0000000000000 0.0000547979801
-128.0000000000000 0.0000547979801
-126.7200000000000 0.0000269231915
-125.4400000000000 -0.0000024130765
-125.4400000000000 -0.0000024130765
-124.1600000000000 -0.0000328022144
-122.8800000000000 -0.0000638331507
-122.8800000000000 -0.0000638331507
-121.6000000000000 -0.0000950992934
-120.3200000000000 -0.0001262046421
-120.3200000000000 -0.0001262046421
-119.0400000000000 -0.0001567703239
-117.7600000000000 -0.0001864407716
-117.7600000000000 -0.0001864407716
-116.4800000000000 -0.0002148875132
-115.2000000000000 -0.0002418109997
-115.2000000000000 -0.0002418109997
-113.9200000000000 -0.0002669425998
-112.6400000000000 -0.0002900471643
-112.6400000000000 -0.0002900471643
-111.3600000000000 -0.0003109245302
-110.0800000000000 -0.0003294085679
-110.0800000000000 -0.0003294085679
-108.8000000000000 -0.0003453647247
-107.5200000000000 -0.0003586886579
-107.5200000000000 -0.0003586886579
-106.2400000000000 -0.0003693064199
-104.9600000000000 -0.0003771736805
-104.9600000000000 -0.0003771736805
-103.6800000000000 -0.0003822726481
-102.4000000000000 -0.0003846087518
-102.4000000000000 -0.0003846087518
-101.1200000000000 -0.0003842093742
-99.8400000000000 -0.0003811237525
-99.8400000000000 -0.0003811237525
-98.5600000000000 -0.0003754212247
-97.2800000000000 -0.0003671874597
-97.2800000000000 -0.0003671874597
-96.0000000000000 -0.0003565215202
-94.7200000000000 -0.0003435349266
-94.7200000000000 -0.0003435349266
-93.4400000000000 -0.0003283504971
-92.1600000000000 -0.0003111000721
-92.1600000000000 -0.0003111000721
-90.8800000000000 -0.0002919226559
-89.6000000000000 -0.0002709628492
-89.6000000000000 -0.0002709628492
-88.3200000000000 -0.0002483682716
-87.0400000000000 -0.0002242869601
-87.0400000000000 -0.0002242869601
-85.7600000000000 -0.0001988663293
-84.4800000000000 -0.0001722527567
-84.4800000000000 -0.0001722527567
-83.2000000000000 -0.0001445902303
-81.9200000000000 -0.0001160185578
-81.9200000000000 -0.0001160185578
-80.6400000000000 -0.0000866723597
-79.3600000000000 -0.0000566811151
-79.3600000000000 -0.0000566811151
-78.0800000000000 -0.0000261694124
-76.8000000000000 0.0000047446040
-76.8000000000000 0.0000047446040
-75.5200000000000 0.0000359520980
-74.2400000000000 0.0000673534421
-74.2400000000000 0.0000673534421
-72.9600000000000 0.0000988552529
-71.6800000000000 0.0001303695912
-71.6800000000000 0.0001303695912
-70.4000000000000 0.0001618157725
-69.1200000000000 0.0001931217627
-69.1200000000000 0.0001931217627
-67.8400000000000 0.0002242240505
-66.5600000000000 0.0002550666772
-66.5600000000000 0.0002550666772
-65.2800000000000 0.0002856013899
-64.0000000000000 0.0003157876531
-64.0000000000000 0.0003157876531
-62.7200000000000 0.0003455906192
-61.4400000000000 0.0003749812289
-61.4400000000000 0.0003749812289
-60.1600000000000 0.0004039388807
-58.8800000000000 0.0004324521996
-58.8800000000000 0.0004324521996
-57.6000000000000 0.0004605176306
-56.3200000000000 0.0004881352993
-56.3200000000000 0.0004881352993
-55.0400000000000 0.0005153057762
-53.7600000000000 0.0005420341244
-53.7600000000000 0.0005420341244
-52.4800000000000 0.0005683356196
-51.2000000000000 0.0005942377192
-51.2000000000000 0.0005942377192
-49.9200000000000 0.0006197779569
-48.6400000000000 0.0006449923633
-48.6400000000000 0.0006449923633
-47.3600000000000 0.0006699026730
-46.0800000000000 0.0006945221874
-46.0800000000000 0.0006945221874
-44.8000000000000 0.0007188787669
-43.5200000000000 0.0007430381875
-43.5200000000000 0.0007430381875
-42.2400000000000 0.0007670982145
-40.9600000000000 0.0007911365786
-40.9600000000000 0.0007911365786
-39.6800000000000 0.0008151764552
-38.4000000000000 0.0008392172984
-38.4000000000000 0.0008392172984
-37.7600000000000 0.0008512484181
-37.1200000000000 0.0008633052828
-37.1200000000000 0.0008633052828
-36.4800000000000 0.0008754060737
-35.8400000000000 0.0008875701965
-35.8400000000000 0.0008875701965
-35.8400000000000 0.0008875701965
-35.2000000000000 0.0008998162106
-34.5600000000000 0.0009121548027
-34.5600000000000 0.0009121548027
-33.9200000000000 0.0009245946918
-33.2800000000000 0.0009371353780
-33.2800000000000 0.0009371353780
-33.2800000000000 0.0009371353780
-32.6400000000000 0.0009497759547
-32.0000000000000 0.0009625215481
-32.0000000000000 0.0009625215481
-31.3600000000000 0.0009753798067
-30.7200000000000 0.0009883639243
-30.7200000000000 0.0009883639243
-30.7200000000000 0.0009883639243
-30.0800000000000 0.0010014923749
-29.4400000000000 0.0010147876912
-29.4400000000000 0.0010147876912
-28.8000000000000 0.0010282733981
-28.1600000000000 0.0010419694874
-28.1600000000000 0.0010419694874
-28.1600000000000 0.0010419694874
-27.5200000000000 0.0010558890546
-26.8800000000000 0.0010700396310
-26.8800000000000 0.0010700396310
-26.2400000000000 0.0010844287165
-25.6000000000000 0.0010990668087
-25.6000000000000 0.0010990668087
-25.6000000000000 0.0010990668087
-24.9600000000000 0.0011139658339
-24.3200000000000 0.0011291403568
-24.3200000000000 0.0011291403568
-23.6800000000000 0.0011446130582
-23.0400000000000 0.0011604149203
-23.0400000000000 0.0011604149203
-23.0400000000000 0.0011604149203
-22.7200000000000 0.0011684491634
-22.4000000000000 0.0011765764076
-22.4000000000000 0.0011765764076
-22.0800000000000 0.0011847992915
-21.7600000000000 0.0011931199454
-21.7600000000000 0.0011931199454
-21.7600000000000 0.0011931199454
-21.4400000000000 0.0012015404537
-21.1200000000000 0.0012100635602
-21.1200000000000 0.0012100635602
-20.8000000000000 0.0012186921050
-20.4800000000000 0.0012274295077
-20.4800000000000 0.0012274295077
-20.4800000000000 0.0012274295077
-20.4800000000000 0.0012274295077
-20.1600000000000 0.0012362792809
-19.8400000000000 0.0012452444785
-19.8400000000000 0.0012452444785
-19.5200000000000 0.0012543281867
-19.2000000000000 0.0012635333623
-19.2000000000000 0.0012635333623
-19.2000000000000 0.0012635333623
-18.8800000000000 0.0012728630183
-18.5600000000000 0.0012823203981
-18.5600000000000 0.0012823203981
-18.2400000000000 0.0012919092078
-17.9200000000000 0.0013016337652
-17.9200000000000 0.0013016337652
-17.9200000000000 0.0013016337652
-17.9200000000000 0.0013016337652
-17.6000000000000 0.0013114989357
-17.2800000000000 0.0013215098886
-17.2800000000000 0.0013215098886
-16.9600000000000 0.0013316718320
-16.6400000000000 0.0013419898581
-16.6400000000000 0.0013419898581
-16.6400000000000 0.0013419898581
-16.3200000000000 0.0013524689528
-16.0000000000000 0.0013631141478
-16.0000000000000 0.0013631141478
-15.6800000000000 0.0013739307429
-15.5200000000000 0.0013794050936
-15.3600000000000 0.0013849244991
-15.3600000000000 0.0013849244991
-15.3600000000000 0.0013849244991
-15.3600000000000 0.0013849244991
-15.3600000000000 0.0013849244991
-15.2000000000000 0.0013904897597
-15.0400000000000 0.0013961017095
-15.0400000000000 0.0013961017095
-14.8800000000000 0.0014017611979
-14.7200000000000 0.0014074690824
-14.7200000000000 0.0014074690824
-14.7200000000000 0.0014074690824
-14.5600000000000 0.0014132262236
-14.4000000000000 0.0014190334647
-14.4000000000000 0.0014190334647
-14.2400000000000 0.0014248916446
-14.0800000000000 0.0014308015828
-14.0800000000000 0.0014308015828
-14.0800000000000 0.0014308015828
-14.0800000000000 0.0014308015828
-13.9200000000000 0.0014367640946
-13.7600000000000 0.0014427799893
-13.7600000000000 0.0014427799893
-13.6000000000000 0.0014488500789
-13.4400000000000 0.0014549751853
-13.4400000000000 0.0014549751853
-13.4400000000000 0.0014549751853
-13.2800000000000 0.0014611561478
-13.1200000000000 0.0014673938301
-13.1200000000000 0.0014673938301
-12.9600000000000 0.0014736891266
-12.8000000000000 0.0014800429691
-12.8000000000000 0.0014800429691
-12.8000000000000 0.0014800429691
-12.8000000000000 0.0014800429691
-12.8000000000000 0.0014800429691
-12.6400000000000 0.0014864563320
-12.4800000000000 0.0014929302366
-12.4800000000000 0.0014929302366
-12.3200000000000 0.0014994657523
-12.1600000000000 0.0015060639947
-12.1600000000000 0.0015060639947
-12.1600000000000 0.0015060639947
-12.0000000000000 0.0015127261231
-11.8400000000000 0.0015194533369
-11.8400000000000 0.0015194533369
-11.6800000000000 0.0015262468706
-11.5200000000000 0.0015331079878
-11.5200000000000 0.0015331079878
-11.5200000000000 0.0015331079878
-11.5200000000000 0.0015331079878
-11.3600000000000 0.0015400379737
-11.2000000000000 0.0015470381249
-11.2000000000000 0.0015470381249
-11.0400000000000 0.0015541097397
-10.8800000000000 0.0015612541109
-10.8800000000000 0.0015612541109
-10.8800000000000 0.0015612541109
-10.8000000000000 0.0015648539815
-10.7200000000000 0.0015684725214
-10.7200000000000 0.0015684725214
-10.6400000000000 0.0015721098896
-10.5600000000000 0.0015757662444
-10.5600000000000 0.0015757662444
-10.5600000000000 0.0015757662444
-10.4800000000000 0.0015794417442
-10.4000000000000 0.0015831365469
-10.4000000000000 0.0015831365469
-10.3200000000000 0.0015868508112
-10.2400000000000 0.0015905846961
-10.2400000000000 0.0015905846961
-10.2400000000000 0.0015905846961
-10.2400000000000 0.0015905846961
-10.2400000000000 0.0015905846961
-10.2400000000000 0.0015905846961
-10.1600000000000 0.0015943383618
-10.0800000000000 0.0015981119698
-10.0800000000000 0.0015981119698
-10.0000000000000 0.0016019056832
-9.9200000000000 0.0016057196671
-9.9200000000000 0.0016057196671
-9.9200000000000 0.0016057196671
-9.8400000000000 0.0016095540890
-9.7600000000000 0.0016134091188
-9.7600000000000 0.0016134091188
-9.6800000000000 0.0016172849287
-9.6000000000000 0.0016211816938
-9.6000000000000 0.0016211816938
-9.6000000000000 0.0016211816938
-9.6000000000000 0.0016211816938
-9.5200000000000 0.0016250995918
-9.4400000000000 0.0016290388032
-9.4400000000000 0.0016290388032
-9.3600000000000 0.0016329995111
-9.2800000000000 0.0016369819016
-9.2800000000000 0.0016369819016
-9.2800000000000 0.0016369819016
-9.2000000000000 0.0016409861629
-9.1200000000000 0.0016450124860
-9.1200000000000 0.0016450124860
-9.0400000000000 0.0016490610637
-8.9600000000000 0.0016531320906
-8.9600000000000 0.0016531320906
-8.9600000000000 0.0016531320906
-8.9600000000000 0.0016531320906
-8.9600000000000 0.0016531320906
-8.8800000000000 0.0016572257627
-8.8000000000000 0.0016613422771
-8.8000000000000 0.0016613422771
-8.7200000000000 0.0016654818312
-8.6400000000000 0.0016696446225
-8.6400000000000 0.0016696446225
-8.6400000000000 0.0016696446225
-8.5600000000000 0.0016738308482
-8.4800000000000 0.0016780407048
-8.4800000000000 0.0016780407048
-8.4000000000000 0.0016822743874
-8.3200000000000 0.0016865320895
-8.3200000000000 0.0016865320895
-8.3200000000000 0.0016865320895
-8.3200000000000 0.0016865320895
-8.2400000000000 0.0016908140024
-8.1600000000000 0.0016951203148
-8.1600000000000 0.0016951203148
-8.0800000000000 0.0016994512122
-8.0000000000000 0.0017038068767
-8.0000000000000 0.0017038068767
-8.0000000000000 0.0017038068767
-7.9200000000000 0.0017081874860
-7.8400000000000 0.0017125932136
-7.8400000000000 0.0017125932136
-7.7600000000000 0.0017170242281
-7.6800000000000 0.0017214806927
-7.6800000000000 0.0017214806927
-7.6800000000000 0.0017214806927
-7.6800000000000 0.0017214806927
-7.6800000000000 0.0017214806927
-7.6800000000000 0.0017214806927
-7.6000000000000 0.0017259627650
-7.5200000000000 0.0017304705968
-7.5200000000000 0.0017304705968
-7.4400000000000 0.0017350043330
-7.3600000000000 0.0017395641112
-7.3600000000000 0.0017395641112
-7.3600000000000 0.0017395641112
-7.2800000000000 0.0017441500615
-7.2000000000000 0.0017487623052
-7.2000000000000 0.0017487623052
-7.1200000000000 0.0017534009541
-7.0400000000000 0.0017580661102
-7.0400000000000 0.0017580661102
-7.0400000000000 0.0017580661102
-7.0400000000000 0.0017580661102
-6.9600000000000 0.0017627578641
-6.8800000000000 0.0017674762948
-6.8800000000000 0.0017674762948
-6.8000000000000 0.0017722214682
-6.7200000000000 0.0017769934362
-6.7200000000000 0.0017769934362
-6.7200000000000 0.0017769934362
-6.6400000000000 0.0017817922351
-6.5600000000000 0.0017866178846
-6.5600000000000 0.0017866178846
-6.4800000000000 0.0017914703854
-6.4000000000000 0.0017963497180
-6.4000000000000 0.0017963497180
-6.4000000000000 0.0017963497180
-6.4000000000000 0.0017963497180
-6.4000000000000 0.0017963497180
-6.3600000000000 0.0017987994340
-6.3200000000000 0.0018012558404
-6.3200000000000 0.0018012558404
-6.2800000000000 0.0018037189280
-6.2400000000000 0.0018061886862
-6.2400000000000 0.0018061886862
-6.2400000000000 0.0018061886862
-6.2000000000000 0.0018086651022
-6.1600000000000 0.0018111481619
-6.1600000000000 0.0018111481619
-6.1200000000000 0.0018136378489
-6.0800000000000 0.0018161341450
-6.0800000000000 0.0018161341450
-6.0800000000000 0.0018161341450
-6.0800000000000 0.0018161341450
-6.0400000000000 0.0018186370299
-6.0000000000000 0.0018211464810
-6.0000000000000 0.0018211464810
-5.9600000000000 0.0018236624736
-5.9200000000000 0.0018261849807
-5.9200000000000 0.0018261849807
-5.9200000000000 0.0018261849807
-5.8800000000000 0.0018287139725
-5.8400000000000 0.0018312494171
-5.8400000000000 0.0018312494171
-5.8000000000000 0.0018337912796
-5.7600000000000 0.0018363395225
-5.7600000000000 0.0018363395225
-5.7600000000000 0.0018363395225
-5.7600000000000 0.0018363395225
-5.7600000000000 0.0018363395225
-5.7200000000000 0.0018388941051
-5.6800000000000 0.0018414549841
-5.6800000000000 0.0018414549841
-5.6400000000000 0.0018440221128
-5.6000000000000 0.0018465954411
-5.6000000000000 0.0018465954411
-5.6000000000000 0.0018465954411
-5.5600000000000 0.0018491749157
-5.5200000000000 0.0018517604795
-5.5200000000000 0.0018517604795
-5.4800000000000 0.0018543520718
-5.4400000000000 0.0018569496279
-5.4400000000000 0.0018569496279
-5.4400000000000 0.0018569496279
-5.4400000000000 0.0018569496279
-5.4000000000000 0.0018595530791
-5.3600000000000 0.0018621623524
-5.3600000000000 0.0018621623524
-5.3200000000000 0.0018647773704
-5.2800000000000 0.0018673980510
-5.2800000000000 0.0018673980510
-5.2800000000000 0.0018673980510
-5.2400000000000 0.0018700243073
-5.2000000000000 0.0018726560473
-5.2000000000000 0.0018726560473
-5.1600000000000 0.0018752931737
-5.1200000000000 0.0018779355992
-5.1200000000000 0.0018779355992
-5.1200000000000 0.0018779355840
-5.1200000000000 0.0018779355840
-5.1200000000000 0.0018779355840
-5.1200000000000 0.0018779355840
-5.1200000000000 0.0018779355840
-5.0800000000000 0.0018805831695
-5.0400000000000 0.0018832358158
-5.0400000000000 0.0018832358158
-5.0000000000000 0.0018858934023
-4.9600000000000 0.0018885558016
-4.9600000000000 0.0018885558016
-4.9600000000000 0.0018885558016
-4.9200000000000 0.0018912228798
-4.8800000000000 0.0018938944957
-4.8800000000000 0.0018938944957
-4.8400000000000 0.0018965705009
-4.8000000000000 0.0018992507390
-4.8000000000000 0.0018992507390
-4.8000000000000 0.0018992507390
-4.8000000000000 0.0018992507390
-4.7600000000000 0.0019019350457
-4.7200000000000 0.0019046232483
-4.7200000000000 0.0019046232483
-4.6800000000000 0.0019073151652
-4.6400000000000 0.0019100106055
-4.6400000000000 0.0019100106055
-4.6400000000000 0.0019100106055
-4.6000000000000 0.0019127093688
-4.5600000000000 0.0019154112445
-4.5600000000000 0.0019154112445
-4.5200000000000 0.0019181160114
-4.4800000000000 0.0019208234374
-4.4800000000000 0.0019208234374
-4.4800000000000 0.0019208234374
-4.4800000000000 0.0019208234374
-4.4800000000000 0.0019208234374
-4.4400000000000 0.0019235332785
-4.4000000000000 0.0019262452789
-4.4000000000000 0.0019262452789
-4.3600000000000 0.0019289591698
-4.3200000000000 0.0019316746691
-4.3200000000000 0.0019316746691
-4.3200000000000 0.0019316746691
-4.2800000000000 0.0019343914807
-4.2400000000000 0.0019371092937
-4.2400000000000 0.0019371092937
-4.2000000000000 0.0019398277822
-4.1800000000000 0.0019411871733
-4.1600000000000 0.0019425466035
-4.1600000000000 0.0019425466035
-4.1600000000000 0.0019425466035
-4.1600000000000 0.0019425466035
-4.1600000000000 0.0019425466035
-4.1400000000000 0.0019439060274
-4.1200000000000 0.0019452653985
-4.1200000000000 0.0019452653985
-4.1000000000000 0.0019466246689
-4.0800000000000 0.0019479837899
-4.0800000000000 0.0019479837899
-4.0800000000000 0.0019479837899
-4.0600000000000 0.0019493427113
-4.0400000000000 0.0019507013819
-4.0400000000000 0.0019507013819
-4.0200000000000 0.0019520597491
-4.0000000000000 0.0019534177591
-4.0000000000000 0.0019534177591
-4.0000000000000 0.0019534177591
-4.0000000000000 0.0019534177591
-3.9800000000000 0.0019547753567
-3.9600000000000 0.0019561324854
-3.9600000000000 0.0019561324854
-3.9400000000000 0.0019574890874
-3.9200000000000 0.0019588451032
-3.9200000000000 0.0019588451032
-3.9200000000000 0.0019588451032
-3.9000000000000 0.0019602004722
-3.8800000000000 0.0019615551321
-3.8800000000000 0.0019615551321
-3.8600000000000 0.0019629090190
-3.8400000000000 0.0019642620677
-3.8400000000000 0.0019642620677
-3.8400000000000 0.0019642620677
-3.8400000000000 0.0019642620677
-3.8400000000000 0.0019642620677
-3.8400000000000 0.0019642620677
-3.8400000000000 0.0019642620677
-3.8200000000000 0.0019656142112
-3.8000000000000 0.0019669653809
-3.8000000000000 0.0019669653809
-3.7800000000000 0.0019683155065
-3.7600000000000 0.0019696645160
-3.7600000000000 0.0019696645160
-3.7600000000000 0.0019696645160
-3.7400000000000 0.0019710123355
-3.7200000000000 0.0019723588895
-3.7200000000000 0.0019723588895
-3.7000000000000 0.0019737041005
-3.6800000000000 0.0019750478891
-3.6800000000000 0.0019750478891
-3.6800000000000 0.0019750478891
-3.6800000000000 0.0019750478891
-3.6600000000000 0.0019763901739
-3.6400000000000 0.0019777308715
-3.6400000000000 0.0019777308715
-3.6200000000000 0.0019790698965
-3.6000000000000 0.0019804071612
-3.6000000000000 0.0019804071612
-3.6000000000000 0.0019804071612
-3.5800000000000 0.0019817425760
-3.5600000000000 0.0019830760488
-3.5600000000000 0.0019830760488
-3.5400000000000 0.0019844074853
-3.5200000000000 0.0019857367888
-3.5200000000000 0.0019857367888
-3.5200000000000 0.0019857367888
-3.5200000000000 0.0019857367888
-3.5200000000000 0.0019857367888
-3.5000000000000 0.0019870638602
-3.4800000000000 0.0019883885980
-3.4800000000000 0.0019883885980
-3.4600000000000 0.0019897108979
-3.4400000000000 0.0019910306531
-3.4400000000000 0.0019910306531
-3.4400000000000 0.0019910306531
-3.4200000000000 0.0019923477542
-3.4000000000000 0.0019936620889
-3.4000000000000 0.0019936620889
-3.3800000000000 0.0019949735419
-3.3600000000000 0.0019962819953
-3.3600000000000 0.0019962819953
-3.3600000000000 0.0019962819953
-3.3600000000000 0.0019962819953
-3.3400000000000 0.0019975873278
-3.3200000000000 0.0019988894153
-3.3200000000000 0.0019988894153
-3.3000000000000 0.0020001881304
-3.2800000000000 0.0020014833422
-3.2800000000000 0.0020014833422
-3.2800000000000 0.0020014833422
-3.2600000000000 0.0020027749168
-3.2400000000000 0.0020040627165
-3.2400000000000 0.0020040627165
-3.2200000000000 0.0020053466000
-3.2000000000000 0.0020066264227
-3.2000000000000 0.0020066264227
-3.2000000000000 0.0020066264227
-3.2000000000000 0.0020066264227
-3.2000000000000 0.0020066264227
-3.2000000000000 0.0020066264227
-3.1800000000000 0.0020079020357
-3.1600000000000 0.0020091732866
-3.1600000000000 0.0020091732866
-3.1400000000000 0.0020104400186
-3.1200000000000 0.0020117020712
-3.1200000000000 0.0020117020712
-3.1200000000000 0.0020117020712
-3.1000000000000 0.0020129592792
-3.0800000000000 0.0020142114732
-3.0800000000000 0.0020142114732
-3.0600000000000 0.0020154584794
-3.0400000000000 0.0020167001191
-3.0400000000000 0.0020167001191
-3.0400000000000 0.0020167001191
-3.0400000000000 0.0020167001191
-3.0200000000000 0.0020179362089
-3.0000000000000 0.0020191665605
-3.0000000000000 0.0020191665605
-2.9800000000000 0.0020203909804
-2.9600000000000 0.0020216092699
-2.9600000000000 0.0020216092699
-2.9600000000000 0.0020216092699
-2.9400000000000 0.0020228212249
-2.9200000000000 0.0020240266356
-2.9200000000000 0.0020240266356
-2.9000000000000 0.0020252252864
-2.8800000000000 0.0020264169561
-2.8800000000000 0.0020264169561
-2.8800000000000 0.0020264169561
-2.8800000000000 0.0020264169561
-2.8800000000000 0.0020264169561
-2.8600000000000 0.0020276014169
-2.8400000000000 0.0020287784349
-2.8400000000000 0.0020287784349
-2.8200000000000 0.0020299477696
-2.8000000000000 0.0020311091739
-2.8000000000000 0.0020311091739
-2.8000000000000 0.0020311091739
-2.7800000000000 0.0020322623935
-2.7600000000000 0.0020334071669
-2.7600000000000 0.0020334071669
-2.7400000000000 0.0020345432254
-2.7200000000000 0.0020356702924
-2.7200000000000 0.0020356702924
-2.7200000000000 0.0020356702924
-2.7200000000000 0.0020356702924
-2.7000000000000 0.0020367880833
-2.6800000000000 0.0020378963055
-2.6800000000000 0.0020378963055
-2.6600000000000 0.0020389946578
-2.6400000000000 0.0020400828300
-2.6400000000000 0.0020400828300
-2.6400000000000 0.0020400828300
-2.6200000000000 0.0020411605032
-2.6000000000000 0.0020422273487
-2.6000000000000 0.0020422273487
-2.5800000000000 0.0020432830284
-2.5600000000000 0.0020443275546
-2.5600000000000 0.0020443271939
-2.5600000000000 0.0020443271939
-2.5600000000000 0.0020443271939
-2.5600000000000 0.0020443275546
-2.5600000000000 0.0020443271939
-2.5600000000000 0.0020443275546
-2.5600000000000 0.0020443271939
-2.5400000000000 0.0020453594864
-2.5200000000000 0.0020463795364
-2.5200000000000 0.0020463795364
-2.5000000000000 0.0020473869631
-2.4800000000000 0.0020483813740
-2.4800000000000 0.0020483813740
-2.4800000000000 0.0020483813740
-2.4600000000000 0.0020493623649
-2.4400000000000 0.0020503295189
-2.4400000000000 0.0020503295189
-2.4200000000000 0.0020512824061
-2.4000000000000 0.0020522205834
-2.4000000000000 0.0020522205834
-2.4000000000000 0.0020522205834
-2.4000000000000 0.0020522205834
-2.3800000000000 0.0020531435937
-2.3600000000000 0.0020540509655
-2.3600000000000 0.0020540509655
-2.3400000000000 0.0020549422124
-2.3200000000000 0.0020558168324
-2.3200000000000 0.0020558168324
-2.3200000000000 0.0020558168324
-2.3000000000000 0.0020566743072
-2.2800000000000 0.0020575141022
-2.2800000000000 0.0020575141022
-2.2600000000000 0.0020583356648
-2.2400000000000 0.0020591384248
-2.2400000000000 0.0020591384248
-2.2400000000000 0.0020591384248
-2.2400000000000 0.0020591384248
-2.2400000000000 0.0020591384248
-2.2200000000000 0.0020599217929
-2.2000000000000 0.0020606851604
-2.2000000000000 0.0020606851604
-2.1800000000000 0.0020614278982
-2.1600000000000 0.0020621493559
-2.1600000000000 0.0020621493559
-2.1600000000000 0.0020621493559
-2.1400000000000 0.0020628488613
-2.1200000000000 0.0020635257191
-2.1200000000000 0.0020635257191
-2.1000000000000 0.0020641792100
-2.0800000000000 0.0020648085901
-2.0800000000000 0.0020648085901
-2.0800000000000 0.0020648085901
-2.0800000000000 0.0020648085901
-2.0600000000000 0.0020654130891
-2.0400000000000 0.0020659919101
-2.0400000000000 0.0020659919101
-2.0200000000000 0.0020665442276
-2.0000000000000 0.0020670691866
-2.0000000000000 0.0020670691866
-2.0000000000000 0.0020670691866
-1.9800000000000 0.0020675659014
-1.9600000000000 0.0020680334543
-1.9600000000000 0.0020680334543
-1.9400000000000 0.0020684708937
-1.9200000000000 0.0020688772328
-1.9200000000000 0.0020688772328
-1.9200000000000 0.0020688772328
-1.9200000000000 0.0020688772328
-1.9200000000000 0.0020688772328
-1.9200000000000 0.0020688772328
-1.9000000000000 0.0020692514483
-1.8800000000000 0.0020695924783
-1.8800000000000 0.0020695924783
-1.8600000000000 0.0020698992204
-1.8400000000000 0.0020701705303
-1.8400000000000 0.0020701705303
-1.8400000000000 0.0020701705303
-1.8200000000000 0.0020704052193
-1.8000000000000 0.0020706020524
-1.8000000000000 0.0020706020524
-1.7800000000000 0.0020707597459
-1.7600000000000 0.0020708769651
-1.7600000000000 0.0020708769651
-1.7600000000000 0.0020708769651
-1.7600000000000 0.0020708769651
-1.7400000000000 0.0020709523215
-1.7200000000000 0.0020709843707
-1.7200000000000 0.0020709843707
-1.7000000000000 0.0020709716086
-1.6800000000000 0.0020709124694
-1.6800000000000 0.0020709124694
-1.6800000000000 0.0020709124694
-1.6600000000000 0.0020708053213
-1.6400000000000 0.0020706484638
-1.6400000000000 0.0020706484638
-1.6200000000000 0.0020704401238
-1.6000000000000 0.0020701784515
-1.6000000000000 0.0020701784515
-1.6000000000000 0.0020701784515
-1.6000000000000 0.0020701784515
-1.6000000000000 0.0020701784515
-1.5800000000000 0.0020698615163
-1.5600000000000 0.0020694873026
-1.5600000000000 0.0020694873026
-1.5400000000000 0.0020690537046
-1.5200000000000 0.0020685585213
-1.5200000000000 0.0020685585213
-1.5200000000000 0.0020685585213
-1.5000000000000 0.0020679994514
-1.4800000000000 0.0020673740870
-1.4800000000000 0.0020673740870
-1.4600000000000 0.0020666799076
-1.4400000000000 0.0020659142731
-1.4400000000000 0.0020659142870
-1.4400000000000 0.0020659142731
-1.4400000000000 0.0020659142731
-1.4200000000000 0.0020650744171
-1.4000000000000 0.0020641574384
-1.4000000000000 0.0020641574384
-1.3800000000000 0.0020631602933
-1.3600000000000 0.0020620797861
-1.3600000000000 0.0020620797861
-1.3600000000000 0.0020620797861
-1.3400000000000 0.0020609125599
-1.3200000000000 0.0020596550854
-1.3200000000000 0.0020596550854
-1.3000000000000 0.0020583036503
-1.2800000000000 0.0020568543467
-1.2800000000000 0.0020568543467
-1.2800000000000 0.0020568543467
-1.2800000000000 0.0020568543467
-1.2800000000000 0.0020568543467
-1.2800000000000 0.0020568543467
-1.2800000000000 0.0020568543467
-1.2600000000000 0.0020553030577
-1.2400000000000 0.0020536454431
-1.2400000000000 0.0020536454431
-1.2200000000000 0.0020518769240
-1.2000000000000 0.0020499926655
-1.2000000000000 0.0020499926655
-1.2000000000000 0.0020499926655
-1.1800000000000 0.0020479875583
-1.1600000000000 0.0020458561988
-1.1600000000000 0.0020458561988
-1.1400000000000 0.0020435928668
-1.1200000000000 0.0020411915019
-1.1200000000000 0.0020411915019
-1.1200000000000 0.0020411915019
-1.1200000000000 0.0020411915019
-1.1000000000000 0.0020386456770
-1.0800000000000 0.0020359485696
-1.0800000000000 0.0020359485696
-1.0600000000000 0.0020330929304
-1.0400000000000 0.0020300710489
-1.0400000000000 0.0020300710489
-1.0400000000000 0.0020300710489
-1.0200000000000 0.0020268747149
-1.0000000000000 0.0020234951768
-1.0000000000000 0.0020234951768
-0.9800000000000 0.0020199230953
-0.9600000000000 0.0020161484920
-0.9600000000000 0.0020161484920
-0.9600000000000 0.0020161484920
-0.9600000000000 0.0020161484920
-0.9600000000000 0.0020161484920
-0.9400000000000 0.0020121606924
-0.9200000000000 0.0020079482631
-0.9200000000000 0.0020079482631
-0.9000000000000 0.0020034989412
-0.8800000000000 0.0019987995558
-0.8800000000000 0.0019987995558
-0.8800000000000 0.0019987995558
-0.8600000000000 0.0019938359401
-0.8400000000000 0.0019885928326
-0.8400000000000 0.0019885928326
-0.8200000000000 0.0019830537668
-0.8000000000000 0.0019772009453
-0.8000000000000 0.0019772009453
-0.8000000000000 0.0019772009453
-0.8000000000000 0.0019772009453
-0.7800000000000 0.0019710150990
-0.7600000000000 0.0019644753259
-0.7600000000000 0.0019644753259
-0.7400000000000 0.0019575589094
-0.7200000000000 0.0019502411086
-0.7200000000000 0.0019502411086
-0.7200000000000 0.0019502411086
-0.7000000000000 0.0019424949203
-0.6800000000000 0.0019342908038
-0.6800000000000 0.0019342908038
-0.6600000000000 0.0019255963636
-0.6400000000000 0.0019163759823
-0.6400000000000 0.0019163759823
-0.6400000000000 0.0019163759823
-0.6400000000000 0.0019163759823
-0.6400000000000 0.0019163759823
-0.6400000000000 0.0019163759823
-0.6200000000000 0.0019065903919
-0.6000000000000 0.0018961961737
-0.6000000000000 0.0018961961737
-0.5800000000000 0.0018851451701
-0.5600000000000 0.0018733837905
-0.5600000000000 0.0018733837905
-0.5600000000000 0.0018733837905
-0.5400000000000 0.0018608521863
-0.5200000000000 0.0018474832670
-0.5200000000000 0.0018474832670
-0.5000000000000 0.0018332015173
-0.4800000000000 0.0018179215671
-0.4800000000000 0.0018179215671
-0.4800000000000 0.0018179215671
-0.4800000000000 0.0018179215671
-0.4600000000000 0.0018015464497
-0.4400000000000 0.0017839654639
-0.4400000000000 0.0017839654639
-0.4200000000000 0.0017650515282
-0.4000000000000 0.0017446578749
-0.4000000000000 0.0017446578749
-0.4000000000000 0.0017446578749
-0.3800000000000 0.0017226138820
-0.3600000000000 0.0016987197555
-0.3600000000000 0.0016987197555
-0.3400000000000 0.0016727396363
-0.3200000000000 0.0016443926253
-0.3200000000000 0.0016443926253
-0.3200000000000 0.0016443926253
-0.3200000000000 0.0016443926253
-0.3200000000000 0.0016443926253
-0.3000000000000 0.0016133410488
-0.2800000000000 0.0015791738695
-0.2800000000000 0.0015791738695
-0.2600000000000 0.0015413832892
-0.2400000000000 0.0014993397254
-0.2400000000000 0.0014993397254
-0.2400000000000 0.0014993397254
-0.2200000000000 0.0014522488920
-0.2000000000000 0.0013990302835
-0.2000000000000 0.0013990302835
-0.1800000000000 0.0013382702331
-0.1600000000000 0.0012684257238
-0.1600000000000 0.0012684257238
-0.1600000000000 0.0012684257238
-0.1600000000000 0.0012684257238
-0.1400000000000 0.0011867522232
-0.1200000000000 0.0010869839374
-0.1200000000000 0.0010869839374
-0.1000000000000 0.0009652573182
-0.0800000000000 0.0008257852377
-0.0800000000000 0.0008257852377
-0.0800000000000 0.0008257852377
-0.0600000000000 0.0006354807708
-0.0400000000000 0.0002901907269
-0.0400000000000 0.0002901907269
-0.0200000000000 -0.0001882004342
0.0000000000000 -0.0004471006495
0.0000000000000 -0.0004471006495
0.0000000000000 -0.0004471006495
0.0000000000000 -0.0004471006495
0.0000000000000 -0.0004471006495
0.0000000000000 -0.0004471006495
0.0000000000000 -0.0004471006495
0.0000000000000 -0.0004471006495
0.0200000000000 -0.0002029458147
0.0400000000000 0.0002791908681
0.0400000000000 0.0002791908681
0.0600000000000 0.0006324495927
0.0800000000000 0.0008251646465
0.0800000000000 0.0008251646465
0.0800000000000 0.0008251646465
0.1000000000000 0.0009644425946
0.1200000000000 0.0010863260859
0.1200000000000 0.0010863260859
0.1400000000000 0.0011864099601
0.1600000000000 0.0012682085158
0.1600000000000 0.0012682085158
0.1600000000000 0.0012682085158
0.1600000000000 0.0012682085158
0.1800000000000 0.0013381051057
0.2000000000000 0.0013989136119
0.2000000000000 0.0013989136119
0.2200000000000 0.0014521677985
0.2400000000000 0.0014992817837
0.2400000000000 0.0014992817837
0.2400000000000 0.0014992817837
0.2600000000000 0.0015413421669
0.2800000000000 0.0015791453611
0.2800000000000 0.0015791453611
0.3000000000000 0.0016133218935
0.3200000000000 0.0016443804898
0.3200000000000 0.0016443804898
0.3200000000000 0.0016443804898
0.3200000000000 0.0016443804898
0.3200000000000 0.0016443804898
0.3400000000000 0.0016727328315
0.3600000000000 0.0016987170139
0.3600000000000 0.0016987170139
0.3800000000000 0.0017226142447
0.4000000000000 0.0017446606106
0.4000000000000 0.0017446606106
0.4000000000000 0.0017446606106
0.4200000000000 0.0017650560736
0.4400000000000 0.0017839713812
0.4400000000000 0.0017839713812
0.4600000000000 0.0018015533965
0.4800000000000 0.0018179292741
0.4800000000000 0.0018179292741
0.4800000000000 0.0018179292741
0.4800000000000 0.0018179292741
0.5000000000000 0.0018332097717
0.5200000000000 0.0018474918999
0.5200000000000 0.0018474918999
0.5400000000000 0.0018608610634
0.5600000000000 0.0018733928048
0.5600000000000 0.0018733928048
0.5600000000000 0.0018733928048
0.5800000000000 0.0018851542363
0.6000000000000 0.0018962052238
0.6000000000000 0.0018962052238
0.6200000000000 0.0019065993719
0.6400000000000 0.0019163848493
0.6400000000000 0.0019163848493
0.6400000000000 0.0019163848493
0.6400000000000 0.0019163848493
0.6400000000000 0.0019163848493
0.6400000000000 0.0019163848493
0.6600000000000 0.0019256050839
0.6800000000000 0.0019342993508
0.6800000000000 0.0019342993508
0.7000000000000 0.0019425032737
0.7200000000000 0.0019502492529
0.7200000000000 0.0019502492529
0.7200000000000 0.0019502492529
0.7400000000000 0.0019575668329
0.7600000000000 0.0019644830205
0.7600000000000 0.0019644830205
0.7800000000000 0.0019710225588
0.8000000000000 0.0019772081671
0.8000000000000 0.0019772081671
0.8000000000000 0.0019772081671
0.8000000000000 0.0019772081671
0.8200000000000 0.0019830607488
0.8400000000000 0.0019885995746
0.8400000000000 0.0019885995746
0.8600000000000 0.0019938424430
0.8800000000000 0.0019988058216
0.8800000000000 0.0019988058216
0.8800000000000 0.0019988058216
0.9000000000000 0.0020035049725
0.9200000000000 0.0020079540632
0.9200000000000 0.0020079540632
0.9400000000000 0.0020121662650
0.9600000000000 0.0020161538413
0.9600000000000 0.0020161538413
0.9600000000000 0.0020161538413
0.9600000000000 0.0020161538413
0.9600000000000 0.0020161538413
0.9800000000000 0.0020199282258
1.0000000000000 0.0020235000931
1.0000000000000 0.0020235000931
1.0200000000000 0.0020268794216
1.0400000000000 0.0020300755510
1.0400000000000 0.0020300755533
1.0400000000000 0.0020300755510
1.0600000000000 0.0020330972329
1.0800000000000 0.0020359526773
1.0800000000000 0.0020359526773
1.1000000000000 0.0020386495949
1.1200000000000 0.0020411952349
1.1200000000000 0.0020411952366
1.1200000000000 0.0020411952366
1.1200000000000 0.0020411952349
1.1400000000000 0.0020435964198
1.1600000000000 0.0020458595765
1.1600000000000 0.0020458595765
1.1800000000000 0.0020479907655
1.2000000000000 0.0020499957069
1.2000000000000 0.0020499957080
1.2000000000000 0.0020499957069
1.2200000000000 0.0020518798041
1.2400000000000 0.0020536481664
1.2400000000000 0.0020536481664
1.2600000000000 0.0020553056285
1.2800000000000 0.0020568567702
1.2800000000000 0.0020568567694
1.2800000000000 0.0020568567702
1.2800000000000 0.0020568567694
1.2800000000000 0.0020568567702
1.2800000000000 0.0020568567702
1.2800000000000 0.0020568567702
1.3000000000000 0.0020583059289
1.3200000000000 0.0020596572240
1.3200000000000 0.0020596572240
1.3400000000000 0.0020609145624
1.3600000000000 0.0020620816565
1.3600000000000 0.0020620816565
1.3600000000000 0.0020620816571
1.3800000000000 0.0020631620352
1.4000000000000 0.0020641590556
1.4000000000000 0.0020641590556
1.4200000000000 0.0020650759130
1.4400000000000 0.0020659156518
1.4400000000000 0.0020659156518
1.4400000000000 0.0020659156513
1.4400000000000 0.0020659156513
1.4600000000000 0.0020666811713
1.4800000000000 0.0020673752395
1.4800000000000 0.0020673752395
1.5000000000000 0.0020680004959
1.5200000000000 0.0020685594608
1.5200000000000 0.0020685594612
1.5200000000000 0.0020685594608
1.5400000000000 0.0020690545421
1.5600000000000 0.0020694880410
1.5600000000000 0.0020694880410
1.5800000000000 0.0020698621585
1.6000000000000 0.0020701790003
1.6000000000000 0.0020701790003
1.6000000000000 0.0020701790003
1.6000000000000 0.0020701790000
1.6000000000000 0.0020701790000
1.6200000000000 0.0020704405814
1.6400000000000 0.0020706488330
1.6400000000000 0.0020706488330
1.6600000000000 0.0020708056045
1.6800000000000 0.0020709126693
1.6800000000000 0.0020709126691
1.6800000000000 0.0020709126691
1.7000000000000 0.0020709717272
1.7200000000000 0.0020709844103
1.7200000000000 0.0020709844103
1.7400000000000 0.0020709522845
1.7600000000000 0.0020708768586
1.7600000000000 0.0020708768536
1.7600000000000 0.0020708768535
1.7600000000000 0.0020708768535
1.7800000000000 0.0020707595618
1.8000000000000 0.0020706017978
1.8000000000000 0.0020706017978
1.8200000000000 0.0020704048962
1.8400000000000 0.0020701701407
1.8400000000000 0.0020701701406
1.8400000000000 0.0020701701406
1.8600000000000 0.0020698987658
1.8800000000000 0.0020695919607
1.8800000000000 0.0020695919607
1.9000000000000 0.0020692508695
1.9200000000000 0.0020688765944
1.9200000000000 0.0020688765976
1.9200000000000 0.0020688765945
1.9200000000000 0.0020688765944
1.9200000000000 0.0020688765976
1.9200000000000 0.0020688765976
1.9400000000000 0.0020684701973
1.9600000000000 0.0020680327016
1.9600000000000 0.0020680327016
1.9800000000000 0.0020675650939
2.0000000000000 0.0020670683258
2.0000000000000 0.0020670683259
2.0000000000000 0.0020670683258
2.0200000000000 0.0020665433149
2.0400000000000 0.0020659909471
2.0400000000000 0.0020659909471
2.0600000000000 0.0020654120771
2.0800000000000 0.0020648075304
2.0800000000000 0.0020648075303
2.0800000000000 0.0020648075303
2.0800000000000 0.0020648075324
2.1000000000000 0.0020641781039
2.1200000000000 0.0020635245678
2.1200000000000 0.0020635245678
2.1400000000000 0.0020628476661
2.1600000000000 0.0020621481181
2.1600000000000 0.0020621481181
2.1600000000000 0.0020621481181
2.1800000000000 0.0020614266188
2.2000000000000 0.0020606838407
2.2000000000000 0.0020606838407
2.2200000000000 0.0020599204339
2.2400000000000 0.0020591370275
2.2400000000000 0.0020591370276
2.2400000000000 0.0020591370289
2.2400000000000 0.0020591370275
2.2400000000000 0.0020591370289
2.2600000000000 0.0020583342303
2.2800000000000 0.0020575126315
2.2800000000000 0.0020575126315
2.3000000000000 0.0020566728013
2.3200000000000 0.0020558152922
2.3200000000000 0.0020558152922
2.3200000000000 0.0020558152922
2.3400000000000 0.0020549406389
2.3600000000000 0.0020540493596
2.3600000000000 0.0020540493596
2.3800000000000 0.0020531419561
2.4000000000000 0.0020522189151
2.4000000000000 0.0020522189161
2.4000000000000 0.0020522189151
2.4000000000000 0.0020522189151
2.4200000000000 0.0020512807079
2.4400000000000 0.0020503277916
2.4400000000000 0.0020503277916
2.4600000000000 0.0020493606094
2.4800000000000 0.0020483795910
2.4800000000000 0.0020483795910
2.4800000000000 0.0020483795910
2.5000000000000 0.0020473851532
2.5200000000000 0.0020463777004
2.5200000000000 0.0020463777004
2.5400000000000 0.0020453576250
2.5600000000000 0.0020443253084
2.5600000000000 0.0020443253084
2.5600000000000 0.0020443253078
2.5600000000000 0.0020443253084
2.5600000000000 0.0020443253078
2.5600000000000 0.0020443253084
2.5600000000000 0.0020443253078
2.5600000000000 0.0020443253084
2.5800000000000 0.0020432811183
2.6000000000000 0.0020422254152
2.6000000000000 0.0020422254152
2.6200000000000 0.0020411585469
2.6400000000000 0.0020400808515
2.6400000000000 0.0020400808516
2.6400000000000 0.0020400808515
2.6600000000000 0.0020389926578
2.6800000000000 0.0020378942846
2.6800000000000 0.0020378942846
2.7000000000000 0.0020367860420
2.7200000000000 0.0020356682312
2.7200000000000 0.0020356682312
2.7200000000000 0.0020356682316
2.7200000000000 0.0020356682312
2.7400000000000 0.0020345411449
2.7600000000000 0.0020334050676
2.7600000000000 0.0020334050676
2.7800000000000 0.0020322602759
2.8000000000000 0.0020311070385
2.8000000000000 0.0020311070385
2.8000000000000 0.0020311070385
2.8200000000000 0.0020299456170
2.8400000000000 0.0020287762654
2.8400000000000 0.0020287762654
2.8600000000000 0.0020275992310
2.8800000000000 0.0020264147546
2.8800000000000 0.0020264147543
2.8800000000000 0.0020264147543
2.8800000000000 0.0020264147546
2.8800000000000 0.0020264147543
2.9000000000000 0.0020252230692
2.9200000000000 0.0020240244033
2.9200000000000 0.0020240244033
2.9400000000000 0.0020228189780
2.9600000000000 0.0020216070089
2.9600000000000 0.0020216070089
2.9600000000000 0.0020216070089
2.9800000000000 0.0020203887056
3.0000000000000 0.0020191642723
3.0000000000000 0.0020191642723
3.0200000000000 0.0020179339077
3.0400000000000 0.0020166978053
3.0400000000000 0.0020166978053
3.0400000000000 0.0020166978055
3.0400000000000 0.0020166978053
3.0600000000000 0.0020154561533
3.0800000000000 0.0020142091352
3.0800000000000 0.0020142091352
3.1000000000000 0.0020129569296
3.1200000000000 0.0020116997104
3.1200000000000 0.0020116997104
3.1200000000000 0.0020116997104
3.1400000000000 0.0020104376470
3.1600000000000 0.0020091709043
3.1600000000000 0.0020091709043
3.1800000000000 0.0020078996432
3.2000000000000 0.0020066240203
3.2000000000000 0.0020066240203
3.2000000000000 0.0020066240205
3.2000000000000 0.0020066240205
3.2000000000000 0.0020066240203
3.2000000000000 0.0020066240205
3.2200000000000 0.0020053441880
3.2400000000000 0.0020040602951
3.2400000000000 0.0020040602951
3.2600000000000 0.0020027724864
3.2800000000000 0.0020014809031
3.2800000000000 0.0020014809031
3.2800000000000 0.0020014809031
3.3000000000000 0.0020001856827
3.3200000000000 0.0019988869595
3.3200000000000 0.0019988869595
3.3400000000000 0.0019975848640
3.3600000000000 0.0019962795239
3.3600000000000 0.0019962795238
3.3600000000000 0.0019962795238
3.3600000000000 0.0019962795238
3.3800000000000 0.0019949710629
3.4000000000000 0.0019936596027
3.4000000000000 0.0019936596027
3.4200000000000 0.0019923452611
3.4400000000000 0.0019910281532
3.4400000000000 0.0019910281532
3.4400000000000 0.0019910281532
3.4600000000000 0.0019897083915
3.4800000000000 0.0019883860853
3.4800000000000 0.0019883860853
3.5000000000000 0.0019870613415
3.5200000000000 0.0019857342643
3.5200000000000 0.0019857342643
3.5200000000000 0.0019857342642
3.5200000000000 0.0019857342643
3.5200000000000 0.0019857342642
3.5400000000000 0.0019844049551
3.5600000000000 0.0019830735132
3.5600000000000 0.0019830735132
3.5800000000000 0.0019817400352
3.6000000000000 0.0019804046153
3.6000000000000 0.0019804046153
3.6000000000000 0.0019804046154
3.6200000000000 0.0019790673457
3.6400000000000 0.0019777283161
3.6400000000000 0.0019777283161
3.6600000000000 0.0019763876140
3.6800000000000 0.0019750453249
3.6800000000000 0.0019750453249
3.6800000000000 0.0019750453250
3.6800000000000 0.0019750453249
3.7000000000000 0.0019737015322
3.7200000000000 0.0019723563173
3.7200000000000 0.0019723563173
3.7400000000000 0.0019710097595
3.7600000000000 0.0019696619363
3.7600000000000 0.0019696619363
3.7600000000000 0.0019696619363
3.7800000000000 0.0019683129234
3.8000000000000 0.0019669627945
3.8000000000000 0.0019669627945
3.8200000000000 0.0019656116217
3.8400000000000 0.0019642594752
3.8400000000000 0.0019642594752
3.8400000000000 0.0019642595067
3.8400000000000 0.0019642594752
3.8400000000000 0.0019642595067
3.8400000000000 0.0019642594752
3.8400000000000 0.0019642594752
3.8600000000000 0.0019629064236
3.8800000000000 0.0019615525339
3.8800000000000 0.0019615525339
3.9000000000000 0.0019601978715
3.9200000000000 0.0019588425001
3.9200000000000 0.0019588425000
3.9200000000000 0.0019588425000
3.9400000000000 0.0019574864819
3.9600000000000 0.0019561298778
3.9600000000000 0.0019561298778
3.9800000000000 0.0019547727470
4.0000000000000 0.0019534151475
4.0000000000000 0.0019534151475
4.0000000000000 0.0019534151475
4.0000000000000 0.0019534151475
4.0200000000000 0.0019520571357
4.0400000000000 0.0019506987668
4.0400000000000 0.0019506987668
4.0600000000000 0.0019493400946
4.0800000000000 0.0019479811717
4.0800000000000 0.0019479811717
4.0800000000000 0.0019479811717
4.1000000000000 0.0019466220494
4.1200000000000 0.0019452627777
4.1200000000000 0.0019452627777
4.1400000000000 0.0019439034055
4.1600000000000 0.0019425439806
4.1600000000000 0.0019425439805
4.1600000000000 0.0019425439805
4.1600000000000 0.0019425439805
4.1600000000000 0.0019425439806
4.1800000000000 0.0019411845494
4.2000000000000 0.0019398251574
4.2400000000000 0.0019371066676
4.2400000000000 0.0019371066676
4.2800000000000 0.0019343888534
4.3200000000000 0.0019316720411
4.3200000000000 0.0019316720411
4.3200000000000 0.0019316720411
4.3600000000000 0.0019289565414
4.4000000000000 0.0019262426504
4.4000000000000 0.0019262426504
4.4400000000000 0.0019235306502
4.4800000000000 0.0019208208095
4.4800000000000 0.0019208208095
4.4800000000000 0.0019208208095
4.4800000000000 0.0019208208095
4.4800000000000 0.0019208208095
4.5200000000000 0.0019181133842
4.5600000000000 0.0019154086182
4.5600000000000 0.0019154086182
4.6000000000000 0.0019127067438
4.6400000000000 0.0019100079819
4.6400000000000 0.0019100079819
4.6400000000000 0.0019100079819
4.6800000000000 0.0019073125432
4.7200000000000 0.0019046206282
4.7200000000000 0.0019046206282
4.7600000000000 0.0019019324277
4.8000000000000 0.0018992481232
4.8000000000000 0.0018992481232
4.8000000000000 0.0018992481232
4.8000000000000 0.0018992481232
4.8400000000000 0.0018965678876
4.8800000000000 0.0018938918850
4.8800000000000 0.0018938918850
4.9200000000000 0.0018912202719
4.9600000000000 0.0018885531967
4.9600000000000 0.0018885531967
4.9600000000000 0.0018885531967
5.0000000000000 0.0018858908005
5.0400000000000 0.0018832332174
5.0400000000000 0.0018832332174
5.0800000000000 0.0018805805745
5.1200000000000 0.0018779329926
5.1200000000000 0.0018779329926
5.1200000000000 0.0018779329926
5.1200000000000 0.0018779329926
5.1200000000000 0.0018779329926
5.1200000000000 0.0018779329926
5.1200000000000 0.0018779329926
5.1600000000000 0.0018752905861
5.2000000000000 0.0018726534635
5.2000000000000 0.0018726534635
5.2400000000000 0.0018700217275
5.2800000000000 0.0018673954754
5.2800000000000 0.0018673954754
5.2800000000000 0.0018673954754
5.3200000000000 0.0018647747990
5.3600000000000 0.0018621597854
5.3600000000000 0.0018621597854
5.4000000000000 0.0018595505166
5.4400000000000 0.0018569470699
5.4400000000000 0.0018569470699
5.4400000000000 0.0018569470699
5.4400000000000 0.0018569470699
5.4800000000000 0.0018543495185
5.5200000000000 0.0018517579309
5.5200000000000 0.0018517579309
5.5600000000000 0.0018491723720
5.6000000000000 0.0018465929023
5.6000000000000 0.0018465929023
5.6000000000000 0.0018465929023
5.6400000000000 0.0018440195790
5.6800000000000 0.0018414524555
5.6800000000000 0.0018414524555
5.7200000000000 0.0018388915816
5.7600000000000 0.0018363370041
5.7600000000000 0.0018363370041
5.7600000000000 0.0018363370041
5.7600000000000 0.0018363370041
5.7600000000000 0.0018363370041
5.8000000000000 0.0018337887665
5.8400000000000 0.0018312469094
5.8400000000000 0.0018312469094
5.8800000000000 0.0018287114701
5.9200000000000 0.0018261824837
5.9200000000000 0.0018261824837
5.9200000000000 0.0018261824837
5.9600000000000 0.0018236599821
6.0000000000000 0.0018211439949
6.0000000000000 0.0018211439949
6.0400000000000 0.0018186345493
6.0800000000000 0.0018161316700
6.0800000000000 0.0018161316700
6.0800000000000 0.0018161316700
6.0800000000000 0.0018161316700
6.1200000000000 0.0018136353795
6.1600000000000 0.0018111456981
6.1600000000000 0.0018111456981
6.2000000000000 0.0018086626440
6.2400000000000 0.0018061862336
6.2400000000000 0.0018061862336
6.2400000000000 0.0018061862336
6.2800000000000 0.0018037164811
6.3200000000000 0.0018012533990
6.3200000000000 0.0018012533990
6.3600000000000 0.0017987969983
6.4000000000000 0.0017963472879
6.4000000000000 0.0017963472879
6.4000000000000 0.0017963472879
6.4000000000000 0.0017963472879
6.4000000000000 0.0017963472879
6.4800000000000 0.0017914679667
6.5600000000000 0.0017866154773
6.5600000000000 0.0017866154773
6.6400000000000 0.0017817898393
6.7200000000000 0.0017769910519
6.7200000000000 0.0017769910519
6.7200000000000 0.0017769910519
6.8000000000000 0.0017722190954
6.8800000000000 0.0017674739335
6.8800000000000 0.0017674739335
6.9600000000000 0.0017627555143
7.0400000000000 0.0017580637720
7.0400000000000 0.0017580637720
7.0400000000000 0.0017580637720
7.0400000000000 0.0017580637720
7.1200000000000 0.0017533986275
7.2000000000000 0.0017487599901
7.2000000000000 0.0017487599901
7.2800000000000 0.0017441477581
7.3600000000000 0.0017395618194
7.3600000000000 0.0017395618194
7.3600000000000 0.0017395618194
7.4400000000000 0.0017350020528
7.5200000000000 0.0017304683285
7.5200000000000 0.0017304683285
7.6000000000000 0.0017259605085
7.6800000000000 0.0017214784480
7.6800000000000 0.0017214784480
7.6800000000000 0.0017214784480
7.6800000000000 0.0017214784480
7.6800000000000 0.0017214784480
7.6800000000000 0.0017214784480
7.7600000000000 0.0017170219953
7.8400000000000 0.0017125909927
7.8400000000000 0.0017125909927
7.9200000000000 0.0017081852771
8.0000000000000 0.0017038046797
8.0000000000000 0.0017038046797
8.0000000000000 0.0017038046797
8.0800000000000 0.0016994490273
8.1600000000000 0.0016951181420
8.1600000000000 0.0016951181420
8.2400000000000 0.0016908118417
8.3200000000000 0.0016865299410
8.3200000000000 0.0016865299410
8.3200000000000 0.0016865299410
8.3200000000000 0.0016865299410
8.4000000000000 0.0016822722511
8.4800000000000 0.0016780385806
8.4800000000000 0.0016780385806
8.5600000000000 0.0016738287361
8.6400000000000 0.0016696425225
8.6400000000000 0.0016696425225
8.6400000000000 0.0016696425225
8.7200000000000 0.0016654797431
8.8000000000000 0.0016613402009
8.8000000000000 0.0016613402009
8.8800000000000 0.0016572236984
8.9600000000000 0.0016531300379
8.9600000000000 0.0016531300379
8.9600000000000 0.0016531300379
8.9600000000000 0.0016531300379
8.9600000000000 0.0016531300379
9.0400000000000 0.0016490590225
9.1200000000000 0.0016450104562
9.1200000000000 0.0016450104562
9.2000000000000 0.0016409841443
9.2800000000000 0.0016369798940
9.2800000000000 0.0016369798940
9.2800000000000 0.0016369798940
9.3600000000000 0.0016329975143
9.4400000000000 0.0016290368169
9.4400000000000 0.0016290368169
9.5200000000000 0.0016250976158
9.6000000000000 0.0016211797279
9.6000000000000 0.0016211797279
9.6000000000000 0.0016211797279
9.6000000000000 0.0016211797279
9.6800000000000 0.0016172829726
9.7600000000000 0.0016134071723
9.7600000000000 0.0016134071723
9.8400000000000 0.0016095521520
9.9200000000000 0.0016057177393
9.9200000000000 0.0016057177393
9.9200000000000 0.0016057177393
10.0000000000000 0.0016019037645
10.0800000000000 0.0015981100601
10.0800000000000 0.0015981100601
10.1600000000000 0.0015943364609
10.2400000000000 0.0015905828038
10.2400000000000 0.0015905828040
10.2400000000000 0.0015905828040
10.2400000000000 0.0015905828040
10.2400000000000 0.0015905828038
10.2400000000000 0.0015905828038
10.3200000000000 0.0015868489277
10.4000000000000 0.0015831346720
10.4000000000000 0.0015831346720
10.4800000000000 0.0015794398778
10.5600000000000 0.0015757643865
10.5600000000000 0.0015757643865
10.5600000000000 0.0015757643865
10.6400000000000 0.0015721080402
10.7200000000000 0.0015684706804
10.7200000000000 0.0015684706804
10.8000000000000 0.0015648521490
10.8800000000000 0.0015612522869
10.8800000000000 0.0015612522869
10.8800000000000 0.0015612522869
11.0400000000000 0.0015541079329
11.2000000000000 0.0015470363354
11.2000000000000 0.0015470363354
11.3600000000000 0.0015400362017
11.5200000000000 0.0015331062332
11.5200000000000 0.0015331062332
11.5200000000000 0.0015331062332
11.5200000000000 0.0015331062332
11.6800000000000 0.0015262451332
11.8400000000000 0.0015194516166
11.8400000000000 0.0015194516166
12.0000000000000 0.0015127244198
12.1600000000000 0.0015060623082
12.1600000000000 0.0015060623082
12.1600000000000 0.0015060623082
12.3200000000000 0.0014994640824
12.4800000000000 0.0014929285833
12.4800000000000 0.0014929285833
12.6400000000000 0.0014864546950
12.8000000000000 0.0014800413483
12.8000000000000 0.0014800413483
12.8000000000000 0.0014800413483
12.8000000000000 0.0014800413483
12.8000000000000 0.0014800413483
12.9600000000000 0.0014736875219
13.1200000000000 0.0014673922413
13.1200000000000 0.0014673922413
13.2800000000000 0.0014611545748
13.4400000000000 0.0014549736278
13.4400000000000 0.0014549736278
13.4400000000000 0.0014549736278
13.6000000000000 0.0014488485367
13.7600000000000 0.0014427784621
13.7600000000000 0.0014427784621
13.9200000000000 0.0014367625820
14.0800000000000 0.0014308000846
14.0800000000000 0.0014308000846
14.0800000000000 0.0014308000846
14.0800000000000 0.0014308000846
14.2400000000000 0.0014248901604
14.4000000000000 0.0014190319941
14.4000000000000 0.0014190319941
14.5600000000000 0.0014132247659
14.7200000000000 0.0014074676372
14.7200000000000 0.0014074676372
14.7200000000000 0.0014074676372
14.8800000000000 0.0014017597646
15.0400000000000 0.0013961002875
15.0400000000000 0.0013961002875
15.2000000000000 0.0013904883487
15.3600000000000 0.0013849230987
15.3600000000000 0.0013849230987
15.3600000000000 0.0013849230987
15.3600000000000 0.0013849230987
15.3600000000000 0.0013849230987
15.5200000000000 0.0013794037035
15.6800000000000 0.0013739293629
16.0000000000000 0.0013631127881
16.0000000000000 0.0013631127881
16.3200000000000 0.0013524676140
16.6400000000000 0.0013419885409
16.6400000000000 0.0013419885409
16.6400000000000 0.0013419885409
16.9600000000000 0.0013316705371
17.2800000000000 0.0013215086166
17.2800000000000 0.0013215086166
17.6000000000000 0.0013114976865
17.9200000000000 0.0013016325381
17.9200000000000 0.0013016325381
17.9200000000000 0.0013016325381
17.9200000000000 0.0013016325381
18.2400000000000 0.0012919080015
18.5600000000000 0.0012823192108
18.5600000000000 0.0012823192108
18.8800000000000 0.0012728618485
19.2000000000000 0.0012635322094
19.2000000000000 0.0012635322094
19.2000000000000 0.0012635322094
19.5200000000000 0.0012543270505
19.8400000000000 0.0012452433590
19.8400000000000 0.0012452433590
20.1600000000000 0.0012362781785
20.4800000000000 0.0012274284228
20.4800000000000 0.0012274284228
20.4800000000000 0.0012274284228
20.4800000000000 0.0012274284228
20.8000000000000 0.0012186910382
21.1200000000000 0.0012100625111
21.1200000000000 0.0012100625111
21.4400000000000 0.0012015394214
21.7600000000000 0.0011931189288
21.7600000000000 0.0011931189288
21.7600000000000 0.0011931189288
22.0800000000000 0.0011847982898
22.4000000000000 0.0011765754200
22.4000000000000 0.0011765754200
22.7200000000000 0.0011684481894
23.0400000000000 0.0011604139594
23.0400000000000 0.0011604139163
23.0400000000000 0.0011604139594
23.6800000000000 0.0011446121235
24.3200000000000 0.0011291394484
24.3200000000000 0.0011291394484
24.9600000000000 0.0011139649512
25.6000000000000 0.0010990659521
25.6000000000000 0.0010990659521
25.6000000000000 0.0010990659521
26.2400000000000 0.0010844278868
26.8800000000000 0.0010700388278
26.8800000000000 0.0010700388278
27.5200000000000 0.0010558882768
28.1600000000000 0.0010419687334
28.1600000000000 0.0010419687334
28.1600000000000 0.0010419687334
28.8000000000000 0.0010282726666
29.4400000000000 0.0010147869812
29.4400000000000 0.0010147869812
30.0800000000000 0.0010014916854
30.7200000000000 0.0009883632545
30.7200000000000 0.0009883632545
30.7200000000000 0.0009883632545
31.3600000000000 0.0009753791558
32.0000000000000 0.0009625209159
32.0000000000000 0.0009625209159
32.6400000000000 0.0009497753415
33.2800000000000 0.0009371347841
33.2800000000000 0.0009371347841
33.2800000000000 0.0009371347841
33.9200000000000 0.0009245941174
34.5600000000000 0.0009121542476
34.5600000000000 0.0009121542476
35.2000000000000 0.0008998156741
35.8400000000000 0.0008875696780
35.8400000000000 0.0008875696780
35.8400000000000 0.0008875696780
36.4800000000000 0.0008754055726
37.1200000000000 0.0008633047985
37.1200000000000 0.0008633047985
37.7600000000000 0.0008512479502
38.4000000000000 0.0008392168465
38.4000000000000 0.0008392168465
39.6800000000000 0.0008151760341
40.9600000000000 0.0007911361875
40.9600000000000 0.0007911361875
42.2400000000000 0.0007670978533
43.5200000000000 0.0007430378553
43.5200000000000 0.0007430378553
44.8000000000000 0.0007188784621
46.0800000000000 0.0006945219096
46.0800000000000 0.0006945219096
47.3600000000000 0.0006699024212
48.6400000000000 0.0006449921370
48.6400000000000 0.0006449921370
49.9200000000000 0.0006197777563
51.2000000000000 0.0005942375431
51.2000000000000 0.0005942375431
52.4800000000000 0.0005683354662
53.7600000000000 0.0005420339937
53.7600000000000 0.0005420339937
55.0400000000000 0.0005153056678
56.3200000000000 0.0004881352123
56.3200000000000 0.0004881352123
57.6000000000000 0.0004605175647
58.8800000000000 0.0004324521544
58.8800000000000 0.0004324521544
60.1600000000000 0.0004039388552
61.4400000000000 0.0003749812225
61.4400000000000 0.0003749812225
62.7200000000000 0.0003455906319
64.0000000000000 0.0003157876844
64.0000000000000 0.0003157876844
65.2800000000000 0.0002856014394
66.5600000000000 0.0002550667442
66.5600000000000 0.0002550667442
67.8400000000000 0.0002242241343
69.1200000000000 0.0001931218621
69.1200000000000 0.0001931218621
70.4000000000000 0.0001618158861
71.6800000000000 0.0001303697184
71.6800000000000 0.0001303697184
72.9600000000000 0.0000988553932
74.2400000000000 0.0000673535937
74.2400000000000 0.0000673535937
75.5200000000000 0.0000359522591
76.8000000000000 0.0000047447746
76.8000000000000 0.0000047447746
78.0800000000000 -0.0000261692340
79.3600000000000 -0.0000566809310
79.3600000000000 -0.0000566809310
80.6400000000000 -0.0000866721692
81.9200000000000 -0.0001160183613
81.9200000000000 -0.0001160183613
83.2000000000000 -0.0001445900328
84.4800000000000 -0.0001722525627
84.4800000000000 -0.0001722525627
85.7600000000000 -0.0001988661388
87.0400000000000 -0.0002242867730
87.0400000000000 -0.0002242867730
88.3200000000000 -0.0002483680912
89.6000000000000 -0.0002709626794
89.6000000000000 -0.0002709626794
90.8800000000000 -0.0002919224970
92.1600000000000 -0.0003110999230
92.1600000000000 -0.0003110999230
93.4400000000000 -0.0003283503583
94.7200000000000 -0.0003435348008
94.7200000000000 -0.0003435348008
96.0000000000000 -0.0003565214091
97.2800000000000 -0.0003671873633
97.2800000000000 -0.0003671873633
98.5600000000000 -0.0003754211428
99.8400000000000 -0.0003811236860
99.8400000000000 -0.0003811236860
101.1200000000000 -0.0003842093243
102.4000000000000 -0.0003846087180
102.4000000000000 -0.0003846087180
103.6800000000000 -0.0003822726284
104.9600000000000 -0.0003771736746
104.9600000000000 -0.0003771736746
106.2400000000000 -0.0003693064291
107.5200000000000 -0.0003586886810
107.5200000000000 -0.0003586886810
108.8000000000000 -0.0003453647556
110.0800000000000 -0.0003294085995
110.0800000000000 -0.0003294085995
111.3600000000000 -0.0003109245602
112.6400000000000 -0.0002900471944
112.6400000000000 -0.0002900471944
113.9200000000000 -0.0002669426320
115.2000000000000 -0.0002418110330
115.2000000000000 -0.0002418110330
116.4800000000000 -0.0002148875453
117.7600000000000 -0.0001864408008
117.7600000000000 -0.0001864408008
119.0400000000000 -0.0001567703497
120.3200000000000 -0.0001262046636
120.3200000000000 -0.0001262046636
121.6000000000000 -0.0000950993083
122.8800000000000 -0.0000638331568
122.8800000000000 -0.0000638331568
124.1600000000000 -0.0000328022131
125.4400000000000 -0.0000024130720
125.4400000000000 -0.0000024130720
126.7200000000000 0.0000269231963
128.0000000000000 0.0000547979878
128.0000000000000 0.0000547979878
129.2800000000000 0.0000808081954
130.5600000000000 0.0001045777115
130.5600000000000 0.0001045777115
131.8400000000000 0.0001257565019
133.1200000000000 0.0001440289648
133.1200000000000 0.0001440289648
134.4000000000000 0.0001591219088
135.6800000000000 0.0001708133081
135.6800000000000 0.0001708133081
136.9600000000000 0.0001789372715
138.2400000000000 0.0001833948890
138.2400000000000 0.0001833948890
139.5200000000000 0.0001841548415
140.8000000000000 0.0001812629239
143.3600000000000 0.0001650920079
145.9200000000000 0.0001368378289
148.4800000000000 0.0000997112804
151.0400000000000 0.0000579862139
153.6000000000000 0.0000165793936
156.1600000000000 -0.0000196016995
158.7200000000000 -0.0000464403232
161.2800000000000 -0.0000614034678
163.8400000000000 -0.0000641021697
166.4000000000000 -0.0000563725663
168.9600000000000 -0.0000418040493
171.5200000000000 -0.0000247907743
174.0800000000000 -0.0000093594698
176.6400000000000 0.0000018255553
179.2000000000000 0.0000079097475
181.7600000000000 0.0000096100987
184.3200000000000 0.0000084943849
186.8800000000000 0.0000061926581
189.4400000000000 0.0000038752631
192.0000000000000 0.0000021024853
194.5600000000000 0.0000009619977
197.1200000000000 0.0000003107998
199.6800000000000 -0.0000000361079
202.2400000000000 -0.0000002191342
204.8000000000000 -0.0000003217604
207.3600000000000 -0.0000003874977
209.9200000000000 -0.0000004339274
212.4800000000000 -0.0000004599458
215.0400000000000 -0.0000004572928
217.6000000000000 -0.0000004219629
220.1600000000000 -0.0000003536525
222.7200000000000 -0.0000002492898
225.2800000000000 -0.0000001061558
227.8400000000000 0.0000000650944
230.4000000000000 0.0000002357999
232.9600000000000 0.0000003715822
235.5200000000000 0.0000004486154
238.0800000000000 0.0000004618097
240.6400000000000 0.0000004212459
243.2000000000000 0.0000003430492
245.7600000000000 0.0000002453943
248.3200000000000 0.0000001462691
250.8800000000000 0.0000000592506
253.4400000000000 -0.0000000102045
256.0000000000000 -0.0000000704916
258.5600000000000 -0.0000001394314
261.1200000000000 -0.0000002232909
263.6800000000000 -0.0000003081426
266.2400000000000 -0.0000003706596
268.8000000000000 -0.0000003859958
271.3600000000000 -0.0000003374479
273.9200000000000 -0.0000002275575
276.4800000000000 -0.0000000730704
279.0400000000000 0.0000000979987
281.6000000000000 0.0000002424814
284.1600000000000 0.0000003271718
286.7200000000000 0.0000003544609
289.2800000000000 0.0000003315424
291.8400000000000 0.0000002408656
294.4000000000000 0.0000000824586
296.9600000000000 -0.0000000889769
299.5200000000000 -0.0000002118762
302.0800000000000 -0.0000002698229
304.6400000000000 -0.0000002643503
307.2000000000000 -0.0000001796976
309.7600000000000 -0.0000000197024
312.3200000000000 0.0000001470326
314.8800000000000 0.0000002259118
317.4400000000000 0.0000001818291
