# x phi
-317.4400000000000 -0.0000000000000
-314.8800000000000 -0.0000000000000
-312.3200000000000 -0.0000000000000
-309.7600000000000 -0.0000000000001
-307.2000000000000 -0.0000000000001
-304.6400000000000 -0.0000000000001
-302.0800000000000 -0.0000000000001
-299.5200000000000 -0.0000000000001
-296.9600000000000 -0.0000000000001
-294.4000000000000 -0.0000000000001
-291.8400000000000 -0.0000000000001
-289.2800000000000 -0.0000000000001
-286.7200000000000 -0.0000000000001
-284.1600000000000 -0.0000000000001
-281.6000000000000 -0.0000000000001
-279.0400000000000 -0.0000000000001
-276.4800000000000 -0.0000000000001
-273.9200000000000 -0.0000000000001
-271.3600000000000 -0.0000000000001
-268.8000000000000 -0.0000000000001
-266.2400000000000 -0.0000000000001
-263.6800000000000 -0.0000000000001
-261.1200000000000 -0.0000000000001
-258.5600000000000 -0.0000000000001
-256.0000000000000 -0.0000000000001
-253.4400000000000 -0.0000000000001
-250.8800000000000 -0.0000000000001
-248.3200000000000 -0.0000000000001
-245.7600000000000 -0.0000000000001
-243.2000000000000 -0.0000000000001
-240.6400000000000 -0.0000000000001
-238.0800000000000 -0.0000000000001
-235.5200000000000 -0.0000000000001
-232.9600000000000 -0.0000000000001
-230.4000000000000 -0.0000000000001
-227.8400000000000 -0.0000000000001
-225.2800000000000 -0.0000000000001
-222.7200000000000 -0.0000000000001
-220.1600000000000 -0.0000000000001
-217.6000000000000 -0.0000000000001
-215.0400000000000 -0.0000000000001
-212.4800000000000 -0.0000000000001
-209.9200000000000 -0.0000000000001
-207.3600000000000 -0.0000000000001
-204.8000000000000 -0.0000000000001
-202.2400000000000 -0.0000000000001
-199.6800000000000 -0.0000000000001
-197.1200000000000 -0.0000000000001
-194.5600000000000 -0.0000000000001
-192.0000000000000 -0.0000000000001
-189.4400000000000 -0.0000000000001
-186.8800000000000 -0.0000000000001
-184.3200000000000 -0.0000000000001
-181.7600000000000 -0.0000000000001
-179.2000000000000 -0.0000000000001
-176.6400000000000 -0.0000000000001
-174.0800000000000 -0.0000000000001
-171.5200000000000 -0.0000000000001
-168.9600000000000 -0.0000000000001
-166.4000000000000 -0.0000000000001
-163.8400000000000 -0.0000000000001
-161.2800000000000 -0.0000000000001
-158.7200000000000 -0.0000000000001
-156.1600000000000 -0.0000000000001
-153.6000000000000 -0.0000000000001
-151.0400000000000 -0.0000000000001
-148.4800000000000 -0.0000000000000
-145.9200000000000 -0.0000000000002
-143.3600000000000 -0.0000000000008
-140.8000000000000 0.0000000000053
-139.5200000000000 0.0000000000245
-138.2400000000000 0.0000000000157
-138.2400000000000 0.0000000000157
-136.9600000000000 -0.0000000000114
-135.6800000000000 -0.0000000001468
-135.6800000000000 -0.0000000001468
-134.4000000000000 -0.0000000005137
-133.1200000000000 -0.0000000001870
-133.1200000000000 -0.0000000001870
-131.8400000000000 0.0000000008891
-130.5600000000000 0.0000000040652
-130.5600000000000 0.0000000040652
-129.2800000000000 0.0000000108405
-128.0000000000000 0.0000000068611
-128.0000000000000 0.0000000068611
-126.7200000000000 -0.0000000163980
-125.4400000000000 -0.0000000621011
-125.4400000000000 -0.0000000621011
-124.1600000000000 -0.0000001133764
-122.8800000000000 -0.0000001401766
-122.8800000000000 -0.0000001401766
-121.6000000000000 -0.0000001301134
-120.3200000000000 -0.0000001034669
-120.3200000000000 -0.0000001034669
-119.0400000000000 -0.0000000857880
-117.7600000000000 -0.0000000810864
-117.7600000000000 -0.0000000810864
-116.4800000000000 -0.0000000813596
-115.2000000000000 -0.0000000812030
-115.2000000000000 -0.0000000812030
-113.9200000000000 -0.0000000820731
-112.6400000000000 -0.0000000880811
-112.6400000000000 -0.0000000880811
-111.3600000000000 -0.0000000943252
-110.0800000000000 -0.0000000982765
-110.0800000000000 -0.0000000982765
-108.8000000000000 -0.0000001041503
-107.5200000000000 -0.0000001136231
-107.5200000000000 -0.0000001136231
-106.2400000000000 -0.0000001298448
-104.9600000000000 -0.0000001483026
-104.9600000000000 -0.0000001483026
-103.6800000000000 -0.0000001687657
-102.4000000000000 -0.0000001924520
-102.4000000000000 -0.0000001924520
-101.1200000000000 -0.0000002233409
-99.8400000000000 -0.0000002571477
-99.8400000000000 -0.0000002571477
-98.5600000000000 -0.0000002952017
-97.2800000000000 -0.0000003410395
-97.2800000000000 -0.0000003410395
-96.0000000000000 -0.0000003957662
-94.7200000000000 -0.0000004526252
-94.7200000000000 -0.0000004526252
-93.4400000000000 -0.0000005133843
-92.1600000000000 -0.0000005907788
-92.1600000000000 -0.0000005907788
-90.8800000000000 -0.0000006822501
-89.6000000000000 -0.0000007858900
-89.6000000000000 -0.0000007858900
-88.3200000000000 -0.0000009116213
-87.0400000000000 -0.0000010458123
-87.0400000000000 -0.0000010458123
-85.7600000000000 -0.0000011796954
-84.4800000000000 -0.0000013555320
-84.4800000000000 -0.0000013555320
-83.2000000000000 -0.0000016149377
-81.9200000000000 -0.0000019592038
-81.9200000000000 -0.0000019592038
-80.6400000000000 -0.0000023579428
-79.3600000000000 -0.0000027711801
-79.3600000000000 -0.0000027711801
-78.0800000000000 -0.0000032073814
-76.8000000000000 -0.0000037056091
-76.8000000000000 -0.0000037056091
-75.5200000000000 -0.0000042858376
-74.2400000000000 -0.0000049667581
-74.2400000000000 -0.0000049667581
-72.9600000000000 -0.0000057567183
-71.6800000000000 -0.0000066690707
-71.6800000000000 -0.0000066690707
-70.4000000000000 -0.0000077371189
-69.1200000000000 -0.0000089762996
-69.1200000000000 -0.0000089762996
-67.8400000000000 -0.0000104382171
-66.5600000000000 -0.0000121516321
-66.5600000000000 -0.0000121516321
-65.2800000000000 -0.0000140648378
-64.0000000000000 -0.0000162771113
-64.0000000000000 -0.0000162771113
-62.7200000000000 -0.0000190896826
-61.4400000000000 -0.0000223179300
-61.4400000000000 -0.0000223179300
-60.1600000000000 -0.0000257270613
-58.8800000000000 -0.0000299577348
-58.8800000000000 -0.0000299577348
-57.6000000000000 -0.0000351947814
-56.3200000000000 -0.0000410703630
-56.3200000000000 -0.0000410703630
-55.0400000000000 -0.0000476613670
-53.7600000000000 -0.0000556057563
-53.7600000000000 -0.0000556057563
-52.4800000000000 -0.0000651930532
-51.2000000000000 -0.0000763779388
-51.2000000000000 -0.0000763779388
-49.9200000000000 -0.0000893096421
-48.6400000000000 -0.0001044494382
-48.6400000000000 -0.0001044494382
-47.3600000000000 -0.0001223634718
-46.0800000000000 -0.0001435706868
-46.0800000000000 -0.0001435706868
-44.8000000000000 -0.0001686289234
-43.5200000000000 -0.0001982270444
-43.5200000000000 -0.0001982270444
-42.2400000000000 -0.0002332289104
-40.9600000000000 -0.0002746509258
-40.9600000000000 -0.0002746509258
-39.6800000000000 -0.0003237723548
-38.4000000000000 -0.0003821476497
-38.4000000000000 -0.0003821476497
-37.7600000000000 -0.0004153646833
-37.1200000000000 -0.0004516171828
-37.1200000000000 -0.0004516171828
-36.4800000000000 -0.0004912027548
-35.8400000000000 -0.0005344476907
-35.8400000000000 -0.0005344476907
-35.8400000000000 -0.0005344476907
-35.2000000000000 -0.0005817140711
-34.5600000000000 -0.0006333941302
-34.5600000000000 -0.0006333941302
-33.9200000000000 -0.0006899251363
-33.2800000000000 -0.0007518005494
-33.2800000000000 -0.0007518005494
-33.2800000000000 -0.0007518005494
-32.6400000000000 -0.0008195707720
-32.0000000000000 -0.0008938431436
-32.0000000000000 -0.0008938431436
-31.3600000000000 -0.0009752972637
-30.7200000000000 -0.0010646840928
-30.7200000000000 -0.0010646840928
-30.7200000000000 -0.0010646840928
-30.0800000000000 -0.0011628497324
-29.4400000000000 -0.0012707253920
-29.4400000000000 -0.0012707253920
-28.8000000000000 -0.0013893380753
-28.1600000000000 -0.0015198397414
-28.1600000000000 -0.0015198397414
-28.1600000000000 -0.0015198397414
-27.5200000000000 -0.0016635601849
-26.8800000000000 -0.0018220941108
-26.8800000000000 -0.0018220941108
-26.2400000000000 -0.0019970229654
-25.6000000000000 -0.0021900666202
-25.6000000000000 -0.0021900666202
-25.6000000000000 -0.0021900666202
-24.9600000000000 -0.0024036130337
-24.3200000000000 -0.0026399433611
-24.3200000000000 -0.0026399433611
-23.6800000000000 -0.0029016383615
-23.0400000000000 -0.0031920766277
-23.0400000000000 -0.0031920766277
-23.0400000000000 -0.0031920766277
-22.7200000000000 -0.0033490917324
-22.4000000000000 -0.0035145896573
-22.4000000000000 -0.0035145896573
-22.0800000000000 -0.0036890830740
-21.7600000000000 -0.0038731819304
-21.7600000000000 -0.0038731819304
-21.7600000000000 -0.0038731819304
-21.4400000000000 -0.0040675362158
-21.1200000000000 -0.0042727393220
-21.1200000000000 -0.0042727393220
-20.8000000000000 -0.0044894322370
-20.4800000000000 -0.0047183374813
-20.4800000000000 -0.0047183374813
-20.4800000000000 -0.0047183374813
-20.4800000000000 -0.0047183374813
-20.1600000000000 -0.0049602336893
-19.8400000000000 -0.0052160106564
-19.8400000000000 -0.0052160106564
-19.5200000000000 -0.0054866291571
-19.2000000000000 -0.0057730592868
-19.2000000000000 -0.0057730592868
-19.2000000000000 -0.0057730592868
-18.8800000000000 -0.0060763565261
-18.5600000000000 -0.0063976744051
-18.5600000000000 -0.0063976744051
-18.2400000000000 -0.0067382388515
-17.9200000000000 -0.0070993951393
-17.9200000000000 -0.0070993951393
-17.9200000000000 -0.0070993951393
-17.9200000000000 -0.0070993951393
-17.6000000000000 -0.0074826224922
-17.2800000000000 -0.0078894908173
-17.2800000000000 -0.0078894908173
-16.9600000000000 -0.0083217107232
-16.6400000000000 -0.0087811827744
-16.6400000000000 -0.0087811827744
-16.6400000000000 -0.0087811827744
-16.3200000000000 -0.0092699492297
-16.0000000000000 -0.0097902020479
-16.0000000000000 -0.0097902020479
-15.6800000000000 -0.0103443590845
-15.5200000000000 -0.0106349732864
-15.3600000000000 -0.0109350699243
-15.3600000000000 -0.0109350699243
-15.3600000000000 -0.0109350699243
-15.3600000000000 -0.0109350699243
-15.3600000000000 -0.0109350699243
-15.2000000000000 -0.0112450114772
-15.0400000000000 -0.0115651812034
-15.0400000000000 -0.0115651812034
-14.8800000000000 -0.0118959812618
-14.7200000000000 -0.0122378478669
-14.7200000000000 -0.0122378478669
-14.7200000000000 -0.0122378478669
-14.5600000000000 -0.0125912386984
-14.4000000000000 -0.0129566122191
-14.4000000000000 -0.0129566122191
-14.2400000000000 -0.0133344496166
-14.0800000000000 -0.0137252729385
-14.0800000000000 -0.0137252729385
-14.0800000000000 -0.0137252729385
-14.0800000000000 -0.0137252729385
-13.9200000000000 -0.0141296276837
-13.7600000000000 -0.0145480792224
-13.7600000000000 -0.0145480792224
-13.6000000000000 -0.0149812153901
-13.4400000000000 -0.0154296539412
-13.4400000000000 -0.0154296539412
-13.4400000000000 -0.0154296536344
-13.2800000000000 -0.0158940493372
-13.1200000000000 -0.0163750939549
-13.1200000000000 -0.0163750939549
-12.9600000000000 -0.0168735164141
-12.8000000000000 -0.0173900835132
-12.8000000000000 -0.0173900835132
-12.8000000000000 -0.0173900835132
-12.8000000000000 -0.0173900835132
-12.8000000000000 -0.0173900835132
-12.6400000000000 -0.0179256067641
-12.4800000000000 -0.0184809482964
-12.4800000000000 -0.0184809482964
-12.3200000000000 -0.0190570227581
-12.1600000000000 -0.0196547966050
-12.1600000000000 -0.0196547966050
-12.1600000000000 -0.0196547966050
-12.0000000000000 -0.0202752871203
-11.8400000000000 -0.0209195633988
-11.8400000000000 -0.0209195633988
-11.6800000000000 -0.0215887518426
-11.5200000000000 -0.0222840450772
-11.5200000000000 -0.0222840450772
-11.5200000000000 -0.0222840450772
-11.5200000000000 -0.0222840450772
-11.3600000000000 -0.0230067086710
-11.2000000000000 -0.0237580855351
-11.2000000000000 -0.0237580855351
-11.0400000000000 -0.0245396052647
-10.8800000000000 -0.0253527983012
-10.8800000000000 -0.0253527983012
-10.8800000000000 -0.0253527983012
-10.7200000000000 -0.0261993038082
-10.5600000000000 -0.0270808662859
-10.5600000000000 -0.0270808662859
-10.4000000000000 -0.0279993329160
-10.2400000000000 -0.0289566655172
-10.2400000000000 -0.0289566655172
-10.2400000000000 -0.0289566655172
-10.2400000000000 -0.0289566655172
-10.2400000000000 -0.0289566655172
-10.0800000000000 -0.0299549625197
-9.9200000000000 -0.0309964742146
-9.9200000000000 -0.0309964742146
-9.7600000000000 -0.0320836088379
-9.6000000000000 -0.0332189448810
-9.6000000000000 -0.0332189448810
-9.6000000000000 -0.0332189448810
-9.4400000000000 -0.0344052505193
-9.2800000000000 -0.0356454964377
-9.2800000000000 -0.0356454964377
-9.1200000000000 -0.0369428711759
-8.9600000000000 -0.0383008077255
-8.9600000000000 -0.0383008077255
-8.9600000000000 -0.0383008077255
-8.9600000000000 -0.0383008077255
-8.8000000000000 -0.0397230046291
-8.6400000000000 -0.0412134464706
-8.6400000000000 -0.0412134464706
-8.4800000000000 -0.0427764376242
-8.3200000000000 -0.0444166326417
-8.3200000000000 -0.0444166326417
-8.3200000000000 -0.0444166326417
-8.1600000000000 -0.0461390645355
-8.0000000000000 -0.0479491900452
-8.0000000000000 -0.0479491900452
-7.8400000000000 -0.0498529381944
-7.6800000000000 -0.0518567529021
-7.6800000000000 -0.0518567529021
-7.6800000000000 -0.0518567529021
-7.6800000000000 -0.0518567529021
-7.6800000000000 -0.0518567529021
-7.5200000000000 -0.0539676540408
-7.3600000000000 -0.0561933236321
-7.3600000000000 -0.0561933236321
-7.2000000000000 -0.0585421907604
-7.0400000000000 -0.0610235062586
-7.0400000000000 -0.0610235062586
-7.0400000000000 -0.0610235062586
-6.8800000000000 -0.0636474320705
-6.7200000000000 -0.0664251593697
-6.7200000000000 -0.0664251593697
-6.5600000000000 -0.0693690467895
-6.4000000000000 -0.0724927793985
-6.4000000000000 -0.0724927793985
-6.4000000000000 -0.0724927793985
-6.4000000000000 -0.0724927793985
-6.2400000000000 -0.0758115439980
-6.0800000000000 -0.0793422204194
-6.0800000000000 -0.0793422204194
-5.9200000000000 -0.0831036305986
-5.7600000000000 -0.0871168510080
-5.7600000000000 -0.0871168510080
-5.7600000000000 -0.0871168510080
-5.6000000000000 -0.0914055269356
-5.4400000000000 -0.0959961061885
-5.4400000000000 -0.0959961061885
-5.2800000000000 -0.1009172896676
-5.1200000000000 -0.1061944969128
-5.1200000000000 -0.1061944969128
-5.1200000000000 -0.1061944969128
-5.1200000000000 -0.1061944969128
-5.1200000000000 -0.1061944969128
-4.9600000000000 -0.1118414789525
-4.8000000000000 -0.1178708483885
-4.8000000000000 -0.1178708483885
-4.6400000000000 -0.1242944283719
-4.4800000000000 -0.1311212608615
-4.4800000000000 -0.1311212608615
-4.4800000000000 -0.1311212608615
-4.3200000000000 -0.1383580594400
-4.1600000000000 -0.1460076236487
-4.1600000000000 -0.1460076236487
-4.0000000000000 -0.1540682614989
-3.8400000000000 -0.1625327213740
-3.8400000000000 -0.1625327213740
-3.8400000000000 -0.1625327213740
-3.8400000000000 -0.1625327213740
-3.6800000000000 -0.1713869365580
-3.5200000000000 -0.1806087240735
-3.5200000000000 -0.1806087240735
-3.3600000000000 -0.1901664253663
-3.2000000000000 -0.2000175201633
-3.2000000000000 -0.2000175201633
-3.2000000000000 -0.2000175201633
-3.0400000000000 -0.2101072365022
-2.8800000000000 -0.2203675613729
-2.8800000000000 -0.2203675613729
-2.7200000000000 -0.2307165946823
-2.5600000000000 -0.2410583086281
-2.5600000000000 -0.2410583086281
-2.5600000000000 -0.2410583086281
-2.5600000000000 -0.2410583086281
-2.5600000000000 -0.2410583086281
-2.4000000000000 -0.2512832827088
-2.2400000000000 -0.2612703009037
-2.2400000000000 -0.2612703009037
-2.0800000000000 -0.2708894347679
-1.9200000000000 -0.2800066728962
-1.9200000000000 -0.2800066728962
-1.9200000000000 -0.2800066728962
-1.7600000000000 -0.2884902354278
-1.6000000000000 -0.2962186739399
-1.6000000000000 -0.2962186739399
-1.4400000000000 -0.3030893589106
-1.2800000000000 -0.3090293990245
-1.2800000000000 -0.3090293990245
-1.2800000000000 -0.3090293990245
-1.2800000000000 -0.3090293990245
-1.1200000000000 -0.3140017836147
-0.9600000000000 -0.3180153777057
-0.9600000000000 -0.3180153777057
-0.8000000000000 -0.3211195546508
-0.6400000000000 -0.3234089323452
-0.6400000000000 -0.3234089323452
-0.6400000000000 -0.3234089323452
-0.4800000000000 -0.3249965266094
-0.3200000000000 -0.3260162171064
-0.3200000000000 -0.3260162171064
-0.1600000000000 -0.3265705347221
0.0000000000000 -0.3267486474738
0.0000000000000 -0.3267486474738
0.0000000000000 -0.3267486474738
0.0000000000000 -0.3267486474738
0.0000000000000 -0.3267486474738
0.1600000000000 -0.3265705347217
0.3200000000000 -0.3260162171057
0.3200000000000 -0.3260162171057
0.4800000000000 -0.3249965266085
0.6400000000000 -0.3234089323442
0.6400000000000 -0.3234089323442
0.6400000000000 -0.3234089323442
0.8000000000000 -0.3211195546496
0.9600000000000 -0.3180153777043
0.9600000000000 -0.3180153777043
1.1200000000000 -0.3140017836128
1.2800000000000 -0.3090293990219
1.2800000000000 -0.3090293990219
1.2800000000000 -0.3090293990219
1.2800000000000 -0.3090293990219
1.4400000000000 -0.3030893589073
1.6000000000000 -0.2962186739362
1.6000000000000 -0.2962186739362
1.7600000000000 -0.2884902354238
1.9200000000000 -0.2800066728918
1.9200000000000 -0.2800066728918
1.9200000000000 -0.2800066728918
2.0800000000000 -0.2708894347628
2.2400000000000 -0.2612703008978
2.2400000000000 -0.2612703008978
2.4000000000000 -0.2512832827019
2.5600000000000 -0.2410583086205
2.5600000000000 -0.2410583086205
2.5600000000000 -0.2410583086205
2.5600000000000 -0.2410583086205
2.5600000000000 -0.2410583086205
2.7200000000000 -0.2307165946743
2.8800000000000 -0.2203675613650
2.8800000000000 -0.2203675613650
3.0400000000000 -0.2101072364948
3.2000000000000 -0.2000175201571
3.2000000000000 -0.2000175201571
3.2000000000000 -0.2000175201571
3.3600000000000 -0.1901664253619
3.5200000000000 -0.1806087240714
3.5200000000000 -0.1806087240714
3.6800000000000 -0.1713869365580
3.8400000000000 -0.1625327213765
3.8400000000000 -0.1625327213765
3.8400000000000 -0.1625327213765
3.8400000000000 -0.1625327213765
4.0000000000000 -0.1540682615037
4.1600000000000 -0.1460076236545
4.1600000000000 -0.1460076236545
4.3200000000000 -0.1383580594456
4.4800000000000 -0.1311212608654
4.4800000000000 -0.1311212608654
4.4800000000000 -0.1311212608654
4.6400000000000 -0.1242944283730
4.8000000000000 -0.1178708483853
4.8000000000000 -0.1178708483853
4.9600000000000 -0.1118414789461
5.1200000000000 -0.1061944969090
5.1200000000000 -0.1061944969090
5.1200000000000 -0.1061944969090
5.1200000000000 -0.1061944969090
5.1200000000000 -0.1061944969090
5.2800000000000 -0.1009172896661
5.4400000000000 -0.0959961061886
5.4400000000000 -0.0959961061886
5.6000000000000 -0.0914055269363
5.7600000000000 -0.0871168510088
5.7600000000000 -0.0871168510088
5.7600000000000 -0.0871168510088
5.9200000000000 -0.0831036305995
6.0800000000000 -0.0793422204200
6.0800000000000 -0.0793422204200
6.2400000000000 -0.0758115439985
6.4000000000000 -0.0724927793989
6.4000000000000 -0.0724927793989
6.4000000000000 -0.0724927793989
6.4000000000000 -0.0724927793989
6.5600000000000 -0.0693690467898
6.7200000000000 -0.0664251593699
6.7200000000000 -0.0664251593699
6.8800000000000 -0.0636474320706
7.0400000000000 -0.0610235062587
7.0400000000000 -0.0610235062587
7.0400000000000 -0.0610235062587
7.2000000000000 -0.0585421907604
7.3600000000000 -0.0561933236321
7.3600000000000 -0.0561933236321
7.5200000000000 -0.0539676540407
7.6800000000000 -0.0518567529019
7.6800000000000 -0.0518567529019
7.6800000000000 -0.0518567529019
7.6800000000000 -0.0518567529019
7.6800000000000 -0.0518567529019
7.8400000000000 -0.0498529381942
8.0000000000000 -0.0479491900450
8.0000000000000 -0.0479491900450
8.1600000000000 -0.0461390645353
8.3200000000000 -0.0444166326414
8.3200000000000 -0.0444166326414
8.3200000000000 -0.0444166326414
8.4800000000000 -0.0427764376239
8.6400000000000 -0.0412134464704
8.6400000000000 -0.0412134464704
8.8000000000000 -0.0397230046289
8.9600000000000 -0.0383008077252
8.9600000000000 -0.0383008077252
8.9600000000000 -0.0383008077252
8.9600000000000 -0.0383008077252
9.1200000000000 -0.0369428711756
9.2800000000000 -0.0356454964373
9.2800000000000 -0.0356454964373
9.4400000000000 -0.0344052505190
9.6000000000000 -0.0332189448807
9.6000000000000 -0.0332189448807
9.6000000000000 -0.0332189448807
9.7600000000000 -0.0320836088377
9.9200000000000 -0.0309964742144
9.9200000000000 -0.0309964742144
10.0800000000000 -0.0299549625195
10.2400000000000 -0.0289566655170
10.2400000000000 -0.0289566655170
10.2400000000000 -0.0289566655170
10.2400000000000 -0.0289566655170
10.2400000000000 -0.0289566655170
10.4000000000000 -0.0279993329158
10.5600000000000 -0.0270808662858
10.5600000000000 -0.0270808662858
10.7200000000000 -0.0261993038082
10.8800000000000 -0.0253527983011
10.8800000000000 -0.0253527983011
10.8800000000000 -0.0253527983011
11.0400000000000 -0.0245396052646
11.2000000000000 -0.0237580855349
11.2000000000000 -0.0237580855349
11.3600000000000 -0.0230067086707
11.5200000000000 -0.0222840450770
11.5200000000000 -0.0222840450770
11.5200000000000 -0.0222840450770
11.5200000000000 -0.0222840450770
11.6800000000000 -0.0215887518424
11.8400000000000 -0.0209195633987
11.8400000000000 -0.0209195633987
12.0000000000000 -0.0202752871204
12.1600000000000 -0.0196547966053
12.1600000000000 -0.0196547966053
12.1600000000000 -0.0196547966053
12.3200000000000 -0.0190570227585
12.4800000000000 -0.0184809482970
12.4800000000000 -0.0184809482970
12.6400000000000 -0.0179256067646
12.8000000000000 -0.0173900835135
12.8000000000000 -0.0173900835135
12.8000000000000 -0.0173900835135
12.8000000000000 -0.0173900835135
12.8000000000000 -0.0173900835135
12.9600000000000 -0.0168735164140
13.1200000000000 -0.0163750939546
13.1200000000000 -0.0163750939546
13.2800000000000 -0.0158940493367
13.4400000000000 -0.0154296539408
13.4400000000000 -0.0154296539408
13.4400000000000 -0.0154296539408
13.6000000000000 -0.0149812153899
13.7600000000000 -0.0145480792224
13.7600000000000 -0.0145480792224
13.9200000000000 -0.0141296276840
14.0800000000000 -0.0137252729388
14.0800000000000 -0.0137252733477
14.0800000000000 -0.0137252729388
14.0800000000000 -0.0137252733477
14.2400000000000 -0.0133344496169
14.4000000000000 -0.0129566122193
14.4000000000000 -0.0129566122193
14.5600000000000 -0.0125912386986
14.7200000000000 -0.0122378478670
14.7200000000000 -0.0122378478670
14.7200000000000 -0.0122378478670
14.8800000000000 -0.0118959812618
15.0400000000000 -0.0115651812033
15.0400000000000 -0.0115651812033
15.2000000000000 -0.0112450114771
15.3600000000000 -0.0109350699242
15.3600000000000 -0.0109350699242
15.3600000000000 -0.0109350699242
15.3600000000000 -0.0109350699242
15.3600000000000 -0.0109350699242
15.5200000000000 -0.0106349732864
15.6800000000000 -0.0103443590844
16.0000000000000 -0.0097902020479
16.0000000000000 -0.0097902020479
16.3200000000000 -0.0092699492297
16.6400000000000 -0.0087811827744
16.6400000000000 -0.0087811827744
16.6400000000000 -0.0087811827744
16.9600000000000 -0.0083217107233
17.2800000000000 -0.0078894908173
17.2800000000000 -0.0078894908173
17.6000000000000 -0.0074826224922
17.9200000000000 -0.0070993951393
17.9200000000000 -0.0070993951393
17.9200000000000 -0.0070993951393
17.9200000000000 -0.0070993951393
18.2400000000000 -0.0067382388515
18.5600000000000 -0.0063976744050
18.5600000000000 -0.0063976744050
18.8800000000000 -0.0060763565261
19.2000000000000 -0.0057730592868
19.2000000000000 -0.0057730592868
19.2000000000000 -0.0057730592868
19.5200000000000 -0.0054866291572
19.8400000000000 -0.0052160106564
19.8400000000000 -0.0052160106564
20.1600000000000 -0.0049602336892
20.4800000000000 -0.0047183374813
20.4800000000000 -0.0047183374813
20.4800000000000 -0.0047183374813
20.4800000000000 -0.0047183374813
20.8000000000000 -0.0044894322369
21.1200000000000 -0.0042727393220
21.1200000000000 -0.0042727393220
21.4400000000000 -0.0040675362158
21.7600000000000 -0.0038731819304
21.7600000000000 -0.0038731819304
21.7600000000000 -0.0038731819304
22.0800000000000 -0.0036890830740
22.4000000000000 -0.0035145896573
22.4000000000000 -0.0035145896573
22.7200000000000 -0.0033490917324
23.0400000000000 -0.0031920766277
23.0400000000000 -0.0031920766277
23.0400000000000 -0.0031920766277
23.6800000000000 -0.0029016383615
24.3200000000000 -0.0026399433611
24.3200000000000 -0.0026399433611
24.9600000000000 -0.0024036130337
25.6000000000000 -0.0021900666202
25.6000000000000 -0.0021900666202
25.6000000000000 -0.0021900666202
26.2400000000000 -0.0019970229654
26.8800000000000 -0.0018220941108
26.8800000000000 -0.0018220941108
27.5200000000000 -0.0016635601849
28.1600000000000 -0.0015198397414
28.1600000000000 -0.0015198397414
28.1600000000000 -0.0015198397414
28.8000000000000 -0.0013893380753
29.4400000000000 -0.0012707253920
29.4400000000000 -0.0012707253920
30.0800000000000 -0.0011628497324
30.7200000000000 -0.0010646840928
30.7200000000000 -0.0010646840928
30.7200000000000 -0.0010646840928
31.3600000000000 -0.0009752972637
32.0000000000000 -0.0008938431436
32.0000000000000 -0.0008938431436
32.6400000000000 -0.0008195707720
33.2800000000000 -0.0007518005494
33.2800000000000 -0.0007518005494
33.2800000000000 -0.0007518005494
33.9200000000000 -0.0006899251363
34.5600000000000 -0.0006333941302
34.5600000000000 -0.0006333941302
35.2000000000000 -0.0005817140711
35.8400000000000 -0.0005344476907
35.8400000000000 -0.0005344476907
35.8400000000000 -0.0005344476907
36.4800000000000 -0.0004912027548
37.1200000000000 -0.0004516171828
37.1200000000000 -0.0004516171828
37.7600000000000 -0.0004153646833
38.4000000000000 -0.0003821476497
38.4000000000000 -0.0003821476497
39.6800000000000 -0.0003237723548
40.9600000000000 -0.0002746509258
40.9600000000000 -0.0002746509258
42.2400000000000 -0.0002332289104
43.5200000000000 -0.0001982270444
43.5200000000000 -0.0001982270444
44.8000000000000 -0.0001686289234
46.0800000000000 -0.0001435706868
46.0800000000000 -0.0001435706868
47.3600000000000 -0.0001223634718
48.6400000000000 -0.0001044494382
48.6400000000000 -0.0001044494382
49.9200000000000 -0.0000893096421
51.2000000000000 -0.0000763779388
51.2000000000000 -0.0000763779388
52.4800000000000 -0.0000651930532
53.7600000000000 -0.0000556057563
53.7600000000000 -0.0000556057563
55.0400000000000 -0.0000476613670
56.3200000000000 -0.0000410703630
56.3200000000000 -0.0000410703630
57.6000000000000 -0.0000351947814
58.8800000000000 -0.0000299577348
58.8800000000000 -0.0000299577348
60.1600000000000 -0.0000257270613
61.4400000000000 -0.0000223179300
61.4400000000000 -0.0000223179300
62.7200000000000 -0.0000190896826
64.0000000000000 -0.0000162771113
64.0000000000000 -0.0000162771113
65.2800000000000 -0.0000140648378
66.5600000000000 -0.0000121516321
66.5600000000000 -0.0000121516321
67.8400000000000 -0.0000104382171
69.1200000000000 -0.0000089762996
69.1200000000000 -0.0000089762996
70.4000000000000 -0.0000077371189
71.6800000000000 -0.0000066690707
71.6800000000000 -0.0000066690707
72.9600000000000 -0.0000057567183
74.2400000000000 -0.0000049667581
74.2400000000000 -0.0000049667581
75.5200000000000 -0.0000042858376
76.8000000000000 -0.0000037056091
76.8000000000000 -0.0000037056091
78.0800000000000 -0.0000032073814
79.3600000000000 -0.0000027711801
79.3600000000000 -0.0000027711801
80.6400000000000 -0.0000023579428
81.9200000000000 -0.0000019592038
81.9200000000000 -0.0000019592038
83.2000000000000 -0.0000016149377
84.4800000000000 -0.0000013555320
84.4800000000000 -0.0000013555320
85.7600000000000 -0.0000011796954
87.0400000000000 -0.0000010458123
87.0400000000000 -0.0000010458123
88.3200000000000 -0.0000009116213
89.6000000000000 -0.0000007858900
89.6000000000000 -0.0000007858900
90.8800000000000 -0.0000006822501
92.1600000000000 -0.0000005907788
92.1600000000000 -0.0000005907788
93.4400000000000 -0.0000005133843
94.7200000000000 -0.0000004526252
94.7200000000000 -0.0000004526252
96.0000000000000 -0.0000003957662
97.2800000000000 -0.0000003410395
97.2800000000000 -0.0000003410395
98.5600000000000 -0.0000002952017
99.8400000000000 -0.0000002571477
99.8400000000000 -0.0000002571477
101.1200000000000 -0.0000002233409
102.4000000000000 -0.0000001924520
102.4000000000000 -0.0000001924520
103.6800000000000 -0.0000001687657
104.9600000000000 -0.0000001483026
104.9600000000000 -0.0000001483026
106.2400000000000 -0.0000001298448
107.5200000000000 -0.0000001136231
107.5200000000000 -0.0000001136231
108.8000000000000 -0.0000001041503
110.0800000000000 -0.0000000982765
110.0800000000000 -0.0000000982765
111.3600000000000 -0.0000000943252
112.6400000000000 -0.0000000880811
112.6400000000000 -0.0000000880811
113.9200000000000 -0.0000000820731
115.2000000000000 -0.0000000812030
115.2000000000000 -0.0000000812030
116.4800000000000 -0.0000000813596
117.7600000000000 -0.0000000810864
117.7600000000000 -0.0000000810864
119.0400000000000 -0.0000000857880
120.3200000000000 -0.0000001034669
120.3200000000000 -0.0000001034669
121.6000000000000 -0.0000001301134
122.8800000000000 -0.0000001401766
122.8800000000000 -0.0000001401766
124.1600000000000 -0.0000001133764
125.4400000000000 -0.0000000621011
125.4400000000000 -0.0000000621011
126.7200000000000 -0.0000000163980
128.0000000000000 0.0000000068611
128.0000000000000 0.0000000068611
129.2800000000000 0.0000000108405
130.5600000000000 0.0000000040652
130.5600000000000 0.0000000040652
131.8400000000000 0.0000000008891
133.1200000000000 -0.0000000001870
133.1200000000000 -0.0000000001870
134.4000000000000 -0.0000000005137
135.6800000000000 -0.0000000001468
135.6800000000000 -0.0000000001468
136.9600000000000 -0.0000000000114
138.2400000000000 0.0000000000157
138.2400000000000 0.0000000000157
139.5200000000000 0.0000000000245
140.8000000000000 0.0000000000053
143.3600000000000 -0.0000000000008
145.9200000000000 -0.0000000000002
148.4800000000000 -0.0000000000000
151.0400000000000 -0.0000000000001
153.6000000000000 -0.0000000000001
156.1600000000000 -0.0000000000001
158.7200000000000 -0.0000000000001
161.2800000000000 -0.0000000000001
163.8400000000000 -0.0000000000001
166.4000000000000 -0.0000000000001
168.9600000000000 -0.0000000000001
171.5200000000000 -0.0000000000001
174.0800000000000 -0.0000000000001
176.6400000000000 -0.0000000000001
179.2000000000000 -0.0000000000001
181.7600000000000 -0.0000000000001
184.3200000000000 -0.0000000000001
186.8800000000000 -0.0000000000001
189.4400000000000 -0.0000000000001
192.0000000000000 -0.0000000000001
194.5600000000000 -0.0000000000001
197.1200000000000 -0.0000000000001
199.6800000000000 -0.0000000000001
202.2400000000000 -0.0000000000001
204.8000000000000 -0.0000000000001
207.3600000000000 -0.0000000000001
209.9200000000000 -0.0000000000001
212.4800000000000 -0.0000000000001
215.0400000000000 -0.0000000000001
217.6000000000000 -0.0000000000001
220.1600000000000 -0.0000000000001
222.7200000000000 -0.0000000000001
225.2800000000000 -0.0000000000001
227.8400000000000 -0.0000000000001
230.4000000000000 -0.0000000000001
232.9600000000000 -0.0000000000001
235.5200000000000 -0.0000000000001
238.0800000000000 -0.0000000000001
240.6400000000000 -0.0000000000001
243.2000000000000 -0.0000000000001
245.7600000000000 -0.0000000000001
248.3200000000000 -0.0000000000001
250.8800000000000 -0.0000000000001
253.4400000000000 -0.0000000000001
256.0000000000000 -0.0000000000001
258.5600000000000 -0.0000000000001
261.1200000000000 -0.0000000000001
263.6800000000000 -0.0000000000001
266.2400000000000 -0.0000000000001
268.8000000000000 -0.0000000000001
271.3600000000000 -0.0000000000001
273.9200000000000 -0.0000000000001
276.4800000000000 -0.0000000000001
279.0400000000000 -0.0000000000001
281.6000000000000 -0.0000000000001
284.1600000000000 -0.0000000000001
286.7200000000000 -0.0000000000001
289.2800000000000 -0.0000000000001
291.8400000000000 -0.0000000000001
294.4000000000000 -0.0000000000001
296.9600000000000 -0.0000000000001
299.5200000000000 -0.0000000000001
302.0800000000000 -0.0000000000001
304.6400000000000 -0.0000000000001
307.2000000000000 -0.0000000000001
309.7600000000000 -0.0000000000001
312.3200000000000 -0.0000000000000
314.8800000000000 -0.0000000000000
317.4400000000000 -0.0000000000000
