# x lapse
-317.4400000000000 0.9947894106731
-314.8800000000000 0.9947472447467
-312.3200000000000 0.9947043377798
-309.7600000000000 0.9946607273104
-307.2000000000000 0.9946164164461
-304.6400000000000 0.9945713879647
-302.0800000000000 0.9945256549104
-299.5200000000000 0.9944792223776
-296.9600000000000 0.9944320408214
-294.4000000000000 0.9943840523322
-291.8400000000000 0.9943352336086
-289.2800000000000 0.9942855637575
-286.7200000000000 0.9942350077248
-284.1600000000000 0.9941835416311
-281.6000000000000 0.9941311484000
-279.0400000000000 0.9940778012345
-276.4800000000000 0.9940234763470
-273.9200000000000 0.9939681556560
-271.3600000000000 0.9939118136319
-268.8000000000000 0.9938544216910
-266.2400000000000 0.9937959514445
-263.6800000000000 0.9937363680974
-261.1200000000000 0.9936756350588
-258.5600000000000 0.9936137172806
-256.0000000000000 0.9935505779574
-253.4400000000000 0.9934861823334
-250.8800000000000 0.9934204986397
-248.3200000000000 0.9933534951287
-245.7600000000000 0.9932851418625
-243.2000000000000 0.9932154092639
-240.6400000000000 0.9931442655510
-238.0800000000000 0.9930716773181
-235.5200000000000 0.9929976086313
-232.9600000000000 0.9929220211948
-230.4000000000000 0.9928448744864
-227.8400000000000 0.9927661255207
-225.2800000000000 0.9926857304542
-222.7200000000000 0.9926036438631
-220.1600000000000 0.9925198178709
-217.6000000000000 0.9924342016899
-215.0400000000000 0.9923467407731
-212.4800000000000 0.9922573805640
-209.9200000000000 0.9921660705396
-207.3600000000000 0.9920727644253
-204.8000000000000 0.9919774181386
-202.2400000000000 0.9918799864331
-199.6800000000000 0.9917804234026
-197.1200000000000 0.9916786879832
-194.5600000000000 0.9915747464282
-192.0000000000000 0.9914685674391
-189.4400000000000 0.9913601213611
-186.8800000000000 0.9912493894156
-184.3200000000000 0.9911363667918
-181.7600000000000 0.9910210555352
-179.2000000000000 0.9909034663623
-176.6400000000000 0.9907836322402
-174.0800000000000 0.9906616189954
-171.5200000000000 0.9905375285567
-168.9600000000000 0.9904114976439
-166.4000000000000 0.9902837117003
-163.8400000000000 0.9901544443801
-161.2800000000000 0.9900240914343
-158.7200000000000 0.9898931896064
-156.1600000000000 0.9897624536792
-153.6000000000000 0.9896328507446
-151.0400000000000 0.9895056812333
-148.4800000000000 0.9893826312226
-145.9200000000000 0.9892658154677
-143.3600000000000 0.9891577819044
-140.8000000000000 0.9890613370382
-139.5200000000000 0.9890182990245
-138.2400000000000 0.9889790842905
-138.2400000000000 0.9889790842905
-136.9600000000000 0.9889438312040
-135.6800000000000 0.9889125458133
-135.6800000000000 0.9889125458133
-134.4000000000000 0.9888850024042
-133.1200000000000 0.9888606991711
-133.1200000000000 0.9888606991711
-131.8400000000000 0.9888387827482
-130.5600000000000 0.9888179440574
-130.5600000000000 0.9888179440574
-129.2800000000000 0.9887964270457
-128.0000000000000 0.9887718551373
-128.0000000000000 0.9887718551373
-126.7200000000000 0.9887413822838
-125.4400000000000 0.9887015567244
-125.4400000000000 0.9887015567244
-124.1600000000000 0.9886485078935
-122.8800000000000 0.9885780681491
-122.8800000000000 0.9885780681491
-121.6000000000000 0.9884859770225
-120.3200000000000 0.9883681244005
-120.3200000000000 0.9883681244005
-119.0400000000000 0.9882208211304
-117.7600000000000 0.9880410928006
-117.7600000000000 0.9880410928006
-116.4800000000000 0.9878269849283
-115.2000000000000 0.9875778319527
-115.2000000000000 0.9875778319527
-113.9200000000000 0.9872944091556
-112.6400000000000 0.9869789151644
-112.6400000000000 0.9869789151644
-111.3600000000000 0.9866348228222
-110.0800000000000 0.9862666867857
-110.0800000000000 0.9862666867857
-108.8000000000000 0.9858799314729
-107.5200000000000 0.9854805604179
-107.5200000000000 0.9854805604179
-106.2400000000000 0.9850747783091
-104.9600000000000 0.9846686342242
-104.9600000000000 0.9846686342242
-103.6800000000000 0.9842677660463
-102.4000000000000 0.9838771763126
-102.4000000000000 0.9838771763126
-101.1200000000000 0.9835009750053
-99.8400000000000 0.9831422081226
-99.8400000000000 0.9831422081226
-98.5600000000000 0.9828028949893
-97.2800000000000 0.9824841375969
-97.2800000000000 0.9824841375969
-96.0000000000000 0.9821860984416
-94.7200000000000 0.9819079406484
-94.7200000000000 0.9819079406484
-93.4400000000000 0.9816479556883
-92.1600000000000 0.9814038195634
-92.1600000000000 0.9814038195634
-90.8800000000000 0.9811727537721
-89.6000000000000 0.9809515900889
-89.6000000000000 0.9809515900889
-88.3200000000000 0.9807368832248
-87.0400000000000 0.9805250781253
-87.0400000000000 0.9805250781253
-85.7600000000000 0.9803126557627
-84.4800000000000 0.9800962475470
-84.4800000000000 0.9800962475470
-83.2000000000000 0.9798727229495
-81.9200000000000 0.9796392233198
-81.9200000000000 0.9796392233198
-80.6400000000000 0.9793931616387
-79.3600000000000 0.9791322610840
-79.3600000000000 0.9791322610840
-78.0800000000000 0.9788546238999
-76.8000000000000 0.9785587342111
-76.8000000000000 0.9785587342111
-75.5200000000000 0.9782433957019
-74.2400000000000 0.9779076916932
-74.2400000000000 0.9779076916932
-72.9600000000000 0.9775509672200
-71.6800000000000 0.9771727937810
-71.6800000000000 0.9771727937810
-70.4000000000000 0.9767729195900
-69.1200000000000 0.9763512023650
-69.1200000000000 0.9763512023650
-67.8400000000000 0.9759075429893
-66.5600000000000 0.9754418454970
-66.5600000000000 0.9754418454970
-65.2800000000000 0.9749539870870
-64.0000000000000 0.9744437912826
-64.0000000000000 0.9744437912826
-62.7200000000000 0.9739109873424
-61.4400000000000 0.9733551366066
-61.4400000000000 0.9733551366066
-60.1600000000000 0.9727755826168
-58.8800000000000 0.9721714678442
-58.8800000000000 0.9721714678442
-57.6000000000000 0.9715417587911
-56.3200000000000 0.9708852100203
-56.3200000000000 0.9708852100203
-55.0400000000000 0.9702002848828
-53.7600000000000 0.9694851122873
-53.7600000000000 0.9694851122873
-52.4800000000000 0.9687375073722
-51.2000000000000 0.9679550094829
-51.2000000000000 0.9679550094829
-49.9200000000000 0.9671348736489
-48.6400000000000 0.9662739801756
-48.6400000000000 0.9662739801756
-47.3600000000000 0.9653687382694
-46.0800000000000 0.9644150959789
-46.0800000000000 0.9644150959789
-44.8000000000000 0.9634085865434
-43.5200000000000 0.9623442592421
-43.5200000000000 0.9623442592421
-42.2400000000000 0.9612165448359
-40.9600000000000 0.9600191686646
-40.9600000000000 0.9600191686646
-39.6800000000000 0.9587450225529
-38.4000000000000 0.9573860934661
-38.4000000000000 0.9573860934661
-37.7600000000000 0.9566720953219
-37.1200000000000 0.9559334602734
-37.1200000000000 0.9559334602734
-36.4800000000000 0.9551688706137
-35.8400000000000 0.9543768915151
-35.8400000000000 0.9543768915151
-35.8400000000000 0.9543768915151
-35.2000000000000 0.9535559862614
-34.5600000000000 0.9527045623978
-34.5600000000000 0.9527045623978
-33.9200000000000 0.9518209055316
-33.2800000000000 0.9509031459201
-33.2800000000000 0.9509031459201
-33.2800000000000 0.9509031459201
-32.6400000000000 0.9499492698755
-32.0000000000000 0.9489570901472
-32.0000000000000 0.9489570901472
-31.3600000000000 0.9479242354810
-30.7200000000000 0.9468482430451
-30.7200000000000 0.9468482430451
-30.7200000000000 0.9468482430451
-30.0800000000000 0.9457264090679
-29.4400000000000 0.9445557131818
-29.4400000000000 0.9445557131818
-28.8000000000000 0.9433328750994
-28.1600000000000 0.9420544023067
-28.1600000000000 0.9420544023067
-28.1600000000000 0.9420544023067
-27.5200000000000 0.9407165102544
-26.8800000000000 0.9393150075673
-26.8800000000000 0.9393150075673
-26.2400000000000 0.9378452618489
-25.6000000000000 0.9363022041344
-25.6000000000000 0.9363022041344
-25.6000000000000 0.9363022041344
-24.9600000000000 0.9346802934595
-24.3200000000000 0.9329734295050
-24.3200000000000 0.9329734295050
-23.6800000000000 0.9311748324597
-23.0400000000000 0.9292769651647
-23.0400000000000 0.9292769651647
-23.0400000000000 0.9292769651647
-22.7200000000000 0.9282882271837
-22.4000000000000 0.9272714661841
-22.4000000000000 0.9272714661841
-22.0800000000000 0.9262254882632
-21.7600000000000 0.9251490397501
-21.7600000000000 0.9251490397501
-21.7600000000000 0.9251490397501
-21.4400000000000 0.9240407921523
-21.1200000000000 0.9228993244752
-21.1200000000000 0.9228993244752
-20.8000000000000 0.9217231289921
-20.4800000000000 0.9205106162889
-20.4800000000000 0.9205106162889
-20.4800000000000 0.9205106162889
-20.4800000000000 0.9205106162889
-20.1600000000000 0.9192600972015
-19.8400000000000 0.9179697745078
-19.8400000000000 0.9179697745078
-19.5200000000000 0.9166377369238
-19.2000000000000 0.9152619550850
-19.2000000000000 0.9152619550850
-19.2000000000000 0.9152619550850
-18.8800000000000 0.9138402705223
-18.5600000000000 0.9123703779455
-18.5600000000000 0.9123703779455
-18.2400000000000 0.9108498102244
-17.9200000000000 0.9092759298670
-17.9200000000000 0.9092759298670
-17.9200000000000 0.9092759298670
-17.9200000000000 0.9092759298670
-17.6000000000000 0.9076459192630
-17.2800000000000 0.9059567625932
-17.2800000000000 0.9059567625932
-16.9600000000000 0.9042052234679
-16.6400000000000 0.9023878263246
-16.6400000000000 0.9023878263246
-16.6400000000000 0.9023878263246
-16.3200000000000 0.9005008383556
-16.0000000000000 0.8985402442361
-16.0000000000000 0.8985402442361
-15.6800000000000 0.8965017155040
-15.5200000000000 0.8954517795584
-15.3600000000000 0.8943805789636
-15.3600000000000 0.8943805789636
-15.3600000000000 0.8943805789636
-15.3600000000000 0.8943805789636
-15.3600000000000 0.8943805789636
-15.2000000000000 0.8932874704951
-15.0400000000000 0.8921717857524
-15.0400000000000 0.8921717857524
-14.8800000000000 0.8910328291512
-14.7200000000000 0.8898698771542
-14.7200000000000 0.8898698771542
-14.7200000000000 0.8898698771542
-14.5600000000000 0.8886821761414
-14.4000000000000 0.8874689410243
-14.4000000000000 0.8874689410243
-14.2400000000000 0.8862293533701
-14.0800000000000 0.8849625599665
-14.0800000000000 0.8849625599665
-14.0800000000000 0.8849625599665
-14.0800000000000 0.8849625599665
-13.9200000000000 0.8836676707031
-13.7600000000000 0.8823437571685
-13.7600000000000 0.8823437571685
-13.6000000000000 0.8809898503401
-13.4400000000000 0.8796049383159
-13.4400000000000 0.8796049383361
-13.4400000000000 0.8796049383159
-13.2800000000000 0.8781879639847
-13.1200000000000 0.8767378224906
-13.1200000000000 0.8767378224906
-12.9600000000000 0.8752533583153
-12.8000000000000 0.8737333621394
-12.8000000000000 0.8737333621394
-12.8000000000000 0.8737333621394
-12.8000000000000 0.8737333621394
-12.8000000000000 0.8737333621394
-12.6400000000000 0.8721765678942
-12.4800000000000 0.8705816500214
-12.4800000000000 0.8705816500214
-12.3200000000000 0.8689472203558
-12.1600000000000 0.8672718242436
-12.1600000000000 0.8672718242436
-12.1600000000000 0.8672718242436
-12.0000000000000 0.8655539363146
-11.8400000000000 0.8637919564310
-11.8400000000000 0.8637919564310
-11.6800000000000 0.8619842055197
-11.5200000000000 0.8601289205986
-11.5200000000000 0.8601289205986
-11.5200000000000 0.8601289205986
-11.5200000000000 0.8601289205986
-11.3600000000000 0.8582242489756
-11.2000000000000 0.8562682422581
-11.2000000000000 0.8562682422581
-11.0400000000000 0.8542588504742
-10.8800000000000 0.8521939158455
-10.8800000000000 0.8521939158455
-10.8800000000000 0.8521939158455
-10.8000000000000 0.8511399144536
-10.7200000000000 0.8500711657029
-10.7200000000000 0.8500711657029
-10.6400000000000 0.8489873662685
-10.5600000000000 0.8478882046546
-10.5600000000000 0.8478882046546
-10.5600000000000 0.8478882046546
-10.4800000000000 0.8467733609180
-10.4000000000000 0.8456425064368
-10.4000000000000 0.8456425064368
-10.3200000000000 0.8444953035977
-10.2400000000000 0.8433314055790
-10.2400000000000 0.8433314055790
-10.2400000000000 0.8433314055790
-10.2400000000000 0.8433314055790
-10.2400000000000 0.8433314055790
-10.2400000000000 0.8433314055790
-10.1600000000000 0.8421504559782
-10.0800000000000 0.8409520886080
-10.0800000000000 0.8409520886080
-10.0000000000000 0.8397359270489
-9.9200000000000 0.8385015843611
-9.9200000000000 0.8385015843611
-9.9200000000000 0.8385015843611
-9.8400000000000 0.8372486626738
-9.7600000000000 0.8359767527773
-9.7600000000000 0.8359767527773
-9.6800000000000 0.8346854337019
-9.6000000000000 0.8333742722908
-9.6000000000000 0.8333742722908
-9.6000000000000 0.8333742722908
-9.6000000000000 0.8333742722908
-9.5200000000000 0.8320428227739
-9.4400000000000 0.8306906263373
-9.4400000000000 0.8306906263373
-9.3600000000000 0.8293172106832
-9.2800000000000 0.8279220895785
-9.2800000000000 0.8279220895714
-9.2800000000000 0.8279220895714
-9.2000000000000 0.8265047623370
-9.1200000000000 0.8250647133797
-9.1200000000000 0.8250647133797
-9.0400000000000 0.8236014116261
-8.9600000000000 0.8221143099610
-8.9600000000000 0.8221143099610
-8.9600000000000 0.8221143099610
-8.9600000000000 0.8221143099610
-8.9600000000000 0.8221143099610
-8.8800000000000 0.8206028446297
-8.8000000000000 0.8190664346100
-8.8000000000000 0.8190664346100
-8.7200000000000 0.8175044809580
-8.6400000000000 0.8159163661306
-8.6400000000000 0.8159163661306
-8.6400000000000 0.8159163661306
-8.5600000000000 0.8143014532889
-8.4800000000000 0.8126590855831
-8.4800000000000 0.8126590855831
-8.4000000000000 0.8109885854150
-8.3200000000000 0.8092892536715
-8.3200000000000 0.8092892536715
-8.3200000000000 0.8092892536715
-8.3200000000000 0.8092892536715
-8.2400000000000 0.8075603689209
-8.1600000000000 0.8058011865612
-8.1600000000000 0.8058011865612
-8.0800000000000 0.8040109379167
-8.0000000000000 0.8021888292803
-8.0000000000000 0.8021888292803
-8.0000000000000 0.8021888292803
-7.9200000000000 0.8003340409081
-7.8400000000000 0.7984457259714
-7.8400000000000 0.7984457259714
-7.7600000000000 0.7965230094755
-7.6800000000000 0.7945649871446
-7.6800000000000 0.7945649871446
-7.6800000000000 0.7945649871446
-7.6800000000000 0.7945649871446
-7.6800000000000 0.7945649871446
-7.6800000000000 0.7945649871446
-7.6000000000000 0.7925707242709
-7.5200000000000 0.7905392545197
-7.5200000000000 0.7905392545197
-7.4400000000000 0.7884695786793
-7.3600000000000 0.7863606633465
-7.3600000000000 0.7863606633465
-7.3600000000000 0.7863606633465
-7.2800000000000 0.7842114395383
-7.2000000000000 0.7820208012246
-7.2000000000000 0.7820208012246
-7.1200000000000 0.7797876037835
-7.0400000000000 0.7775106623838
-7.0400000000000 0.7775106623838
-7.0400000000000 0.7775106623838
-7.0400000000000 0.7775106623838
-6.9600000000000 0.7751887503029
-6.8800000000000 0.7728205971797
-6.8800000000000 0.7728205971797
-6.8000000000000 0.7704048871970
-6.7200000000000 0.7679402571842
-6.7200000000000 0.7679402571842
-6.7200000000000 0.7679402571842
-6.6400000000000 0.7654252946311
-6.5600000000000 0.7628585356059
-6.5600000000000 0.7628585356059
-6.4800000000000 0.7602384625715
-6.4000000000000 0.7575635020946
-6.4000000000000 0.7575635020946
-6.4000000000000 0.7575635020946
-6.4000000000000 0.7575635020946
-6.4000000000000 0.7575635020946
-6.3600000000000 0.7562049314930
-6.3200000000000 0.7548320224403
-6.3200000000000 0.7548320224403
-6.2800000000000 0.7534445614443
-6.2400000000000 0.7520423310516
-6.2400000000000 0.7520423310516
-6.2400000000000 0.7520423310516
-6.2000000000000 0.7506251097534
-6.1600000000000 0.7491926719070
-6.1600000000000 0.7491926719070
-6.1200000000000 0.7477447876373
-6.0800000000000 0.7462812227551
-6.0800000000000 0.7462812227551
-6.0800000000000 0.7462812227551
-6.0800000000000 0.7462812227551
-6.0400000000000 0.7448017386533
-6.0000000000000 0.7433060922218
-6.0000000000000 0.7433060922218
-5.9600000000000 0.7417940357390
-5.9200000000000 0.7402653167770
-5.9200000000000 0.7402653167770
-5.9200000000000 0.7402653167770
-5.8800000000000 0.7387196780977
-5.8400000000000 0.7371568575480
-5.8400000000000 0.7371568575480
-5.8000000000000 0.7355765879527
-5.7600000000000 0.7339785970058
-5.7600000000000 0.7339785970058
-5.7600000000000 0.7339785970058
-5.7600000000000 0.7339785970058
-5.7600000000000 0.7339785970058
-5.7200000000000 0.7323626071579
-5.6800000000000 0.7307283355029
-5.6800000000000 0.7307283355029
-5.6400000000000 0.7290754936606
-5.6000000000000 0.7274037876572
-5.6000000000000 0.7274037876572
-5.6000000000000 0.7274037876572
-5.5600000000000 0.7257129178033
-5.5200000000000 0.7240025785682
-5.5200000000000 0.7240025785682
-5.4800000000000 0.7222724584517
-5.4400000000000 0.7205222398531
-5.4400000000000 0.7205222398531
-5.4400000000000 0.7205222398531
-5.4400000000000 0.7205222398531
-5.4000000000000 0.7187515989359
-5.3600000000000 0.7169602054910
-5.3600000000000 0.7169602054910
-5.3200000000000 0.7151477227951
-5.2800000000000 0.7133138074669
-5.2800000000000 0.7133138074669
-5.2800000000000 0.7133138074669
-5.2400000000000 0.7114581093192
-5.2000000000000 0.7095802712079
-5.2000000000000 0.7095802712079
-5.1600000000000 0.7076799288778
-5.1200000000000 0.7057567108046
-5.1200000000000 0.7057567108046
-5.1200000000000 0.7057567108046
-5.1200000000000 0.7057567108046
-5.1200000000000 0.7057567108046
-5.1200000000000 0.7057567108046
-5.1200000000000 0.7057567108046
-5.0800000000000 0.7038102380334
-5.0400000000000 0.7018401240142
-5.0400000000000 0.7018401240142
-5.0000000000000 0.6998459744335
-4.9600000000000 0.6978273870428
-4.9600000000000 0.6978273870428
-4.9600000000000 0.6978273870428
-4.9200000000000 0.6957839514830
-4.8800000000000 0.6937152491057
-4.8800000000000 0.6937152491057
-4.8400000000000 0.6916208527902
-4.8000000000000 0.6895003267573
-4.8000000000000 0.6895003267573
-4.8000000000000 0.6895003267573
-4.8000000000000 0.6895003267573
-4.7600000000000 0.6873532263785
-4.7200000000000 0.6851790979812
-4.7200000000000 0.6851790979812
-4.6800000000000 0.6829774786507
-4.6400000000000 0.6807478960266
-4.6400000000000 0.6807478960266
-4.6400000000000 0.6807478960266
-4.6000000000000 0.6784898680960
-4.5600000000000 0.6762029029820
-4.5600000000000 0.6762029029820
-4.5200000000000 0.6738864987278
-4.4800000000000 0.6715401430765
-4.4800000000000 0.6715401430765
-4.4800000000000 0.6715401430765
-4.4800000000000 0.6715401430765
-4.4800000000000 0.6715401430765
-4.4400000000000 0.6691633132466
-4.4000000000000 0.6667554757035
-4.4000000000000 0.6667554757035
-4.3600000000000 0.6643160859258
-4.3200000000000 0.6618445881683
-4.3200000000000 0.6618445881683
-4.3200000000000 0.6618445881683
-4.2800000000000 0.6593404152200
-4.2400000000000 0.6568029881578
-4.2400000000000 0.6568029881578
-4.2000000000000 0.6542317160964
-4.1800000000000 0.6529332002055
-4.1600000000000 0.6516259959324
-4.1600000000000 0.6516259959324
-4.1600000000000 0.6516259959324
-4.1600000000000 0.6516259959324
-4.1600000000000 0.6516259959324
-4.1400000000000 0.6503100259376
-4.1200000000000 0.6489852120853
-4.1200000000000 0.6489852120853
-4.1000000000000 0.6476514754348
-4.0800000000000 0.6463087362325
-4.0800000000000 0.6463087362325
-4.0800000000000 0.6463087362325
-4.0600000000000 0.6449569139026
-4.0400000000000 0.6435959270399
-4.0400000000000 0.6435959270399
-4.0200000000000 0.6422256933996
-4.0000000000000 0.6408461298896
-4.0000000000000 0.6408461298896
-4.0000000000000 0.6408461298896
-4.0000000000000 0.6408461298896
-3.9800000000000 0.6394571525613
-3.9600000000000 0.6380586766007
-3.9600000000000 0.6380586766007
-3.9400000000000 0.6366506163196
-3.9200000000000 0.6352328851464
-3.9200000000000 0.6352328851464
-3.9200000000000 0.6352328851464
-3.9000000000000 0.6338053956173
-3.8800000000000 0.6323680593671
-3.8800000000000 0.6323680593671
-3.8600000000000 0.6309207871198
-3.8400000000000 0.6294634886799
-3.8400000000000 0.6294634886799
-3.8400000000000 0.6294634886799
-3.8400000000000 0.6294634886799
-3.8400000000000 0.6294634886799
-3.8400000000000 0.6294634886799
-3.8400000000000 0.6294634886799
-3.8200000000000 0.6279960729227
-3.8000000000000 0.6265184477848
-3.8000000000000 0.6265184477848
-3.7800000000000 0.6250305202553
-3.7600000000000 0.6235321963659
-3.7600000000000 0.6235321963659
-3.7600000000000 0.6235321963659
-3.7400000000000 0.6220233811815
-3.7200000000000 0.6205039787906
-3.7200000000000 0.6205039787906
-3.7000000000000 0.6189738922959
-3.6800000000000 0.6174330238044
-3.6800000000000 0.6174330238044
-3.6800000000000 0.6174330238044
-3.6800000000000 0.6174330238044
-3.6600000000000 0.6158812744177
-3.6400000000000 0.6143185442226
-3.6400000000000 0.6143185442226
-3.6200000000000 0.6127447322807
-3.6000000000000 0.6111597366190
-3.6000000000000 0.6111597366190
-3.6000000000000 0.6111597366190
-3.5800000000000 0.6095634542195
-3.5600000000000 0.6079557810100
-3.5600000000000 0.6079557810100
-3.5400000000000 0.6063366118531
-3.5200000000000 0.6047058405369
-3.5200000000000 0.6047058405369
-3.5200000000000 0.6047058405369
-3.5200000000000 0.6047058405369
-3.5200000000000 0.6047058405369
-3.5000000000000 0.6030633597643
-3.4800000000000 0.6014090611434
-3.4800000000000 0.6014090611434
-3.4600000000000 0.5997428351767
-3.4400000000000 0.5980645712511
-3.4400000000000 0.5980645712511
-3.4400000000000 0.5980645712511
-3.4200000000000 0.5963741576279
-3.4000000000000 0.5946714814319
-3.4000000000000 0.5946714814319
-3.3800000000000 0.5929564286414
-3.3600000000000 0.5912288840778
-3.3600000000000 0.5912288840778
-3.3600000000000 0.5912288840778
-3.3600000000000 0.5912288840778
-3.3400000000000 0.5894887313950
-3.3200000000000 0.5877358530694
-3.3200000000000 0.5877358530694
-3.3000000000000 0.5859701303889
-3.2800000000000 0.5841914434429
-3.2800000000000 0.5841914434429
-3.2800000000000 0.5841914434429
-3.2600000000000 0.5823996711115
-3.2400000000000 0.5805946910554
-3.2400000000000 0.5805946910554
-3.2200000000000 0.5787763797052
-3.2000000000000 0.5769446122512
-3.2000000000000 0.5769446122512
-3.2000000000000 0.5769446122512
-3.2000000000000 0.5769446122512
-3.2000000000000 0.5769446122512
-3.2000000000000 0.5769446122512
-3.1800000000000 0.5750992626326
-3.1600000000000 0.5732402035273
-3.1600000000000 0.5732402035273
-3.1400000000000 0.5713673063416
-3.1200000000000 0.5694804411996
-3.1200000000000 0.5694804411996
-3.1200000000000 0.5694804411996
-3.1000000000000 0.5675794769331
-3.0800000000000 0.5656642810710
-3.0800000000000 0.5656642810710
-3.0600000000000 0.5637347198291
-3.0400000000000 0.5617906581002
-3.0400000000000 0.5617906581002
-3.0400000000000 0.5617906581002
-3.0400000000000 0.5617906581002
-3.0200000000000 0.5598319594433
-3.0000000000000 0.5578584860741
-3.0000000000000 0.5578584860741
-2.9800000000000 0.5558700988545
-2.9600000000000 0.5538666572828
-2.9600000000000 0.5538666572828
-2.9600000000000 0.5538666572828
-2.9400000000000 0.5518480194838
-2.9200000000000 0.5498140421988
-2.9200000000000 0.5498140421988
-2.9000000000000 0.5477645807764
-2.8800000000000 0.5456994891622
-2.8800000000000 0.5456994891622
-2.8800000000000 0.5456994891622
-2.8800000000000 0.5456994891622
-2.8800000000000 0.5456994891622
-2.8600000000000 0.5436186198898
-2.8400000000000 0.5415218240716
-2.8400000000000 0.5415218240716
-2.8200000000000 0.5394089513890
-2.8000000000000 0.5372798500840
-2.8000000000000 0.5372798500840
-2.8000000000000 0.5372798500840
-2.7800000000000 0.5351343669500
-2.7600000000000 0.5329723473229
-2.7600000000000 0.5329723473229
-2.7400000000000 0.5307936350729
-2.7200000000000 0.5285980725960
-2.7200000000000 0.5285980725960
-2.7200000000000 0.5285980725960
-2.7200000000000 0.5285980725960
-2.7000000000000 0.5263855008053
-2.6800000000000 0.5241557591240
-2.6800000000000 0.5241557591240
-2.6600000000000 0.5219086854765
-2.6400000000000 0.5196441162815
-2.6400000000000 0.5196441162815
-2.6400000000000 0.5196441162815
-2.6200000000000 0.5173618864446
-2.6000000000000 0.5150618293509
-2.6000000000000 0.5150618293509
-2.5800000000000 0.5127437768586
-2.5600000000000 0.5104075592923
-2.5600000000000 0.5104075592923
-2.5600000000000 0.5104075592923
-2.5600000000000 0.5104075592923
-2.5600000000000 0.5104075592923
-2.5600000000000 0.5104075592923
-2.5600000000000 0.5104075592923
-2.5600000000000 0.5104075592923
-2.5400000000000 0.5080530054369
-2.5200000000000 0.5056799425316
-2.5200000000000 0.5056799425316
-2.5000000000000 0.5032881962648
-2.4800000000000 0.5008775907684
-2.4800000000000 0.5008775907684
-2.4800000000000 0.5008775907684
-2.4600000000000 0.4984479486133
-2.4400000000000 0.4959990908054
-2.4400000000000 0.4959990908054
-2.4200000000000 0.4935308367808
-2.4000000000000 0.4910430044031
-2.4000000000000 0.4910430044031
-2.4000000000000 0.4910430044031
-2.4000000000000 0.4910430044031
-2.3800000000000 0.4885354099600
-2.3600000000000 0.4860078681608
-2.3600000000000 0.4860078681608
-2.3400000000000 0.4834601921346
-2.3200000000000 0.4808921934288
-2.3200000000000 0.4808921934288
-2.3200000000000 0.4808921934288
-2.3000000000000 0.4783036820083
-2.2800000000000 0.4756944662558
-2.2800000000000 0.4756944662558
-2.2600000000000 0.4730643529718
-2.2400000000000 0.4704131473768
-2.2400000000000 0.4704131473768
-2.2400000000000 0.4704131473768
-2.2400000000000 0.4704131473768
-2.2400000000000 0.4704131473768
-2.2200000000000 0.4677406531127
-2.2000000000000 0.4650466722462
-2.2000000000000 0.4650466722462
-2.1800000000000 0.4623310052726
-2.1600000000000 0.4595934511204
-2.1600000000000 0.4595934511204
-2.1600000000000 0.4595934511204
-2.1400000000000 0.4568338071571
-2.1200000000000 0.4540518691961
-2.1200000000000 0.4540518691961
-2.1000000000000 0.4512474315045
-2.0800000000000 0.4484202868119
-2.0800000000000 0.4484202868119
-2.0800000000000 0.4484202868119
-2.0800000000000 0.4484202868119
-2.0600000000000 0.4455702263211
-2.0400000000000 0.4426970397195
-2.0400000000000 0.4426970397195
-2.0200000000000 0.4398005151919
-2.0000000000000 0.4368804394350
-2.0000000000000 0.4368804394350
-2.0000000000000 0.4368804394350
-1.9800000000000 0.4339365976735
-1.9600000000000 0.4309687736769
-1.9600000000000 0.4309687736769
-1.9400000000000 0.4279767497792
-1.9200000000000 0.4249603068990
-1.9200000000000 0.4249603068990
-1.9200000000000 0.4249603068990
-1.9200000000000 0.4249603068990
-1.9200000000000 0.4249603068990
-1.9200000000000 0.4249603068990
-1.9000000000000 0.4219192245630
-1.8800000000000 0.4188532809297
-1.8800000000000 0.4188532809297
-1.8600000000000 0.4157622528170
-1.8400000000000 0.4126459157311
-1.8400000000000 0.4126459157311
-1.8400000000000 0.4126459157311
-1.8200000000000 0.4095040438981
-1.8000000000000 0.4063364102993
-1.8000000000000 0.4063364102993
-1.7800000000000 0.4031427867076
-1.7600000000000 0.3999229437290
-1.7600000000000 0.3999229437290
-1.7600000000000 0.3999229437290
-1.7600000000000 0.3999229437290
-1.7400000000000 0.3966766508464
-1.7200000000000 0.3934036764665
-1.7200000000000 0.3934036764665
-1.7000000000000 0.3901037879713
-1.6800000000000 0.3867767517730
-1.6800000000000 0.3867767517730
-1.6800000000000 0.3867767517730
-1.6600000000000 0.3834223333731
-1.6400000000000 0.3800402974255
-1.6400000000000 0.3800402974255
-1.6200000000000 0.3766304078049
-1.6000000000000 0.3731924276795
-1.6000000000000 0.3731924276795
-1.6000000000000 0.3731924276795
-1.6000000000000 0.3731924276795
-1.6000000000000 0.3731924276795
-1.5800000000000 0.3697261195900
-1.5600000000000 0.3662312455330
-1.5600000000000 0.3662312455330
-1.5400000000000 0.3627075670521
-1.5200000000000 0.3591548453341
-1.5200000000000 0.3591548453341
-1.5200000000000 0.3591548453341
-1.5000000000000 0.3555728413136
-1.4800000000000 0.3519613157845
-1.4800000000000 0.3519613157845
-1.4600000000000 0.3483200295197
-1.4400000000000 0.3446487434007
-1.4400000000000 0.3446487434007
-1.4400000000000 0.3446487434007
-1.4400000000000 0.3446487434007
-1.4200000000000 0.3409472185558
-1.4000000000000 0.3372152165092
-1.4000000000000 0.3372152165092
-1.3800000000000 0.3334524993420
-1.3600000000000 0.3296588298644
-1.3600000000000 0.3296588298644
-1.3600000000000 0.3296588298644
-1.3400000000000 0.3258339718017
-1.3200000000000 0.3219776899940
-1.3200000000000 0.3219776899940
-1.3000000000000 0.3180897506108
-1.2800000000000 0.3141699213824
-1.2800000000000 0.3141699213824
-1.2800000000000 0.3141699213824
-1.2800000000000 0.3141699213824
-1.2800000000000 0.3141699213824
-1.2800000000000 0.3141699213824
-1.2800000000000 0.3141699213824
-1.2600000000000 0.3102179718483
-1.2400000000000 0.3062336736251
-1.2400000000000 0.3062336736251
-1.2200000000000 0.3022168006944
-1.2000000000000 0.2981671297136
-1.2000000000000 0.2981671297136
-1.2000000000000 0.2981671297136
-1.1800000000000 0.2940844403501
-1.1600000000000 0.2899685156426
-1.1600000000000 0.2899685156426
-1.1400000000000 0.2858191423897
-1.1200000000000 0.2816361115708
-1.1200000000000 0.2816361115708
-1.1200000000000 0.2816361115708
-1.1200000000000 0.2816361115708
-1.1000000000000 0.2774192187993
-1.0800000000000 0.2731682648144
-1.0800000000000 0.2731682648144
-1.0600000000000 0.2688830560119
-1.0400000000000 0.2645634050202
-1.0400000000000 0.2645634050202
-1.0400000000000 0.2645634050202
-1.0200000000000 0.2602091313233
-1.0000000000000 0.2558200619380
-1.0000000000000 0.2558200619380
-0.9800000000000 0.2513960321477
-0.9600000000000 0.2469368863004
-0.9600000000000 0.2469368863004
-0.9600000000000 0.2469368863004
-0.9600000000000 0.2469368863004
-0.9600000000000 0.2469368863004
-0.9400000000000 0.2424424786756
-0.9200000000000 0.2379126744292
-0.9200000000000 0.2379126744292
-0.9000000000000 0.2333473506216
-0.8800000000000 0.2287463973401
-0.8800000000000 0.2287463973401
-0.8800000000000 0.2287463973401
-0.8600000000000 0.2241097189246
-0.8400000000000 0.2194372353076
-0.8400000000000 0.2194372353076
-0.8200000000000 0.2147288834835
-0.8000000000000 0.2099846191189
-0.8000000000000 0.2099846191189
-0.8000000000000 0.2099846191189
-0.8000000000000 0.2099846191189
-0.7800000000000 0.2052044183231
-0.7600000000000 0.2003882795939
-0.7600000000000 0.2003882795939
-0.7400000000000 0.1955362259611
-0.7200000000000 0.1906483073518
-0.7200000000000 0.1906483073518
-0.7200000000000 0.1906483073518
-0.7000000000000 0.1857246032057
-0.6800000000000 0.1807652253769
-0.6800000000000 0.1807652253769
-0.6600000000000 0.1757703213605
-0.6400000000000 0.1707400778933
-0.6400000000000 0.1707400778933
-0.6400000000000 0.1707400778933
-0.6400000000000 0.1707400778933
-0.6400000000000 0.1707400778933
-0.6400000000000 0.1707400778933
-0.6200000000000 0.1656747249788
-0.6000000000000 0.1605745403993
-0.6000000000000 0.1605745403993
-0.5800000000000 0.1554398547838
-0.5600000000000 0.1502710573142
-0.5600000000000 0.1502710573142
-0.5600000000000 0.1502710573142
-0.5400000000000 0.1450686021702
-0.5200000000000 0.1398330158413
-0.5200000000000 0.1398330158413
-0.5000000000000 0.1345649054688
-0.4800000000000 0.1292649684226
-0.4800000000000 0.1292649684226
-0.4800000000000 0.1292649684226
-0.4800000000000 0.1292649684226
-0.4600000000000 0.1239340033569
-0.4400000000000 0.1185729230315
-0.4400000000000 0.1185729230315
-0.4200000000000 0.1131827692511
-0.4000000000000 0.1077647303858
-0.4000000000000 0.1077647303858
-0.4000000000000 0.1077647303858
-0.3800000000000 0.1023201621107
-0.3600000000000 0.0968506121745
-0.3600000000000 0.0968506121745
-0.3400000000000 0.0913578501179
-0.3200000000000 0.0858439032319
-0.3200000000000 0.0858439032319
-0.3200000000000 0.0858439032319
-0.3200000000000 0.0858439032319
-0.3200000000000 0.0858439032319
-0.3000000000000 0.0803111016563
-0.2800000000000 0.0747621372597
-0.2800000000000 0.0747621372597
-0.2600000000000 0.0692001323369
-0.2400000000000 0.0636287055109
-0.2400000000000 0.0636287055109
-0.2400000000000 0.0636287055109
-0.2200000000000 0.0580521082519
-0.2000000000000 0.0524755540071
-0.2000000000000 0.0524755540071
-0.1800000000000 0.0469053366369
-0.1600000000000 0.0413484100995
-0.1600000000000 0.0413484100995
-0.1600000000000 0.0413484100995
-0.1600000000000 0.0413484100995
-0.1400000000000 0.0358130940550
-0.1200000000000 0.0303124310236
-0.1200000000000 0.0303124310236
-0.1000000000000 0.0248729741216
-0.0800000000000 0.0195326601335
-0.0800000000000 0.0195326601335
-0.0800000000000 0.0195326601335
-0.0600000000000 0.0142670809295
-0.0400000000000 0.0090599538964
-0.0400000000000 0.0090599538964
-0.0200000000000 0.0046291278688
0.0000000000000 0.0028128276827
0.0000000000000 0.0028128276827
0.0000000000000 0.0028128276827
0.0000000000000 0.0028128276827
0.0000000000000 0.0028128276827
0.0000000000000 0.0028128276827
0.0000000000000 0.0028128276827
0.0000000000000 0.0028128276827
0.0200000000000 0.0047264279554
0.0400000000000 0.0091548828550
0.0400000000000 0.0091548828550
0.0600000000000 0.0143230721934
0.0800000000000 0.0195650299670
0.0800000000000 0.0195650299670
0.0800000000000 0.0195650299670
0.1000000000000 0.0248956574577
0.1200000000000 0.0303288522253
0.1200000000000 0.0303288522253
0.1400000000000 0.0358242259948
0.1600000000000 0.0413553298532
0.1600000000000 0.0413553298532
0.1600000000000 0.0413553298532
0.1600000000000 0.0413553298532
0.1800000000000 0.0469090085638
0.2000000000000 0.0524766723456
0.2000000000000 0.0524766723456
0.2200000000000 0.0580511323524
0.2400000000000 0.0636259755348
0.2400000000000 0.0636259755348
0.2400000000000 0.0636259755348
0.2600000000000 0.0691959262410
0.2800000000000 0.0747566785380
0.2800000000000 0.0747566785380
0.3000000000000 0.0803045692871
0.3200000000000 0.0858364440977
0.3200000000000 0.0858364440977
0.3200000000000 0.0858364440977
0.3200000000000 0.0858364440977
0.3200000000000 0.0858364440977
0.3400000000000 0.0913495868226
0.3600000000000 0.0968416479735
0.3600000000000 0.0968416479735
0.3800000000000 0.1023105847233
0.4000000000000 0.1077546149820
0.4000000000000 0.1077546149820
0.4000000000000 0.1077546149820
0.4200000000000 0.1131721807395
0.4400000000000 0.1185619178307
0.4400000000000 0.1185619178307
0.4600000000000 0.1239226307962
0.4800000000000 0.1292532718644
0.4800000000000 0.1292532718644
0.4800000000000 0.1292532718644
0.4800000000000 0.1292532718644
0.5000000000000 0.1345529232168
0.5200000000000 0.1398207818804
0.5200000000000 0.1398207818804
0.5400000000000 0.1450561467745
0.5600000000000 0.1502584075493
0.5600000000000 0.1502584075493
0.5600000000000 0.1502584075493
0.5800000000000 0.1554270349267
0.6000000000000 0.1605615722901
0.6000000000000 0.1605615722901
0.6200000000000 0.1656616283186
0.6400000000000 0.1707268704983
0.6400000000000 0.1707268704983
0.6400000000000 0.1707268704983
0.6400000000000 0.1707268704983
0.6400000000000 0.1707268704983
0.6400000000000 0.1707268704983
0.6600000000000 0.1757570193791
0.6800000000000 0.1807518434761
0.6800000000000 0.1807518434761
0.7000000000000 0.1857111547323
0.7200000000000 0.1906348044715
0.7200000000000 0.1906348044715
0.7200000000000 0.1906348044715
0.7400000000000 0.1955226797807
0.7600000000000 0.2003747002672
0.7600000000000 0.2003747002672
0.7800000000000 0.2051908151447
0.8000000000000 0.2099710006064
0.8000000000000 0.2099710006064
0.8000000000000 0.2099710006064
0.8000000000000 0.2099710006064
0.8200000000000 0.2147152574505
0.8400000000000 0.2194236089290
0.8400000000000 0.2194236089290
0.8600000000000 0.2240960987938
0.8800000000000 0.2287327895211
0.8800000000000 0.2287327895211
0.8800000000000 0.2287327895211
0.9000000000000 0.2333337606944
0.9200000000000 0.2378991075313
0.9200000000000 0.2378991075313
0.9400000000000 0.2424289395386
0.9600000000000 0.2469233792835
0.9600000000000 0.2469233792835
0.9600000000000 0.2469233792835
0.9600000000000 0.2469233792835
0.9600000000000 0.2469233792835
0.9800000000000 0.2513825612675
1.0000000000000 0.2558066308959
1.0000000000000 0.2558066308959
1.0200000000000 0.2601957435301
1.0400000000000 0.2645500636183
1.0400000000000 0.2645500636183
1.0400000000000 0.2645500636183
1.0600000000000 0.2688697638961
1.0800000000000 0.2731550246500
1.0800000000000 0.2731550246500
1.1000000000000 0.2774060330395
1.1200000000000 0.2816229824719
1.1200000000000 0.2816229824719
1.1200000000000 0.2816229824719
1.1200000000000 0.2816229824719
1.1400000000000 0.2858060720258
1.1600000000000 0.2899555059180
1.1600000000000 0.2899555059180
1.1800000000000 0.2940714930118
1.2000000000000 0.2981542463619
1.2000000000000 0.2981542463619
1.2000000000000 0.2981542463619
1.2200000000000 0.3022039827930
1.2400000000000 0.3062209225104
1.2400000000000 0.3062209225104
1.2600000000000 0.3102052887380
1.2800000000000 0.3141573073834
1.2800000000000 0.3141573073834
1.2800000000000 0.3141573073834
1.2800000000000 0.3141573073834
1.2800000000000 0.3141573073834
1.2800000000000 0.3141573073834
1.2800000000000 0.3141573073834
1.3000000000000 0.3180772067266
1.3200000000000 0.3219652171315
1.3200000000000 0.3219652171315
1.3400000000000 0.3258215707778
1.3600000000000 0.3296465014114
1.3600000000000 0.3296465014114
1.3600000000000 0.3296465014114
1.3800000000000 0.3334402441134
1.4000000000000 0.3372030350845
1.4000000000000 0.3372030350845
1.4200000000000 0.3409351114452
1.4400000000000 0.3446367110493
1.4400000000000 0.3446367110493
1.4400000000000 0.3446367110493
1.4400000000000 0.3446367110493
1.4600000000000 0.3483080723117
1.4800000000000 0.3519494340467
1.4800000000000 0.3519494340467
1.5000000000000 0.3555610353196
1.5200000000000 0.3591431153068
1.5200000000000 0.3591431153068
1.5200000000000 0.3591431153068
1.5400000000000 0.3626959131673
1.5600000000000 0.3662196679224
1.5600000000000 0.3662196679224
1.5800000000000 0.3697146183434
1.6000000000000 0.3731810028479
1.6000000000000 0.3731810028479
1.6000000000000 0.3731810028479
1.6000000000000 0.3731810028479
1.6000000000000 0.3731810028479
1.6200000000000 0.3766190594023
1.6400000000000 0.3800290254319
1.6400000000000 0.3800290254319
1.6600000000000 0.3834111377357
1.6800000000000 0.3867656324089
1.6800000000000 0.3867656324089
1.6800000000000 0.3867656324089
1.7000000000000 0.3900927447688
1.7200000000000 0.3933927092874
1.7200000000000 0.3933927092874
1.7400000000000 0.3966657595274
1.7600000000000 0.3999121280831
1.7600000000000 0.3999121280831
1.7600000000000 0.3999121280831
1.7600000000000 0.3999121280831
1.7800000000000 0.4031320465257
1.8000000000000 0.4063257453519
1.8000000000000 0.4063257453519
1.8200000000000 0.4094934539365
1.8400000000000 0.4126354004882
1.8400000000000 0.4126354004882
1.8400000000000 0.4126354004882
1.8600000000000 0.4157518120093
1.8800000000000 0.4188429142576
1.8800000000000 0.4188429142576
1.9000000000000 0.4219089317123
1.9200000000000 0.4249500875419
1.9200000000000 0.4249500875419
1.9200000000000 0.4249500875419
1.9200000000000 0.4249500875419
1.9200000000000 0.4249500875419
1.9200000000000 0.4249500875419
1.9400000000000 0.4279666035749
1.9600000000000 0.4309587002729
1.9600000000000 0.4309587002729
1.9800000000000 0.4339265967061
2.0000000000000 0.4368705105304
2.0000000000000 0.4368705105304
2.0000000000000 0.4368705105304
2.0200000000000 0.4397906579664
2.0400000000000 0.4426872537810
2.0400000000000 0.4426872537810
2.0600000000000 0.4455605112691
2.0800000000000 0.4484106422384
2.0800000000000 0.4484106422384
2.0800000000000 0.4484106422384
2.0800000000000 0.4484106422384
2.1000000000000 0.4512378569946
2.1200000000000 0.4540423643286
2.1200000000000 0.4540423643286
2.1400000000000 0.4568243715049
2.1600000000000 0.4595840842511
2.1600000000000 0.4595840842511
2.1600000000000 0.4595840842511
2.1800000000000 0.4623217067490
2.2000000000000 0.4650374416268
2.2000000000000 0.4650374416268
2.2200000000000 0.4677314899518
2.2400000000000 0.4704040512253
2.2400000000000 0.4704040512253
2.2400000000000 0.4704040512253
2.2400000000000 0.4704040512253
2.2400000000000 0.4704040512253
2.2600000000000 0.4730553233775
2.2800000000000 0.4756855027634
2.2800000000000 0.4756855027634
2.3000000000000 0.4782947841604
2.3200000000000 0.4808833607655
2.3200000000000 0.4808833607655
2.3200000000000 0.4808833607655
2.3400000000000 0.4834514241944
2.3600000000000 0.4859991644805
2.3600000000000 0.4859991644805
2.3800000000000 0.4885267700751
2.4000000000000 0.4910344278482
2.4000000000000 0.4910344278482
2.4000000000000 0.4910344278482
2.4000000000000 0.4910344278482
2.4200000000000 0.4935223230896
2.4400000000000 0.4959906395112
2.4400000000000 0.4959906395112
2.4600000000000 0.4984395592493
2.4800000000000 0.5008692628675
2.4800000000000 0.5008692628675
2.4800000000000 0.5008692628675
2.5000000000000 0.5032799293604
2.5200000000000 0.5056717361573
2.5200000000000 0.5056717361573
2.5400000000000 0.5080448591270
2.5600000000000 0.5103994725820
2.5600000000000 0.5103994725820
2.5600000000000 0.5103994725820
2.5600000000000 0.5103994725820
2.5600000000000 0.5103994725820
2.5600000000000 0.5103994725820
2.5600000000000 0.5103994725820
2.5600000000000 0.5103994725820
2.5800000000000 0.5127357492840
2.6000000000000 0.5150538604493
2.6000000000000 0.5150538604493
2.6200000000000 0.5173539757546
2.6400000000000 0.5196362633431
2.6400000000000 0.5196362633431
2.6400000000000 0.5196362633431
2.6600000000000 0.5219008898312
2.6800000000000 0.5241480203150
2.6800000000000 0.5241480203150
2.7000000000000 0.5263778183777
2.7200000000000 0.5285904460963
2.7200000000000 0.5285904460963
2.7200000000000 0.5285904460963
2.7200000000000 0.5285904460963
2.7400000000000 0.5307860640500
2.7600000000000 0.5329648313274
2.7600000000000 0.5329648313274
2.7800000000000 0.5351269055346
2.8000000000000 0.5372724428037
2.8000000000000 0.5372724428037
2.8000000000000 0.5372724428037
2.8200000000000 0.5394015978007
2.8400000000000 0.5415145237345
2.8400000000000 0.5415145237345
2.8600000000000 0.5436113723657
2.8800000000000 0.5456922940148
2.8800000000000 0.5456922940148
2.8800000000000 0.5456922940148
2.8800000000000 0.5456922940148
2.8800000000000 0.5456922940148
2.9000000000000 0.5477574375720
2.9200000000000 0.5498069505063
2.9200000000000 0.5498069505063
2.9400000000000 0.5518409788742
2.9600000000000 0.5538596673300
2.9600000000000 0.5538596673300
2.9600000000000 0.5538596673300
2.9800000000000 0.5558631591347
3.0000000000000 0.5578515961662
3.0000000000000 0.5578515961662
3.0200000000000 0.5598251189289
3.0400000000000 0.5617838665634
3.0400000000000 0.5617838665634
3.0400000000000 0.5617838665634
3.0400000000000 0.5617838665634
3.0600000000000 0.5637279768568
3.0800000000000 0.5656575862527
3.0800000000000 0.5656575862527
3.1000000000000 0.5675728298612
3.1200000000000 0.5694738414690
3.1200000000000 0.5694738414690
3.1200000000000 0.5694738414690
3.1400000000000 0.5713607535500
3.1600000000000 0.5732336972752
3.1600000000000 0.5732336972752
3.1800000000000 0.5750928025233
3.2000000000000 0.5769381978908
3.2000000000000 0.5769381978908
3.2000000000000 0.5769381978908
3.2000000000000 0.5769381990522
3.2000000000000 0.5769381978908
3.2000000000000 0.5769381990522
3.2200000000000 0.5787700107024
3.2400000000000 0.5805883670218
3.2400000000000 0.5805883670218
3.2600000000000 0.5823933916615
3.2800000000000 0.5841852081937
3.2800000000000 0.5841852081937
3.2800000000000 0.5841852081937
3.3000000000000 0.5859639389605
3.3200000000000 0.5877297050846
3.3200000000000 0.5877297050846
3.3400000000000 0.5894826264795
3.3600000000000 0.5912228218599
3.3600000000000 0.5912228218599
3.3600000000000 0.5912228218599
3.3600000000000 0.5912228218599
3.3800000000000 0.5929504087526
3.4000000000000 0.5946655035062
3.4000000000000 0.5946655035062
3.4200000000000 0.5963682213024
3.4400000000000 0.5980586761655
3.4400000000000 0.5980586761655
3.4400000000000 0.5980586761655
3.4600000000000 0.5997369809737
3.4800000000000 0.6014032474686
3.4800000000000 0.6014032474686
3.5000000000000 0.6030575862661
3.5200000000000 0.6047001068663
3.5200000000000 0.6047001068663
3.5200000000000 0.6047001068663
3.5200000000000 0.6047001068663
3.5200000000000 0.6047001068663
3.5400000000000 0.6063309176644
3.5600000000000 0.6079501259600
3.5600000000000 0.6079501259600
3.5800000000000 0.6095578379680
3.6000000000000 0.6111541588285
3.6000000000000 0.6111541588285
3.6000000000000 0.6111541588285
3.6200000000000 0.6127391926168
3.6400000000000 0.6143130423535
3.6400000000000 0.6143130423535
3.6600000000000 0.6158758100146
3.6800000000000 0.6174275965410
3.6800000000000 0.6174275965410
3.6800000000000 0.6174275965410
3.6800000000000 0.6174275965410
3.7000000000000 0.6189685018491
3.7200000000000 0.6204986248400
3.7200000000000 0.6204986248400
3.7400000000000 0.6220180634094
3.7600000000000 0.6235269144575
3.7600000000000 0.6235269144575
3.7600000000000 0.6235269144575
3.7800000000000 0.6250252738986
3.8000000000000 0.6265132366705
3.8000000000000 0.6265132366705
3.8200000000000 0.6279908967443
3.8400000000000 0.6294583471338
3.8400000000000 0.6294583471338
3.8400000000000 0.6294583471338
3.8400000000000 0.6294583471338
3.8400000000000 0.6294583471338
3.8400000000000 0.6294583471338
3.8400000000000 0.6294583471338
3.8600000000000 0.6309156799050
3.8800000000000 0.6323629861853
3.8800000000000 0.6323629861853
3.9000000000000 0.6338003561732
3.9200000000000 0.6352278791472
3.9200000000000 0.6352278791472
3.9200000000000 0.6352278791472
3.9400000000000 0.6366456434753
3.9600000000000 0.6380537366239
3.9600000000000 0.6380537366239
3.9800000000000 0.6394522451673
4.0000000000000 0.6408412547964
4.0000000000000 0.6408412547964
4.0000000000000 0.6408412547964
4.0000000000000 0.6408412547964
4.0200000000000 0.6422208503277
4.0400000000000 0.6435911157127
4.0400000000000 0.6435911157127
4.0600000000000 0.6449521340459
4.0800000000000 0.6463039875746
4.0800000000000 0.6463039875746
4.0800000000000 0.6463039875746
4.1000000000000 0.6476467577068
4.1200000000000 0.6489805250207
4.1200000000000 0.6489805250207
4.1400000000000 0.6503053692724
4.1600000000000 0.6516213694052
4.1600000000000 0.6516213694052
4.1600000000000 0.6516213694052
4.1600000000000 0.6516213694052
4.1600000000000 0.6516213694052
4.1800000000000 0.6529286035572
4.2000000000000 0.6542271490707
4.2400000000000 0.6567984796176
4.2400000000000 0.6567984796176
4.2800000000000 0.6593359641686
4.3200000000000 0.6618401936283
4.3200000000000 0.6618401936283
4.3200000000000 0.6618401936283
4.3600000000000 0.6643117469384
4.4000000000000 0.6667511913287
4.4000000000000 0.6667511913287
4.4400000000000 0.6691590825625
4.4800000000000 0.6715359651791
4.4800000000000 0.6715359651791
4.4800000000000 0.6715359651791
4.4800000000000 0.6715359651791
4.4800000000000 0.6715359651791
4.5200000000000 0.6738823727307
4.5600000000000 0.6761988280159
4.5600000000000 0.6761988280159
4.6000000000000 0.6784858433085
4.6400000000000 0.6807439205816
4.6400000000000 0.6807439205816
4.6400000000000 0.6807439205816
4.6800000000000 0.6829735517285
4.7200000000000 0.6851752187779
4.7200000000000 0.6851752187779
4.7600000000000 0.6873493941055
4.8000000000000 0.6894965406415
4.8000000000000 0.6894965406415
4.8000000000000 0.6894965406415
4.8000000000000 0.6894965406415
4.8400000000000 0.6916171120731
4.8800000000000 0.6937115530435
4.8800000000000 0.6937115530435
4.9200000000000 0.6957802993465
4.9600000000000 0.6978237781168
4.9600000000000 0.6978237781168
4.9600000000000 0.6978237781168
5.0000000000000 0.6998424080166
5.0400000000000 0.7018365994186
5.0400000000000 0.7018365994186
5.0800000000000 0.7038067545847
5.1200000000000 0.7057532678413
5.1200000000000 0.7057532678413
5.1200000000000 0.7057532678413
5.1200000000000 0.7057532678413
5.1200000000000 0.7057532678413
5.1200000000000 0.7057532678413
5.1200000000000 0.7057532678413
5.1600000000000 0.7076765257510
5.2000000000000 0.7095769072811
5.2000000000000 0.7095769072811
5.2400000000000 0.7114547839681
5.2800000000000 0.7133105200790
5.2800000000000 0.7133105200790
5.2800000000000 0.7133105200790
5.3200000000000 0.7151444727693
5.3600000000000 0.7169569922376
5.3600000000000 0.7169569922376
5.4000000000000 0.7187484218762
5.4400000000000 0.7205190984192
5.4400000000000 0.7205190984192
5.4400000000000 0.7205190984192
5.4400000000000 0.7205190984192
5.4800000000000 0.7222693520862
5.5200000000000 0.7239995067240
5.5200000000000 0.7239995067240
5.5600000000000 0.7257098799434
5.6000000000000 0.7274007832544
5.6000000000000 0.7274007832544
5.6000000000000 0.7274007832544
5.6400000000000 0.7290725221974
5.6800000000000 0.7307253964711
5.6800000000000 0.7307253964711
5.7200000000000 0.7323597000585
5.7600000000000 0.7339757213489
5.7600000000000 0.7339757213489
5.7600000000000 0.7339757213489
5.7600000000000 0.7339757213489
5.7600000000000 0.7339757213489
5.8000000000000 0.7355737432574
5.8400000000000 0.7371540433421
5.8400000000000 0.7371540433421
5.8800000000000 0.7387168939177
5.9200000000000 0.7402625621677
5.9200000000000 0.7402625621677
5.9200000000000 0.7402625621677
5.9600000000000 0.7417913102538
6.0000000000000 0.7433033954222
6.0000000000000 0.7433033954222
6.0400000000000 0.7447990701087
6.0800000000000 0.7462785820431
6.0800000000000 0.7462785820431
6.0800000000000 0.7462785820431
6.0800000000000 0.7462785820431
6.1200000000000 0.7477421743432
6.1600000000000 0.7491900856241
6.1600000000000 0.7491900856241
6.2000000000000 0.7506225500822
6.2400000000000 0.7520397976005
6.2400000000000 0.7520397976005
6.2400000000000 0.7520397976005
6.2800000000000 0.7534420538288
6.3200000000000 0.7548295402834
6.3200000000000 0.7548295402834
6.3600000000000 0.7562024744246
6.4000000000000 0.7575610697518
6.4000000000000 0.7575610697518
6.4000000000000 0.7575610697518
6.4000000000000 0.7575610697518
6.4000000000000 0.7575610697518
6.4800000000000 0.7602360786180
6.5600000000000 0.7628561986698
6.5600000000000 0.7628561986698
6.6400000000000 0.7654230033907
6.7200000000000 0.7679380103647
6.7200000000000 0.7679380103647
6.7200000000000 0.7679380103647
6.8000000000000 0.7704026835677
6.8800000000000 0.7728184355509
6.8800000000000 0.7728184355509
6.9600000000000 0.7751866295235
7.0400000000000 0.7775085813389
7.0400000000000 0.7775085813389
7.0400000000000 0.7775085813389
7.0400000000000 0.7775085813389
7.1200000000000 0.7797855613926
7.2000000000000 0.7820187964401
7.2000000000000 0.7820187964401
7.2800000000000 0.7842094713444
7.3600000000000 0.7863587307599
7.3600000000000 0.7863587307599
7.3600000000000 0.7863587307599
7.4400000000000 0.7884676807489
7.5200000000000 0.7905373903272
7.5200000000000 0.7905373903272
7.6000000000000 0.7925688929314
7.6800000000000 0.7945631878064
7.6800000000000 0.7945631878064
7.6800000000000 0.7945631878064
7.6800000000000 0.7945631878064
7.6800000000000 0.7945631878064
7.6800000000000 0.7945631878064
7.7600000000000 0.7965212413199
7.8400000000000 0.7984439882108
7.8400000000000 0.7984439882108
7.9200000000000 0.8003323327844
8.0000000000000 0.8021871500623
8.0000000000000 0.8021871500623
8.0000000000000 0.8021871500623
8.0800000000000 0.8040092868965
8.1600000000000 0.8057995630519
8.1600000000000 0.8057995630519
8.2400000000000 0.8075587722543
8.3200000000000 0.8092876831962
8.3200000000000 0.8092876831962
8.3200000000000 0.8092876831962
8.3200000000000 0.8092876831962
8.4000000000000 0.8109870404957
8.4800000000000 0.8126575655998
8.4800000000000 0.8126575655998
8.5600000000000 0.8142999576367
8.6400000000000 0.8159148942200
8.6400000000000 0.8159148942200
8.6400000000000 0.8159148942200
8.7200000000000 0.8175030322152
8.8000000000000 0.8190650084768
8.8000000000000 0.8190650084768
8.8800000000000 0.8206014405640
8.9600000000000 0.8221129274367
8.9600000000000 0.8221129274367
8.9600000000000 0.8221129274367
8.9600000000000 0.8221129274367
8.9600000000000 0.8221129274367
9.0400000000000 0.8236000501333
9.1200000000000 0.8250633724256
9.1200000000000 0.8250633724256
9.2000000000000 0.8265034414459
9.2800000000000 0.8279207882853
9.2800000000000 0.8279207882853
9.2800000000000 0.8279207882853
9.3600000000000 0.8293159285609
9.4400000000000 0.8306893629539
9.4400000000000 0.8306893629539
9.5200000000000 0.8320415777196
9.6000000000000 0.8333730451696
9.6000000000000 0.8333730451696
9.6000000000000 0.8333730451696
9.6000000000000 0.8333730451696
9.6800000000000 0.8346842241303
9.7600000000000 0.8359755603835
9.7600000000000 0.8359755603835
9.8400000000000 0.8372474870965
9.9200000000000 0.8385004252497
9.9200000000000 0.8385004252497
9.9200000000000 0.8385004252497
10.0000000000000 0.8397347840632
10.0800000000000 0.8409509614184
10.0800000000000 0.8409509614184
10.1600000000000 0.8421493442644
10.2400000000000 0.8433303090304
10.2400000000000 0.8433303090304
10.2400000000000 0.8433303090304
10.2400000000000 0.8433303090304
10.2400000000000 0.8433303090304
10.2400000000000 0.8433303090304
10.3200000000000 0.8444942219118
10.4000000000000 0.8456414393193
10.4000000000000 0.8456414393193
10.4800000000000 0.8467723080817
10.5600000000000 0.8478871658184
10.5600000000000 0.8478871658184
10.5600000000000 0.8478871658184
10.6400000000000 0.8489863411569
10.7200000000000 0.8500701540459
10.7200000000000 0.8500701540459
10.8000000000000 0.8511389159860
10.8800000000000 0.8521929303072
10.8800000000000 0.8521929303072
10.8800000000000 0.8521929303072
11.0400000000000 0.8542578900345
11.2000000000000 0.8562673059384
11.2000000000000 0.8562673059384
11.3600000000000 0.8582233358381
11.5200000000000 0.8601280297460
11.5200000000000 0.8601280297460
11.5200000000000 0.8601280297460
11.5200000000000 0.8601280297460
11.6800000000000 0.8619833360975
11.8400000000000 0.8637911076310
11.8400000000000 0.8637911076310
12.0000000000000 0.8655531073753
12.1600000000000 0.8672710144462
12.1600000000000 0.8672710144462
12.1600000000000 0.8672710144462
12.3200000000000 0.8689464290159
12.4800000000000 0.8705808764818
12.4800000000000 0.8705808764818
12.6400000000000 0.8721758115246
12.8000000000000 0.8737326223402
12.8000000000000 0.8737326223402
12.8000000000000 0.8737326223402
12.8000000000000 0.8737326223402
12.8000000000000 0.8737326223402
12.9600000000000 0.8752526345214
13.1200000000000 0.8767371141720
13.1200000000000 0.8767371141720
13.2800000000000 0.8781872706427
13.4400000000000 0.8796042594770
13.4400000000000 0.8796042594770
13.4400000000000 0.8796042594770
13.6000000000000 0.8809891855512
13.7600000000000 0.8823431059973
13.7600000000000 0.8823431059973
13.9200000000000 0.8836670327407
14.0800000000000 0.8849619348274
14.0800000000000 0.8849619348572
14.0800000000000 0.8849619348274
14.0800000000000 0.8849619348572
14.2400000000000 0.8862287406873
14.4000000000000 0.8874683404397
14.4000000000000 0.8874683404397
14.5600000000000 0.8886815873035
14.7200000000000 0.8898692997173
14.7200000000000 0.8898692997173
14.7200000000000 0.8898692997173
14.8800000000000 0.8910322627750
15.0400000000000 0.8921712301014
15.0400000000000 0.8921712301014
15.2000000000000 0.8932869252396
15.3600000000000 0.8943800437869
15.3600000000000 0.8943800437869
15.3600000000000 0.8943800437869
15.3600000000000 0.8943800437869
15.3600000000000 0.8943800437869
15.5200000000000 0.8954512541574
15.6800000000000 0.8965011995940
16.0000000000000 0.8985397465138
16.0000000000000 0.8985397465138
16.3200000000000 0.9005003577997
16.6400000000000 0.9023873619510
16.6400000000000 0.9023873619510
16.6400000000000 0.9023873619510
16.9600000000000 0.9042047743556
17.2800000000000 0.9059563279103
17.2800000000000 0.9059563279103
17.6000000000000 0.9076454983035
17.9200000000000 0.9092755220505
17.9200000000000 0.9092755220505
17.9200000000000 0.9092755220505
17.9200000000000 0.9092755220505
18.2400000000000 0.9108494150250
18.5600000000000 0.9123699948112
18.5600000000000 0.9123699948112
18.8800000000000 0.9138398988852
19.2000000000000 0.9152615944358
19.2000000000000 0.9152615944358
19.2000000000000 0.9152615944358
19.5200000000000 0.9166373868187
19.8400000000000 0.9179694344961
19.8400000000000 0.9179694344961
20.1600000000000 0.9192597667879
20.4800000000000 0.9205102949883
20.4800000000000 0.9205102949883
20.4800000000000 0.9205102949883
20.4800000000000 0.9205102949883
20.8000000000000 0.9217228163264
21.1200000000000 0.9228990200238
21.1200000000000 0.9228990200238
21.4400000000000 0.9240404955581
21.7600000000000 0.9251487506998
21.7600000000000 0.9251487506998
21.7600000000000 0.9251487506998
22.0800000000000 0.9262252064851
22.4000000000000 0.9272711914404
22.4000000000000 0.9272711914404
22.7200000000000 0.9282879592604
23.0400000000000 0.9292767038508
23.0400000000000 0.9292767038508
23.0400000000000 0.9292767038508
23.6800000000000 0.9311745836836
24.3200000000000 0.9329731921649
24.3200000000000 0.9329731921649
24.9600000000000 0.9346800664611
25.6000000000000 0.9363019867462
25.6000000000000 0.9363019867462
25.6000000000000 0.9363019867462
26.2400000000000 0.9378450536662
26.8800000000000 0.9393148080472
26.8800000000000 0.9393148080472
27.5200000000000 0.9407163186142
28.1600000000000 0.9420542178452
28.1600000000000 0.9420542178452
28.1600000000000 0.9420542178452
28.8000000000000 0.9433326973784
29.4400000000000 0.9445555419243
29.4400000000000 0.9445555419243
30.0800000000000 0.9457262438788
30.7200000000000 0.9468480833715
30.7200000000000 0.9468480833715
30.7200000000000 0.9468480833715
31.3600000000000 0.9479240808793
32.0000000000000 0.9489569403341
32.0000000000000 0.9489569403341
32.6400000000000 0.9499491245728
33.2800000000000 0.9509030048548
33.2800000000000 0.9509030048548
33.2800000000000 0.9509030048548
33.9200000000000 0.9518207683999
34.5600000000000 0.9527044289548
34.5600000000000 0.9527044289548
35.2000000000000 0.9535558563158
35.8400000000000 0.9543767648901
35.8400000000000 0.9543767648901
35.8400000000000 0.9543767648901
36.4800000000000 0.9551687471467
37.1200000000000 0.9559333398080
37.1200000000000 0.9559333398080
37.7600000000000 0.9566719777074
38.4000000000000 0.9573859785577
38.4000000000000 0.9573859785577
39.6800000000000 0.9587449127015
40.9600000000000 0.9600190637152
40.9600000000000 0.9600190637152
42.2400000000000 0.9612164448545
43.5200000000000 0.9623441641154
43.5200000000000 0.9623441641154
44.8000000000000 0.9634084962301
46.0800000000000 0.9644150107466
46.0800000000000 0.9644150107466
47.3600000000000 0.9653686583581
48.6400000000000 0.9662739057587
48.6400000000000 0.9662739057587
49.9200000000000 0.9671348048890
51.2000000000000 0.9679549462685
51.2000000000000 0.9679549462685
52.4800000000000 0.9687374494689
53.7600000000000 0.9694850596529
53.7600000000000 0.9694850596529
55.0400000000000 0.9702002373017
56.3200000000000 0.9708851668304
56.3200000000000 0.9708851668304
57.6000000000000 0.9715417192879
58.8800000000000 0.9721714313846
58.8800000000000 0.9721714313846
60.1600000000000 0.9727755484115
61.4400000000000 0.9733551038679
61.4400000000000 0.9733551038679
62.7200000000000 0.9739109554455
64.0000000000000 0.9744437599526
64.0000000000000 0.9744437599526
65.2800000000000 0.9749539565424
66.5600000000000 0.9754418159916
66.5600000000000 0.9754418159916
67.8400000000000 0.9759075145984
69.1200000000000 0.9763511755351
69.1200000000000 0.9763511755351
70.4000000000000 0.9767728952114
71.6800000000000 0.9771727726128
71.6800000000000 0.9771727726128
72.9600000000000 0.9775509497463
74.2400000000000 0.9779076784980
74.2400000000000 0.9779076784980
75.5200000000000 0.9782433875893
76.8000000000000 0.9785587315301
76.8000000000000 0.9785587315301
78.0800000000000 0.9788546257709
79.3600000000000 0.9791322659666
79.3600000000000 0.9791322659666
80.6400000000000 0.9793931686571
81.9200000000000 0.9796392321900
81.9200000000000 0.9796392321900
83.2000000000000 0.9798727328214
84.4800000000000 0.9800962570272
84.4800000000000 0.9800962570272
85.7600000000000 0.9803126639959
87.0400000000000 0.9805250849319
87.0400000000000 0.9805250849319
88.3200000000000 0.9807368883306
89.6000000000000 0.9809515930986
89.6000000000000 0.9809515930986
90.8800000000000 0.9811727549058
92.1600000000000 0.9814038197643
92.1600000000000 0.9814038197643
93.4400000000000 0.9816479558534
94.7200000000000 0.9819079410310
94.7200000000000 0.9819079410310
96.0000000000000 0.9821860987829
97.2800000000000 0.9824841375848
97.2800000000000 0.9824841375848
98.5600000000000 0.9828028945621
99.8400000000000 0.9831422075000
99.8400000000000 0.9831422075000
101.1200000000000 0.9835009744976
102.4000000000000 0.9838771760690
102.4000000000000 0.9838771760690
103.6800000000000 0.9842677659712
104.9600000000000 0.9846686341275
104.9600000000000 0.9846686341275
106.2400000000000 0.9850747781004
107.5200000000000 0.9854805601491
107.5200000000000 0.9854805601491
108.8000000000000 0.9858799312414
110.0800000000000 0.9862666866420
110.0800000000000 0.9862666866420
111.3600000000000 0.9866348227565
112.6400000000000 0.9869789151431
112.6400000000000 0.9869789151431
113.9200000000000 0.9872944091521
115.2000000000000 0.9875778319541
115.2000000000000 0.9875778319541
116.4800000000000 0.9878269849307
117.7600000000000 0.9880410928036
117.7600000000000 0.9880410928036
119.0400000000000 0.9882208211340
120.3200000000000 0.9883681244046
120.3200000000000 0.9883681244046
121.6000000000000 0.9884859770269
122.8800000000000 0.9885780681532
122.8800000000000 0.9885780681532
124.1600000000000 0.9886485078969
125.4400000000000 0.9887015567268
125.4400000000000 0.9887015567268
126.7200000000000 0.9887413822852
128.0000000000000 0.9887718551379
128.0000000000000 0.9887718551379
129.2800000000000 0.9887964270458
130.5600000000000 0.9888179440571
130.5600000000000 0.9888179440571
131.8400000000000 0.9888387827477
133.1200000000000 0.9888606991703
133.1200000000000 0.9888606991703
134.4000000000000 0.9888850024035
135.6800000000000 0.9889125458127
135.6800000000000 0.9889125458127
136.9600000000000 0.9889438312035
138.2400000000000 0.9889790842901
138.2400000000000 0.9889790842901
139.5200000000000 0.9890182990241
140.8000000000000 0.9890613370378
143.3600000000000 0.9891577819038
145.9200000000000 0.9892658154670
148.4800000000000 0.9893826312220
151.0400000000000 0.9895056812331
153.6000000000000 0.9896328507448
156.1600000000000 0.9897624536797
158.7200000000000 0.9898931896068
161.2800000000000 0.9900240914344
163.8400000000000 0.9901544443799
166.4000000000000 0.9902837116998
168.9600000000000 0.9904114976434
171.5200000000000 0.9905375285563
174.0800000000000 0.9906616189952
176.6400000000000 0.9907836322401
179.2000000000000 0.9909034663622
181.7600000000000 0.9910210555351
184.3200000000000 0.9911363667918
186.8800000000000 0.9912493894156
189.4400000000000 0.9913601213610
192.0000000000000 0.9914685674390
194.5600000000000 0.9915747464281
197.1200000000000 0.9916786879831
199.6800000000000 0.9917804234026
202.2400000000000 0.9918799864330
204.8000000000000 0.9919774181385
207.3600000000000 0.9920727644252
209.9200000000000 0.9921660705396
212.4800000000000 0.9922573805640
215.0400000000000 0.9923467407731
217.6000000000000 0.9924342016899
220.1600000000000 0.9925198178709
222.7200000000000 0.9926036438631
225.2800000000000 0.9926857304542
227.8400000000000 0.9927661255207
230.4000000000000 0.9928448744864
232.9600000000000 0.9929220211948
235.5200000000000 0.9929976086312
238.0800000000000 0.9930716773180
240.6400000000000 0.9931442655510
243.2000000000000 0.9932154092640
245.7600000000000 0.9932851418626
248.3200000000000 0.9933534951288
250.8800000000000 0.9934204986397
253.4400000000000 0.9934861823334
256.0000000000000 0.9935505779574
258.5600000000000 0.9936137172806
261.1200000000000 0.9936756350588
263.6800000000000 0.9937363680974
266.2400000000000 0.9937959514445
268.8000000000000 0.9938544216910
271.3600000000000 0.9939118136319
273.9200000000000 0.9939681556560
276.4800000000000 0.9940234763470
279.0400000000000 0.9940778012345
281.6000000000000 0.9941311484000
284.1600000000000 0.9941835416311
286.7200000000000 0.9942350077248
289.2800000000000 0.9942855637575
291.8400000000000 0.9943352336086
294.4000000000000 0.9943840523322
296.9600000000000 0.9944320408215
299.5200000000000 0.9944792223776
302.0800000000000 0.9945256549104
304.6400000000000 0.9945713879647
307.2000000000000 0.9946164164461
309.7600000000000 0.9946607273104
312.3200000000000 0.9947043377798
314.8800000000000 0.9947472447467
317.4400000000000 0.9947894106731
