# z lapse
-317.4400000000000 0.9947926262253
-314.8800000000000 0.9947504018842
-312.3200000000000 0.9947074861788
-309.7600000000000 0.9946638625660
-307.2000000000000 0.9946195137217
-304.6400000000000 0.9945744214578
-302.0800000000000 0.9945285669509
-299.5200000000000 0.9944819307397
-296.9600000000000 0.9944344926956
-294.4000000000000 0.9943862319941
-291.8400000000000 0.9943371270844
-289.2800000000000 0.9942871556534
-286.7200000000000 0.9942362946612
-284.1600000000000 0.9941845208087
-281.6000000000000 0.9941318093139
-279.0400000000000 0.9940781337332
-276.4800000000000 0.9940234672554
-273.9200000000000 0.9939677821378
-271.3600000000000 0.9939110495862
-268.8000000000000 0.9938532397081
-266.2400000000000 0.9937943214619
-263.6800000000000 0.9937342625970
-261.1200000000000 0.9936730293583
-258.5600000000000 0.9936105857194
-256.0000000000000 0.9935468968612
-253.4400000000000 0.9934819253989
-250.8800000000000 0.9934156322719
-248.3200000000000 0.9933479768308
-245.7600000000000 0.9932789167442
-243.2000000000000 0.9932084079209
-240.6400000000000 0.9931364047200
-238.0800000000000 0.9930628605248
-235.5200000000000 0.9929877236447
-232.9600000000000 0.9929109414623
-230.4000000000000 0.9928324592038
-227.8400000000000 0.9927522196229
-225.2800000000000 0.9926701628183
-222.7200000000000 0.9925862255412
-220.1600000000000 0.9925003414030
-217.6000000000000 0.9924124436247
-215.0400000000000 0.9923224609367
-212.4800000000000 0.9922303184860
-209.9200000000000 0.9921359378913
-207.3600000000000 0.9920392377275
-204.8000000000000 0.9919401322622
-202.2400000000000 0.9918385286576
-199.6800000000000 0.9917343307411
-197.1200000000000 0.9916274374937
-194.5600000000000 0.9915177420218
-192.0000000000000 0.9914051305840
-189.4400000000000 0.9912894880927
-186.8800000000000 0.9911706912509
-184.3200000000000 0.9910486099035
-181.7600000000000 0.9909231081303
-179.2000000000000 0.9907940397777
-176.6400000000000 0.9906612483649
-174.0800000000000 0.9905245693789
-171.5200000000000 0.9903838271496
-168.9600000000000 0.9902388375748
-166.4000000000000 0.9900894083942
-163.8400000000000 0.9899353341336
-161.2800000000000 0.9897763986693
-158.7200000000000 0.9896123652006
-156.1600000000000 0.9894429817099
-153.6000000000000 0.9892679783315
-151.0400000000000 0.9890870711355
-148.4800000000000 0.9888999606561
-145.9200000000000 0.9887063270335
-143.3600000000000 0.9885058221941
-140.8000000000000 0.9882980683882
-139.5200000000000 0.9881913465383
-138.2400000000000 0.9880826586897
-138.2400000000000 0.9880826586897
-136.9600000000000 0.9879719510113
-135.6800000000000 0.9878591676155
-135.6800000000000 0.9878591676155
-134.4000000000000 0.9877442504073
-133.1200000000000 0.9876271387506
-133.1200000000000 0.9876271387506
-131.8400000000000 0.9875077693758
-130.5600000000000 0.9873860749959
-130.5600000000000 0.9873860749959
-129.2800000000000 0.9872619856695
-128.0000000000000 0.9871354287803
-128.0000000000000 0.9871354287803
-126.7200000000000 0.9870063290487
-125.4400000000000 0.9868746106851
-125.4400000000000 0.9868746106851
-124.1600000000000 0.9867401947647
-122.8800000000000 0.9866029993348
-122.8800000000000 0.9866029993348
-121.6000000000000 0.9864629383737
-120.3200000000000 0.9863199196430
-120.3200000000000 0.9863199196430
-119.0400000000000 0.9861738462236
-117.7600000000000 0.9860246172102
-117.7600000000000 0.9860246172102
-116.4800000000000 0.9858721284500
-115.2000000000000 0.9857162738426
-115.2000000000000 0.9857162738426
-113.9200000000000 0.9855569436862
-112.6400000000000 0.9853940223749
-112.6400000000000 0.9853940223749
-111.3600000000000 0.9852273864468
-110.0800000000000 0.9850569043492
-110.0800000000000 0.9850569043492
-108.8000000000000 0.9848824383373
-107.5200000000000 0.9847038466157
-107.5200000000000 0.9847038466157
-106.2400000000000 0.9845209841774
-104.9600000000000 0.9843336999554
-104.9600000000000 0.9843336999554
-103.6800000000000 0.9841418325548
-102.4000000000000 0.9839452080132
-102.4000000000000 0.9839452080132
-101.1200000000000 0.9837436426963
-99.8400000000000 0.9835369476037
-99.8400000000000 0.9835369476037
-98.5600000000000 0.9833249292279
-97.2800000000000 0.9831073836112
-97.2800000000000 0.9831073836112
-96.0000000000000 0.9828840899824
-94.7200000000000 0.9826548113660
-94.7200000000000 0.9826548113660
-93.4400000000000 0.9824193013692
-92.1600000000000 0.9821773082536
-92.1600000000000 0.9821773082536
-90.8800000000000 0.9819285661101
-89.6000000000000 0.9816727846879
-89.6000000000000 0.9816727846879
-88.3200000000000 0.9814096539489
-87.0400000000000 0.9811388542350
-87.0400000000000 0.9811388542350
-85.7600000000000 0.9808600529556
-84.4800000000000 0.9805728898051
-84.4800000000000 0.9805728898051
-83.2000000000000 0.9802769747225
-81.9200000000000 0.9799719019740
-81.9200000000000 0.9799719019740
-80.6400000000000 0.9796572483321
-79.3600000000000 0.9793325527311
-79.3600000000000 0.9793325527311
-78.0800000000000 0.9789973185105
-76.8000000000000 0.9786510300220
-76.8000000000000 0.9786510300220
-75.5200000000000 0.9782931367519
-74.2400000000000 0.9779230365656
-74.2400000000000 0.9779230365656
-72.9600000000000 0.9775400953626
-71.6800000000000 0.9771436401083
-71.6800000000000 0.9771436401083
-70.4000000000000 0.9767329354501
-69.1200000000000 0.9763071999394
-69.1200000000000 0.9763071999394
-67.8400000000000 0.9758655978300
-66.5600000000000 0.9754072194343
-66.5600000000000 0.9754072194343
-65.2800000000000 0.9749310932753
-64.0000000000000 0.9744361687395
-64.0000000000000 0.9744361687395
-62.7200000000000 0.9739213083272
-61.4400000000000 0.9733852848922
-61.4400000000000 0.9733852848922
-60.1600000000000 0.9728267640817
-58.8800000000000 0.9722443013159
-58.8800000000000 0.9722443013159
-57.6000000000000 0.9716363217768
-56.3200000000000 0.9710011130144
-56.3200000000000 0.9710011130144
-55.0400000000000 0.9703368013673
-53.7600000000000 0.9696413433884
-53.7600000000000 0.9696413433884
-52.4800000000000 0.9689124924059
-51.2000000000000 0.9681477869268
-51.2000000000000 0.9681477869268
-49.9200000000000 0.9673445172717
-48.6400000000000 0.9664996814811
-48.6400000000000 0.9664996814811
-47.3600000000000 0.9656099741169
-46.0800000000000 0.9646717307550
-46.0800000000000 0.9646717307550
-44.8000000000000 0.9636808602999
-43.5200000000000 0.9626328004349
-43.5200000000000 0.9626328004349
-42.2400000000000 0.9615224586006
-40.9600000000000 0.9603441173864
-40.9600000000000 0.9603441173864
-39.6800000000000 0.9590913338278
-38.4000000000000 0.9577568235181
-38.4000000000000 0.9577568235181
-37.7600000000000 0.9570563802565
-37.1200000000000 0.9563323194988
-37.1200000000000 0.9563323194988
-36.4800000000000 0.9555834248331
-35.8400000000000 0.9548083964568
-35.8400000000000 0.9548083964568
-35.8400000000000 0.9548083964568
-35.2000000000000 0.9540058402777
-34.5600000000000 0.9531742660258
-34.5600000000000 0.9531742660258
-33.9200000000000 0.9523120709550
-33.2800000000000 0.9514175336815
-33.2800000000000 0.9514175336815
-33.2800000000000 0.9514175336815
-32.6400000000000 0.9504887975849
-32.0000000000000 0.9495238658818
-32.0000000000000 0.9495238658818
-31.3600000000000 0.9485205796448
-30.7200000000000 0.9474766027806
-30.7200000000000 0.9474766027806
-30.7200000000000 0.9474766027806
-30.0800000000000 0.9463894074009
-29.4400000000000 0.9452562593475
-29.4400000000000 0.9452562593475
-28.8000000000000 0.9440741761380
-28.1600000000000 0.9428399175644
-28.1600000000000 0.9428399175644
-28.1600000000000 0.9428399175644
-27.5200000000000 0.9415499504600
-26.8800000000000 0.9402004171138
-26.8800000000000 0.9402004171138
-26.2400000000000 0.9387870949141
-25.6000000000000 0.9373053497921
-25.6000000000000 0.9373053497921
-25.6000000000000 0.9373053497921
-24.9600000000000 0.9357500839772
-24.3200000000000 0.9341156895254
-24.3200000000000 0.9341156895254
-23.6800000000000 0.9323959657375
-23.0400000000000 0.9305840493380
-23.0400000000000 0.9305840493380
-23.0400000000000 0.9305840493380
-22.7200000000000 0.9296411647544
-22.4000000000000 0.9286723110361
-22.4000000000000 0.9286723110361
-22.0800000000000 0.9276764046623
-21.7600000000000 0.9266522901911
-21.7600000000000 0.9266522901911
-21.7600000000000 0.9266522901911
-21.4400000000000 0.9255987450178
-21.1200000000000 0.9245144835545
-21.1200000000000 0.9245144835545
-20.8000000000000 0.9233981428344
-20.4800000000000 0.9222482781869
-20.4800000000000 0.9222482781869
-20.4800000000000 0.9222482781869
-20.4800000000000 0.9222482781869
-20.1600000000000 0.9210633552306
-19.8400000000000 0.9198417484222
-19.8400000000000 0.9198417484222
-19.5200000000000 0.9185817290977
-19.2000000000000 0.9172814455394
-19.2000000000000 0.9172814455394
-19.2000000000000 0.9172814455394
-18.8800000000000 0.9159389325147
-18.5600000000000 0.9145521014775
-18.5600000000000 0.9145521014775
-18.2400000000000 0.9131187214497
-17.9200000000000 0.9116364040463
-17.9200000000000 0.9116364040463
-17.9200000000000 0.9116364040463
-17.9200000000000 0.9116364040463
-17.6000000000000 0.9101025985338
-17.2800000000000 0.9085145689969
-17.2800000000000 0.9085145689969
-16.9600000000000 0.9068693861335
-16.6400000000000 0.9051639040102
-16.6400000000000 0.9051639040102
-16.6400000000000 0.9051639040102
-16.3200000000000 0.9033947445807
-16.0000000000000 0.9015582689427
-16.0000000000000 0.9015582689427
-15.6800000000000 0.8996505559821
-15.5200000000000 0.8986686737836
-15.3600000000000 0.8976673652291
-15.3600000000000 0.8976673652291
-15.3600000000000 0.8976673652291
-15.3600000000000 0.8976673652291
-15.3600000000000 0.8976673652291
-15.2000000000000 0.8966460454704
-15.0400000000000 0.8956041127333
-15.0400000000000 0.8956041127333
-14.8800000000000 0.8945409400199
-14.7200000000000 0.8934558716913
-14.7200000000000 0.8934558716913
-14.7200000000000 0.8934558716913
-14.5600000000000 0.8923482243655
-14.4000000000000 0.8912172770290
-14.4000000000000 0.8912172770290
-14.2400000000000 0.8900622775031
-14.0800000000000 0.8888824566436
-14.0800000000000 0.8888824566436
-14.0800000000000 0.8888824566436
-14.0800000000000 0.8888824566436
-13.9200000000000 0.8876770207528
-13.7600000000000 0.8864450894170
-13.7600000000000 0.8864450894170
-13.6000000000000 0.8851857919399
-13.4400000000000 0.8838982264743
-13.4400000000000 0.8838982264743
-13.4400000000000 0.8838982264743
-13.2800000000000 0.8825814245267
-13.1200000000000 0.8812343673795
-13.1200000000000 0.8812343673795
-12.9600000000000 0.8798559830281
-12.8000000000000 0.8784451662851
-12.8000000000000 0.8784451662851
-12.8000000000000 0.8784451662851
-12.8000000000000 0.8784451662851
-12.8000000000000 0.8784451662851
-12.6400000000000 0.8770007778796
-12.4800000000000 0.8755216076347
-12.4800000000000 0.8755216076347
-12.3200000000000 0.8740063680321
-12.1600000000000 0.8724537168976
-12.1600000000000 0.8724537168976
-12.1600000000000 0.8724537168976
-12.0000000000000 0.8708622587255
-11.8400000000000 0.8692305124798
-11.8400000000000 0.8692305124798
-11.6800000000000 0.8675569154727
-11.5200000000000 0.8658398335747
-11.5200000000000 0.8658398335747
-11.5200000000000 0.8658398335747
-11.5200000000000 0.8658398335747
-11.3600000000000 0.8640775579086
-11.2000000000000 0.8622682796269
-11.2000000000000 0.8622682796269
-11.0400000000000 0.8604100898251
-10.8800000000000 0.8585009715689
-10.8800000000000 0.8585009715689
-10.8800000000000 0.8585009715689
-10.7200000000000 0.8565387951865
-10.5600000000000 0.8545213126685
-10.5600000000000 0.8545213126685
-10.4000000000000 0.8524461485228
-10.2400000000000 0.8503107893669
-10.2400000000000 0.8503107893669
-10.2400000000000 0.8503107893669
-10.2400000000000 0.8503107893669
-10.2400000000000 0.8503107893669
-10.0800000000000 0.8481125797221
-9.9200000000000 0.8458486945799
-9.9200000000000 0.8458486945799
-9.7600000000000 0.8435161361423
-9.6000000000000 0.8411117113740
-9.6000000000000 0.8411117113740
-9.6000000000000 0.8411117113740
-9.4400000000000 0.8386320490170
-9.2800000000000 0.8360735673821
-9.2800000000000 0.8360735673821
-9.1200000000000 0.8334324247262
-8.9600000000000 0.8307045483889
-8.9600000000000 0.8307045483889
-8.9600000000000 0.8307045483889
-8.9600000000000 0.8307045483889
-8.8000000000000 0.8278856125879
-8.6400000000000 0.8249709548314
-8.6400000000000 0.8249709548314
-8.4800000000000 0.8219555915800
-8.3200000000000 0.8188342000357
-8.3200000000000 0.8188342000357
-8.3200000000000 0.8188342000357
-8.1600000000000 0.8156010865260
-8.0000000000000 0.8122501687966
-8.0000000000000 0.8122501687966
-7.8400000000000 0.8087748222689
-7.6800000000000 0.8051680000447
-7.6800000000000 0.8051680000447
-7.6800000000000 0.8051680000447
-7.6800000000000 0.8051680000447
-7.6800000000000 0.8051680000447
-7.5200000000000 0.8014220805690
-7.3600000000000 0.7975289092579
-7.3600000000000 0.7975289092579
-7.2000000000000 0.7934795127068
-7.0400000000000 0.7892643027061
-7.0400000000000 0.7892643027061
-7.0400000000000 0.7892643027061
-6.8800000000000 0.7848729231180
-6.7200000000000 0.7802941097013
-6.7200000000000 0.7802941097013
-6.5600000000000 0.7755155642382
-6.4000000000000 0.7705238765995
-6.4000000000000 0.7705238765995
-6.4000000000000 0.7705238765995
-6.4000000000000 0.7705238765995
-6.2400000000000 0.7653044891401
-6.0800000000000 0.7598414382650
-6.0800000000000 0.7598414382650
-5.9200000000000 0.7541172141361
-5.7600000000000 0.7481125681639
-5.7600000000000 0.7481125681639
-5.7600000000000 0.7481125681639
-5.6000000000000 0.7418066037231
-5.4400000000000 0.7351764751376
-5.4400000000000 0.7351764751376
-5.2800000000000 0.7281959140382
-5.1200000000000 0.7208390636607
-5.1200000000000 0.7208365428744
-5.1200000000000 0.7208365428744
-5.1200000000000 0.7208365428744
-5.1200000000000 0.7208390636607
-4.9600000000000 0.7130733736319
-4.8000000000000 0.7048951468631
-4.8000000000000 0.7048951468631
-4.6400000000000 0.6962907233970
-4.4800000000000 0.6872556400875
-4.4800000000000 0.6872556400875
-4.4800000000000 0.6872556400875
-4.3200000000000 0.6777819351635
-4.1600000000000 0.6678628058964
-4.1600000000000 0.6678628058964
-4.0000000000000 0.6574948564594
-3.8400000000000 0.6466778564409
-3.8400000000000 0.6466778564409
-3.8400000000000 0.6466778564409
-3.8400000000000 0.6466778564409
-3.6800000000000 0.6354145277495
-3.5200000000000 0.6237115380632
-3.5200000000000 0.6237115380632
-3.3600000000000 0.6115803097698
-3.2000000000000 0.5990382261542
-3.2000000000000 0.5990382261542
-3.2000000000000 0.5990382261542
-3.0400000000000 0.5861134763227
-2.8800000000000 0.5728365673376
-2.8800000000000 0.5728365673376
-2.7200000000000 0.5592487831785
-2.5600000000000 0.5454038786267
-2.5600000000000 0.5454042519122
-2.5600000000000 0.5454038786267
-2.5600000000000 0.5454042519122
-2.5600000000000 0.5454038786267
-2.4000000000000 0.5313667721921
-2.2400000000000 0.5172120806123
-2.2400000000000 0.5172120806123
-2.0800000000000 0.5030455607223
-1.9200000000000 0.4889590106059
-1.9200000000000 0.4889590106059
-1.9200000000000 0.4889590106059
-1.7600000000000 0.4750835066807
-1.6000000000000 0.4615542021426
-1.6000000000000 0.4615542021426
-1.4400000000000 0.4485221471367
-1.2800000000000 0.4361653975955
-1.2800000000000 0.4361653975955
-1.2800000000000 0.4361653975955
-1.2800000000000 0.4361653975955
-1.1200000000000 0.4246493158478
-0.9600000000000 0.4141592870054
-0.9600000000000 0.4141592870054
-0.8000000000000 0.4048850044521
-0.6400000000000 0.3969977490348
-0.6400000000000 0.3969977490348
-0.6400000000000 0.3969977490348
-0.4800000000000 0.3906651098034
-0.3200000000000 0.3860345833960
-0.3200000000000 0.3860345833960
-0.1600000000000 0.3832071611628
0.0000000000000 0.3822589745263
0.0000000000000 0.3822589745263
0.0000000000000 0.3822589745263
0.0000000000000 0.3822589745263
0.0000000000000 0.3822589745263
0.1600000000000 0.3832071611628
0.3200000000000 0.3860345833960
0.3200000000000 0.3860345833960
0.4800000000000 0.3906651098034
0.6400000000000 0.3969977490348
0.6400000000000 0.3969977490348
0.6400000000000 0.3969977490348
0.8000000000000 0.4048850044521
0.9600000000000 0.4141592870054
0.9600000000000 0.4141592870054
1.1200000000000 0.4246493158478
1.2800000000000 0.4361653975955
1.2800000000000 0.4361653975955
1.2800000000000 0.4361653975955
1.2800000000000 0.4361653975955
1.4400000000000 0.4485221471367
1.6000000000000 0.4615542021426
1.6000000000000 0.4615542021426
1.7600000000000 0.4750835066807
1.9200000000000 0.4889590106059
1.9200000000000 0.4889590106059
1.9200000000000 0.4889590106059
2.0800000000000 0.5030455607223
2.2400000000000 0.5172120806123
2.2400000000000 0.5172120806123
2.4000000000000 0.5313667721921
2.5600000000000 0.5454042519122
2.5600000000000 0.5454042519122
2.5600000000000 0.5454042519122
2.5600000000000 0.5454042519122
2.5600000000000 0.5454042519122
2.7200000000000 0.5592487831785
2.8800000000000 0.5728365673376
2.8800000000000 0.5728365673376
3.0400000000000 0.5861134763227
3.2000000000000 0.5990382261542
3.2000000000000 0.5990382261542
3.2000000000000 0.5990382261542
3.3600000000000 0.6115803097698
3.5200000000000 0.6237115380632
3.5200000000000 0.6237115380632
3.6800000000000 0.6354145277495
3.8400000000000 0.6466779066274
3.8400000000000 0.6466778564409
3.8400000000000 0.6466779066274
3.8400000000000 0.6466778564409
4.0000000000000 0.6574948564594
4.1600000000000 0.6678628058964
4.1600000000000 0.6678628058964
4.3200000000000 0.6777819351635
4.4800000000000 0.6872556400875
4.4800000000000 0.6872556400875
4.4800000000000 0.6872556400875
4.6400000000000 0.6962907233970
4.8000000000000 0.7048951468631
4.8000000000000 0.7048951468631
4.9600000000000 0.7130733736309
5.1200000000000 0.7208365428714
5.1200000000000 0.7208365428714
5.1200000000000 0.7208365428714
5.1200000000000 0.7208365428714
5.1200000000000 0.7208365428714
5.2800000000000 0.7281959140371
5.4400000000000 0.7351764751376
5.4400000000000 0.7351764751376
5.6000000000000 0.7418066037231
5.7600000000000 0.7481125681639
5.7600000000000 0.7481125681639
5.7600000000000 0.7481125681639
5.9200000000000 0.7541172141361
6.0800000000000 0.7598414382651
6.0800000000000 0.7598414382651
6.2400000000000 0.7653044891401
6.4000000000000 0.7705238765995
6.4000000000000 0.7705238765995
6.4000000000000 0.7705238765995
6.4000000000000 0.7705238765995
6.5600000000000 0.7755155642382
6.7200000000000 0.7802941097013
6.7200000000000 0.7802941097013
6.8800000000000 0.7848729231180
7.0400000000000 0.7892643027061
7.0400000000000 0.7892643027061
7.0400000000000 0.7892643027061
7.2000000000000 0.7934795127068
7.3600000000000 0.7975289092579
7.3600000000000 0.7975289092579
7.5200000000000 0.8014220805690
7.6800000000000 0.8051680000447
7.6800000000000 0.8051680000447
7.6800000000000 0.8051680000447
7.6800000000000 0.8051680000447
7.6800000000000 0.8051680000447
7.8400000000000 0.8087748222689
8.0000000000000 0.8122501687966
8.0000000000000 0.8122501687966
8.1600000000000 0.8156010865260
8.3200000000000 0.8188342000357
8.3200000000000 0.8188342000357
8.3200000000000 0.8188342000357
8.4800000000000 0.8219555915800
8.6400000000000 0.8249709548314
8.6400000000000 0.8249709548314
8.8000000000000 0.8278856125879
8.9600000000000 0.8307045483889
8.9600000000000 0.8307045483889
8.9600000000000 0.8307045483889
8.9600000000000 0.8307045483889
9.1200000000000 0.8334324247262
9.2800000000000 0.8360735673821
9.2800000000000 0.8360735673821
9.4400000000000 0.8386320490170
9.6000000000000 0.8411117113740
9.6000000000000 0.8411117113740
9.6000000000000 0.8411117113740
9.7600000000000 0.8435161361423
9.9200000000000 0.8458486945799
9.9200000000000 0.8458486945799
10.0800000000000 0.8481125797221
10.2400000000000 0.8503107893987
10.2400000000000 0.8503107893669
10.2400000000000 0.8503107893987
10.2400000000000 0.8503107893669
10.2400000000000 0.8503107893987
10.4000000000000 0.8524461485228
10.5600000000000 0.8545213126685
10.5600000000000 0.8545213126685
10.7200000000000 0.8565387951865
10.8800000000000 0.8585009715689
10.8800000000000 0.8585009715689
10.8800000000000 0.8585009715689
11.0400000000000 0.8604100898251
11.2000000000000 0.8622682796269
11.2000000000000 0.8622682796269
11.3600000000000 0.8640775579086
11.5200000000000 0.8658398335747
11.5200000000000 0.8658398335747
11.5200000000000 0.8658398335747
11.5200000000000 0.8658398335747
11.6800000000000 0.8675569154727
11.8400000000000 0.8692305124798
11.8400000000000 0.8692305124798
12.0000000000000 0.8708622587255
12.1600000000000 0.8724537168976
12.1600000000000 0.8724537168976
12.1600000000000 0.8724537168976
12.3200000000000 0.8740063680321
12.4800000000000 0.8755216076347
12.4800000000000 0.8755216076347
12.6400000000000 0.8770007778796
12.8000000000000 0.8784451662851
12.8000000000000 0.8784451662851
12.8000000000000 0.8784451662851
12.8000000000000 0.8784451662851
12.8000000000000 0.8784451662851
12.9600000000000 0.8798559830281
13.1200000000000 0.8812343673795
13.1200000000000 0.8812343673795
13.2800000000000 0.8825814245267
13.4400000000000 0.8838982264743
13.4400000000000 0.8838982264743
13.4400000000000 0.8838982264743
13.6000000000000 0.8851857919399
13.7600000000000 0.8864450894170
13.7600000000000 0.8864450894170
13.9200000000000 0.8876770207528
14.0800000000000 0.8888824566436
14.0800000000000 0.8888824566436
14.0800000000000 0.8888824566436
14.0800000000000 0.8888824566436
14.2400000000000 0.8900622775031
14.4000000000000 0.8912172770290
14.4000000000000 0.8912172770290
14.5600000000000 0.8923482243655
14.7200000000000 0.8934558716913
14.7200000000000 0.8934558716913
14.7200000000000 0.8934558716913
14.8800000000000 0.8945409400199
15.0400000000000 0.8956041127333
15.0400000000000 0.8956041127333
15.2000000000000 0.8966460454704
15.3600000000000 0.8976673652291
15.3600000000000 0.8976673652291
15.3600000000000 0.8976673652291
15.3600000000000 0.8976673652291
15.3600000000000 0.8976673652291
15.5200000000000 0.8986686737836
15.6800000000000 0.8996505559821
16.0000000000000 0.9015582689427
16.0000000000000 0.9015582689427
16.3200000000000 0.9033947445807
16.6400000000000 0.9051639041980
16.6400000000000 0.9051639040102
16.6400000000000 0.9051639040102
16.9600000000000 0.9068693861335
17.2800000000000 0.9085145689969
17.2800000000000 0.9085145689969
17.6000000000000 0.9101025985338
17.9200000000000 0.9116364040463
17.9200000000000 0.9116364040463
17.9200000000000 0.9116364040463
17.9200000000000 0.9116364040463
18.2400000000000 0.9131187214497
18.5600000000000 0.9145521014775
18.5600000000000 0.9145521014775
18.8800000000000 0.9159389325147
19.2000000000000 0.9172814455394
19.2000000000000 0.9172814455394
19.2000000000000 0.9172814455394
19.5200000000000 0.9185817290977
19.8400000000000 0.9198417484222
19.8400000000000 0.9198417484222
20.1600000000000 0.9210633552306
20.4800000000000 0.9222482781869
20.4800000000000 0.9222482781869
20.4800000000000 0.9222482781869
20.4800000000000 0.9222482781869
20.8000000000000 0.9233981428344
21.1200000000000 0.9245144835545
21.1200000000000 0.9245144835545
21.4400000000000 0.9255987450178
21.7600000000000 0.9266522901911
21.7600000000000 0.9266522901911
21.7600000000000 0.9266522901911
22.0800000000000 0.9276764046623
22.4000000000000 0.9286723110361
22.4000000000000 0.9286723110361
22.7200000000000 0.9296411647544
23.0400000000000 0.9305840493380
23.0400000000000 0.9305840493380
23.0400000000000 0.9305840502335
23.6800000000000 0.9323959657375
24.3200000000000 0.9341156895254
24.3200000000000 0.9341156895254
24.9600000000000 0.9357500839772
25.6000000000000 0.9373053497921
25.6000000000000 0.9373053497921
25.6000000000000 0.9373053497921
26.2400000000000 0.9387870949141
26.8800000000000 0.9402004171138
26.8800000000000 0.9402004171138
27.5200000000000 0.9415499504600
28.1600000000000 0.9428399175644
28.1600000000000 0.9428399175644
28.1600000000000 0.9428399175644
28.8000000000000 0.9440741761380
29.4400000000000 0.9452562593475
29.4400000000000 0.9452562593475
30.0800000000000 0.9463894074009
30.7200000000000 0.9474766027806
30.7200000000000 0.9474766027806
30.7200000000000 0.9474766027806
31.3600000000000 0.9485205796448
32.0000000000000 0.9495238658818
32.0000000000000 0.9495238658818
32.6400000000000 0.9504887975849
33.2800000000000 0.9514175336815
33.2800000000000 0.9514175336815
33.2800000000000 0.9514175336815
33.9200000000000 0.9523120709550
34.5600000000000 0.9531742660258
34.5600000000000 0.9531742660258
35.2000000000000 0.9540058402777
35.8400000000000 0.9548083964568
35.8400000000000 0.9548083964568
35.8400000000000 0.9548083964568
36.4800000000000 0.9555834248331
37.1200000000000 0.9563323194988
37.1200000000000 0.9563323194988
37.7600000000000 0.9570563802565
38.4000000000000 0.9577568235181
38.4000000000000 0.9577568235181
39.6800000000000 0.9590913338278
40.9600000000000 0.9603441173864
40.9600000000000 0.9603441173864
42.2400000000000 0.9615224586006
43.5200000000000 0.9626328004349
43.5200000000000 0.9626328004349
44.8000000000000 0.9636808602999
46.0800000000000 0.9646717307550
46.0800000000000 0.9646717307550
47.3600000000000 0.9656099741169
48.6400000000000 0.9664996814811
48.6400000000000 0.9664996814811
49.9200000000000 0.9673445172717
51.2000000000000 0.9681477869268
51.2000000000000 0.9681477869268
52.4800000000000 0.9689124924059
53.7600000000000 0.9696413433884
53.7600000000000 0.9696413433884
55.0400000000000 0.9703368013673
56.3200000000000 0.9710011130144
56.3200000000000 0.9710011130144
57.6000000000000 0.9716363217768
58.8800000000000 0.9722443013159
58.8800000000000 0.9722443013159
60.1600000000000 0.9728267640817
61.4400000000000 0.9733852848922
61.4400000000000 0.9733852848922
62.7200000000000 0.9739213083272
64.0000000000000 0.9744361687395
64.0000000000000 0.9744361687395
65.2800000000000 0.9749310932753
66.5600000000000 0.9754072194343
66.5600000000000 0.9754072194343
67.8400000000000 0.9758655978300
69.1200000000000 0.9763071999394
69.1200000000000 0.9763071999394
70.4000000000000 0.9767329354501
71.6800000000000 0.9771436401083
71.6800000000000 0.9771436401083
72.9600000000000 0.9775400953626
74.2400000000000 0.9779230365656
74.2400000000000 0.9779230365656
75.5200000000000 0.9782931367519
76.8000000000000 0.9786510300220
76.8000000000000 0.9786510300220
78.0800000000000 0.9789973185105
79.3600000000000 0.9793325527311
79.3600000000000 0.9793325527311
80.6400000000000 0.9796572483321
81.9200000000000 0.9799719019740
81.9200000000000 0.9799719019740
83.2000000000000 0.9802769747225
84.4800000000000 0.9805728898051
84.4800000000000 0.9805728898051
85.7600000000000 0.9808600529556
87.0400000000000 0.9811388542350
87.0400000000000 0.9811388542350
88.3200000000000 0.9814096539489
89.6000000000000 0.9816727846879
89.6000000000000 0.9816727846879
90.8800000000000 0.9819285661101
92.1600000000000 0.9821773082536
92.1600000000000 0.9821773082536
93.4400000000000 0.9824193013692
94.7200000000000 0.9826548113660
94.7200000000000 0.9826548113660
96.0000000000000 0.9828840899824
97.2800000000000 0.9831073836112
97.2800000000000 0.9831073836112
98.5600000000000 0.9833249292279
99.8400000000000 0.9835369476037
99.8400000000000 0.9835369476037
101.1200000000000 0.9837436426963
102.4000000000000 0.9839452080132
102.4000000000000 0.9839452080132
103.6800000000000 0.9841418325548
104.9600000000000 0.9843336999554
104.9600000000000 0.9843336999554
106.2400000000000 0.9845209841774
107.5200000000000 0.9847038466157
107.5200000000000 0.9847038466157
108.8000000000000 0.9848824383373
110.0800000000000 0.9850569043492
110.0800000000000 0.9850569043492
111.3600000000000 0.9852273864468
112.6400000000000 0.9853940223749
112.6400000000000 0.9853940223749
113.9200000000000 0.9855569436862
115.2000000000000 0.9857162738426
115.2000000000000 0.9857162738426
116.4800000000000 0.9858721284500
117.7600000000000 0.9860246172102
117.7600000000000 0.9860246172102
119.0400000000000 0.9861738462236
120.3200000000000 0.9863199196430
120.3200000000000 0.9863199196430
121.6000000000000 0.9864629383737
122.8800000000000 0.9866029993348
122.8800000000000 0.9866029993348
124.1600000000000 0.9867401947647
125.4400000000000 0.9868746106851
125.4400000000000 0.9868746106851
126.7200000000000 0.9870063290487
128.0000000000000 0.9871354287803
128.0000000000000 0.9871354287803
129.2800000000000 0.9872619856695
130.5600000000000 0.9873860749959
130.5600000000000 0.9873860749959
131.8400000000000 0.9875077693758
133.1200000000000 0.9876271387506
133.1200000000000 0.9876271387506
134.4000000000000 0.9877442504073
135.6800000000000 0.9878591676155
135.6800000000000 0.9878591676155
136.9600000000000 0.9879719510113
138.2400000000000 0.9880826586897
138.2400000000000 0.9880826586897
139.5200000000000 0.9881913465383
140.8000000000000 0.9882980683882
143.3600000000000 0.9885058221941
145.9200000000000 0.9887063270335
148.4800000000000 0.9888999606561
151.0400000000000 0.9890870711355
153.6000000000000 0.9892679783315
156.1600000000000 0.9894429817099
158.7200000000000 0.9896123652006
161.2800000000000 0.9897763986693
163.8400000000000 0.9899353341336
166.4000000000000 0.9900894083942
168.9600000000000 0.9902388375748
171.5200000000000 0.9903838271496
174.0800000000000 0.9905245693789
176.6400000000000 0.9906612483649
179.2000000000000 0.9907940397777
181.7600000000000 0.9909231081303
184.3200000000000 0.9910486099035
186.8800000000000 0.9911706912509
189.4400000000000 0.9912894880927
192.0000000000000 0.9914051305840
194.5600000000000 0.9915177420218
197.1200000000000 0.9916274374937
199.6800000000000 0.9917343307411
202.2400000000000 0.9918385286576
204.8000000000000 0.9919401322622
207.3600000000000 0.9920392377275
209.9200000000000 0.9921359378913
212.4800000000000 0.9922303184860
215.0400000000000 0.9923224609367
217.6000000000000 0.9924124436247
220.1600000000000 0.9925003414030
222.7200000000000 0.9925862255412
225.2800000000000 0.9926701628183
227.8400000000000 0.9927522196229
230.4000000000000 0.9928324592038
232.9600000000000 0.9929109414623
235.5200000000000 0.9929877236447
238.0800000000000 0.9930628605248
240.6400000000000 0.9931364047200
243.2000000000000 0.9932084079209
245.7600000000000 0.9932789167442
248.3200000000000 0.9933479768308
250.8800000000000 0.9934156322719
253.4400000000000 0.9934819253989
256.0000000000000 0.9935468968612
258.5600000000000 0.9936105857194
261.1200000000000 0.9936730293583
263.6800000000000 0.9937342625970
266.2400000000000 0.9937943214619
268.8000000000000 0.9938532397081
271.3600000000000 0.9939110495862
273.9200000000000 0.9939677821378
276.4800000000000 0.9940234672554
279.0400000000000 0.9940781337332
281.6000000000000 0.9941318093139
284.1600000000000 0.9941845208087
286.7200000000000 0.9942362946612
289.2800000000000 0.9942871556534
291.8400000000000 0.9943371270844
294.4000000000000 0.9943862319941
296.9600000000000 0.9944344926956
299.5200000000000 0.9944819307397
302.0800000000000 0.9945285669509
304.6400000000000 0.9945744214578
307.2000000000000 0.9946195137217
309.7600000000000 0.9946638625660
312.3200000000000 0.9947074861788
314.8800000000000 0.9947504018842
317.4400000000000 0.9947926262253
