# z lapse
-317.4400000000000 0.9947923208189
-314.8800000000000 0.9947501149843
-312.3200000000000 0.9947072185161
-309.7600000000000 0.9946636142708
-307.2000000000000 0.9946192844191
-304.6400000000000 0.9945742105969
-302.0800000000000 0.9945283740915
-299.5200000000000 0.9944817551859
-296.9600000000000 0.9944343330617
-294.4000000000000 0.9943860868836
-291.8400000000000 0.9943369956675
-289.2800000000000 0.9942870374452
-286.7200000000000 0.9942361889817
-284.1600000000000 0.9941844262286
-281.6000000000000 0.9941317247163
-279.0400000000000 0.9940780592571
-276.4800000000000 0.9940234029122
-273.9200000000000 0.9939677268137
-271.3600000000000 0.9939110019185
-268.8000000000000 0.9938531987188
-266.2400000000000 0.9937942859833
-263.6800000000000 0.9937342313930
-261.1200000000000 0.9936730021754
-258.5600000000000 0.9936105644252
-256.0000000000000 0.9935468820517
-253.4400000000000 0.9934819172463
-250.8800000000000 0.9934156305754
-248.3200000000000 0.9933479802172
-245.7600000000000 0.9932789230215
-243.2000000000000 0.9932084156590
-240.6400000000000 0.9931364128831
-238.0800000000000 0.9930628668756
-235.5200000000000 0.9929877281907
-232.9600000000000 0.9929109448310
-230.4000000000000 0.9928324613037
-227.8400000000000 0.9927522190505
-225.2800000000000 0.9926701580937
-222.7200000000000 0.9925862177231
-220.1600000000000 0.9925003346509
-217.6000000000000 0.9924124402626
-215.0400000000000 0.9923224601440
-212.4800000000000 0.9922303179610
-209.9200000000000 0.9921359376272
-207.3600000000000 0.9920392384393
-204.8000000000000 0.9919401329106
-202.2400000000000 0.9918385288006
-199.6800000000000 0.9917343288513
-197.1200000000000 0.9916274325234
-194.5600000000000 0.9915177364592
-192.0000000000000 0.9914051297199
-189.4400000000000 0.9912894912501
-186.8800000000000 0.9911706965589
-184.3200000000000 0.9910486178680
-181.7600000000000 0.9909231162222
-179.2000000000000 0.9907940429843
-176.6400000000000 0.9906612464107
-174.0800000000000 0.9905245646641
-171.5200000000000 0.9903838207418
-168.9600000000000 0.9902388318628
-166.4000000000000 0.9900894065513
-163.8400000000000 0.9899353361275
-161.2800000000000 0.9897763995944
-158.7200000000000 0.9896123636069
-156.1600000000000 0.9894429778899
-153.6000000000000 0.9892679762183
-151.0400000000000 0.9890870752727
-148.4800000000000 0.9888999692481
-145.9200000000000 0.9887063342924
-143.3600000000000 0.9885058236275
-140.8000000000000 0.9882980636611
-139.5200000000000 0.9881913414326
-138.2400000000000 0.9880826547507
-138.2400000000000 0.9880826547507
-136.9600000000000 0.9879719489532
-135.6800000000000 0.9878591674004
-135.6800000000000 0.9878591674004
-134.4000000000000 0.9877442512801
-133.1200000000000 0.9876271392617
-133.1200000000000 0.9876271392617
-131.8400000000000 0.9875077676111
-130.5600000000000 0.9873860705076
-130.5600000000000 0.9873860705076
-129.2800000000000 0.9872619794886
-128.0000000000000 0.9871354229568
-128.0000000000000 0.9871354229568
-126.7200000000000 0.9870063261227
-125.4400000000000 0.9868746125714
-125.4400000000000 0.9868746125714
-124.1600000000000 0.9867402012569
-122.8800000000000 0.9866030076854
-122.8800000000000 0.9866030076854
-121.6000000000000 0.9864629457700
-120.3200000000000 0.9863199242717
-120.3200000000000 0.9863199242717
-119.0400000000000 0.9861738470679
-117.7600000000000 0.9860246162148
-117.7600000000000 0.9860246162148
-116.4800000000000 0.9858721291153
-115.2000000000000 0.9857162771454
-115.2000000000000 0.9857162771454
-113.9200000000000 0.9855569482160
-112.6400000000000 0.9853940253985
-112.6400000000000 0.9853940253985
-111.3600000000000 0.9852273848296
-110.0800000000000 0.9850568976793
-110.0800000000000 0.9850568976793
-108.8000000000000 0.9848824302891
-107.5200000000000 0.9847038425516
-107.5200000000000 0.9847038425516
-106.2400000000000 0.9845209856183
-104.9600000000000 0.9843337031041
-104.9600000000000 0.9843337031041
-103.6800000000000 0.9841418333807
-102.4000000000000 0.9839452065829
-102.4000000000000 0.9839452065829
-101.1200000000000 0.9837436433805
-99.8400000000000 0.9835369538321
-99.8400000000000 0.9835369538321
-98.5600000000000 0.9833249387800
-97.2800000000000 0.9831073911125
-97.2800000000000 0.9831073911125
-96.0000000000000 0.9828840926863
-94.7200000000000 0.9826548114629
-94.7200000000000 0.9826548114629
-93.4400000000000 0.9824193032518
-92.1600000000000 0.9821773111125
-92.1600000000000 0.9821773111125
-90.8800000000000 0.9819285645914
-89.6000000000000 0.9816727782566
-89.6000000000000 0.9816727782566
-88.3200000000000 0.9814096487487
-87.0400000000000 0.9811388543026
-87.0400000000000 0.9811388543026
-85.7600000000000 0.9808600545502
-84.4800000000000 0.9805728891915
-84.4800000000000 0.9805728891915
-83.2000000000000 0.9802769758887
-81.9200000000000 0.9799719081489
-81.9200000000000 0.9799719081489
-80.6400000000000 0.9796572537362
-79.3600000000000 0.9793325528765
-79.3600000000000 0.9793325528765
-78.0800000000000 0.9789973168125
-76.8000000000000 0.9786510257318
-76.8000000000000 0.9786510257318
-75.5200000000000 0.9782931232393
-74.2400000000000 0.9779230096446
-74.2400000000000 0.9779230096446
-72.9600000000000 0.9775400355010
-71.6800000000000 0.9771434936014
-71.6800000000000 0.9771434936014
-70.4000000000000 0.9767326098976
-69.1200000000000 0.9763065342241
-69.1200000000000 0.9763065342241
-67.8400000000000 0.9758643455411
-66.5600000000000 0.9754050829717
-66.5600000000000 0.9754050829717
-65.2800000000000 0.9749277849407
-64.0000000000000 0.9744315031790
-64.0000000000000 0.9744315031790
-62.7200000000000 0.9739152724071
-61.4400000000000 0.9733780158434
-61.4400000000000 0.9733780158434
-60.1600000000000 0.9728184092861
-58.8800000000000 0.9722349075599
-58.8800000000000 0.9722349075599
-57.6000000000000 0.9716261005940
-56.3200000000000 0.9709909343507
-56.3200000000000 0.9709909343507
-55.0400000000000 0.9703280066442
-53.7600000000000 0.9696345397939
-53.7600000000000 0.9696345397939
-52.4800000000000 0.9689070050675
-51.2000000000000 0.9681429573859
-51.2000000000000 0.9681429573859
-49.9200000000000 0.9673406351940
-48.6400000000000 0.9664969068334
-48.6400000000000 0.9664969068334
-47.3600000000000 0.9656078996446
-46.0800000000000 0.9646702763201
-46.0800000000000 0.9646702763201
-44.8000000000000 0.9636799690559
-43.5200000000000 0.9626321875570
-43.5200000000000 0.9626321875570
-42.2400000000000 0.9615220900868
-40.9600000000000 0.9603438790683
-40.9600000000000 0.9603438790683
-39.6800000000000 0.9590911557456
-38.4000000000000 0.9577567153978
-38.4000000000000 0.9577567153978
-37.7600000000000 0.9570562738078
-37.1200000000000 0.9563322089260
-37.1200000000000 0.9563322089260
-36.4800000000000 0.9555833276435
-35.8400000000000 0.9548083153175
-35.8400000000000 0.9548083153175
-35.8400000000000 0.9548083153175
-35.2000000000000 0.9540057636099
-34.5600000000000 0.9531741951979
-34.5600000000000 0.9531741951979
-33.9200000000000 0.9523120200186
-33.2800000000000 0.9514175126205
-33.2800000000000 0.9514175126205
-33.2800000000000 0.9514175126205
-32.6400000000000 0.9504888126661
-32.0000000000000 0.9495239330951
-32.0000000000000 0.9495239330951
-31.3600000000000 0.9485207135873
-30.7200000000000 0.9474768451793
-30.7200000000000 0.9474768451793
-30.7200000000000 0.9474768451793
-30.0800000000000 0.9463897726332
-29.4400000000000 0.9452567495502
-29.4400000000000 0.9452567495502
-28.8000000000000 0.9440748218421
-28.1600000000000 0.9428407659118
-28.1600000000000 0.9428407659118
-28.1600000000000 0.9428407659118
-27.5200000000000 0.9415510559411
-26.8800000000000 0.9402018176178
-26.8800000000000 0.9402018176178
-26.2400000000000 0.9387888151061
-25.6000000000000 0.9373074293166
-25.6000000000000 0.9373074293166
-25.6000000000000 0.9373074293166
-24.9600000000000 0.9357525933225
-24.3200000000000 0.9341186952155
-24.3200000000000 0.9341186952155
-23.6800000000000 0.9323994982538
-23.0400000000000 0.9305881415951
-23.0400000000000 0.9305881415951
-23.0400000000000 0.9305881415951
-22.7200000000000 0.9296455640467
-22.4000000000000 0.9286770271243
-22.4000000000000 0.9286770271243
-22.0800000000000 0.9276814368342
-21.7600000000000 0.9266576494740
-21.7600000000000 0.9266576494740
-21.7600000000000 0.9266576494740
-21.4400000000000 0.9256044542422
-21.1200000000000 0.9245205652020
-21.1200000000000 0.9245205652020
-20.8000000000000 0.9234046186980
-20.4800000000000 0.9222551716619
-20.4800000000000 0.9222551716619
-20.4800000000000 0.9222551716619
-20.4800000000000 0.9222551716619
-20.1600000000000 0.9210706896096
-19.8400000000000 0.9198495431563
-19.8400000000000 0.9198495431563
-19.5200000000000 0.9185899981470
-19.2000000000000 0.9172901971639
-19.2000000000000 0.9172901971639
-19.2000000000000 0.9172901971639
-18.8800000000000 0.9159481638938
-18.5600000000000 0.9145618093539
-18.5600000000000 0.9145618093539
-18.2400000000000 0.9131289306775
-17.9200000000000 0.9116471580808
-17.9200000000000 0.9116471580808
-17.9200000000000 0.9116471580808
-17.9200000000000 0.9116471580808
-17.6000000000000 0.9101139198207
-17.2800000000000 0.9085264759307
-17.2800000000000 0.9085264759307
-16.9600000000000 0.9068819054308
-16.6400000000000 0.9051770689616
-16.6400000000000 0.9051770689616
-16.6400000000000 0.9051770689616
-16.3200000000000 0.9034085892589
-16.0000000000000 0.9015728006801
-16.0000000000000 0.9015728006801
-15.6800000000000 0.8996657598477
-15.5200000000000 0.8986842206902
-15.3600000000000 0.8976832703260
-15.3600000000000 0.8976832703260
-15.3600000000000 0.8976832703260
-15.3600000000000 0.8976832703260
-15.3600000000000 0.8976832703260
-15.2000000000000 0.8966623314709
-15.0400000000000 0.8956207975916
-15.0400000000000 0.8956207975916
-14.8800000000000 0.8945580361354
-14.7200000000000 0.8934733865462
-14.7200000000000 0.8934733865462
-14.7200000000000 0.8934733865462
-14.5600000000000 0.8923661602605
-14.4000000000000 0.8912356422409
-14.4000000000000 0.8912356422409
-14.2400000000000 0.8900810869909
-14.0800000000000 0.8889017215472
-14.0800000000000 0.8889017215472
-14.0800000000000 0.8889017215472
-14.0800000000000 0.8889017215472
-13.9200000000000 0.8876967381081
-13.7600000000000 0.8864652920378
-13.7600000000000 0.8864652920378
-13.6000000000000 0.8852064974368
-13.4400000000000 0.8839194244280
-13.4400000000000 0.8839194244280
-13.4400000000000 0.8839194244280
-13.2800000000000 0.8826030986093
-13.1200000000000 0.8812565024691
-13.1200000000000 0.8812565024691
-12.9600000000000 0.8798785771665
-12.8000000000000 0.8784682225833
-12.8000000000000 0.8784682225833
-12.8000000000000 0.8784682225833
-12.8000000000000 0.8784682225833
-12.8000000000000 0.8784682225833
-12.6400000000000 0.8770242939640
-12.4800000000000 0.8755455948750
-12.4800000000000 0.8755455948750
-12.3200000000000 0.8740308679914
-12.1600000000000 0.8724787858975
-12.1600000000000 0.8724787858975
-12.1600000000000 0.8724787858975
-12.0000000000000 0.8708879436298
-11.8400000000000 0.8692568542871
-11.8400000000000 0.8692568542871
-11.6800000000000 0.8675839482466
-11.5200000000000 0.8658675746552
-11.5200000000000 0.8658675746552
-11.5200000000000 0.8658675746552
-11.5200000000000 0.8658675746552
-11.3600000000000 0.8641060022738
-11.2000000000000 0.8622974167307
-11.2000000000000 0.8622974167307
-11.0400000000000 0.8604399128962
-10.8800000000000 0.8585314839266
-10.8800000000000 0.8585314839266
-10.8800000000000 0.8585314839266
-10.7200000000000 0.8565700102237
-10.5600000000000 0.8545532500084
-10.5600000000000 0.8545532500084
-10.4000000000000 0.8524788304123
-10.2400000000000 0.8503442377456
-10.2400000000000 0.8503442377456
-10.2400000000000 0.8503442377456
-10.2400000000000 0.8503442377456
-10.2400000000000 0.8503442377456
-10.0800000000000 0.8481468079166
-9.9200000000000 0.8458837185088
-9.9200000000000 0.8458837185088
-9.7600000000000 0.8435519804181
-9.6000000000000 0.8411484240752
-9.6000000000000 0.8411484240752
-9.6000000000000 0.8411484240752
-9.4400000000000 0.8386696789051
-9.2800000000000 0.8361121516111
-9.2800000000000 0.8361121516111
-9.1200000000000 0.8334720097952
-8.9600000000000 0.8307451694619
-8.9600000000000 0.8307451694619
-8.9600000000000 0.8307451694619
-8.9600000000000 0.8307451694619
-8.8000000000000 0.8279272780748
-8.6400000000000 0.8250136895132
-8.6400000000000 0.8250136895132
-8.4800000000000 0.8219994365899
-8.3200000000000 0.8188792057321
-8.3200000000000 0.8188792057321
-8.3200000000000 0.8188792057321
-8.1600000000000 0.8156473085884
-8.0000000000000 0.8122976428100
-8.0000000000000 0.8122976428100
-7.8400000000000 0.8088236444747
-7.6800000000000 0.8052182419972
-7.6800000000000 0.8052182419972
-7.6800000000000 0.8052182419972
-7.6800000000000 0.8052182419972
-7.6800000000000 0.8052182419972
-7.5200000000000 0.8014738131321
-7.3600000000000 0.7975821361278
-7.3600000000000 0.7975821361278
-7.2000000000000 0.7935343299087
-7.0400000000000 0.7893207872321
-7.0400000000000 0.7893207872321
-7.0400000000000 0.7893207872321
-6.8800000000000 0.7849311027991
-6.7200000000000 0.7803539903599
-6.7200000000000 0.7803539903599
-6.5600000000000 0.7755771841528
-6.4000000000000 0.7705873269236
-6.4000000000000 0.7705873269236
-6.4000000000000 0.7705873269236
-6.4000000000000 0.7705873269236
-6.2400000000000 0.7653698443206
-6.0800000000000 0.7599087991964
-6.0800000000000 0.7599087991964
-5.9200000000000 0.7541867234963
-5.7600000000000 0.7481844316041
-5.7600000000000 0.7481844316041
-5.7600000000000 0.7481844316041
-5.6000000000000 0.7418808168081
-5.4400000000000 0.7352526345256
-5.4400000000000 0.7352526345256
-5.2800000000000 0.7282743211081
-5.1200000000000 0.7209203587041
-5.1200000000000 0.7209182657275
-5.1200000000000 0.7209182657275
-5.1200000000000 0.7209182657275
-5.1200000000000 0.7209203587041
-4.9600000000000 0.7131581942221
-4.8000000000000 0.7049790747940
-4.8000000000000 0.7049790747940
-4.6400000000000 0.6963719451412
-4.4800000000000 0.6873289037319
-4.4800000000000 0.6873289037319
-4.4800000000000 0.6873289037319
-4.3200000000000 0.6778422389781
-4.1600000000000 0.6679062590831
-4.1600000000000 0.6679062590831
-4.0000000000000 0.6575169859855
-3.8400000000000 0.6466734012467
-3.8400000000000 0.6466734012467
-3.8400000000000 0.6466734012467
-3.8400000000000 0.6466734012467
-3.6800000000000 0.6353775388272
-3.5200000000000 0.6236356868741
-3.5200000000000 0.6236356868741
-3.3600000000000 0.6114588241799
-3.2000000000000 0.5988641420967
-3.2000000000000 0.5988641420967
-3.2000000000000 0.5988641420967
-3.0400000000000 0.5858755460354
-2.8800000000000 0.5725256543469
-2.8800000000000 0.5725256543469
-2.7200000000000 0.5588559322684
-2.5600000000000 0.5449196087268
-2.5600000000000 0.5449194629808
-2.5600000000000 0.5449196087268
-2.5600000000000 0.5449194629808
-2.5600000000000 0.5449196087268
-2.4000000000000 0.5307804725440
-2.2400000000000 0.5165179539501
-2.2400000000000 0.5165179539501
-2.0800000000000 0.5022237055908
-1.9200000000000 0.4880071622924
-1.9200000000000 0.4880071622924
-1.9200000000000 0.4880071622924
-1.7600000000000 0.4739907494406
-1.6000000000000 0.4603163898762
-1.6000000000000 0.4603163898762
-1.4400000000000 0.4471367597552
-1.2800000000000 0.4346238747441
-1.2800000000000 0.4346238747441
-1.2800000000000 0.4346238747441
-1.2800000000000 0.4346238747441
-1.1200000000000 0.4229542471832
-0.9600000000000 0.4123200173362
-0.9600000000000 0.4123200173362
-0.8000000000000 0.4029045202225
-0.6400000000000 0.3948986276071
-0.6400000000000 0.3948986276071
-0.6400000000000 0.3948986276071
-0.4800000000000 0.3884639772876
-0.3200000000000 0.3837574350507
-0.3200000000000 0.3837574350507
-0.1600000000000 0.3808791541984
0.0000000000000 0.3799140180703
0.0000000000000 0.3799140180703
0.0000000000000 0.3799140180703
0.0000000000000 0.3799140180703
0.0000000000000 0.3799140180703
0.1600000000000 0.3808791542508
0.3200000000000 0.3837574351556
0.3200000000000 0.3837574351556
0.4800000000000 0.3884639774443
0.6400000000000 0.3948986278147
0.6400000000000 0.3948986278147
0.6400000000000 0.3948986278147
0.8000000000000 0.4029045204786
0.9600000000000 0.4123200176381
0.9600000000000 0.4123200176381
1.1200000000000 0.4229542475279
1.2800000000000 0.4346238751285
1.2800000000000 0.4346238751285
1.2800000000000 0.4346238751285
1.2800000000000 0.4346238751285
1.4400000000000 0.4471367601757
1.6000000000000 0.4603163903294
1.6000000000000 0.4603163903294
1.7600000000000 0.4739907499229
1.9200000000000 0.4880071628004
1.9200000000000 0.4880071628004
1.9200000000000 0.4880071628004
2.0800000000000 0.5022237061214
2.2400000000000 0.5165179545008
2.2400000000000 0.5165179545008
2.4000000000000 0.5307804731124
2.5600000000000 0.5449194635650
2.5600000000000 0.5449194635650
2.5600000000000 0.5449194635650
2.5600000000000 0.5449194635650
2.5600000000000 0.5449194635650
2.7200000000000 0.5588559328663
2.8800000000000 0.5725256549573
2.8800000000000 0.5725256549573
3.0400000000000 0.5858755466562
3.2000000000000 0.5988641427263
3.2000000000000 0.5988641427263
3.2000000000000 0.5988641427263
3.3600000000000 0.6114588248161
3.5200000000000 0.6236356875153
3.5200000000000 0.6236356875153
3.6800000000000 0.6353775394709
3.8400000000000 0.6466734478374
3.8400000000000 0.6466734018903
3.8400000000000 0.6466734478374
3.8400000000000 0.6466734018903
4.0000000000000 0.6575169866266
4.1600000000000 0.6679062597197
4.1600000000000 0.6679062597197
4.3200000000000 0.6778422396079
4.4800000000000 0.6873289043535
4.4800000000000 0.6873289043535
4.4800000000000 0.6873289043535
4.6400000000000 0.6963719457517
4.8000000000000 0.7049790753907
4.8000000000000 0.7049790753907
4.9600000000000 0.7131581947986
5.1200000000000 0.7209182662782
5.1200000000000 0.7209182662782
5.1200000000000 0.7209182662782
5.1200000000000 0.7209182662782
5.1200000000000 0.7209182662782
5.2800000000000 0.7282743216331
5.4400000000000 0.7352526350259
5.4400000000000 0.7352526350259
5.6000000000000 0.7418808172846
5.7600000000000 0.7481844320576
5.7600000000000 0.7481844320576
5.7600000000000 0.7481844320576
5.9200000000000 0.7541867239278
6.0800000000000 0.7599087996066
6.0800000000000 0.7599087996066
6.2400000000000 0.7653698447101
6.4000000000000 0.7705873272931
6.4000000000000 0.7705873272931
6.4000000000000 0.7705873272931
6.4000000000000 0.7705873272931
6.5600000000000 0.7755771845027
6.7200000000000 0.7803539906907
6.7200000000000 0.7803539906907
6.8800000000000 0.7849311031111
7.0400000000000 0.7893207875255
7.0400000000000 0.7893207875255
7.0400000000000 0.7893207875255
7.2000000000000 0.7935343301839
7.3600000000000 0.7975821363850
7.3600000000000 0.7975821363850
7.5200000000000 0.8014738133715
7.6800000000000 0.8052182422190
7.6800000000000 0.8052182422190
7.6800000000000 0.8052182422190
7.6800000000000 0.8052182422190
7.6800000000000 0.8052182422190
7.8400000000000 0.8088236446792
8.0000000000000 0.8122976429975
8.0000000000000 0.8122976429975
8.1600000000000 0.8156473087593
8.3200000000000 0.8188792058868
8.3200000000000 0.8188792058868
8.3200000000000 0.8188792058868
8.4800000000000 0.8219994367288
8.6400000000000 0.8250136896369
8.6400000000000 0.8250136896369
8.8000000000000 0.8279272781837
8.9600000000000 0.8307451695562
8.9600000000000 0.8307451695562
8.9600000000000 0.8307451695562
8.9600000000000 0.8307451695562
9.1200000000000 0.8334720098752
9.2800000000000 0.8361121516771
9.2800000000000 0.8361121516771
9.4400000000000 0.8386696789574
9.6000000000000 0.8411484241142
9.6000000000000 0.8411484241142
9.6000000000000 0.8411484241142
9.7600000000000 0.8435519804440
9.9200000000000 0.8458837185219
9.9200000000000 0.8458837185219
10.0800000000000 0.8481468079173
10.2400000000000 0.8503442377786
10.2400000000000 0.8503442377342
10.2400000000000 0.8503442377786
10.2400000000000 0.8503442377342
10.2400000000000 0.8503442377786
10.4000000000000 0.8524788303892
10.5600000000000 0.8545532499742
10.5600000000000 0.8545532499742
10.7200000000000 0.8565700101787
10.8800000000000 0.8585314838712
10.8800000000000 0.8585314838712
10.8800000000000 0.8585314838712
11.0400000000000 0.8604399128308
11.2000000000000 0.8622974166557
11.2000000000000 0.8622974166557
11.3600000000000 0.8641060021895
11.5200000000000 0.8658675745619
11.5200000000000 0.8658675745619
11.5200000000000 0.8658675745619
11.5200000000000 0.8658675745619
11.6800000000000 0.8675839481446
11.8400000000000 0.8692568541766
11.8400000000000 0.8692568541766
12.0000000000000 0.8708879435113
12.1600000000000 0.8724787857715
12.1600000000000 0.8724787857715
12.1600000000000 0.8724787857715
12.3200000000000 0.8740308678584
12.4800000000000 0.8755455947357
12.4800000000000 0.8755455947357
12.6400000000000 0.8770242938187
12.8000000000000 0.8784682224325
12.8000000000000 0.8784682224325
12.8000000000000 0.8784682224325
12.8000000000000 0.8784682224325
12.8000000000000 0.8784682224325
12.9600000000000 0.8798785770105
13.1200000000000 0.8812565023080
13.1200000000000 0.8812565023080
13.2800000000000 0.8826030984432
13.4400000000000 0.8839194242572
13.4400000000000 0.8839194242572
13.4400000000000 0.8839194242572
13.6000000000000 0.8852064972617
13.7600000000000 0.8864652918586
13.7600000000000 0.8864652918586
13.9200000000000 0.8876967379256
14.0800000000000 0.8889017213620
14.0800000000000 0.8889017213620
14.0800000000000 0.8889017213620
14.0800000000000 0.8889017213620
14.2400000000000 0.8900810868035
14.4000000000000 0.8912356420518
14.4000000000000 0.8912356420518
14.5600000000000 0.8923661600702
14.7200000000000 0.8934733863551
14.7200000000000 0.8934733863551
14.7200000000000 0.8934733863551
14.8800000000000 0.8945580359437
15.0400000000000 0.8956207973995
15.0400000000000 0.8956207973995
15.2000000000000 0.8966623312788
15.3600000000000 0.8976832701343
15.3600000000000 0.8976832701343
15.3600000000000 0.8976832701343
15.3600000000000 0.8976832701343
15.3600000000000 0.8976832701343
15.5200000000000 0.8986842204993
15.6800000000000 0.8996657596582
16.0000000000000 0.9015728004950
16.0000000000000 0.9015728004950
16.3200000000000 0.9034085890806
16.6400000000000 0.9051770694151
16.6400000000000 0.9051770687922
16.6400000000000 0.9051770687922
16.9600000000000 0.9068819052725
17.2800000000000 0.9085264757855
17.2800000000000 0.9085264757855
17.6000000000000 0.9101139196906
17.9200000000000 0.9116471579676
17.9200000000000 0.9116471579676
17.9200000000000 0.9116471579676
17.9200000000000 0.9116471579676
18.2400000000000 0.9131289305826
18.5600000000000 0.9145618092790
18.5600000000000 0.9145618092790
18.8800000000000 0.9159481638405
19.2000000000000 0.9172901971336
19.2000000000000 0.9172901971336
19.2000000000000 0.9172901971336
19.5200000000000 0.9185899981413
19.8400000000000 0.9198495431766
19.8400000000000 0.9198495431766
20.1600000000000 0.9210706896574
20.4800000000000 0.9222551717385
20.4800000000000 0.9222551717385
20.4800000000000 0.9222551717385
20.4800000000000 0.9222551717385
20.8000000000000 0.9234046188049
21.1200000000000 0.9245205653405
21.1200000000000 0.9245205653405
21.4400000000000 0.9256044544134
21.7600000000000 0.9266576496789
21.7600000000000 0.9266576496789
21.7600000000000 0.9266576496789
22.0800000000000 0.9276814370736
22.4000000000000 0.9286770273986
22.4000000000000 0.9286770273986
22.7200000000000 0.9296455643562
23.0400000000000 0.9305881419397
23.0400000000000 0.9305881419397
23.0400000000000 0.9305881389708
23.6800000000000 0.9323994986666
24.3200000000000 0.9341186956904
24.3200000000000 0.9341186956904
24.9600000000000 0.9357525938491
25.6000000000000 0.9373074298798
25.6000000000000 0.9373074298798
25.6000000000000 0.9373074298798
26.2400000000000 0.9387888156863
26.8800000000000 0.9402018181919
26.8800000000000 0.9402018181919
27.5200000000000 0.9415510564842
28.1600000000000 0.9428407663987
28.1600000000000 0.9428407663987
28.1600000000000 0.9428407663987
28.8000000000000 0.9440748222493
29.4400000000000 0.9452567498577
29.4400000000000 0.9452567498577
30.0800000000000 0.9463897728262
30.7200000000000 0.9474768452495
30.7200000000000 0.9474768452495
30.7200000000000 0.9474768452495
31.3600000000000 0.9485207135331
32.0000000000000 0.9495239329212
32.0000000000000 0.9495239329212
32.6400000000000 0.9504888123831
33.2800000000000 0.9514175122438
33.2800000000000 0.9514175122438
33.2800000000000 0.9514175122438
33.9200000000000 0.9523120195669
34.5600000000000 0.9531741946922
34.5600000000000 0.9531741946922
35.2000000000000 0.9540057630718
35.8400000000000 0.9548083147679
35.8400000000000 0.9548083147679
35.8400000000000 0.9548083147679
36.4800000000000 0.9555833271017
37.1200000000000 0.9563322084088
37.1200000000000 0.9563322084088
37.7600000000000 0.9570562733289
38.4000000000000 0.9577567149679
38.4000000000000 0.9577567149679
39.6800000000000 0.9590911554340
40.9600000000000 0.9603438788856
40.9600000000000 0.9603438788856
42.2400000000000 0.9615220900291
43.5200000000000 0.9626321876104
43.5200000000000 0.9626321876104
44.8000000000000 0.9636799692009
46.0800000000000 0.9646702765325
46.0800000000000 0.9646702765325
47.3600000000000 0.9656078999005
48.6400000000000 0.9664969071113
48.6400000000000 0.9664969071113
49.9200000000000 0.9673406354753
51.2000000000000 0.9681429576536
51.2000000000000 0.9681429576536
52.4800000000000 0.9689070053015
53.7600000000000 0.9696345399748
53.7600000000000 0.9696345399748
55.0400000000000 0.9703280067554
56.3200000000000 0.9709909343772
56.3200000000000 0.9709909343772
57.6000000000000 0.9716261005322
58.8800000000000 0.9722349074194
58.8800000000000 0.9722349074194
60.1600000000000 0.9728184090816
61.4400000000000 0.9733780156039
61.4400000000000 0.9733780156039
62.7200000000000 0.9739152721838
64.0000000000000 0.9744315030207
64.0000000000000 0.9744315030207
65.2800000000000 0.9749277848601
66.5600000000000 0.9754050829457
66.5600000000000 0.9754050829457
67.8400000000000 0.9758643455385
69.1200000000000 0.9763065342261
69.1200000000000 0.9763065342261
70.4000000000000 0.9767326098985
71.6800000000000 0.9771434936015
71.6800000000000 0.9771434936015
72.9600000000000 0.9775400355009
74.2400000000000 0.9779230096446
74.2400000000000 0.9779230096446
75.5200000000000 0.9782931232393
76.8000000000000 0.9786510257318
76.8000000000000 0.9786510257318
78.0800000000000 0.9789973168125
79.3600000000000 0.9793325528765
79.3600000000000 0.9793325528765
80.6400000000000 0.9796572537362
81.9200000000000 0.9799719081489
81.9200000000000 0.9799719081489
83.2000000000000 0.9802769758887
84.4800000000000 0.9805728891915
84.4800000000000 0.9805728891915
85.7600000000000 0.9808600545502
87.0400000000000 0.9811388543026
87.0400000000000 0.9811388543026
88.3200000000000 0.9814096487487
89.6000000000000 0.9816727782566
89.6000000000000 0.9816727782566
90.8800000000000 0.9819285645914
92.1600000000000 0.9821773111125
92.1600000000000 0.9821773111125
93.4400000000000 0.9824193032518
94.7200000000000 0.9826548114629
94.7200000000000 0.9826548114629
96.0000000000000 0.9828840926863
97.2800000000000 0.9831073911125
97.2800000000000 0.9831073911125
98.5600000000000 0.9833249387800
99.8400000000000 0.9835369538321
99.8400000000000 0.9835369538321
101.1200000000000 0.9837436433805
102.4000000000000 0.9839452065829
102.4000000000000 0.9839452065829
103.6800000000000 0.9841418333807
104.9600000000000 0.9843337031041
104.9600000000000 0.9843337031041
106.2400000000000 0.9845209856183
107.5200000000000 0.9847038425516
107.5200000000000 0.9847038425516
108.8000000000000 0.9848824302891
110.0800000000000 0.9850568976793
110.0800000000000 0.9850568976793
111.3600000000000 0.9852273848296
112.6400000000000 0.9853940253985
112.6400000000000 0.9853940253985
113.9200000000000 0.9855569482160
115.2000000000000 0.9857162771454
115.2000000000000 0.9857162771454
116.4800000000000 0.9858721291153
117.7600000000000 0.9860246162148
117.7600000000000 0.9860246162148
119.0400000000000 0.9861738470679
120.3200000000000 0.9863199242717
120.3200000000000 0.9863199242717
121.6000000000000 0.9864629457700
122.8800000000000 0.9866030076854
122.8800000000000 0.9866030076854
124.1600000000000 0.9867402012569
125.4400000000000 0.9868746125714
125.4400000000000 0.9868746125714
126.7200000000000 0.9870063261227
128.0000000000000 0.9871354229568
128.0000000000000 0.9871354229568
129.2800000000000 0.9872619794886
130.5600000000000 0.9873860705076
130.5600000000000 0.9873860705076
131.8400000000000 0.9875077676111
133.1200000000000 0.9876271392617
133.1200000000000 0.9876271392617
134.4000000000000 0.9877442512801
135.6800000000000 0.9878591674004
135.6800000000000 0.9878591674004
136.9600000000000 0.9879719489532
138.2400000000000 0.9880826547507
138.2400000000000 0.9880826547507
139.5200000000000 0.9881913414326
140.8000000000000 0.9882980636611
143.3600000000000 0.9885058236275
145.9200000000000 0.9887063342924
148.4800000000000 0.9888999692481
151.0400000000000 0.9890870752727
153.6000000000000 0.9892679762183
156.1600000000000 0.9894429778899
158.7200000000000 0.9896123636069
161.2800000000000 0.9897763995944
163.8400000000000 0.9899353361275
166.4000000000000 0.9900894065513
168.9600000000000 0.9902388318628
171.5200000000000 0.9903838207418
174.0800000000000 0.9905245646641
176.6400000000000 0.9906612464107
179.2000000000000 0.9907940429843
181.7600000000000 0.9909231162222
184.3200000000000 0.9910486178680
186.8800000000000 0.9911706965589
189.4400000000000 0.9912894912501
192.0000000000000 0.9914051297199
194.5600000000000 0.9915177364592
197.1200000000000 0.9916274325234
199.6800000000000 0.9917343288513
202.2400000000000 0.9918385288006
204.8000000000000 0.9919401329106
207.3600000000000 0.9920392384393
209.9200000000000 0.9921359376272
212.4800000000000 0.9922303179610
215.0400000000000 0.9923224601440
217.6000000000000 0.9924124402626
220.1600000000000 0.9925003346509
222.7200000000000 0.9925862177231
225.2800000000000 0.9926701580937
227.8400000000000 0.9927522190505
230.4000000000000 0.9928324613037
232.9600000000000 0.9929109448310
235.5200000000000 0.9929877281907
238.0800000000000 0.9930628668756
240.6400000000000 0.9931364128831
243.2000000000000 0.9932084156590
245.7600000000000 0.9932789230215
248.3200000000000 0.9933479802172
250.8800000000000 0.9934156305754
253.4400000000000 0.9934819172463
256.0000000000000 0.9935468820517
258.5600000000000 0.9936105644252
261.1200000000000 0.9936730021754
263.6800000000000 0.9937342313930
266.2400000000000 0.9937942859833
268.8000000000000 0.9938531987188
271.3600000000000 0.9939110019185
273.9200000000000 0.9939677268137
276.4800000000000 0.9940234029122
279.0400000000000 0.9940780592571
281.6000000000000 0.9941317247163
284.1600000000000 0.9941844262286
286.7200000000000 0.9942361889817
289.2800000000000 0.9942870374452
291.8400000000000 0.9943369956675
294.4000000000000 0.9943860868836
296.9600000000000 0.9944343330617
299.5200000000000 0.9944817551859
302.0800000000000 0.9945283740915
304.6400000000000 0.9945742105969
307.2000000000000 0.9946192844191
309.7600000000000 0.9946636142708
312.3200000000000 0.9947072185161
314.8800000000000 0.9947501149843
317.4400000000000 0.9947923208189
