# x rho
-317.4400000000000 0.0000000000000
-314.8800000000000 0.0000000000000
-312.3200000000000 0.0000000000000
-309.7600000000000 0.0000000000000
-307.2000000000000 0.0000000000000
-304.6400000000000 0.0000000000000
-302.0800000000000 0.0000000000000
-299.5200000000000 0.0000000000000
-296.9600000000000 0.0000000000000
-294.4000000000000 0.0000000000000
-291.8400000000000 0.0000000000000
-289.2800000000000 0.0000000000000
-286.7200000000000 0.0000000000000
-284.1600000000000 0.0000000000000
-281.6000000000000 0.0000000000000
-279.0400000000000 0.0000000000000
-276.4800000000000 0.0000000000000
-273.9200000000000 0.0000000000000
-271.3600000000000 0.0000000000000
-268.8000000000000 0.0000000000000
-266.2400000000000 0.0000000000000
-263.6800000000000 0.0000000000000
-261.1200000000000 0.0000000000000
-258.5600000000000 0.0000000000000
-256.0000000000000 0.0000000000000
-253.4400000000000 0.0000000000000
-250.8800000000000 0.0000000000000
-248.3200000000000 0.0000000000000
-245.7600000000000 0.0000000000000
-243.2000000000000 0.0000000000000
-240.6400000000000 0.0000000000000
-238.0800000000000 0.0000000000000
-235.5200000000000 0.0000000000000
-232.9600000000000 0.0000000000000
-230.4000000000000 0.0000000000000
-227.8400000000000 0.0000000000000
-225.2800000000000 0.0000000000000
-222.7200000000000 0.0000000000000
-220.1600000000000 0.0000000000000
-217.6000000000000 0.0000000000000
-215.0400000000000 0.0000000000000
-212.4800000000000 0.0000000000000
-209.9200000000000 0.0000000000000
-207.3600000000000 0.0000000000000
-204.8000000000000 0.0000000000000
-202.2400000000000 0.0000000000000
-199.6800000000000 0.0000000000000
-197.1200000000000 0.0000000000000
-194.5600000000000 0.0000000000000
-192.0000000000000 0.0000000000000
-189.4400000000000 0.0000000000000
-186.8800000000000 0.0000000000000
-184.3200000000000 0.0000000000000
-181.7600000000000 0.0000000000000
-179.2000000000000 0.0000000000000
-176.6400000000000 0.0000000000000
-174.0800000000000 0.0000000000000
-171.5200000000000 0.0000000000000
-168.9600000000000 0.0000000000000
-166.4000000000000 0.0000000000000
-163.8400000000000 0.0000000000000
-161.2800000000000 0.0000000000000
-158.7200000000000 0.0000000000000
-156.1600000000000 0.0000000000000
-153.6000000000000 0.0000000000000
-151.0400000000000 0.0000000000000
-148.4800000000000 0.0000000000000
-145.9200000000000 0.0000000000000
-143.3600000000000 0.0000000000000
-140.8000000000000 0.0000000000000
-139.5200000000000 0.0000000000000
-138.2400000000000 0.0000000000000
-138.2400000000000 0.0000000000000
-136.9600000000000 0.0000000000000
-135.6800000000000 0.0000000000000
-135.6800000000000 0.0000000000000
-134.4000000000000 0.0000000000000
-133.1200000000000 0.0000000000000
-133.1200000000000 0.0000000000000
-131.8400000000000 0.0000000000000
-130.5600000000000 0.0000000000000
-130.5600000000000 0.0000000000000
-129.2800000000000 0.0000000000000
-128.0000000000000 0.0000000000000
-128.0000000000000 0.0000000000000
-126.7200000000000 0.0000000000000
-125.4400000000000 0.0000000000000
-125.4400000000000 0.0000000000000
-124.1600000000000 0.0000000000000
-122.8800000000000 0.0000000000000
-122.8800000000000 0.0000000000000
-121.6000000000000 0.0000000000000
-120.3200000000000 0.0000000000000
-120.3200000000000 0.0000000000000
-119.0400000000000 0.0000000000000
-117.7600000000000 0.0000000000000
-117.7600000000000 0.0000000000000
-116.4800000000000 0.0000000000000
-115.2000000000000 0.0000000000000
-115.2000000000000 0.0000000000000
-113.9200000000000 0.0000000000000
-112.6400000000000 0.0000000000000
-112.6400000000000 0.0000000000000
-111.3600000000000 0.0000000000000
-110.0800000000000 0.0000000000000
-110.0800000000000 0.0000000000000
-108.8000000000000 0.0000000000000
-107.5200000000000 0.0000000000000
-107.5200000000000 0.0000000000000
-106.2400000000000 0.0000000000000
-104.9600000000000 0.0000000000000
-104.9600000000000 0.0000000000000
-103.6800000000000 0.0000000000000
-102.4000000000000 0.0000000000000
-102.4000000000000 0.0000000000000
-101.1200000000000 0.0000000000000
-99.8400000000000 0.0000000000000
-99.8400000000000 0.0000000000000
-98.5600000000000 0.0000000000000
-97.2800000000000 0.0000000000000
-97.2800000000000 0.0000000000000
-96.0000000000000 0.0000000000000
-94.7200000000000 0.0000000000000
-94.7200000000000 0.0000000000000
-93.4400000000000 0.0000000000000
-92.1600000000000 0.0000000000000
-92.1600000000000 0.0000000000000
-90.8800000000000 0.0000000000000
-89.6000000000000 0.0000000000000
-89.6000000000000 0.0000000000000
-88.3200000000000 0.0000000000000
-87.0400000000000 0.0000000000000
-87.0400000000000 0.0000000000000
-85.7600000000000 0.0000000000000
-84.4800000000000 0.0000000000000
-84.4800000000000 0.0000000000000
-83.2000000000000 0.0000000000000
-81.9200000000000 0.0000000000000
-81.9200000000000 0.0000000000000
-80.6400000000000 0.0000000000000
-79.3600000000000 0.0000000000000
-79.3600000000000 0.0000000000000
-78.0800000000000 0.0000000000000
-76.8000000000000 0.0000000000000
-76.8000000000000 0.0000000000000
-75.5200000000000 0.0000000000000
-74.2400000000000 0.0000000000000
-74.2400000000000 0.0000000000000
-72.9600000000000 0.0000000000000
-71.6800000000000 0.0000000000000
-71.6800000000000 0.0000000000000
-70.4000000000000 0.0000000000000
-69.1200000000000 0.0000000000000
-69.1200000000000 0.0000000000000
-67.8400000000000 0.0000000000000
-66.5600000000000 0.0000000000000
-66.5600000000000 0.0000000000000
-65.2800000000000 0.0000000000000
-64.0000000000000 0.0000000000000
-64.0000000000000 0.0000000000000
-62.7200000000000 0.0000000000000
-61.4400000000000 0.0000000000000
-61.4400000000000 0.0000000000000
-60.1600000000000 0.0000000000000
-58.8800000000000 0.0000000000000
-58.8800000000000 0.0000000000000
-57.6000000000000 0.0000000000000
-56.3200000000000 0.0000000000000
-56.3200000000000 0.0000000000000
-55.0400000000000 0.0000000000000
-53.7600000000000 0.0000000000000
-53.7600000000000 0.0000000000000
-52.4800000000000 0.0000000000000
-51.2000000000000 0.0000000000000
-51.2000000000000 0.0000000000000
-49.9200000000000 0.0000000000000
-48.6400000000000 0.0000000000000
-48.6400000000000 0.0000000000000
-47.3600000000000 0.0000000000000
-46.0800000000000 0.0000000000000
-46.0800000000000 0.0000000000000
-44.8000000000000 0.0000000000000
-43.5200000000000 0.0000000000000
-43.5200000000000 0.0000000000000
-42.2400000000000 0.0000000000000
-40.9600000000000 0.0000000000000
-40.9600000000000 0.0000000000000
-39.6800000000000 0.0000000000000
-38.4000000000000 0.0000000000000
-38.4000000000000 0.0000000000000
-37.7600000000000 0.0000000000000
-37.1200000000000 0.0000000000000
-37.1200000000000 0.0000000000000
-36.4800000000000 0.0000000000000
-35.8400000000000 0.0000000000000
-35.8400000000000 0.0000000000000
-35.8400000000000 0.0000000000000
-35.2000000000000 0.0000000000000
-34.5600000000000 0.0000000000000
-34.5600000000000 0.0000000000000
-33.9200000000000 0.0000000000000
-33.2800000000000 0.0000000000000
-33.2800000000000 0.0000000000000
-33.2800000000000 0.0000000000000
-32.6400000000000 0.0000000000000
-32.0000000000000 0.0000000000000
-32.0000000000000 0.0000000000000
-31.3600000000000 0.0000000000000
-30.7200000000000 0.0000000000000
-30.7200000000000 0.0000000000000
-30.7200000000000 0.0000000000000
-30.0800000000000 0.0000000000000
-29.4400000000000 0.0000000000000
-29.4400000000000 0.0000000000000
-28.8000000000000 0.0000000000000
-28.1600000000000 0.0000000000000
-28.1600000000000 0.0000000000000
-28.1600000000000 0.0000000000000
-27.5200000000000 0.0000000000000
-26.8800000000000 0.0000000000000
-26.8800000000000 0.0000000000000
-26.2400000000000 0.0000000000000
-25.6000000000000 0.0000000000000
-25.6000000000000 0.0000000000000
-25.6000000000000 0.0000000000000
-24.9600000000000 0.0000000000000
-24.3200000000000 0.0000000000000
-24.3200000000000 0.0000000000000
-23.6800000000000 0.0000000000000
-23.0400000000000 0.0000000000000
-23.0400000000000 0.0000000000000
-23.0400000000000 0.0000000000000
-22.7200000000000 0.0000000000000
-22.4000000000000 0.0000000000000
-22.4000000000000 0.0000000000000
-22.0800000000000 0.0000000000000
-21.7600000000000 0.0000000000000
-21.7600000000000 0.0000000000000
-21.7600000000000 0.0000000000000
-21.4400000000000 0.0000000000000
-21.1200000000000 0.0000000000000
-21.1200000000000 0.0000000000000
-20.8000000000000 0.0000000000000
-20.4800000000000 0.0000000000000
-20.4800000000000 0.0000000000000
-20.4800000000000 0.0000000000000
-20.4800000000000 0.0000000000000
-20.1600000000000 0.0000000000000
-19.8400000000000 0.0000000000000
-19.8400000000000 0.0000000000000
-19.5200000000000 0.0000000000000
-19.2000000000000 0.0000000000000
-19.2000000000000 0.0000000000000
-19.2000000000000 0.0000000000000
-18.8800000000000 0.0000000000000
-18.5600000000000 0.0000000000000
-18.5600000000000 0.0000000000000
-18.2400000000000 0.0000000000000
-17.9200000000000 0.0000000000000
-17.9200000000000 0.0000000000000
-17.9200000000000 0.0000000000000
-17.9200000000000 0.0000000000000
-17.6000000000000 0.0000000000004
-17.2800000000000 0.0000000000011
-17.2800000000000 0.0000000000011
-16.9600000000000 0.0000000000015
-16.6400000000000 0.0000000000019
-16.6400000000000 0.0000000000019
-16.6400000000000 0.0000000000019
-16.3200000000000 0.0000000000024
-16.0000000000000 0.0000000000028
-16.0000000000000 0.0000000000028
-15.6800000000000 0.0000000000030
-15.5200000000000 0.0000000000029
-15.3600000000000 0.0000000000026
-15.3600000000000 0.0000000000026
-15.3600000000000 0.0000000000026
-15.3600000000000 0.0000000000026
-15.3600000000000 0.0000000000026
-15.2000000000000 0.0000000000022
-15.0400000000000 0.0000000000017
-15.0400000000000 0.0000000000017
-14.8800000000000 0.0000000000016
-14.7200000000000 0.0000000000015
-14.7200000000000 0.0000000000015
-14.7200000000000 0.0000000000015
-14.5600000000000 0.0000000000016
-14.4000000000000 0.0000000000016
-14.4000000000000 0.0000000000016
-14.2400000000000 0.0000000000017
-14.0800000000000 0.0000000000018
-14.0800000000000 0.0000000000018
-14.0800000000000 0.0000000000018
-14.0800000000000 0.0000000000018
-13.9200000000000 0.0000000000035
-13.7600000000000 0.0000000000079
-13.7600000000000 0.0000000000079
-13.6000000000000 0.0000000000092
-13.4400000000000 0.0000000000092
-13.4400000000000 0.0000000000092
-13.4400000000000 0.0000000000092
-13.2800000000000 0.0000000000100
-13.1200000000000 0.0000000000121
-13.1200000000000 0.0000000000121
-12.9600000000000 0.0000000000149
-12.8000000000000 0.0000000000227
-12.8000000000000 0.0000000000227
-12.8000000000000 0.0000000000227
-12.8000000000000 0.0000000000227
-12.8000000000000 0.0000000000227
-12.6400000000000 0.0000000000283
-12.4800000000000 0.0000000000280
-12.4800000000000 0.0000000000280
-12.3200000000000 0.0000000000230
-12.1600000000000 0.0000000000210
-12.1600000000000 0.0000000000210
-12.1600000000000 0.0000000000210
-12.0000000000000 0.0000000000210
-11.8400000000000 0.0000000000248
-11.8400000000000 0.0000000000248
-11.6800000000000 0.0000000000286
-11.5200000000000 0.0000000000309
-11.5200000000000 0.0000000000309
-11.5200000000000 0.0000000000309
-11.5200000000000 0.0000000000309
-11.3600000000000 0.0000000000229
-11.2000000000000 0.0000000000172
-11.2000000000000 0.0000000000172
-11.0400000000000 0.0000000000174
-10.8800000000000 0.0000000000182
-10.8800000000000 0.0000000000182
-10.8800000000000 0.0000000000182
-10.8000000000000 0.0000000000210
-10.7200000000000 0.0000000000254
-10.7200000000000 0.0000000000254
-10.6400000000000 0.0000000000499
-10.5600000000000 0.0000000000884
-10.5600000000000 0.0000000000884
-10.5600000000000 0.0000000000884
-10.4800000000000 0.0000000001593
-10.4000000000000 0.0000000002301
-10.4000000000000 0.0000000002301
-10.3200000000000 0.0000000002409
-10.2400000000000 0.0000000002458
-10.2400000000000 0.0000000002458
-10.2400000000000 0.0000000002458
-10.2400000000000 0.0000000002458
-10.2400000000000 0.0000000002458
-10.2400000000000 0.0000000002458
-10.1600000000000 0.0000000002448
-10.0800000000000 0.0000000002379
-10.0800000000000 0.0000000002379
-10.0000000000000 0.0000000002247
-9.9200000000000 0.0000000002027
-9.9200000000000 0.0000000002027
-9.9200000000000 0.0000000002027
-9.8400000000000 0.0000000001815
-9.7600000000000 0.0000000001577
-9.7600000000000 0.0000000001577
-9.6800000000000 0.0000000001538
-9.6000000000000 0.0000000001568
-9.6000000000000 0.0000000001568
-9.6000000000000 0.0000000001568
-9.6000000000000 0.0000000001568
-9.5200000000000 0.0000000001637
-9.4400000000000 0.0000000001819
-9.4400000000000 0.0000000001819
-9.3600000000000 0.0000000001922
-9.2800000000000 0.0000000002018
-9.2800000000000 0.0000000002013
-9.2800000000000 0.0000000002013
-9.2000000000000 0.0000000003706
-9.1200000000000 0.0000000004860
-9.1200000000000 0.0000000004860
-9.0400000000000 0.0000000005417
-8.9600000000000 0.0000000005820
-8.9600000000000 0.0000000005820
-8.9600000000000 0.0000000005820
-8.9600000000000 0.0000000005820
-8.9600000000000 0.0000000005820
-8.8800000000000 0.0000000006795
-8.8000000000000 0.0000000007686
-8.8000000000000 0.0000000007686
-8.7200000000000 0.0000000008406
-8.6400000000000 0.0000000008953
-8.6400000000000 0.0000000008953
-8.6400000000000 0.0000000008953
-8.5600000000000 0.0000000008967
-8.4800000000000 0.0000000009090
-8.4800000000000 0.0000000009090
-8.4000000000000 0.0000000009316
-8.3200000000000 0.0000000009324
-8.3200000000000 0.0000000009324
-8.3200000000000 0.0000000009324
-8.3200000000000 0.0000000009324
-8.2400000000000 0.0000000009479
-8.1600000000000 0.0000000009917
-8.1600000000000 0.0000000009917
-8.0800000000000 0.0000000010334
-8.0000000000000 0.0000000010622
-8.0000000000000 0.0000000010622
-8.0000000000000 0.0000000010622
-7.9200000000000 0.0000000011052
-7.8400000000000 0.0000000011358
-7.8400000000000 0.0000000011358
-7.7600000000000 0.0000000011717
-7.6800000000000 0.0000000012209
-7.6800000000000 0.0000000012209
-7.6800000000000 0.0000000012209
-7.6800000000000 0.0000000012209
-7.6800000000000 0.0000000012209
-7.6800000000000 0.0000000012209
-7.6000000000000 0.0000000012705
-7.5200000000000 0.0000000013124
-7.5200000000000 0.0000000013124
-7.4400000000000 0.0000000013690
-7.3600000000000 0.0000000014354
-7.3600000000000 0.0000000014354
-7.3600000000000 0.0000000014354
-7.2800000000000 0.0000000015163
-7.2000000000000 0.0000000015879
-7.2000000000000 0.0000000015879
-7.1200000000000 0.0000000017807
-7.0400000000000 0.0000000020021
-7.0400000000000 0.0000000020021
-7.0400000000000 0.0000000020021
-7.0400000000000 0.0000000020021
-6.9600000000000 0.0000000020450
-6.8800000000000 0.0000000021071
-6.8800000000000 0.0000000021071
-6.8000000000000 0.0000000021719
-6.7200000000000 0.0000000022049
-6.7200000000000 0.0000000022049
-6.7200000000000 0.0000000022049
-6.6400000000000 0.0000000024135
-6.5600000000000 0.0000000026508
-6.5600000000000 0.0000000026508
-6.4800000000000 0.0000000029871
-6.4000000000000 0.0000000030714
-6.4000000000000 0.0000000030714
-6.4000000000000 0.0000000030714
-6.4000000000000 0.0000000030714
-6.4000000000000 0.0000000030714
-6.3600000000000 0.0000000031311
-6.3200000000000 0.0000000032025
-6.3200000000000 0.0000000032025
-6.2800000000000 0.0000000033037
-6.2400000000000 0.0000000034288
-6.2400000000000 0.0000000034288
-6.2400000000000 0.0000000034288
-6.2000000000000 0.0000000037747
-6.1600000000000 0.0000000041206
-6.1600000000000 0.0000000041206
-6.1200000000000 0.0000000042845
-6.0800000000000 0.0000000044485
-6.0800000000000 0.0000000044485
-6.0800000000000 0.0000000044485
-6.0800000000000 0.0000000044485
-6.0400000000000 0.0000000048198
-6.0000000000000 0.0000000053293
-6.0000000000000 0.0000000053293
-5.9600000000000 0.0000000059274
-5.9200000000000 0.0000000073295
-5.9200000000000 0.0000000073295
-5.9200000000000 0.0000000073295
-5.8800000000000 0.0000000094155
-5.8400000000000 0.0000000099533
-5.8400000000000 0.0000000099533
-5.8000000000000 0.0000000106285
-5.7600000000000 0.0000000113442
-5.7600000000000 0.0000000113442
-5.7600000000000 0.0000000113442
-5.7600000000000 0.0000000113442
-5.7600000000000 0.0000000113442
-5.7200000000000 0.0000000125652
-5.6800000000000 0.0000000128779
-5.6800000000000 0.0000000128779
-5.6400000000000 0.0000000135137
-5.6000000000000 0.0000000154798
-5.6000000000000 0.0000000154798
-5.6000000000000 0.0000000154798
-5.5600000000000 0.0000000170459
-5.5200000000000 0.0000000178896
-5.5200000000000 0.0000000178896
-5.4800000000000 0.0000000187585
-5.4400000000000 0.0000000209907
-5.4400000000000 0.0000000209907
-5.4400000000000 0.0000000209907
-5.4400000000000 0.0000000209907
-5.4000000000000 0.0000000300008
-5.3600000000000 0.0000000425867
-5.3600000000000 0.0000000425867
-5.3200000000000 0.0000000517244
-5.2800000000000 0.0000000567533
-5.2800000000000 0.0000000567533
-5.2800000000000 0.0000000567533
-5.2400000000000 0.0000000567203
-5.2000000000000 0.0000000533579
-5.2000000000000 0.0000000533579
-5.1600000000000 0.0000000474178
-5.1200000000000 0.0000000448916
-5.1200000000000 0.0000000448916
-5.1200000000000 0.0000000448916
-5.1200000000000 0.0000000448916
-5.1200000000000 0.0000000448916
-5.1200000000000 0.0000000448916
-5.1200000000000 0.0000000448916
-5.0800000000000 0.0000000446396
-5.0400000000000 0.0000000458889
-5.0400000000000 0.0000000458889
-5.0000000000000 0.0000000490523
-4.9600000000000 0.0000000525075
-4.9600000000000 0.0000000525075
-4.9600000000000 0.0000000525075
-4.9200000000000 0.0000000553785
-4.8800000000000 0.0000000589849
-4.8800000000000 0.0000000589849
-4.8400000000000 0.0000000627892
-4.8000000000000 0.0000000653548
-4.8000000000000 0.0000000653548
-4.8000000000000 0.0000000653548
-4.8000000000000 0.0000000653548
-4.7600000000000 0.0000000723505
-4.7200000000000 0.0000000763594
-4.7200000000000 0.0000000763594
-4.6800000000000 0.0000000852847
-4.6400000000000 0.0000000950226
-4.6400000000000 0.0000000950226
-4.6400000000000 0.0000000950226
-4.6000000000000 0.0000001038706
-4.5600000000000 0.0000001151018
-4.5600000000000 0.0000001151018
-4.5200000000000 0.0000001220028
-4.4800000000000 0.0000001264990
-4.4800000000000 0.0000001264990
-4.4800000000000 0.0000001264990
-4.4800000000000 0.0000001264990
-4.4800000000000 0.0000001264990
-4.4400000000000 0.0000001279858
-4.4000000000000 0.0000001263631
-4.4000000000000 0.0000001263631
-4.3600000000000 0.0000001256271
-4.3200000000000 0.0000001275353
-4.3200000000000 0.0000001275353
-4.3200000000000 0.0000001275353
-4.2800000000000 0.0000001335543
-4.2400000000000 0.0000001437343
-4.2400000000000 0.0000001437343
-4.2000000000000 0.0000001581915
-4.1800000000000 0.0000001612908
-4.1600000000000 0.0000001643900
-4.1600000000000 0.0000001643900
-4.1600000000000 0.0000001643900
-4.1600000000000 0.0000001643900
-4.1600000000000 0.0000001643900
-4.1400000000000 0.0000001699818
-4.1200000000000 0.0000001772353
-4.1200000000000 0.0000001772353
-4.1000000000000 0.0000001878690
-4.0800000000000 0.0000001985028
-4.0800000000000 0.0000001985028
-4.0800000000000 0.0000001985028
-4.0600000000000 0.0000002035815
-4.0400000000000 0.0000002082168
-4.0400000000000 0.0000002082168
-4.0200000000000 0.0000002121873
-4.0000000000000 0.0000002161578
-4.0000000000000 0.0000002161578
-4.0000000000000 0.0000002161578
-4.0000000000000 0.0000002161578
-3.9800000000000 0.0000002238577
-3.9600000000000 0.0000002366910
-3.9600000000000 0.0000002366910
-3.9400000000000 0.0000002535383
-3.9200000000000 0.0000002667404
-3.9200000000000 0.0000002667404
-3.9200000000000 0.0000002667404
-3.9000000000000 0.0000002827892
-3.8800000000000 0.0000002930298
-3.8800000000000 0.0000002930298
-3.8600000000000 0.0000003037894
-3.8400000000000 0.0000003233232
-3.8400000000000 0.0000003233232
-3.8400000000000 0.0000003233232
-3.8400000000000 0.0000003233232
-3.8400000000000 0.0000003233232
-3.8400000000000 0.0000003233232
-3.8400000000000 0.0000003233232
-3.8200000000000 0.0000003341055
-3.8000000000000 0.0000003446833
-3.8000000000000 0.0000003446833
-3.7800000000000 0.0000003609167
-3.7600000000000 0.0000003703620
-3.7600000000000 0.0000003703620
-3.7600000000000 0.0000003703620
-3.7400000000000 0.0000003826874
-3.7200000000000 0.0000004102590
-3.7200000000000 0.0000004102590
-3.7000000000000 0.0000004242165
-3.6800000000000 0.0000004303784
-3.6800000000000 0.0000004303784
-3.6800000000000 0.0000004303784
-3.6800000000000 0.0000004303784
-3.6600000000000 0.0000004467439
-3.6400000000000 0.0000004556146
-3.6400000000000 0.0000004556146
-3.6200000000000 0.0000004597852
-3.6000000000000 0.0000004685428
-3.6000000000000 0.0000004685428
-3.6000000000000 0.0000004685428
-3.5800000000000 0.0000004716697
-3.5600000000000 0.0000004735181
-3.5600000000000 0.0000004735181
-3.5400000000000 0.0000004811203
-3.5200000000000 0.0000004854289
-3.5200000000000 0.0000004854289
-3.5200000000000 0.0000004854289
-3.5200000000000 0.0000004854289
-3.5200000000000 0.0000004854289
-3.5000000000000 0.0000004970124
-3.4800000000000 0.0000005414671
-3.4800000000000 0.0000005414671
-3.4600000000000 0.0000005567631
-3.4400000000000 0.0000005875931
-3.4400000000000 0.0000005875931
-3.4400000000000 0.0000005875931
-3.4200000000000 0.0000006156347
-3.4000000000000 0.0000006270081
-3.4000000000000 0.0000006270081
-3.3800000000000 0.0000006686051
-3.3600000000000 0.0000006974757
-3.3600000000000 0.0000006974757
-3.3600000000000 0.0000006974757
-3.3600000000000 0.0000006974757
-3.3400000000000 0.0000007121541
-3.3200000000000 0.0000007566853
-3.3200000000000 0.0000007566853
-3.3000000000000 0.0000007723138
-3.2800000000000 0.0000007752109
-3.2800000000000 0.0000007752109
-3.2800000000000 0.0000007752109
-3.2600000000000 0.0000008045321
-3.2400000000000 0.0000008247665
-3.2400000000000 0.0000008247665
-3.2200000000000 0.0000008281243
-3.2000000000000 0.0000008584573
-3.2000000000000 0.0000008584573
-3.2000000000000 0.0000008584573
-3.2000000000000 0.0000008584573
-3.2000000000000 0.0000008584573
-3.2000000000000 0.0000008584573
-3.1800000000000 0.0000009033573
-3.1600000000000 0.0000009218379
-3.1600000000000 0.0000009218379
-3.1400000000000 0.0000009579947
-3.1200000000000 0.0000009784530
-3.1200000000000 0.0000009784530
-3.1200000000000 0.0000009784530
-3.1000000000000 0.0000009906120
-3.0800000000000 0.0000010211617
-3.0800000000000 0.0000010211617
-3.0600000000000 0.0000010278721
-3.0400000000000 0.0000010483280
-3.0400000000000 0.0000010483280
-3.0400000000000 0.0000010483280
-3.0400000000000 0.0000010483280
-3.0200000000000 0.0000011061832
-3.0000000000000 0.0000011221812
-3.0000000000000 0.0000011221812
-2.9800000000000 0.0000011621719
-2.9600000000000 0.0000011995546
-2.9600000000000 0.0000011995546
-2.9600000000000 0.0000011995546
-2.9400000000000 0.0000012103153
-2.9200000000000 0.0000012311247
-2.9200000000000 0.0000012311247
-2.9000000000000 0.0000012498629
-2.8800000000000 0.0000012660037
-2.8800000000000 0.0000012660037
-2.8800000000000 0.0000012660037
-2.8800000000000 0.0000012660037
-2.8800000000000 0.0000012660037
-2.8600000000000 0.0000012840527
-2.8400000000000 0.0000012958273
-2.8400000000000 0.0000012958273
-2.8200000000000 0.0000013248780
-2.8000000000000 0.0000013401661
-2.8000000000000 0.0000013401661
-2.8000000000000 0.0000013401661
-2.7800000000000 0.0000013761750
-2.7600000000000 0.0000014046296
-2.7600000000000 0.0000014046296
-2.7400000000000 0.0000014108517
-2.7200000000000 0.0000014288248
-2.7200000000000 0.0000014288248
-2.7200000000000 0.0000014288248
-2.7200000000000 0.0000014288248
-2.7000000000000 0.0000014349693
-2.6800000000000 0.0000014548872
-2.6800000000000 0.0000014548872
-2.6600000000000 0.0000014806320
-2.6400000000000 0.0000015188152
-2.6400000000000 0.0000015188152
-2.6400000000000 0.0000015188152
-2.6200000000000 0.0000015364628
-2.6000000000000 0.0000015447120
-2.6000000000000 0.0000015447120
-2.5800000000000 0.0000015742252
-2.5600000000000 0.0000015951256
-2.5600000000000 0.0000015951256
-2.5600000000000 0.0000015951256
-2.5600000000000 0.0000015951256
-2.5600000000000 0.0000015951256
-2.5600000000000 0.0000015951256
-2.5600000000000 0.0000015951256
-2.5600000000000 0.0000015951256
-2.5400000000000 0.0000016204680
-2.5200000000000 0.0000016190500
-2.5200000000000 0.0000016190500
-2.5000000000000 0.0000016283186
-2.4800000000000 0.0000016413361
-2.4800000000000 0.0000016413361
-2.4800000000000 0.0000016413361
-2.4600000000000 0.0000016496463
-2.4400000000000 0.0000016846520
-2.4400000000000 0.0000016846520
-2.4200000000000 0.0000017426850
-2.4000000000000 0.0000017798236
-2.4000000000000 0.0000017798236
-2.4000000000000 0.0000017798236
-2.4000000000000 0.0000017798236
-2.3800000000000 0.0000018359570
-2.3600000000000 0.0000018654319
-2.3600000000000 0.0000018654319
-2.3400000000000 0.0000018879081
-2.3200000000000 0.0000019051471
-2.3200000000000 0.0000019051471
-2.3200000000000 0.0000019051471
-2.3000000000000 0.0000019107943
-2.2800000000000 0.0000019301112
-2.2800000000000 0.0000019301112
-2.2600000000000 0.0000019665723
-2.2400000000000 0.0000019881343
-2.2400000000000 0.0000019881343
-2.2400000000000 0.0000019881343
-2.2400000000000 0.0000019881343
-2.2400000000000 0.0000019881343
-2.2200000000000 0.0000020877452
-2.2000000000000 0.0000021844706
-2.2000000000000 0.0000021844706
-2.1800000000000 0.0000022177912
-2.1600000000000 0.0000023009899
-2.1600000000000 0.0000023009899
-2.1600000000000 0.0000023009899
-2.1400000000000 0.0000023863531
-2.1200000000000 0.0000024578724
-2.1200000000000 0.0000024578724
-2.1000000000000 0.0000025624707
-2.0800000000000 0.0000026809728
-2.0800000000000 0.0000026809728
-2.0800000000000 0.0000026809728
-2.0800000000000 0.0000026809728
-2.0600000000000 0.0000027212437
-2.0400000000000 0.0000027304298
-2.0400000000000 0.0000027304298
-2.0200000000000 0.0000027896182
-2.0000000000000 0.0000029272690
-2.0000000000000 0.0000029272690
-2.0000000000000 0.0000029272690
-1.9800000000000 0.0000030529753
-1.9600000000000 0.0000031431545
-1.9600000000000 0.0000031431545
-1.9400000000000 0.0000031688162
-1.9200000000000 0.0000031549822
-1.9200000000000 0.0000031549822
-1.9200000000000 0.0000031549822
-1.9200000000000 0.0000031549822
-1.9200000000000 0.0000031549822
-1.9200000000000 0.0000031549822
-1.9000000000000 0.0000030204229
-1.8800000000000 0.0000028483803
-1.8800000000000 0.0000028483803
-1.8600000000000 0.0000028444305
-1.8400000000000 0.0000028810578
-1.8400000000000 0.0000028810578
-1.8400000000000 0.0000028810578
-1.8200000000000 0.0000029423220
-1.8000000000000 0.0000029431215
-1.8000000000000 0.0000029431215
-1.7800000000000 0.0000029334838
-1.7600000000000 0.0000029306287
-1.7600000000000 0.0000029306287
-1.7600000000000 0.0000029306287
-1.7600000000000 0.0000029306287
-1.7400000000000 0.0000029135696
-1.7200000000000 0.0000028599616
-1.7200000000000 0.0000028599616
-1.7000000000000 0.0000028458355
-1.6800000000000 0.0000027739130
-1.6800000000000 0.0000027739130
-1.6800000000000 0.0000027739130
-1.6600000000000 0.0000026357881
-1.6400000000000 0.0000025810448
-1.6400000000000 0.0000025810448
-1.6200000000000 0.0000025663305
-1.6000000000000 0.0000025036260
-1.6000000000000 0.0000025036260
-1.6000000000000 0.0000025036260
-1.6000000000000 0.0000025036260
-1.6000000000000 0.0000025036260
-1.5800000000000 0.0000024303829
-1.5600000000000 0.0000023291126
-1.5600000000000 0.0000023291126
-1.5400000000000 0.0000022290984
-1.5200000000000 0.0000022025068
-1.5200000000000 0.0000022025068
-1.5200000000000 0.0000022025068
-1.5000000000000 0.0000021902385
-1.4800000000000 0.0000021409917
-1.4800000000000 0.0000021409917
-1.4600000000000 0.0000021277581
-1.4400000000000 0.0000021296569
-1.4400000000000 0.0000021296569
-1.4400000000000 0.0000021296569
-1.4400000000000 0.0000021296569
-1.4200000000000 0.0000021076197
-1.4000000000000 0.0000021250906
-1.4000000000000 0.0000021250906
-1.3800000000000 0.0000021999415
-1.3600000000000 0.0000022367475
-1.3600000000000 0.0000022367475
-1.3600000000000 0.0000022367475
-1.3400000000000 0.0000023540681
-1.3200000000000 0.0000024198002
-1.3200000000000 0.0000024198002
-1.3000000000000 0.0000026006185
-1.2800000000000 0.0000027276026
-1.2800000000000 0.0000027276026
-1.2800000000000 0.0000027276026
-1.2800000000000 0.0000027276026
-1.2800000000000 0.0000027276026
-1.2800000000000 0.0000027276026
-1.2800000000000 0.0000027276026
-1.2600000000000 0.0000027531741
-1.2400000000000 0.0000027907964
-1.2400000000000 0.0000027907964
-1.2200000000000 0.0000028827587
-1.2000000000000 0.0000028474250
-1.2000000000000 0.0000028474250
-1.2000000000000 0.0000028474250
-1.1800000000000 0.0000028678282
-1.1600000000000 0.0000029718025
-1.1600000000000 0.0000029718025
-1.1400000000000 0.0000031081819
-1.1200000000000 0.0000031667101
-1.1200000000000 0.0000031667101
-1.1200000000000 0.0000031667101
-1.1200000000000 0.0000031667101
-1.1000000000000 0.0000032282606
-1.0800000000000 0.0000032569515
-1.0800000000000 0.0000032569515
-1.0600000000000 0.0000033497392
-1.0400000000000 0.0000034173259
-1.0400000000000 0.0000034173259
-1.0400000000000 0.0000034173259
-1.0200000000000 0.0000034702237
-1.0000000000000 0.0000037060611
-1.0000000000000 0.0000037060611
-0.9800000000000 0.0000038376490
-0.9600000000000 0.0000040132567
-0.9600000000000 0.0000040132567
-0.9600000000000 0.0000040132567
-0.9600000000000 0.0000040132567
-0.9600000000000 0.0000040132567
-0.9400000000000 0.0000041383705
-0.9200000000000 0.0000042828001
-0.9200000000000 0.0000042828001
-0.9000000000000 0.0000043908827
-0.8800000000000 0.0000045826719
-0.8800000000000 0.0000045826719
-0.8800000000000 0.0000045826719
-0.8600000000000 0.0000046894610
-0.8400000000000 0.0000050438837
-0.8400000000000 0.0000050438837
-0.8200000000000 0.0000051763445
-0.8000000000000 0.0000053394511
-0.8000000000000 0.0000053394511
-0.8000000000000 0.0000053394511
-0.8000000000000 0.0000053394511
-0.7800000000000 0.0000054608845
-0.7600000000000 0.0000055868267
-0.7600000000000 0.0000055868267
-0.7400000000000 0.0000057227810
-0.7200000000000 0.0000058090693
-0.7200000000000 0.0000058090693
-0.7200000000000 0.0000058090693
-0.7000000000000 0.0000058369262
-0.6800000000000 0.0000059090774
-0.6800000000000 0.0000059090774
-0.6600000000000 0.0000061215482
-0.6400000000000 0.0000062526463
-0.6400000000000 0.0000062526463
-0.6400000000000 0.0000062526463
-0.6400000000000 0.0000062526463
-0.6400000000000 0.0000062526463
-0.6400000000000 0.0000062526463
-0.6200000000000 0.0000064066871
-0.6000000000000 0.0000064967114
-0.6000000000000 0.0000064967114
-0.5800000000000 0.0000066111324
-0.5600000000000 0.0000069201940
-0.5600000000000 0.0000069201940
-0.5600000000000 0.0000069201940
-0.5400000000000 0.0000071711099
-0.5200000000000 0.0000073124635
-0.5200000000000 0.0000073124635
-0.5000000000000 0.0000074260282
-0.4800000000000 0.0000076615172
-0.4800000000000 0.0000076615172
-0.4800000000000 0.0000076615172
-0.4800000000000 0.0000076615172
-0.4600000000000 0.0000080382747
-0.4400000000000 0.0000083119743
-0.4400000000000 0.0000083119743
-0.4200000000000 0.0000085649584
-0.4000000000000 0.0000085665679
-0.4000000000000 0.0000085665679
-0.4000000000000 0.0000085665679
-0.3800000000000 0.0000091526863
-0.3600000000000 0.0000091875408
-0.3600000000000 0.0000091875408
-0.3400000000000 0.0000090308208
-0.3200000000000 0.0000101242001
-0.3200000000000 0.0000101242001
-0.3200000000000 0.0000101242001
-0.3200000000000 0.0000101242001
-0.3200000000000 0.0000101242001
-0.3000000000000 0.0000110310687
-0.2800000000000 0.0000111010944
-0.2800000000000 0.0000111010944
-0.2600000000000 0.0000110416108
-0.2400000000000 0.0000113383356
-0.2400000000000 0.0000113383356
-0.2400000000000 0.0000113383356
-0.2200000000000 0.0000101133316
-0.2000000000000 0.0000105009928
-0.2000000000000 0.0000105009928
-0.1800000000000 0.0000049510625
-0.1600000000000 0.0000088663521
-0.1600000000000 0.0000088663521
-0.1600000000000 0.0000088663521
-0.1600000000000 0.0000088663521
-0.1400000000000 0.0000032409235
-0.1200000000000 0.0000063089586
-0.1200000000000 0.0000063089586
-0.1000000000000 0.0000013829884
-0.0800000000000 0.0000060969688
-0.0800000000000 0.0000060969688
-0.0800000000000 0.0000060969688
-0.0600000000000 0.0000016157948
-0.0400000000000 0.0000115413893
-0.0400000000000 0.0000115413893
-0.0200000000000 0.0000317917592
0.0000000000000 0.0061150521356
0.0000000000000 0.0061150521356
0.0000000000000 0.0061150521356
0.0000000000000 0.0061150521356
0.0000000000000 0.0061150521356
0.0000000000000 0.0061150521356
0.0000000000000 0.0061150521356
0.0000000000000 0.0061150521356
0.0200000000000 0.0000926089113
0.0400000000000 0.0000051803498
0.0400000000000 0.0000051803498
0.0600000000000 0.0000061710558
0.0800000000000 0.0000084318773
0.0800000000000 0.0000084318773
0.0800000000000 0.0000084318773
0.1000000000000 0.0000065625328
0.1200000000000 0.0000084050588
0.1200000000000 0.0000084050588
0.1400000000000 0.0000005246577
0.1600000000000 0.0000074381822
0.1600000000000 0.0000074381822
0.1600000000000 0.0000074381822
0.1600000000000 0.0000074381822
0.1800000000000 0.0000085272934
0.2000000000000 0.0000075890169
0.2000000000000 0.0000075890169
0.2200000000000 0.0000112947871
0.2400000000000 0.0000114651251
0.2400000000000 0.0000114651251
0.2400000000000 0.0000114651251
0.2600000000000 0.0000114671443
0.2800000000000 0.0000113489281
0.2800000000000 0.0000113489281
0.3000000000000 0.0000102249964
0.3200000000000 0.0000100454543
0.3200000000000 0.0000100454543
0.3200000000000 0.0000100454543
0.3200000000000 0.0000100454543
0.3200000000000 0.0000100454543
0.3400000000000 0.0000095642220
0.3600000000000 0.0000096786575
0.3600000000000 0.0000096786575
0.3800000000000 0.0000090260273
0.4000000000000 0.0000087299982
0.4000000000000 0.0000087299982
0.4000000000000 0.0000087299982
0.4200000000000 0.0000082536564
0.4400000000000 0.0000082416828
0.4400000000000 0.0000082416828
0.4600000000000 0.0000078425370
0.4800000000000 0.0000074180377
0.4800000000000 0.0000074180377
0.4800000000000 0.0000074180377
0.4800000000000 0.0000074180377
0.5000000000000 0.0000071836569
0.5200000000000 0.0000071162880
0.5200000000000 0.0000071162880
0.5400000000000 0.0000070478606
0.5600000000000 0.0000070358248
0.5600000000000 0.0000070358248
0.5600000000000 0.0000070358248
0.5800000000000 0.0000068074322
0.6000000000000 0.0000064339231
0.6000000000000 0.0000064339231
0.6200000000000 0.0000063388817
0.6400000000000 0.0000062603013
0.6400000000000 0.0000062603013
0.6400000000000 0.0000062603013
0.6400000000000 0.0000062603013
0.6400000000000 0.0000062603013
0.6400000000000 0.0000062603013
0.6600000000000 0.0000061249095
0.6800000000000 0.0000059113016
0.6800000000000 0.0000059113016
0.7000000000000 0.0000058470258
0.7200000000000 0.0000058028267
0.7200000000000 0.0000058028267
0.7200000000000 0.0000058028267
0.7400000000000 0.0000056920877
0.7600000000000 0.0000054759997
0.7600000000000 0.0000054759997
0.7800000000000 0.0000054261583
0.8000000000000 0.0000053073115
0.8000000000000 0.0000053073115
0.8000000000000 0.0000053073115
0.8000000000000 0.0000053073115
0.8200000000000 0.0000051229342
0.8400000000000 0.0000048665458
0.8400000000000 0.0000048665458
0.8600000000000 0.0000047757441
0.8800000000000 0.0000046782708
0.8800000000000 0.0000046782708
0.8800000000000 0.0000046782708
0.9000000000000 0.0000045094345
0.9200000000000 0.0000043955744
0.9200000000000 0.0000043955744
0.9400000000000 0.0000042320746
0.9600000000000 0.0000040849985
0.9600000000000 0.0000040849985
0.9600000000000 0.0000040849985
0.9600000000000 0.0000040849985
0.9600000000000 0.0000040849985
0.9800000000000 0.0000040317667
1.0000000000000 0.0000038992024
1.0000000000000 0.0000038992024
1.0200000000000 0.0000034949399
1.0400000000000 0.0000033226476
1.0400000000000 0.0000033226476
1.0400000000000 0.0000033226476
1.0600000000000 0.0000030638998
1.0800000000000 0.0000030302340
1.0800000000000 0.0000030302340
1.1000000000000 0.0000029907551
1.1200000000000 0.0000029820896
1.1200000000000 0.0000029820896
1.1200000000000 0.0000029820896
1.1200000000000 0.0000029820896
1.1400000000000 0.0000029430071
1.1600000000000 0.0000029796279
1.1600000000000 0.0000029796279
1.1800000000000 0.0000029714362
1.2000000000000 0.0000029536373
1.2000000000000 0.0000029536373
1.2000000000000 0.0000029536373
1.2200000000000 0.0000029902483
1.2400000000000 0.0000029449547
1.2400000000000 0.0000029449547
1.2600000000000 0.0000029080518
1.2800000000000 0.0000028852033
1.2800000000000 0.0000028852033
1.2800000000000 0.0000028852033
1.2800000000000 0.0000028852033
1.2800000000000 0.0000028852033
1.2800000000000 0.0000028852033
1.2800000000000 0.0000028852033
1.3000000000000 0.0000027791962
1.3200000000000 0.0000025929706
1.3200000000000 0.0000025929706
1.3400000000000 0.0000024616417
1.3600000000000 0.0000024449865
1.3600000000000 0.0000024449865
1.3600000000000 0.0000024449865
1.3800000000000 0.0000024180436
1.4000000000000 0.0000022124623
1.4000000000000 0.0000022124623
1.4200000000000 0.0000021472567
1.4400000000000 0.0000021427889
1.4400000000000 0.0000021427889
1.4400000000000 0.0000021427889
1.4400000000000 0.0000021427889
1.4600000000000 0.0000021418023
1.4800000000000 0.0000021382565
1.4800000000000 0.0000021382565
1.5000000000000 0.0000022450521
1.5200000000000 0.0000022809808
1.5200000000000 0.0000022809808
1.5200000000000 0.0000022809808
1.5400000000000 0.0000022623937
1.5600000000000 0.0000023510447
1.5600000000000 0.0000023510447
1.5800000000000 0.0000024843513
1.6000000000000 0.0000025614456
1.6000000000000 0.0000025614456
1.6000000000000 0.0000025614456
1.6000000000000 0.0000025614456
1.6000000000000 0.0000025614456
1.6200000000000 0.0000026753700
1.6400000000000 0.0000027487879
1.6400000000000 0.0000027487879
1.6600000000000 0.0000027623111
1.6800000000000 0.0000027874534
1.6800000000000 0.0000027874534
1.6800000000000 0.0000027874534
1.7000000000000 0.0000028398811
1.7200000000000 0.0000029553515
1.7200000000000 0.0000029553515
1.7400000000000 0.0000030565366
1.7600000000000 0.0000030758985
1.7600000000000 0.0000030758985
1.7600000000000 0.0000030758985
1.7600000000000 0.0000030758985
1.7800000000000 0.0000030755595
1.8000000000000 0.0000030477099
1.8000000000000 0.0000030477099
1.8200000000000 0.0000030184899
1.8400000000000 0.0000030120516
1.8400000000000 0.0000030120516
1.8400000000000 0.0000030120516
1.8600000000000 0.0000030234906
1.8800000000000 0.0000030283791
1.8800000000000 0.0000030283791
1.9000000000000 0.0000030083082
1.9200000000000 0.0000029640883
1.9200000000000 0.0000029640883
1.9200000000000 0.0000029640883
1.9200000000000 0.0000029640883
1.9200000000000 0.0000029640883
1.9200000000000 0.0000029640883
1.9400000000000 0.0000029087182
1.9600000000000 0.0000028705923
1.9600000000000 0.0000028705923
1.9800000000000 0.0000028659392
2.0000000000000 0.0000028730986
2.0000000000000 0.0000028730986
2.0000000000000 0.0000028730986
2.0200000000000 0.0000028827364
2.0400000000000 0.0000028647923
2.0400000000000 0.0000028647923
2.0600000000000 0.0000028208275
2.0800000000000 0.0000027534379
2.0800000000000 0.0000027534379
2.0800000000000 0.0000027534379
2.0800000000000 0.0000027534379
2.1000000000000 0.0000026432475
2.1200000000000 0.0000025288188
2.1200000000000 0.0000025288188
2.1400000000000 0.0000024675525
2.1600000000000 0.0000023651559
2.1600000000000 0.0000023651559
2.1600000000000 0.0000023651559
2.1800000000000 0.0000022887458
2.2000000000000 0.0000022327879
2.2000000000000 0.0000022327879
2.2200000000000 0.0000021515632
2.2400000000000 0.0000020900652
2.2400000000000 0.0000020900652
2.2400000000000 0.0000020900652
2.2400000000000 0.0000020900652
2.2400000000000 0.0000020900652
2.2600000000000 0.0000020559491
2.2800000000000 0.0000019885785
2.2800000000000 0.0000019885785
2.3000000000000 0.0000019491245
2.3200000000000 0.0000019082445
2.3200000000000 0.0000019082445
2.3200000000000 0.0000019082445
2.3400000000000 0.0000018933164
2.3600000000000 0.0000018729903
2.3600000000000 0.0000018729903
2.3800000000000 0.0000018269878
2.4000000000000 0.0000018007910
2.4000000000000 0.0000018007910
2.4000000000000 0.0000018007910
2.4000000000000 0.0000018007910
2.4200000000000 0.0000017307255
2.4400000000000 0.0000017073958
2.4400000000000 0.0000017073958
2.4600000000000 0.0000017014471
2.4800000000000 0.0000017007244
2.4800000000000 0.0000017007244
2.4800000000000 0.0000017007244
2.5000000000000 0.0000017031561
2.5200000000000 0.0000016813290
2.5200000000000 0.0000016813290
2.5400000000000 0.0000016547546
2.5600000000000 0.0000016369084
2.5600000000000 0.0000016369084
2.5600000000000 0.0000016369084
2.5600000000000 0.0000016369084
2.5600000000000 0.0000016369084
2.5600000000000 0.0000016369084
2.5600000000000 0.0000016369084
2.5600000000000 0.0000016369084
2.5800000000000 0.0000015903852
2.6000000000000 0.0000015339451
2.6000000000000 0.0000015339451
2.6200000000000 0.0000015195794
2.6400000000000 0.0000014821778
2.6400000000000 0.0000014821778
2.6400000000000 0.0000014821778
2.6600000000000 0.0000014356934
2.6800000000000 0.0000014141913
2.6800000000000 0.0000014141913
2.7000000000000 0.0000013794710
2.7200000000000 0.0000013590357
2.7200000000000 0.0000013590357
2.7200000000000 0.0000013590357
2.7200000000000 0.0000013590357
2.7400000000000 0.0000013298048
2.7600000000000 0.0000013138095
2.7600000000000 0.0000013138095
2.7800000000000 0.0000013014927
2.8000000000000 0.0000012845326
2.8000000000000 0.0000012845326
2.8000000000000 0.0000012845326
2.8200000000000 0.0000012814089
2.8400000000000 0.0000012775477
2.8400000000000 0.0000012775477
2.8600000000000 0.0000012771474
2.8800000000000 0.0000012758459
2.8800000000000 0.0000012758459
2.8800000000000 0.0000012758459
2.8800000000000 0.0000012758459
2.8800000000000 0.0000012758459
2.9000000000000 0.0000012511083
2.9200000000000 0.0000012356295
2.9200000000000 0.0000012356295
2.9400000000000 0.0000012178921
2.9600000000000 0.0000011757113
2.9600000000000 0.0000011757113
2.9600000000000 0.0000011757113
2.9800000000000 0.0000011527859
3.0000000000000 0.0000010808675
3.0000000000000 0.0000010808675
3.0200000000000 0.0000010092959
3.0400000000000 0.0000009938320
3.0400000000000 0.0000009938320
3.0400000000000 0.0000009938320
3.0400000000000 0.0000009938320
3.0600000000000 0.0000009792907
3.0800000000000 0.0000009686920
3.0800000000000 0.0000009686920
3.1000000000000 0.0000009446211
3.1200000000000 0.0000009191099
3.1200000000000 0.0000009191099
3.1200000000000 0.0000009191099
3.1400000000000 0.0000009111322
3.1600000000000 0.0000008941155
3.1600000000000 0.0000008941155
3.1800000000000 0.0000008728420
3.2000000000000 0.0000008630666
3.2000000000000 0.0000008630666
3.2000000000000 0.0000008630666
3.2000000000000 0.0000008625677
3.2000000000000 0.0000008630666
3.2000000000000 0.0000008625677
3.2200000000000 0.0000008359488
3.2400000000000 0.0000008161730
3.2400000000000 0.0000008161730
3.2600000000000 0.0000007935645
3.2800000000000 0.0000007549534
3.2800000000000 0.0000007549534
3.2800000000000 0.0000007549534
3.3000000000000 0.0000007465260
3.3200000000000 0.0000007351753
3.3200000000000 0.0000007351753
3.3400000000000 0.0000007062998
3.3600000000000 0.0000006808741
3.3600000000000 0.0000006808741
3.3600000000000 0.0000006808741
3.3600000000000 0.0000006808741
3.3800000000000 0.0000006530451
3.4000000000000 0.0000006185277
3.4000000000000 0.0000006185277
3.4200000000000 0.0000006097155
3.4400000000000 0.0000006006398
3.4400000000000 0.0000006006398
3.4400000000000 0.0000006006398
3.4600000000000 0.0000005784995
3.4800000000000 0.0000005699786
3.4800000000000 0.0000005699786
3.5000000000000 0.0000005547730
3.5200000000000 0.0000005332243
3.5200000000000 0.0000005332243
3.5200000000000 0.0000005332243
3.5200000000000 0.0000005332243
3.5200000000000 0.0000005332243
3.5400000000000 0.0000005292807
3.5600000000000 0.0000005241552
3.5600000000000 0.0000005241552
3.5800000000000 0.0000005092420
3.6000000000000 0.0000004972361
3.6000000000000 0.0000004972361
3.6000000000000 0.0000004972361
3.6200000000000 0.0000004889213
3.6400000000000 0.0000004718685
3.6400000000000 0.0000004718685
3.6600000000000 0.0000004633887
3.6800000000000 0.0000004568168
3.6800000000000 0.0000004568168
3.6800000000000 0.0000004568168
3.6800000000000 0.0000004568168
3.7000000000000 0.0000004295617
3.7200000000000 0.0000004063706
3.7200000000000 0.0000004063706
3.7400000000000 0.0000003803808
3.7600000000000 0.0000003569145
3.7600000000000 0.0000003569145
3.7600000000000 0.0000003569145
3.7800000000000 0.0000003504533
3.8000000000000 0.0000003396281
3.8000000000000 0.0000003396281
3.8200000000000 0.0000003199764
3.8400000000000 0.0000003118595
3.8400000000000 0.0000003118595
3.8400000000000 0.0000003118595
3.8400000000000 0.0000003118595
3.8400000000000 0.0000003118595
3.8400000000000 0.0000003118595
3.8400000000000 0.0000003118595
3.8600000000000 0.0000002967735
3.8800000000000 0.0000002793907
3.8800000000000 0.0000002793907
3.9000000000000 0.0000002671918
3.9200000000000 0.0000002501648
3.9200000000000 0.0000002501648
3.9200000000000 0.0000002501648
3.9400000000000 0.0000002433702
3.9600000000000 0.0000002308034
3.9600000000000 0.0000002308034
3.9800000000000 0.0000002210035
4.0000000000000 0.0000002158440
4.0000000000000 0.0000002158440
4.0000000000000 0.0000002158440
4.0000000000000 0.0000002158440
4.0200000000000 0.0000002062989
4.0400000000000 0.0000001967537
4.0400000000000 0.0000001967537
4.0600000000000 0.0000001878554
4.0800000000000 0.0000001793884
4.0800000000000 0.0000001793884
4.0800000000000 0.0000001793884
4.1000000000000 0.0000001725410
4.1200000000000 0.0000001656937
4.1200000000000 0.0000001656937
4.1400000000000 0.0000001581641
4.1600000000000 0.0000001506346
4.1600000000000 0.0000001506346
4.1600000000000 0.0000001506346
4.1600000000000 0.0000001506346
4.1600000000000 0.0000001506346
4.1800000000000 0.0000001471503
4.2000000000000 0.0000001436659
4.2400000000000 0.0000001356195
4.2400000000000 0.0000001356195
4.2800000000000 0.0000001278418
4.3200000000000 0.0000001253662
4.3200000000000 0.0000001253662
4.3200000000000 0.0000001253662
4.3600000000000 0.0000001218651
4.4000000000000 0.0000001191608
4.4000000000000 0.0000001191608
4.4400000000000 0.0000001184912
4.4800000000000 0.0000001177727
4.4800000000000 0.0000001177727
4.4800000000000 0.0000001177727
4.4800000000000 0.0000001177727
4.4800000000000 0.0000001177727
4.5200000000000 0.0000001164924
4.5600000000000 0.0000001132819
4.5600000000000 0.0000001132819
4.6000000000000 0.0000001065839
4.6400000000000 0.0000000963066
4.6400000000000 0.0000000963066
4.6400000000000 0.0000000963066
4.6800000000000 0.0000000851362
4.7200000000000 0.0000000758753
4.7200000000000 0.0000000758753
4.7600000000000 0.0000000693246
4.8000000000000 0.0000000630787
4.8000000000000 0.0000000630787
4.8000000000000 0.0000000630787
4.8000000000000 0.0000000630787
4.8400000000000 0.0000000606241
4.8800000000000 0.0000000594824
4.8800000000000 0.0000000594824
4.9200000000000 0.0000000576223
4.9600000000000 0.0000000568638
4.9600000000000 0.0000000568638
4.9600000000000 0.0000000568638
5.0000000000000 0.0000000549833
5.0400000000000 0.0000000514407
5.0400000000000 0.0000000514407
5.0800000000000 0.0000000479521
5.1200000000000 0.0000000465259
5.1200000000000 0.0000000465259
5.1200000000000 0.0000000465259
5.1200000000000 0.0000000465259
5.1200000000000 0.0000000465259
5.1200000000000 0.0000000465259
5.1200000000000 0.0000000465259
5.1600000000000 0.0000000461380
5.2000000000000 0.0000000490811
5.2000000000000 0.0000000490811
5.2400000000000 0.0000000519410
5.2800000000000 0.0000000537932
5.2800000000000 0.0000000537932
5.2800000000000 0.0000000537932
5.3200000000000 0.0000000534655
5.3600000000000 0.0000000461370
5.3600000000000 0.0000000461370
5.4000000000000 0.0000000379233
5.4400000000000 0.0000000291934
5.4400000000000 0.0000000291934
5.4400000000000 0.0000000291934
5.4400000000000 0.0000000291934
5.4800000000000 0.0000000219075
5.5200000000000 0.0000000199127
5.5200000000000 0.0000000199127
5.5600000000000 0.0000000187329
5.6000000000000 0.0000000174694
5.6000000000000 0.0000000174694
5.6000000000000 0.0000000174694
5.6400000000000 0.0000000150782
5.6800000000000 0.0000000130222
5.6800000000000 0.0000000130222
5.7200000000000 0.0000000123238
5.7600000000000 0.0000000114472
5.7600000000000 0.0000000114472
5.7600000000000 0.0000000114472
5.7600000000000 0.0000000114472
5.7600000000000 0.0000000114472
5.8000000000000 0.0000000107750
5.8400000000000 0.0000000105793
5.8400000000000 0.0000000105793
5.8800000000000 0.0000000100383
5.9200000000000 0.0000000084335
5.9200000000000 0.0000000084335
5.9200000000000 0.0000000084335
5.9600000000000 0.0000000071439
6.0000000000000 0.0000000056427
6.0000000000000 0.0000000056427
6.0400000000000 0.0000000051030
6.0800000000000 0.0000000047100
6.0800000000000 0.0000000047100
6.0800000000000 0.0000000047100
6.0800000000000 0.0000000047100
6.1200000000000 0.0000000045369
6.1600000000000 0.0000000043637
6.1600000000000 0.0000000043637
6.2000000000000 0.0000000040648
6.2400000000000 0.0000000037659
6.2400000000000 0.0000000037659
6.2400000000000 0.0000000037659
6.2800000000000 0.0000000036416
6.3200000000000 0.0000000035174
6.3200000000000 0.0000000035174
6.3600000000000 0.0000000033411
6.4000000000000 0.0000000031649
6.4000000000000 0.0000000031649
6.4000000000000 0.0000000031649
6.4000000000000 0.0000000031649
6.4000000000000 0.0000000031649
6.4800000000000 0.0000000029594
6.5600000000000 0.0000000028196
6.5600000000000 0.0000000028196
6.6400000000000 0.0000000028023
6.7200000000000 0.0000000027419
6.7200000000000 0.0000000027419
6.7200000000000 0.0000000027419
6.8000000000000 0.0000000025457
6.8800000000000 0.0000000024244
6.8800000000000 0.0000000024244
6.9600000000000 0.0000000021747
7.0400000000000 0.0000000018200
7.0400000000000 0.0000000018200
7.0400000000000 0.0000000018200
7.0400000000000 0.0000000018200
7.1200000000000 0.0000000016634
7.2000000000000 0.0000000015953
7.2000000000000 0.0000000015953
7.2800000000000 0.0000000014913
7.3600000000000 0.0000000014355
7.3600000000000 0.0000000014355
7.3600000000000 0.0000000014355
7.4400000000000 0.0000000013235
7.5200000000000 0.0000000012887
7.5200000000000 0.0000000012887
7.6000000000000 0.0000000012916
7.6800000000000 0.0000000012687
7.6800000000000 0.0000000012687
7.6800000000000 0.0000000012687
7.6800000000000 0.0000000012687
7.6800000000000 0.0000000012687
7.6800000000000 0.0000000012687
7.7600000000000 0.0000000012410
7.8400000000000 0.0000000012138
7.8400000000000 0.0000000012138
7.9200000000000 0.0000000011759
8.0000000000000 0.0000000011413
8.0000000000000 0.0000000011413
8.0000000000000 0.0000000011413
8.0800000000000 0.0000000010523
8.1600000000000 0.0000000009431
8.1600000000000 0.0000000009431
8.2400000000000 0.0000000008710
8.3200000000000 0.0000000008615
8.3200000000000 0.0000000008615
8.3200000000000 0.0000000008615
8.3200000000000 0.0000000008615
8.4000000000000 0.0000000008452
8.4800000000000 0.0000000008418
8.4800000000000 0.0000000008418
8.5600000000000 0.0000000008100
8.6400000000000 0.0000000007567
8.6400000000000 0.0000000007567
8.6400000000000 0.0000000007567
8.7200000000000 0.0000000007158
8.8000000000000 0.0000000006568
8.8000000000000 0.0000000006568
8.8800000000000 0.0000000005756
8.9600000000000 0.0000000005377
8.9600000000000 0.0000000005377
8.9600000000000 0.0000000005377
8.9600000000000 0.0000000005377
8.9600000000000 0.0000000005377
9.0400000000000 0.0000000005120
9.1200000000000 0.0000000004862
9.1200000000000 0.0000000004862
9.2000000000000 0.0000000004152
9.2800000000000 0.0000000002716
9.2800000000000 0.0000000002716
9.2800000000000 0.0000000002716
9.3600000000000 0.0000000002072
9.4400000000000 0.0000000002022
9.4400000000000 0.0000000002022
9.5200000000000 0.0000000001833
9.6000000000000 0.0000000001705
9.6000000000000 0.0000000001705
9.6000000000000 0.0000000001705
9.6000000000000 0.0000000001705
9.6800000000000 0.0000000001690
9.7600000000000 0.0000000001688
9.7600000000000 0.0000000001688
9.8400000000000 0.0000000001738
9.9200000000000 0.0000000001833
9.9200000000000 0.0000000001833
9.9200000000000 0.0000000001833
10.0000000000000 0.0000000001992
10.0800000000000 0.0000000002112
10.0800000000000 0.0000000002112
10.1600000000000 0.0000000002180
10.2400000000000 0.0000000002201
10.2400000000000 0.0000000002201
10.2400000000000 0.0000000002201
10.2400000000000 0.0000000002201
10.2400000000000 0.0000000002201
10.2400000000000 0.0000000002201
10.3200000000000 0.0000000001775
10.4000000000000 0.0000000001314
10.4000000000000 0.0000000001314
10.4800000000000 0.0000000000800
10.5600000000000 0.0000000000287
10.5600000000000 0.0000000000287
10.5600000000000 0.0000000000287
10.6400000000000 0.0000000000224
10.7200000000000 0.0000000000184
10.7200000000000 0.0000000000184
10.8000000000000 0.0000000000181
10.8800000000000 0.0000000000179
10.8800000000000 0.0000000000179
10.8800000000000 0.0000000000179
11.0400000000000 0.0000000000229
11.2000000000000 0.0000000000259
11.2000000000000 0.0000000000259
11.3600000000000 0.0000000000260
11.5200000000000 0.0000000000253
11.5200000000000 0.0000000000253
11.5200000000000 0.0000000000253
11.5200000000000 0.0000000000253
11.6800000000000 0.0000000000256
11.8400000000000 0.0000000000274
11.8400000000000 0.0000000000274
12.0000000000000 0.0000000000387
12.1600000000000 0.0000000000458
12.1600000000000 0.0000000000458
12.1600000000000 0.0000000000458
12.3200000000000 0.0000000000347
12.4800000000000 0.0000000000203
12.4800000000000 0.0000000000203
12.6400000000000 0.0000000000172
12.8000000000000 0.0000000000147
12.8000000000000 0.0000000000147
12.8000000000000 0.0000000000147
12.8000000000000 0.0000000000147
12.8000000000000 0.0000000000147
12.9600000000000 0.0000000000136
13.1200000000000 0.0000000000092
13.1200000000000 0.0000000000092
13.2800000000000 0.0000000000028
13.4400000000000 0.0000000000019
13.4400000000000 0.0000000000019
13.4400000000000 0.0000000000019
13.6000000000000 0.0000000000018
13.7600000000000 0.0000000000019
13.7600000000000 0.0000000000019
13.9200000000000 0.0000000000019
14.0800000000000 0.0000000000019
14.0800000000000 0.0000000000019
14.0800000000000 0.0000000000019
14.0800000000000 0.0000000000019
14.2400000000000 0.0000000000019
14.4000000000000 0.0000000000018
14.4000000000000 0.0000000000018
14.5600000000000 0.0000000000018
14.7200000000000 0.0000000000018
14.7200000000000 0.0000000000018
14.7200000000000 0.0000000000018
14.8800000000000 0.0000000000018
15.0400000000000 0.0000000000018
15.0400000000000 0.0000000000018
15.2000000000000 0.0000000000018
15.3600000000000 0.0000000000018
15.3600000000000 0.0000000000018
15.3600000000000 0.0000000000018
15.3600000000000 0.0000000000018
15.3600000000000 0.0000000000018
15.5200000000000 0.0000000000020
15.6800000000000 0.0000000000021
16.0000000000000 0.0000000000024
16.0000000000000 0.0000000000024
16.3200000000000 0.0000000000022
16.6400000000000 0.0000000000019
16.6400000000000 0.0000000000019
16.6400000000000 0.0000000000019
16.9600000000000 0.0000000000015
17.2800000000000 0.0000000000013
17.2800000000000 0.0000000000013
17.6000000000000 0.0000000000011
17.9200000000000 0.0000000000001
17.9200000000000 0.0000000000001
17.9200000000000 0.0000000000001
17.9200000000000 0.0000000000001
18.2400000000000 0.0000000000000
18.5600000000000 0.0000000000000
18.5600000000000 0.0000000000000
18.8800000000000 0.0000000000000
19.2000000000000 0.0000000000000
19.2000000000000 0.0000000000000
19.2000000000000 0.0000000000000
19.5200000000000 0.0000000000000
19.8400000000000 0.0000000000000
19.8400000000000 0.0000000000000
20.1600000000000 0.0000000000000
20.4800000000000 0.0000000000000
20.4800000000000 0.0000000000000
20.4800000000000 0.0000000000000
20.4800000000000 0.0000000000000
20.8000000000000 0.0000000000000
21.1200000000000 0.0000000000000
21.1200000000000 0.0000000000000
21.4400000000000 0.0000000000000
21.7600000000000 0.0000000000000
21.7600000000000 0.0000000000000
21.7600000000000 0.0000000000000
22.0800000000000 0.0000000000000
22.4000000000000 0.0000000000000
22.4000000000000 0.0000000000000
22.7200000000000 0.0000000000000
23.0400000000000 0.0000000000000
23.0400000000000 0.0000000000000
23.0400000000000 0.0000000000000
23.6800000000000 0.0000000000000
24.3200000000000 0.0000000000000
24.3200000000000 0.0000000000000
24.9600000000000 0.0000000000000
25.6000000000000 0.0000000000000
25.6000000000000 0.0000000000000
25.6000000000000 0.0000000000000
26.2400000000000 0.0000000000000
26.8800000000000 0.0000000000000
26.8800000000000 0.0000000000000
27.5200000000000 0.0000000000000
28.1600000000000 0.0000000000000
28.1600000000000 0.0000000000000
28.1600000000000 0.0000000000000
28.8000000000000 0.0000000000000
29.4400000000000 0.0000000000000
29.4400000000000 0.0000000000000
30.0800000000000 0.0000000000000
30.7200000000000 0.0000000000000
30.7200000000000 0.0000000000000
30.7200000000000 0.0000000000000
31.3600000000000 0.0000000000000
32.0000000000000 0.0000000000000
32.0000000000000 0.0000000000000
32.6400000000000 0.0000000000000
33.2800000000000 0.0000000000000
33.2800000000000 0.0000000000000
33.2800000000000 0.0000000000000
33.9200000000000 0.0000000000000
34.5600000000000 0.0000000000000
34.5600000000000 0.0000000000000
35.2000000000000 0.0000000000000
35.8400000000000 0.0000000000000
35.8400000000000 0.0000000000000
35.8400000000000 0.0000000000000
36.4800000000000 0.0000000000000
37.1200000000000 0.0000000000000
37.1200000000000 0.0000000000000
37.7600000000000 0.0000000000000
38.4000000000000 0.0000000000000
38.4000000000000 0.0000000000000
39.6800000000000 0.0000000000000
40.9600000000000 0.0000000000000
40.9600000000000 0.0000000000000
42.2400000000000 0.0000000000000
43.5200000000000 0.0000000000000
43.5200000000000 0.0000000000000
44.8000000000000 0.0000000000000
46.0800000000000 0.0000000000000
46.0800000000000 0.0000000000000
47.3600000000000 0.0000000000000
48.6400000000000 0.0000000000000
48.6400000000000 0.0000000000000
49.9200000000000 0.0000000000000
51.2000000000000 0.0000000000000
51.2000000000000 0.0000000000000
52.4800000000000 0.0000000000000
53.7600000000000 0.0000000000000
53.7600000000000 0.0000000000000
55.0400000000000 0.0000000000000
56.3200000000000 0.0000000000000
56.3200000000000 0.0000000000000
57.6000000000000 0.0000000000000
58.8800000000000 0.0000000000000
58.8800000000000 0.0000000000000
60.1600000000000 0.0000000000000
61.4400000000000 0.0000000000000
61.4400000000000 0.0000000000000
62.7200000000000 0.0000000000000
64.0000000000000 0.0000000000000
64.0000000000000 0.0000000000000
65.2800000000000 0.0000000000000
66.5600000000000 0.0000000000000
66.5600000000000 0.0000000000000
67.8400000000000 0.0000000000000
69.1200000000000 0.0000000000000
69.1200000000000 0.0000000000000
70.4000000000000 0.0000000000000
71.6800000000000 0.0000000000000
71.6800000000000 0.0000000000000
72.9600000000000 0.0000000000000
74.2400000000000 0.0000000000000
74.2400000000000 0.0000000000000
75.5200000000000 0.0000000000000
76.8000000000000 0.0000000000000
76.8000000000000 0.0000000000000
78.0800000000000 0.0000000000000
79.3600000000000 0.0000000000000
79.3600000000000 0.0000000000000
80.6400000000000 0.0000000000000
81.9200000000000 0.0000000000000
81.9200000000000 0.0000000000000
83.2000000000000 0.0000000000000
84.4800000000000 0.0000000000000
84.4800000000000 0.0000000000000
85.7600000000000 0.0000000000000
87.0400000000000 0.0000000000000
87.0400000000000 0.0000000000000
88.3200000000000 0.0000000000000
89.6000000000000 0.0000000000000
89.6000000000000 0.0000000000000
90.8800000000000 0.0000000000000
92.1600000000000 0.0000000000000
92.1600000000000 0.0000000000000
93.4400000000000 0.0000000000000
94.7200000000000 0.0000000000000
94.7200000000000 0.0000000000000
96.0000000000000 0.0000000000000
97.2800000000000 0.0000000000000
97.2800000000000 0.0000000000000
98.5600000000000 0.0000000000000
99.8400000000000 0.0000000000000
99.8400000000000 0.0000000000000
101.1200000000000 0.0000000000000
102.4000000000000 0.0000000000000
102.4000000000000 0.0000000000000
103.6800000000000 0.0000000000000
104.9600000000000 0.0000000000000
104.9600000000000 0.0000000000000
106.2400000000000 0.0000000000000
107.5200000000000 0.0000000000000
107.5200000000000 0.0000000000000
108.8000000000000 0.0000000000000
110.0800000000000 0.0000000000000
110.0800000000000 0.0000000000000
111.3600000000000 0.0000000000000
112.6400000000000 0.0000000000000
112.6400000000000 0.0000000000000
113.9200000000000 0.0000000000000
115.2000000000000 0.0000000000000
115.2000000000000 0.0000000000000
116.4800000000000 0.0000000000000
117.7600000000000 0.0000000000000
117.7600000000000 0.0000000000000
119.0400000000000 0.0000000000000
120.3200000000000 0.0000000000000
120.3200000000000 0.0000000000000
121.6000000000000 0.0000000000000
122.8800000000000 0.0000000000000
122.8800000000000 0.0000000000000
124.1600000000000 0.0000000000000
125.4400000000000 0.0000000000000
125.4400000000000 0.0000000000000
126.7200000000000 0.0000000000000
128.0000000000000 0.0000000000000
128.0000000000000 0.0000000000000
129.2800000000000 0.0000000000000
130.5600000000000 0.0000000000000
130.5600000000000 0.0000000000000
131.8400000000000 0.0000000000000
133.1200000000000 0.0000000000000
133.1200000000000 0.0000000000000
134.4000000000000 0.0000000000000
135.6800000000000 0.0000000000000
135.6800000000000 0.0000000000000
136.9600000000000 0.0000000000000
138.2400000000000 0.0000000000000
138.2400000000000 0.0000000000000
139.5200000000000 0.0000000000000
140.8000000000000 0.0000000000000
143.3600000000000 0.0000000000000
145.9200000000000 0.0000000000000
148.4800000000000 0.0000000000000
151.0400000000000 0.0000000000000
153.6000000000000 0.0000000000000
156.1600000000000 0.0000000000000
158.7200000000000 0.0000000000000
161.2800000000000 0.0000000000000
163.8400000000000 0.0000000000000
166.4000000000000 0.0000000000000
168.9600000000000 0.0000000000000
171.5200000000000 0.0000000000000
174.0800000000000 0.0000000000000
176.6400000000000 0.0000000000000
179.2000000000000 0.0000000000000
181.7600000000000 0.0000000000000
184.3200000000000 0.0000000000000
186.8800000000000 0.0000000000000
189.4400000000000 0.0000000000000
192.0000000000000 0.0000000000000
194.5600000000000 0.0000000000000
197.1200000000000 0.0000000000000
199.6800000000000 0.0000000000000
202.2400000000000 0.0000000000000
204.8000000000000 0.0000000000000
207.3600000000000 0.0000000000000
209.9200000000000 0.0000000000000
212.4800000000000 0.0000000000000
215.0400000000000 0.0000000000000
217.6000000000000 0.0000000000000
220.1600000000000 0.0000000000000
222.7200000000000 0.0000000000000
225.2800000000000 0.0000000000000
227.8400000000000 0.0000000000000
230.4000000000000 0.0000000000000
232.9600000000000 0.0000000000000
235.5200000000000 0.0000000000000
238.0800000000000 0.0000000000000
240.6400000000000 0.0000000000000
243.2000000000000 0.0000000000000
245.7600000000000 0.0000000000000
248.3200000000000 0.0000000000000
250.8800000000000 0.0000000000000
253.4400000000000 0.0000000000000
256.0000000000000 0.0000000000000
258.5600000000000 0.0000000000000
261.1200000000000 0.0000000000000
263.6800000000000 0.0000000000000
266.2400000000000 0.0000000000000
268.8000000000000 0.0000000000000
271.3600000000000 0.0000000000000
273.9200000000000 0.0000000000000
276.4800000000000 0.0000000000000
279.0400000000000 0.0000000000000
281.6000000000000 0.0000000000000
284.1600000000000 0.0000000000000
286.7200000000000 0.0000000000000
289.2800000000000 0.0000000000000
291.8400000000000 0.0000000000000
294.4000000000000 0.0000000000000
296.9600000000000 0.0000000000000
299.5200000000000 0.0000000000000
302.0800000000000 0.0000000000000
304.6400000000000 0.0000000000000
307.2000000000000 0.0000000000000
309.7600000000000 0.0000000000000
312.3200000000000 0.0000000000000
314.8800000000000 0.0000000000000
317.4400000000000 0.0000000000000
