# x lapse
-317.4400000000000 0.9942098591657
-314.8800000000000 0.9941629928535
-312.3200000000000 0.9941153589257
-309.7600000000000 0.9940669384313
-307.2000000000000 0.9940177118234
-304.6400000000000 0.9939676588438
-302.0800000000000 0.9939167585785
-299.5200000000000 0.9938649894289
-296.9600000000000 0.9938123289959
-294.4000000000000 0.9937587541526
-291.8400000000000 0.9937042409744
-289.2800000000000 0.9936487644819
-286.7200000000000 0.9935922987634
-284.1600000000000 0.9935348172566
-281.6000000000000 0.9934762926629
-279.0400000000000 0.9934166967184
-276.4800000000000 0.9933559998946
-273.9200000000000 0.9932941709828
-271.3600000000000 0.9932311772350
-268.8000000000000 0.9931669852589
-266.2400000000000 0.9931015614442
-263.6800000000000 0.9930348709914
-261.1200000000000 0.9929668767128
-258.5600000000000 0.9928975396334
-256.0000000000000 0.9928268204813
-253.4400000000000 0.9927546766230
-250.8800000000000 0.9926810468930
-248.3200000000000 0.9926058229629
-245.7600000000000 0.9925288336261
-243.2000000000000 0.9924499048787
-240.6400000000000 0.9923690226116
-238.0800000000000 0.9922864642757
-235.5200000000000 0.9922026590126
-232.9600000000000 0.9921177752637
-230.4000000000000 0.9920314707966
-227.8400000000000 0.9919431840979
-225.2800000000000 0.9918526355880
-222.7200000000000 0.9917598724233
-220.1600000000000 0.9916649051584
-217.6000000000000 0.9915675865912
-215.0400000000000 0.9914678147529
-212.4800000000000 0.9913655759647
-209.9200000000000 0.9912608222702
-207.3600000000000 0.9911534906450
-204.8000000000000 0.9910435391826
-202.2400000000000 0.9909308817672
-199.6800000000000 0.9908154000119
-197.1200000000000 0.9906969807882
-194.5600000000000 0.9905754866557
-192.0000000000000 0.9904507772577
-189.4400000000000 0.9903227269497
-186.8800000000000 0.9901911926461
-184.3200000000000 0.9900560220496
-181.7600000000000 0.9899170524659
-179.2000000000000 0.9897741123756
-176.6400000000000 0.9896270464175
-174.0800000000000 0.9894756987648
-171.5200000000000 0.9893199046644
-168.9600000000000 0.9891594789883
-166.4000000000000 0.9889942050859
-163.8400000000000 0.9888238572931
-161.2800000000000 0.9886481974699
-158.7200000000000 0.9884669663880
-156.1600000000000 0.9882798819325
-153.6000000000000 0.9880866434129
-151.0400000000000 0.9878869325742
-148.4800000000000 0.9876804170157
-145.9200000000000 0.9874667592719
-143.3600000000000 0.9872456058013
-140.8000000000000 0.9870165786862
-139.5200000000000 0.9868989822186
-138.2400000000000 0.9867792567929
-138.2400000000000 0.9867792567929
-136.9600000000000 0.9866573445288
-135.6800000000000 0.9865331855646
-135.6800000000000 0.9865331855646
-134.4000000000000 0.9864067179266
-133.1200000000000 0.9862778774758
-133.1200000000000 0.9862778774758
-131.8400000000000 0.9861465977954
-130.5600000000000 0.9860128107969
-130.5600000000000 0.9860128107969
-129.2800000000000 0.9858764458678
-128.0000000000000 0.9857374289495
-128.0000000000000 0.9857374289495
-126.7200000000000 0.9855956834811
-125.4400000000000 0.9854511290645
-125.4400000000000 0.9854511290645
-124.1600000000000 0.9853036838360
-122.8800000000000 0.9851532623330
-122.8800000000000 0.9851532623330
-121.6000000000000 0.9849997738662
-120.3200000000000 0.9848431260213
-120.3200000000000 0.9848431260213
-119.0400000000000 0.9846832237824
-117.7600000000000 0.9845199652860
-117.7600000000000 0.9845199652860
-116.4800000000000 0.9843532444455
-115.2000000000000 0.9841829542296
-115.2000000000000 0.9841829542296
-113.9200000000000 0.9840089824924
-112.6400000000000 0.9838312084831
-112.6400000000000 0.9838312084831
-111.3600000000000 0.9836495058502
-110.0800000000000 0.9834637465062
-110.0800000000000 0.9834637465062
-108.8000000000000 0.9832737992041
-107.5200000000000 0.9830795232602
-107.5200000000000 0.9830795232602
-106.2400000000000 0.9828807666784
-104.9600000000000 0.9826773729519
-104.9600000000000 0.9826773729519
-103.6800000000000 0.9824691841428
-102.4000000000000 0.9822560339371
-102.4000000000000 0.9822560339371
-101.1200000000000 0.9820377428791
-99.8400000000000 0.9818141215103
-99.8400000000000 0.9818141215103
-98.5600000000000 0.9815849731486
-97.2800000000000 0.9813500922528
-97.2800000000000 0.9813500922528
-96.0000000000000 0.9811092619396
-94.7200000000000 0.9808622534761
-94.7200000000000 0.9808622534761
-93.4400000000000 0.9806088266965
-92.1600000000000 0.9803487287923
-92.1600000000000 0.9803487287923
-90.8800000000000 0.9800816923104
-89.6000000000000 0.9798074352194
-89.6000000000000 0.9798074352194
-88.3200000000000 0.9795256616251
-87.0400000000000 0.9792360597883
-87.0400000000000 0.9792360597883
-85.7600000000000 0.9789382990411
-84.4800000000000 0.9786320293875
-84.4800000000000 0.9786320293875
-83.2000000000000 0.9783168829057
-81.9200000000000 0.9779924724219
-81.9200000000000 0.9779924724219
-80.6400000000000 0.9776583865821
-79.3600000000000 0.9773141859599
-79.3600000000000 0.9773141859599
-78.0800000000000 0.9769594022059
-76.8000000000000 0.9765935378965
-76.8000000000000 0.9765935378965
-75.5200000000000 0.9762160667302
-74.2400000000000 0.9758264324391
-74.2400000000000 0.9758264324391
-72.9600000000000 0.9754240427741
-71.6800000000000 0.9750082623887
-71.6800000000000 0.9750082623887
-70.4000000000000 0.9745784112055
-69.1200000000000 0.9741337645977
-69.1200000000000 0.9741337645977
-67.8400000000000 0.9736735489968
-66.5600000000000 0.9731969343829
-66.5600000000000 0.9731969343829
-65.2800000000000 0.9727030272072
-64.0000000000000 0.9721908671304
-64.0000000000000 0.9721908671304
-62.7200000000000 0.9716594236016
-61.4400000000000 0.9711075853367
-61.4400000000000 0.9711075853367
-60.1600000000000 0.9705341525699
-58.8800000000000 0.9699378310545
-58.8800000000000 0.9699378310545
-57.6000000000000 0.9693172163439
-56.3200000000000 0.9686707828255
-56.3200000000000 0.9686707828255
-55.0400000000000 0.9679968763515
-53.7600000000000 0.9672936951702
-53.7600000000000 0.9672936951702
-52.4800000000000 0.9665592727291
-51.2000000000000 0.9657914688172
-51.2000000000000 0.9657914688172
-49.9200000000000 0.9649879480004
-48.6400000000000 0.9641461379443
-48.6400000000000 0.9641461379443
-47.3600000000000 0.9632632044505
-46.0800000000000 0.9623360375858
-46.0800000000000 0.9623360375858
-44.8000000000000 0.9613612066676
-43.5200000000000 0.9603349026070
-43.5200000000000 0.9603349026070
-42.2400000000000 0.9592528695467
-40.9600000000000 0.9581103373243
-40.9600000000000 0.9581103373243
-39.6800000000000 0.9569019519335
-38.4000000000000 0.9556216434094
-38.4000000000000 0.9556216434094
-37.7600000000000 0.9549523809710
-37.1200000000000 0.9542624503687
-37.1200000000000 0.9542624503687
-36.4800000000000 0.9535508124371
-35.8400000000000 0.9528163509591
-35.8400000000000 0.9528163509591
-35.8400000000000 0.9528163509591
-35.2000000000000 0.9520578538256
-34.5600000000000 0.9512740073984
-34.5600000000000 0.9512740073984
-33.9200000000000 0.9504633766056
-33.2800000000000 0.9496243997074
-33.2800000000000 0.9496243997074
-33.2800000000000 0.9496243997074
-32.6400000000000 0.9487553607296
-32.0000000000000 0.9478543824637
-32.0000000000000 0.9478543824637
-31.3600000000000 0.9469193962617
-30.7200000000000 0.9459481098734
-30.7200000000000 0.9459481098734
-30.7200000000000 0.9459481098734
-30.0800000000000 0.9449380036582
-29.4400000000000 0.9438863000102
-29.4400000000000 0.9438863000102
-28.8000000000000 0.9427899118592
-28.1600000000000 0.9416453926029
-28.1600000000000 0.9416453926029
-28.1600000000000 0.9416453926029
-27.5200000000000 0.9404488883919
-26.8800000000000 0.9391961005744
-26.8800000000000 0.9391961005744
-26.2400000000000 0.9378822414683
-25.6000000000000 0.9365019420764
-25.6000000000000 0.9365019420764
-25.6000000000000 0.9365019420764
-24.9600000000000 0.9350491345457
-24.3200000000000 0.9335169888743
-24.3200000000000 0.9335169888743
-23.6800000000000 0.9318978795467
-23.0400000000000 0.9301832517079
-23.0400000000000 0.9301832517079
-23.0400000000000 0.9301832517079
-22.7200000000000 0.9292871446843
-22.4000000000000 0.9283634441116
-22.4000000000000 0.9283634441116
-22.0800000000000 0.9274107513206
-21.7600000000000 0.9264275859362
-21.7600000000000 0.9264275859362
-21.7600000000000 0.9264275859362
-21.4400000000000 0.9254123741105
-21.1200000000000 0.9243634455662
-21.1200000000000 0.9243634455662
-20.8000000000000 0.9232790231684
-20.4800000000000 0.9221572080367
-20.4800000000000 0.9221572080367
-20.4800000000000 0.9221572080367
-20.4800000000000 0.9221572080367
-20.1600000000000 0.9209959799316
-19.8400000000000 0.9197931985014
-19.8400000000000 0.9197931985014
-19.5200000000000 0.9185465929983
-19.2000000000000 0.9172537230942
-19.2000000000000 0.9172537230942
-19.2000000000000 0.9172537230942
-18.8800000000000 0.9159120260879
-18.5600000000000 0.9145187801582
-18.5600000000000 0.9145187801582
-18.2400000000000 0.9130709838839
-17.9200000000000 0.9115654094840
-17.9200000000000 0.9115654094840
-17.9200000000000 0.9115654094840
-17.9200000000000 0.9115654094840
-17.6000000000000 0.9099987627171
-17.2800000000000 0.9083675464827
-17.2800000000000 0.9083675464827
-16.9600000000000 0.9066678511862
-16.6400000000000 0.9048954237130
-16.6400000000000 0.9048954237130
-16.6400000000000 0.9048954237130
-16.3200000000000 0.9030457572139
-16.0000000000000 0.9011140990326
-16.0000000000000 0.9011140990326
-15.6800000000000 0.8990953817384
-15.5200000000000 0.8980516750090
-15.3600000000000 0.8969841071608
-15.3600000000000 0.8969841071608
-15.3600000000000 0.8969841071608
-15.3600000000000 0.8969841071608
-15.3600000000000 0.8969841071608
-15.2000000000000 0.8958919215101
-15.0400000000000 0.8947743358090
-15.0400000000000 0.8947743358090
-14.8800000000000 0.8936305389601
-14.7200000000000 0.8924596889427
-14.7200000000000 0.8924596889427
-14.7200000000000 0.8924596889427
-14.5600000000000 0.8912609131936
-14.4000000000000 0.8900333103476
-14.4000000000000 0.8900333103476
-14.2400000000000 0.8887759432835
-14.0800000000000 0.8874878511690
-14.0800000000000 0.8874878511690
-14.0800000000000 0.8874878511690
-14.0800000000000 0.8874878511690
-13.9200000000000 0.8861680288499
-13.7600000000000 0.8848154123300
-13.7600000000000 0.8848154123300
-13.6000000000000 0.8834288778287
-13.4400000000000 0.8820072591624
-13.4400000000000 0.8820072596285
-13.4400000000000 0.8820072591624
-13.2800000000000 0.8805493685198
-13.1200000000000 0.8790539925664
-13.1200000000000 0.8790539925664
-12.9600000000000 0.8775198603358
-12.8000000000000 0.8759456147182
-12.8000000000000 0.8759456147182
-12.8000000000000 0.8759456147182
-12.8000000000000 0.8759456147182
-12.8000000000000 0.8759456147182
-12.6400000000000 0.8743298147418
-12.4800000000000 0.8726709573552
-12.4800000000000 0.8726709573552
-12.3200000000000 0.8709674814529
-12.1600000000000 0.8692177420790
-12.1600000000000 0.8692177420790
-12.1600000000000 0.8692177420790
-12.0000000000000 0.8674199975101
-11.8400000000000 0.8655724359099
-11.8400000000000 0.8655724359099
-11.6800000000000 0.8636731964860
-11.5200000000000 0.8617203477133
-11.5200000000000 0.8617203477133
-11.5200000000000 0.8617203477133
-11.5200000000000 0.8617203477133
-11.3600000000000 0.8597118456869
-11.2000000000000 0.8576455168257
-11.2000000000000 0.8576455168257
-11.0400000000000 0.8555190900707
-10.8800000000000 0.8533302238053
-10.8800000000000 0.8533302238053
-10.8800000000000 0.8533302238053
-10.8000000000000 0.8522116151392
-10.7200000000000 0.8510764637845
-10.7200000000000 0.8510764637845
-10.6400000000000 0.8499244378234
-10.5600000000000 0.8487551933132
-10.5600000000000 0.8487551933132
-10.5600000000000 0.8487551933132
-10.4800000000000 0.8475683766006
-10.4000000000000 0.8463636237619
-10.4000000000000 0.8463636237619
-10.3200000000000 0.8451405617726
-10.2400000000000 0.8438988123638
-10.2400000000000 0.8438988123638
-10.2400000000000 0.8438988123638
-10.2400000000000 0.8438988123638
-10.2400000000000 0.8438988123638
-10.2400000000000 0.8438988123638
-10.1600000000000 0.8426379881128
-10.0800000000000 0.8413576935929
-10.0800000000000 0.8413576935929
-10.0000000000000 0.8400575229413
-9.9200000000000 0.8387370587454
-9.9200000000000 0.8387370587454
-9.9200000000000 0.8387370587454
-9.8400000000000 0.8373958708035
-9.7600000000000 0.8360335153767
-9.7600000000000 0.8360335153767
-9.6800000000000 0.8346495343112
-9.6000000000000 0.8332434543708
-9.6000000000000 0.8332434543708
-9.6000000000000 0.8332434543708
-9.6000000000000 0.8332434543708
-9.5200000000000 0.8318147873143
-9.4400000000000 0.8303630306514
-9.4400000000000 0.8303630306514
-9.3600000000000 0.8288876680740
-9.2800000000000 0.8273881689197
-9.2800000000000 0.8273881689472
-9.2800000000000 0.8273881689472
-9.2000000000000 0.8258639877974
-9.1200000000000 0.8243145649254
-9.1200000000000 0.8243145649254
-9.0400000000000 0.8227393273223
-8.9600000000000 0.8211376876773
-8.9600000000000 0.8211376876773
-8.9600000000000 0.8211376876773
-8.9600000000000 0.8211376876773
-8.9600000000000 0.8211376876773
-8.8800000000000 0.8195090410146
-8.8000000000000 0.8178527616201
-8.8000000000000 0.8178527616201
-8.7200000000000 0.8161682028333
-8.6400000000000 0.8144546989842
-8.6400000000000 0.8144546989842
-8.6400000000000 0.8144546989842
-8.5600000000000 0.8127115664454
-8.4800000000000 0.8109381021637
-8.4800000000000 0.8109381021637
-8.4000000000000 0.8091335811443
-8.3200000000000 0.8072972546294
-8.3200000000000 0.8072972546294
-8.3200000000000 0.8072972546294
-8.3200000000000 0.8072972546294
-8.2400000000000 0.8054283493186
-8.1600000000000 0.8035260665893
-8.1600000000000 0.8035260665893
-8.0800000000000 0.8015895813725
-8.0000000000000 0.7996180407973
-8.0000000000000 0.7996180407973
-8.0000000000000 0.7996180407973
-7.9200000000000 0.7976105636625
-7.8400000000000 0.7955662412272
-7.8400000000000 0.7955662412272
-7.7600000000000 0.7934841385498
-7.6800000000000 0.7913632944472
-7.6800000000000 0.7913632944472
-7.6800000000000 0.7913632944472
-7.6800000000000 0.7913632944472
-7.6800000000000 0.7913632944472
-7.6800000000000 0.7913632944472
-7.6000000000000 0.7892027194658
-7.5200000000000 0.7870013923643
-7.5200000000000 0.7870013923643
-7.4400000000000 0.7847582552297
-7.3600000000000 0.7824722094295
-7.3600000000000 0.7824722094295
-7.3600000000000 0.7824722094295
-7.2800000000000 0.7801421153544
-7.2000000000000 0.7777667952380
-7.2000000000000 0.7777667952380
-7.1200000000000 0.7753450343827
-7.0400000000000 0.7728755782433
-7.0400000000000 0.7728755782433
-7.0400000000000 0.7728755782433
-7.0400000000000 0.7728755782433
-6.9600000000000 0.7703571292541
-6.8800000000000 0.7677883452303
-6.8800000000000 0.7677883452303
-6.8000000000000 0.7651678362504
-6.7200000000000 0.7624941597015
-6.7200000000000 0.7624941597015
-6.7200000000000 0.7624941597015
-6.6400000000000 0.7597658164149
-6.5600000000000 0.7569812536716
-6.5600000000000 0.7569812536716
-6.4800000000000 0.7541388688293
-6.4000000000000 0.7512370063870
-6.4000000000000 0.7512370063870
-6.4000000000000 0.7512370063870
-6.4000000000000 0.7512370063870
-6.4000000000000 0.7512370063870
-6.3600000000000 0.7497632384388
-6.3200000000000 0.7482739538607
-6.3200000000000 0.7482739538607
-6.2800000000000 0.7467689283998
-6.2400000000000 0.7452479335092
-6.2400000000000 0.7452479335092
-6.2400000000000 0.7452479335092
-6.2000000000000 0.7437107364083
-6.1600000000000 0.7421571002090
-6.1600000000000 0.7421571002090
-6.1200000000000 0.7405867836450
-6.0800000000000 0.7389995410917
-6.0800000000000 0.7389995410917
-6.0800000000000 0.7389995410917
-6.0800000000000 0.7389995410917
-6.0400000000000 0.7373951223707
-6.0000000000000 0.7357732724810
-6.0000000000000 0.7357732724810
-5.9600000000000 0.7341337316403
-5.9200000000000 0.7324762353935
-5.9200000000000 0.7324762353935
-5.9200000000000 0.7324762353935
-5.8800000000000 0.7308005140982
-5.8400000000000 0.7291062935076
-5.8400000000000 0.7291062935076
-5.8000000000000 0.7273932946218
-5.7600000000000 0.7256612337501
-5.7600000000000 0.7256612337501
-5.7600000000000 0.7256612337501
-5.7600000000000 0.7256612337501
-5.7600000000000 0.7256612337501
-5.7200000000000 0.7239098215059
-5.6800000000000 0.7221387635347
-5.6800000000000 0.7221387635347
-5.6400000000000 0.7203477595360
-5.6000000000000 0.7185365030269
-5.6000000000000 0.7185365030269
-5.6000000000000 0.7185365030269
-5.5600000000000 0.7167046813786
-5.5200000000000 0.7148519760448
-5.5200000000000 0.7148519760448
-5.4800000000000 0.7129780622604
-5.4400000000000 0.7110826088331
-5.4400000000000 0.7110826088331
-5.4400000000000 0.7110826088331
-5.4400000000000 0.7110826088331
-5.4000000000000 0.7091652775942
-5.3600000000000 0.7072257243689
-5.3600000000000 0.7072257243689
-5.3200000000000 0.7052635982742
-5.2800000000000 0.7032785419319
-5.2800000000000 0.7032785419319
-5.2800000000000 0.7032785419319
-5.2400000000000 0.7012701908608
-5.2000000000000 0.6992381739131
-5.2000000000000 0.6992381739131
-5.1600000000000 0.6971821131587
-5.1200000000000 0.6951016238139
-5.1200000000000 0.6951016238139
-5.1200000000000 0.6951016238139
-5.1200000000000 0.6951016238139
-5.1200000000000 0.6951016238139
-5.1200000000000 0.6951016238139
-5.1200000000000 0.6951016238139
-5.0800000000000 0.6929963143784
-5.0400000000000 0.6908657859204
-5.0400000000000 0.6908657859204
-5.0000000000000 0.6887096320147
-4.9600000000000 0.6865274372822
-4.9600000000000 0.6865274372822
-4.9600000000000 0.6865274372822
-4.9200000000000 0.6843187772630
-4.8800000000000 0.6820832205727
-4.8800000000000 0.6820832205727
-4.8400000000000 0.6798203267923
-4.8000000000000 0.6775296469191
-4.8000000000000 0.6775296469191
-4.8000000000000 0.6775296469191
-4.8000000000000 0.6775296469191
-4.7600000000000 0.6752107223079
-4.7200000000000 0.6728630855790
-4.7200000000000 0.6728630855790
-4.6800000000000 0.6704862598481
-4.6400000000000 0.6680797576674
-4.6400000000000 0.6680797576674
-4.6400000000000 0.6680797576674
-4.6000000000000 0.6656430821881
-4.5600000000000 0.6631757258708
-4.5600000000000 0.6631757258708
-4.5200000000000 0.6606771717013
-4.4800000000000 0.6581468939171
-4.4800000000000 0.6581468939171
-4.4800000000000 0.6581468939171
-4.4800000000000 0.6581468939171
-4.4800000000000 0.6581468939171
-4.4400000000000 0.6555843555212
-4.4000000000000 0.6529890113857
-4.4000000000000 0.6529890113857
-4.3600000000000 0.6503603067023
-4.3200000000000 0.6476976750914
-4.3200000000000 0.6476976750914
-4.3200000000000 0.6476976750914
-4.2800000000000 0.6450005338406
-4.2400000000000 0.6422682884676
-4.2400000000000 0.6422682884676
-4.2000000000000 0.6395003373522
-4.1800000000000 0.6381027791363
-4.1600000000000 0.6366960624226
-4.1600000000000 0.6366960624226
-4.1600000000000 0.6366960624226
-4.1600000000000 0.6366960624226
-4.1600000000000 0.6366960624226
-4.1400000000000 0.6352801091220
-4.1200000000000 0.6338548388662
-4.1200000000000 0.6338548388662
-4.1000000000000 0.6324201707248
-4.0800000000000 0.6309760248351
-4.0800000000000 0.6309760248351
-4.0800000000000 0.6309760248351
-4.0600000000000 0.6295223206297
-4.0400000000000 0.6280589770623
-4.0400000000000 0.6280589770623
-4.0200000000000 0.6265859122925
-4.0000000000000 0.6251030418074
-4.0000000000000 0.6251030418074
-4.0000000000000 0.6251030418074
-4.0000000000000 0.6251030418074
-3.9800000000000 0.6236102802817
-3.9600000000000 0.6221075420513
-3.9600000000000 0.6221075420513
-3.9400000000000 0.6205947412502
-3.9200000000000 0.6190717906616
-3.9200000000000 0.6190717906616
-3.9200000000000 0.6190717906616
-3.9000000000000 0.6175386035868
-3.8800000000000 0.6159950915505
-3.8800000000000 0.6159950915505
-3.8600000000000 0.6144411644657
-3.8400000000000 0.6128767307492
-3.8400000000000 0.6128767307492
-3.8400000000000 0.6128767307492
-3.8400000000000 0.6128767307492
-3.8400000000000 0.6128767307492
-3.8400000000000 0.6128767307492
-3.8400000000000 0.6128767307492
-3.8200000000000 0.6113016988103
-3.8000000000000 0.6097159766410
-3.8000000000000 0.6097159766410
-3.7800000000000 0.6081194715253
-3.7600000000000 0.6065120896861
-3.7600000000000 0.6065120896861
-3.7600000000000 0.6065120896861
-3.7400000000000 0.6048937360549
-3.7200000000000 0.6032643143758
-3.7200000000000 0.6032643143758
-3.7000000000000 0.6016237274699
-3.6800000000000 0.5999718774284
-3.6800000000000 0.5999718774284
-3.6800000000000 0.5999718774284
-3.6800000000000 0.5999718774284
-3.6600000000000 0.5983086651927
-3.6400000000000 0.5966339918161
-3.6400000000000 0.5966339918161
-3.6200000000000 0.5949477562055
-3.6000000000000 0.5932498570116
-3.6000000000000 0.5932498570116
-3.6000000000000 0.5932498570116
-3.5800000000000 0.5915401922270
-3.5600000000000 0.5898186580333
-3.5600000000000 0.5898186580333
-3.5400000000000 0.5880851505940
-3.5200000000000 0.5863395655248
-3.5200000000000 0.5863395655248
-3.5200000000000 0.5863395655248
-3.5200000000000 0.5863395655248
-3.5200000000000 0.5863395655248
-3.5000000000000 0.5845817976425
-3.4800000000000 0.5828117404582
-3.4800000000000 0.5828117404582
-3.4600000000000 0.5810292861901
-3.4400000000000 0.5792343258094
-3.4400000000000 0.5792343258094
-3.4400000000000 0.5792343258094
-3.4200000000000 0.5774267487439
-3.4000000000000 0.5756064445321
-3.4000000000000 0.5756064445321
-3.3800000000000 0.5737733010846
-3.3600000000000 0.5719272058335
-3.3600000000000 0.5719272058335
-3.3600000000000 0.5719272058335
-3.3600000000000 0.5719272058335
-3.3400000000000 0.5700680433890
-3.3200000000000 0.5681956988611
-3.3200000000000 0.5681956988611
-3.3000000000000 0.5663100581448
-3.2800000000000 0.5644110064708
-3.2800000000000 0.5644110064708
-3.2800000000000 0.5644110064708
-3.2600000000000 0.5624984247749
-3.2400000000000 0.5605721948031
-3.2400000000000 0.5605721948031
-3.2200000000000 0.5586322000931
-3.2000000000000 0.5566783196172
-3.2000000000000 0.5566783196172
-3.2000000000000 0.5566783196172
-3.2000000000000 0.5566783196172
-3.2000000000000 0.5566783196172
-3.2000000000000 0.5566783196172
-3.1800000000000 0.5547104305083
-3.1600000000000 0.5527284109479
-3.1600000000000 0.5527284109479
-3.1400000000000 0.5507321364033
-3.1200000000000 0.5487214822438
-3.1200000000000 0.5487214822438
-3.1200000000000 0.5487214822438
-3.1000000000000 0.5466963209743
-3.0800000000000 0.5446565238823
-3.0800000000000 0.5446565238823
-3.0600000000000 0.5426019607341
-3.0400000000000 0.5405324978944
-3.0400000000000 0.5405324978944
-3.0400000000000 0.5405324978944
-3.0400000000000 0.5405324978944
-3.0200000000000 0.5384480032823
-3.0000000000000 0.5363483431064
-3.0000000000000 0.5363483431064
-2.9800000000000 0.5342333846048
-2.9600000000000 0.5321029956274
-2.9600000000000 0.5321029956274
-2.9600000000000 0.5321029956274
-2.9400000000000 0.5299570443010
-2.9200000000000 0.5277953999055
-2.9200000000000 0.5277953999055
-2.9000000000000 0.5256179295339
-2.8800000000000 0.5234244994768
-2.8800000000000 0.5234244994768
-2.8800000000000 0.5234244994768
-2.8800000000000 0.5234244994768
-2.8800000000000 0.5234244994768
-2.8600000000000 0.5212149732588
-2.8400000000000 0.5189892093378
-2.8400000000000 0.5189892093378
-2.8200000000000 0.5167470641803
-2.8000000000000 0.5144883951226
-2.8000000000000 0.5144883951226
-2.8000000000000 0.5144883951226
-2.7800000000000 0.5122130544264
-2.7600000000000 0.5099208935034
-2.7600000000000 0.5099208935034
-2.7400000000000 0.5076117666956
-2.7200000000000 0.5052855249353
-2.7200000000000 0.5052855249353
-2.7200000000000 0.5052855249353
-2.7200000000000 0.5052855249353
-2.7000000000000 0.5029420215994
-2.6800000000000 0.5005811150145
-2.6800000000000 0.5005811150145
-2.6600000000000 0.4982026584936
-2.6400000000000 0.4958065100603
-2.6400000000000 0.4958065100603
-2.6400000000000 0.4958065100603
-2.6200000000000 0.4933925249431
-2.6000000000000 0.4909605558608
-2.6000000000000 0.4909605558608
-2.5800000000000 0.4885104548322
-2.5600000000000 0.4860420681498
-2.5600000000000 0.4860420681498
-2.5600000000000 0.4860420681498
-2.5600000000000 0.4860420681498
-2.5600000000000 0.4860420681498
-2.5600000000000 0.4860420681498
-2.5600000000000 0.4860420681498
-2.5600000000000 0.4860420681498
-2.5400000000000 0.4835552355516
-2.5200000000000 0.4810498060633
-2.5200000000000 0.4810498060633
-2.5000000000000 0.4785256245753
-2.4800000000000 0.4759825434322
-2.4800000000000 0.4759825434322
-2.4800000000000 0.4759825434322
-2.4600000000000 0.4734204139643
-2.4400000000000 0.4708390819729
-2.4400000000000 0.4708390819729
-2.4200000000000 0.4682383862148
-2.4000000000000 0.4656181595192
-2.4000000000000 0.4656181595192
-2.4000000000000 0.4656181595192
-2.4000000000000 0.4656181595192
-2.3800000000000 0.4629782409959
-2.3600000000000 0.4603184732531
-2.3600000000000 0.4603184732531
-2.3400000000000 0.4576387009890
-2.3200000000000 0.4549387697415
-2.3200000000000 0.4549387697415
-2.3200000000000 0.4549387697415
-2.3000000000000 0.4522185361639
-2.2800000000000 0.4494778526299
-2.2800000000000 0.4494778526299
-2.2600000000000 0.4467165643687
-2.2400000000000 0.4439345069105
-2.2400000000000 0.4439345069105
-2.2400000000000 0.4439345069105
-2.2400000000000 0.4439345069105
-2.2400000000000 0.4439345069105
-2.2200000000000 0.4411315226114
-2.2000000000000 0.4383074554972
-2.2000000000000 0.4383074554972
-2.1800000000000 0.4354621347800
-2.1600000000000 0.4325953902225
-2.1600000000000 0.4325953902225
-2.1600000000000 0.4325953902225
-2.1400000000000 0.4297070512319
-2.1200000000000 0.4267969717731
-2.1200000000000 0.4267969717731
-2.1000000000000 0.4238650064808
-2.0800000000000 0.4209109884470
-2.0800000000000 0.4209109884470
-2.0800000000000 0.4209109884470
-2.0800000000000 0.4209109884470
-2.0600000000000 0.4179347466139
-2.0400000000000 0.4149361386389
-2.0400000000000 0.4149361386389
-2.0200000000000 0.4119150183533
-2.0000000000000 0.4088712413030
-2.0000000000000 0.4088712413030
-2.0000000000000 0.4088712413030
-1.9800000000000 0.4058046605798
-1.9600000000000 0.4027151318020
-1.9600000000000 0.4027151318020
-1.9400000000000 0.3996025084475
-1.9200000000000 0.3964666439794
-1.9200000000000 0.3964666439794
-1.9200000000000 0.3964666439794
-1.9200000000000 0.3964666439794
-1.9200000000000 0.3964666439794
-1.9200000000000 0.3964666439794
-1.9000000000000 0.3933073944031
-1.8800000000000 0.3901246095631
-1.8800000000000 0.3901246095631
-1.8600000000000 0.3869181435886
-1.8400000000000 0.3836878302336
-1.8400000000000 0.3836878302336
-1.8400000000000 0.3836878302336
-1.8200000000000 0.3804335277902
-1.8000000000000 0.3771550938806
-1.8000000000000 0.3771550938806
-1.7800000000000 0.3738523901770
-1.7600000000000 0.3705252735593
-1.7600000000000 0.3705252735593
-1.7600000000000 0.3705252735593
-1.7600000000000 0.3705252735593
-1.7400000000000 0.3671736250445
-1.7200000000000 0.3637973339144
-1.7200000000000 0.3637973339144
-1.7000000000000 0.3603962921671
-1.6800000000000 0.3569703524917
-1.6800000000000 0.3569703524917
-1.6800000000000 0.3569703524917
-1.6600000000000 0.3535193978579
-1.6400000000000 0.3500433162926
-1.6400000000000 0.3500433162926
-1.6200000000000 0.3465420069558
-1.6000000000000 0.3430153354099
-1.6000000000000 0.3430153354099
-1.6000000000000 0.3430153354099
-1.6000000000000 0.3430153354099
-1.6000000000000 0.3430153354099
-1.5800000000000 0.3394631947115
-1.5600000000000 0.3358854604658
-1.5600000000000 0.3358854604658
-1.5400000000000 0.3322820291946
-1.5200000000000 0.3286527750498
-1.5200000000000 0.3286527750498
-1.5200000000000 0.3286527750498
-1.5000000000000 0.3249976313286
-1.4800000000000 0.3213165321256
-1.4800000000000 0.3213165321256
-1.4600000000000 0.3176094005178
-1.4400000000000 0.3138761478984
-1.4400000000000 0.3138761478984
-1.4400000000000 0.3138761478984
-1.4400000000000 0.3138761478984
-1.4200000000000 0.3101167548043
-1.4000000000000 0.3063311508938
-1.4000000000000 0.3063311508938
-1.3800000000000 0.3025192643446
-1.3600000000000 0.2986810317257
-1.3600000000000 0.2986810317257
-1.3600000000000 0.2986810317257
-1.3400000000000 0.2948164675954
-1.3200000000000 0.2909255498119
-1.3200000000000 0.2909255498119
-1.3000000000000 0.2870082550230
-1.2800000000000 0.2830645887223
-1.2800000000000 0.2830645887223
-1.2800000000000 0.2830645887223
-1.2800000000000 0.2830645887223
-1.2800000000000 0.2830645887223
-1.2800000000000 0.2830645887223
-1.2800000000000 0.2830645887223
-1.2600000000000 0.2790945939612
-1.2400000000000 0.2750982704942
-1.2400000000000 0.2750982704942
-1.2200000000000 0.2710756738820
-1.2000000000000 0.2670268941271
-1.2000000000000 0.2670268941271
-1.2000000000000 0.2670268941271
-1.1800000000000 0.2629519477881
-1.1600000000000 0.2588509167075
-1.1600000000000 0.2588509167075
-1.1400000000000 0.2547238954452
-1.1200000000000 0.2505709761193
-1.1200000000000 0.2505709761193
-1.1200000000000 0.2505709761193
-1.1200000000000 0.2505709761193
-1.1000000000000 0.2463922824205
-1.0800000000000 0.2421879483202
-1.0800000000000 0.2421879483202
-1.0600000000000 0.2379581989857
-1.0400000000000 0.2337031400361
-1.0400000000000 0.2337031400361
-1.0400000000000 0.2337031400361
-1.0200000000000 0.2294229475189
-1.0000000000000 0.2251178807952
-1.0000000000000 0.2251178807952
-0.9800000000000 0.2207882738026
-0.9600000000000 0.2164343641132
-0.9600000000000 0.2164343641132
-0.9600000000000 0.2164343641132
-0.9600000000000 0.2164343641132
-0.9600000000000 0.2164343641132
-0.9400000000000 0.2120565429784
-0.9200000000000 0.2076550832301
-0.9200000000000 0.2076550832301
-0.9000000000000 0.2032304490384
-0.8800000000000 0.1987829952593
-0.8800000000000 0.1987829952593
-0.8800000000000 0.1987829952593
-0.8600000000000 0.1943132277437
-0.8400000000000 0.1898216616626
-0.8400000000000 0.1898216616626
-0.8200000000000 0.1853088338297
-0.8000000000000 0.1807753512276
-0.8000000000000 0.1807753512276
-0.8000000000000 0.1807753512276
-0.8000000000000 0.1807753512276
-0.7800000000000 0.1762217539176
-0.7600000000000 0.1716487590198
-0.7600000000000 0.1716487590198
-0.7400000000000 0.1670570113073
-0.7200000000000 0.1624474260656
-0.7200000000000 0.1624474260656
-0.7200000000000 0.1624474260656
-0.7000000000000 0.1578207905760
-0.6800000000000 0.1531779986900
-0.6800000000000 0.1531779986900
-0.6600000000000 0.1485199837710
-0.6400000000000 0.1438477793185
-0.6400000000000 0.1438477793185
-0.6400000000000 0.1438477793185
-0.6400000000000 0.1438477793185
-0.6400000000000 0.1438477793185
-0.6400000000000 0.1438477793185
-0.6200000000000 0.1391627120424
-0.6000000000000 0.1344658907920
-0.6000000000000 0.1344658907920
-0.5800000000000 0.1297588583513
-0.5600000000000 0.1250430431341
-0.5600000000000 0.1250430431341
-0.5600000000000 0.1250430431341
-0.5400000000000 0.1203198714985
-0.5200000000000 0.1155912091061
-0.5200000000000 0.1155912091061
-0.5000000000000 0.1108587969561
-0.4800000000000 0.1061247819711
-0.4800000000000 0.1061247819711
-0.4800000000000 0.1061247819711
-0.4800000000000 0.1061247819711
-0.4600000000000 0.1013910754955
-0.4400000000000 0.0966600598319
-0.4400000000000 0.0966600598319
-0.4200000000000 0.0919339758502
-0.4000000000000 0.0872161727429
-0.4000000000000 0.0872161727429
-0.4000000000000 0.0872161727429
-0.3800000000000 0.0825084430288
-0.3600000000000 0.0778153729505
-0.3600000000000 0.0778153729505
-0.3400000000000 0.0731406587859
-0.3200000000000 0.0684895404103
-0.3200000000000 0.0684895404103
-0.3200000000000 0.0684895404103
-0.3200000000000 0.0684895404103
-0.3200000000000 0.0684895404103
-0.3000000000000 0.0638672196778
-0.2800000000000 0.0592778912222
-0.2800000000000 0.0592778912222
-0.2600000000000 0.0547289610220
-0.2400000000000 0.0502247973859
-0.2400000000000 0.0502247973859
-0.2400000000000 0.0502247973859
-0.2200000000000 0.0457696190549
-0.2000000000000 0.0413754873873
-0.2000000000000 0.0413754873873
-0.1800000000000 0.0370514198405
-0.1600000000000 0.0327827443780
-0.1600000000000 0.0327827443780
-0.1600000000000 0.0327827443780
-0.1600000000000 0.0327827443780
-0.1400000000000 0.0285197627471
-0.1200000000000 0.0241743652321
-0.1200000000000 0.0241743652321
-0.1000000000000 0.0197117594119
-0.0800000000000 0.0152703319497
-0.0800000000000 0.0152703319497
-0.0800000000000 0.0152703319497
-0.0600000000000 0.0110151470013
-0.0400000000000 0.0070677936475
-0.0400000000000 0.0070677936475
-0.0200000000000 0.0038530235709
0.0000000000000 0.0024063143297
0.0000000000000 0.0024063143297
0.0000000000000 0.0024063143297
0.0000000000000 0.0024063143297
0.0000000000000 0.0024063143297
0.0000000000000 0.0024063143297
0.0000000000000 0.0024063143297
0.0000000000000 0.0024063143297
0.0200000000000 0.0034026152993
0.0400000000000 0.0063492215357
0.0400000000000 0.0063492215357
0.0600000000000 0.0103352979168
0.0800000000000 0.0148690816541
0.0800000000000 0.0148690816541
0.0800000000000 0.0148690816541
0.1000000000000 0.0196058738859
0.1200000000000 0.0241867936932
0.1200000000000 0.0241867936932
0.1400000000000 0.0285240384269
0.1600000000000 0.0327741905608
0.1600000000000 0.0327741905608
0.1600000000000 0.0327741905608
0.1600000000000 0.0327741905608
0.1800000000000 0.0370492306246
0.2000000000000 0.0413807733288
0.2000000000000 0.0413807733288
0.2200000000000 0.0457751057932
0.2400000000000 0.0502268557019
0.2400000000000 0.0502268557019
0.2400000000000 0.0502268557019
0.2600000000000 0.0547295731116
0.2800000000000 0.0592782808833
0.2800000000000 0.0592782808833
0.3000000000000 0.0638668719857
0.3200000000000 0.0684899555856
0.3200000000000 0.0684899555856
0.3200000000000 0.0684899555856
0.3200000000000 0.0684899555856
0.3200000000000 0.0684899555856
0.3400000000000 0.0731427635729
0.3600000000000 0.0778178048607
0.3600000000000 0.0778178048607
0.3800000000000 0.0825112543033
0.4000000000000 0.0872187213697
0.4000000000000 0.0872187213697
0.4000000000000 0.0872187213697
0.4200000000000 0.0919371485713
0.4400000000000 0.0966628023724
0.4400000000000 0.0966628023724
0.4600000000000 0.1013939473232
0.4800000000000 0.1061276160965
0.4800000000000 0.1061276160965
0.4800000000000 0.1061276160965
0.4800000000000 0.1061276160965
0.5000000000000 0.1108617492663
0.5200000000000 0.1155942213717
0.5200000000000 0.1155942213717
0.5400000000000 0.1203230944011
0.5600000000000 0.1250462712125
0.5600000000000 0.1250462712125
0.5600000000000 0.1250462712125
0.5800000000000 0.1297622407798
0.6000000000000 0.1344695377334
0.6000000000000 0.1344695377334
0.6200000000000 0.1391663886985
0.6400000000000 0.1438516746702
0.6400000000000 0.1438516746702
0.6400000000000 0.1438516746702
0.6400000000000 0.1438516746702
0.6400000000000 0.1438516746702
0.6400000000000 0.1438516746702
0.6600000000000 0.1485239135918
0.6800000000000 0.1531820984014
0.6800000000000 0.1531820984014
0.7000000000000 0.1578251078029
0.7200000000000 0.1624519201274
0.7200000000000 0.1624519201274
0.7200000000000 0.1624519201274
0.7400000000000 0.1670616735381
0.7600000000000 0.1716535349786
0.7600000000000 0.1716535349786
0.7800000000000 0.1762267207961
0.8000000000000 0.1807803894794
0.8000000000000 0.1807803894794
0.8000000000000 0.1807803894794
0.8000000000000 0.1807803894794
0.8200000000000 0.1853139815496
0.8400000000000 0.1898268701810
0.8400000000000 0.1898268701810
0.8600000000000 0.1943184324159
0.8800000000000 0.1987881998753
0.8800000000000 0.1987881998753
0.8800000000000 0.1987881998753
0.9000000000000 0.2032355836925
0.9200000000000 0.2076602406652
0.9200000000000 0.2076602406652
0.9400000000000 0.2120616718861
0.9600000000000 0.2164394965520
0.9600000000000 0.2164394965520
0.9600000000000 0.2164394965520
0.9600000000000 0.2164394965520
0.9600000000000 0.2164394965520
0.9800000000000 0.2207934112109
1.0000000000000 0.2251230071806
1.0000000000000 0.2251230071806
1.0200000000000 0.2294280855679
1.0400000000000 0.2337082992358
1.0400000000000 0.2337082992358
1.0400000000000 0.2337082992358
1.0600000000000 0.2379634235404
1.0800000000000 0.2421932578832
1.0800000000000 0.2421932578832
1.1000000000000 0.2463976560795
1.1200000000000 0.2505764245928
1.1200000000000 0.2505764245928
1.1200000000000 0.2505764245928
1.1200000000000 0.2505764245928
1.1400000000000 0.2547294041509
1.1600000000000 0.2588565015472
1.1600000000000 0.2588565015472
1.1800000000000 0.2629575720782
1.2000000000000 0.2670325439042
1.2000000000000 0.2670325439042
1.2000000000000 0.2670325439042
1.2200000000000 0.2710813414839
1.2400000000000 0.2751039362749
1.2400000000000 0.2751039362749
1.2600000000000 0.2791002148891
1.2800000000000 0.2830701358587
1.2800000000000 0.2830701358587
1.2800000000000 0.2830701358587
1.2800000000000 0.2830701358587
1.2800000000000 0.2830701358587
1.2800000000000 0.2830701358587
1.2800000000000 0.2830701358587
1.3000000000000 0.2870137352772
1.3200000000000 0.2909309928993
1.3200000000000 0.2909309928993
1.3400000000000 0.2948218883854
1.3600000000000 0.2986864308108
1.3600000000000 0.2986864308108
1.3600000000000 0.2986864308108
1.3800000000000 0.3025246533398
1.4000000000000 0.3063365317775
1.4000000000000 0.3063365317775
1.4200000000000 0.3101221309224
1.4400000000000 0.3138815084759
1.4400000000000 0.3138815084759
1.4400000000000 0.3138815084759
1.4400000000000 0.3138815084759
1.4600000000000 0.3176147397109
1.4800000000000 0.3213218639874
1.4800000000000 0.3213218639874
1.5000000000000 0.3250029659494
1.5200000000000 0.3286581050236
1.5200000000000 0.3286581050236
1.5200000000000 0.3286581050236
1.5400000000000 0.3322873667772
1.5600000000000 0.3358908239181
1.5600000000000 0.3358908239181
1.5800000000000 0.3394685737686
1.6000000000000 0.3430207426872
1.6000000000000 0.3430207426872
1.6000000000000 0.3430207426872
1.6000000000000 0.3430207426872
1.6000000000000 0.3430207426872
1.6200000000000 0.3465474373253
1.6400000000000 0.3500487802346
1.6400000000000 0.3500487802346
1.6600000000000 0.3535248812884
1.6800000000000 0.3569758681849
1.6800000000000 0.3569758681849
1.6800000000000 0.3569758681849
1.7000000000000 0.3604018408093
1.7200000000000 0.3638029171951
1.7200000000000 0.3638029171951
1.7400000000000 0.3671792317271
1.7600000000000 0.3705309101346
1.7600000000000 0.3705309101346
1.7600000000000 0.3705309101346
1.7600000000000 0.3705309101346
1.7800000000000 0.3738580453295
1.8000000000000 0.3771607575958
1.8000000000000 0.3771607575958
1.8200000000000 0.3804391964878
1.8400000000000 0.3836935074364
1.8400000000000 0.3836935074364
1.8400000000000 0.3836935074364
1.8600000000000 0.3869238414970
1.8800000000000 0.3901303309982
1.8800000000000 0.3901303309982
1.9000000000000 0.3933131330574
1.9200000000000 0.3964723975769
1.9200000000000 0.3964723975769
1.9200000000000 0.3964723975769
1.9200000000000 0.3964723975769
1.9200000000000 0.3964723975769
1.9200000000000 0.3964723975769
1.9400000000000 0.3996082752807
1.9600000000000 0.4027209040566
1.9600000000000 0.4027209040566
1.9800000000000 0.4058104382176
2.0000000000000 0.4088770187692
2.0000000000000 0.4088770187692
2.0000000000000 0.4088770187692
2.0200000000000 0.4119207910551
2.0400000000000 0.4149419055192
2.0400000000000 0.4149419055192
2.0600000000000 0.4179405077534
2.0800000000000 0.4209167344163
2.0800000000000 0.4209167344163
2.0800000000000 0.4209167344163
2.0800000000000 0.4209167344163
2.1000000000000 0.4238707378766
2.1200000000000 0.4268026883308
2.1200000000000 0.4268026883308
2.1400000000000 0.4297127503183
2.1600000000000 0.4326010700528
2.1600000000000 0.4326010700528
2.1600000000000 0.4326010700528
2.1800000000000 0.4354678044638
2.2000000000000 0.4383131155552
2.2000000000000 0.4383131155552
2.2200000000000 0.4411371779992
2.2400000000000 0.4439401546987
2.2400000000000 0.4439401546987
2.2400000000000 0.4439401546987
2.2400000000000 0.4439401546987
2.2400000000000 0.4439401546987
2.2600000000000 0.4467222043091
2.2800000000000 0.4494834839311
2.2800000000000 0.4494834839311
2.3000000000000 0.4522241551186
2.3200000000000 0.4549443720421
2.3200000000000 0.4549443720421
2.3200000000000 0.4549443720421
2.3400000000000 0.4576442841745
2.3600000000000 0.4603240336958
2.3600000000000 0.4603240336958
2.3800000000000 0.4629837721043
2.4000000000000 0.4656236533301
2.4000000000000 0.4656236533301
2.4000000000000 0.4656236533301
2.4000000000000 0.4656236533301
2.4200000000000 0.4682438416540
2.4400000000000 0.4708445062779
2.4400000000000 0.4708445062779
2.4600000000000 0.4734258073198
2.4800000000000 0.4759879042523
2.4800000000000 0.4759879042523
2.4800000000000 0.4759879042523
2.5000000000000 0.4785309550851
2.5200000000000 0.4810551115710
2.5200000000000 0.4810551115710
2.5400000000000 0.4835605246911
2.5600000000000 0.4860473385315
2.5600000000000 0.4860473385315
2.5600000000000 0.4860473385315
2.5600000000000 0.4860473385315
2.5600000000000 0.4860473385315
2.5600000000000 0.4860473385315
2.5600000000000 0.4860473385315
2.5600000000000 0.4860473385315
2.5800000000000 0.4885157051796
2.6000000000000 0.4909657775022
2.6000000000000 0.4909657775022
2.6200000000000 0.4933977064149
2.6400000000000 0.4958116421265
2.6400000000000 0.4958116421265
2.6400000000000 0.4958116421265
2.6600000000000 0.4982077398270
2.6800000000000 0.5005861514491
2.6800000000000 0.5005861514491
2.7000000000000 0.5029470176325
2.7200000000000 0.5052904812031
2.7200000000000 0.5052904812031
2.7200000000000 0.5052904812031
2.7200000000000 0.5052904812031
2.7400000000000 0.5076166901077
2.7600000000000 0.5099257886125
2.7600000000000 0.5099257886125
2.7800000000000 0.5122179207167
2.8000000000000 0.5144932343871
2.8000000000000 0.5144932343871
2.8000000000000 0.5144932343871
2.8200000000000 0.5167518785100
2.8400000000000 0.5189939978477
2.8400000000000 0.5189939978477
2.8600000000000 0.5212197363598
2.8800000000000 0.5234292375998
2.8800000000000 0.5234292375998
2.8800000000000 0.5234292375998
2.8800000000000 0.5234292375998
2.8800000000000 0.5234292375998
2.9000000000000 0.5256226406409
2.9200000000000 0.5278000816717
2.9200000000000 0.5278000816717
2.9400000000000 0.5299616962034
2.9600000000000 0.5321076182760
2.9600000000000 0.5321076182760
2.9600000000000 0.5321076182760
2.9800000000000 0.5342379812727
3.0000000000000 0.5363529164789
3.0000000000000 0.5363529164789
3.0200000000000 0.5384525585824
3.0400000000000 0.5405370384823
3.0400000000000 0.5405370384823
3.0400000000000 0.5405370384823
3.0400000000000 0.5405370384823
3.0600000000000 0.5426064881616
3.0800000000000 0.5446610391830
3.0800000000000 0.5446610391830
3.1000000000000 0.5467008235202
3.1200000000000 0.5487259724986
3.1200000000000 0.5487259724986
3.1200000000000 0.5487259724986
3.1400000000000 0.5507366149148
3.1600000000000 0.5527328788822
3.1600000000000 0.5527328788822
3.1800000000000 0.5547148874849
3.2000000000000 0.5566827646631
3.2000000000000 0.5566827646631
3.2000000000000 0.5566827646631
3.2000000000000 0.5566827618947
3.2000000000000 0.5566827646631
3.2000000000000 0.5566827618947
3.2200000000000 0.5586366322070
3.2400000000000 0.5605766092666
3.2400000000000 0.5605766092666
3.2600000000000 0.5625028159750
3.2800000000000 0.5644153713375
3.2800000000000 0.5644153713375
3.2800000000000 0.5644153713375
3.3000000000000 0.5663143933862
3.3200000000000 0.5682000003701
3.3200000000000 0.5682000003701
3.3400000000000 0.5700723107789
3.3600000000000 0.5719314407078
3.3600000000000 0.5719314407078
3.3600000000000 0.5719314407078
3.3600000000000 0.5719314407078
3.3800000000000 0.5737775040622
3.4000000000000 0.5756106141681
3.4000000000000 0.5756106141681
3.4200000000000 0.5774308849745
3.4400000000000 0.5792384288048
3.4400000000000 0.5792384288048
3.4400000000000 0.5792384288048
3.4600000000000 0.5810333553794
3.4800000000000 0.5828157745564
3.4800000000000 0.5828157745564
3.5000000000000 0.5845857959245
3.5200000000000 0.5863435277042
3.5200000000000 0.5863435277042
3.5200000000000 0.5863435277042
3.5200000000000 0.5863435277042
3.5200000000000 0.5863435277042
3.5400000000000 0.5880890773892
3.5600000000000 0.5898225505180
3.5600000000000 0.5898225505180
3.5800000000000 0.5915440529487
3.6000000000000 0.5932536893709
3.6000000000000 0.5932536893709
3.6000000000000 0.5932536893709
3.6200000000000 0.5949515631589
3.6400000000000 0.5966377770239
3.6400000000000 0.5966377770239
3.6600000000000 0.5983124325336
3.6800000000000 0.5999756288662
3.6800000000000 0.5999756288662
3.6800000000000 0.5999756288662
3.6800000000000 0.5999756288662
3.7000000000000 0.6016274653147
3.7200000000000 0.6032680403112
3.7200000000000 0.6032680403112
3.7400000000000 0.6048974505918
3.7600000000000 0.6065157927246
3.7600000000000 0.6065157927246
3.7600000000000 0.6065157927246
3.7800000000000 0.6081231614916
3.8000000000000 0.6097196515931
3.8000000000000 0.6097196515931
3.8200000000000 0.6113053565800
3.8400000000000 0.6128803700171
3.8400000000000 0.6128803700171
3.8400000000000 0.6128803700171
3.8400000000000 0.6128803700171
3.8400000000000 0.6128803700171
3.8400000000000 0.6128803700171
3.8400000000000 0.6128803700171
3.8600000000000 0.6144447842519
3.8800000000000 0.6159986914345
3.8800000000000 0.6159986914345
3.9000000000000 0.6175421822258
3.9200000000000 0.6190753470000
3.9200000000000 0.6190753470000
3.9200000000000 0.6190753470000
3.9400000000000 0.6205982744859
3.9600000000000 0.6221110519813
3.9600000000000 0.6221110519813
3.9800000000000 0.6236137663488
4.0000000000000 0.6251065041749
4.0000000000000 0.6251065041749
4.0000000000000 0.6251065041749
4.0000000000000 0.6251065041749
4.0200000000000 0.6265893515816
4.0400000000000 0.6280623937484
4.0400000000000 0.6280623937484
4.0600000000000 0.6295257150473
4.0800000000000 0.6309793982284
4.0800000000000 0.6309793982284
4.0800000000000 0.6309793982284
4.1000000000000 0.6324235251736
4.1200000000000 0.6338581768825
4.1200000000000 0.6338581768825
4.1400000000000 0.6352834335241
4.1600000000000 0.6366993753589
4.1600000000000 0.6366993753589
4.1600000000000 0.6366993753589
4.1600000000000 0.6366993753589
4.1600000000000 0.6366993753589
4.1800000000000 0.6381060819159
4.2000000000000 0.6395036309919
4.2400000000000 0.6422715650719
4.2400000000000 0.6422715650719
4.2800000000000 0.6450037906797
4.3200000000000 0.6477009089838
4.3200000000000 0.6477009089838
4.3200000000000 0.6477009089838
4.3600000000000 0.6503635119495
4.4000000000000 0.6529921809697
4.4000000000000 0.6529921809697
4.4400000000000 0.6555874853692
4.4800000000000 0.6581499837894
4.4800000000000 0.6581499837894
4.4800000000000 0.6581499837894
4.4800000000000 0.6581499837894
4.4800000000000 0.6581499837894
4.5200000000000 0.6606802229497
4.5600000000000 0.6631787399437
4.5600000000000 0.6631787399437
4.6000000000000 0.6656460628651
4.6400000000000 0.6680827081665
4.6400000000000 0.6680827081665
4.6400000000000 0.6680827081665
4.6800000000000 0.6704891819632
4.7200000000000 0.6728659821882
4.7200000000000 0.6728659821882
4.7600000000000 0.6752135948446
4.8000000000000 0.6775324952676
4.8000000000000 0.6775324952676
4.8000000000000 0.6775324952676
4.8000000000000 0.6775324952676
4.8400000000000 0.6798231501264
4.8800000000000 0.6820860173253
4.8800000000000 0.6820860173253
4.9200000000000 0.6843215459734
4.9600000000000 0.6865301769537
4.9600000000000 0.6865301769537
4.9600000000000 0.6865301769537
5.0000000000000 0.6887123418007
5.0400000000000 0.6908684641426
5.0400000000000 0.6908684641426
5.0800000000000 0.6929989596756
5.1200000000000 0.6951042363567
5.1200000000000 0.6951042363567
5.1200000000000 0.6951042363567
5.1200000000000 0.6951042363567
5.1200000000000 0.6951042363567
5.1200000000000 0.6951042363567
5.1200000000000 0.6951042363567
5.1600000000000 0.6971846936371
5.2000000000000 0.6992407226207
5.2000000000000 0.6992407226207
5.2400000000000 0.7012727075362
5.2800000000000 0.7032810256591
5.2800000000000 0.7032810256591
5.2800000000000 0.7032810256591
5.3200000000000 0.7052660479177
5.3600000000000 0.7072281382900
5.3600000000000 0.7072281382900
5.4000000000000 0.7091676544927
5.4400000000000 0.7110849478294
5.4400000000000 0.7110849478294
5.4400000000000 0.7110849478294
5.4400000000000 0.7110849478294
5.4800000000000 0.7129803631872
5.5200000000000 0.7148542391587
5.5200000000000 0.7148542391587
5.5600000000000 0.7167069071344
5.6000000000000 0.7185386920068
5.6000000000000 0.7185386920068
5.6000000000000 0.7185386920068
5.6400000000000 0.7203499119784
5.6800000000000 0.7221408795248
5.6800000000000 0.7221408795248
5.7200000000000 0.7239119013548
5.7600000000000 0.7256632775061
5.7600000000000 0.7256632775061
5.7600000000000 0.7256632775061
5.7600000000000 0.7256632775061
5.7600000000000 0.7256632775061
5.8000000000000 0.7273953024507
5.8400000000000 0.7291082650366
5.8400000000000 0.7291082650366
5.8800000000000 0.7308024492475
5.9200000000000 0.7324781343421
5.9200000000000 0.7324781343421
5.9200000000000 0.7324781343421
5.9600000000000 0.7341355945325
6.0000000000000 0.7357750996152
6.0000000000000 0.7357750996152
6.0400000000000 0.7373969146788
6.0800000000000 0.7390012996287
6.0800000000000 0.7390012996287
6.0800000000000 0.7390012996287
6.0800000000000 0.7390012996287
6.1200000000000 0.7405885096373
6.1600000000000 0.7421587950227
6.1600000000000 0.7421587950227
6.2000000000000 0.7437124014805
6.2400000000000 0.7452495700715
6.2400000000000 0.7452495700715
6.2400000000000 0.7452495700715
6.2800000000000 0.7467705374304
6.3200000000000 0.7482755361937
6.3200000000000 0.7482755361937
6.3600000000000 0.7497647947679
6.4000000000000 0.7512385371970
6.4000000000000 0.7512385371970
6.4000000000000 0.7512385371970
6.4000000000000 0.7512385371970
6.4000000000000 0.7512385371970
6.4800000000000 0.7541403496715
6.5600000000000 0.7569826868314
6.5600000000000 0.7569826868314
6.6400000000000 0.7597672050998
6.7200000000000 0.7624955071945
6.7200000000000 0.7624955071945
6.7200000000000 0.7624955071945
6.8000000000000 0.7651691442523
6.8800000000000 0.7677896142285
6.8800000000000 0.7677896142285
6.9600000000000 0.7703583600122
7.0400000000000 0.7728767734405
7.0400000000000 0.7728767734405
7.0400000000000 0.7728767734405
7.0400000000000 0.7728767734405
7.1200000000000 0.7753461973073
7.2000000000000 0.7777679279505
7.2000000000000 0.7777679279505
7.2800000000000 0.7801432193350
7.3600000000000 0.7824732869165
7.3600000000000 0.7824732869165
7.3600000000000 0.7824732869165
7.4400000000000 0.7847593088307
7.5200000000000 0.7870024232800
7.5200000000000 0.7870024232800
7.6000000000000 0.7892037266702
7.6800000000000 0.7913642754475
7.6800000000000 0.7913642754475
7.6800000000000 0.7913642754475
7.6800000000000 0.7913642754475
7.6800000000000 0.7913642754475
7.6800000000000 0.7913642754475
7.7600000000000 0.7934850908095
7.8400000000000 0.7955671632228
7.8400000000000 0.7955671632228
7.9200000000000 0.7976114555219
8.0000000000000 0.7996189044310
8.0000000000000 0.7996189044310
8.0000000000000 0.7996189044310
8.0800000000000 0.8015904197509
8.1600000000000 0.8035268826141
8.1600000000000 0.8035268826141
8.2400000000000 0.8054291450756
8.3200000000000 0.8072980313114
8.3200000000000 0.8072980313114
8.3200000000000 0.8072980313114
8.3200000000000 0.8072980313114
8.4000000000000 0.8091343394179
8.4800000000000 0.8109388424705
8.4800000000000 0.8109388424705
8.5600000000000 0.8127122890357
8.6400000000000 0.8144554039517
8.6400000000000 0.8144554039517
8.6400000000000 0.8144554039517
8.7200000000000 0.8161688904267
8.8000000000000 0.8178534326570
8.8000000000000 0.8178534326570
8.8800000000000 0.8195096970310
8.9600000000000 0.8211383306666
8.9600000000000 0.8211383306666
8.9600000000000 0.8211383306666
8.9600000000000 0.8211383306666
8.9600000000000 0.8211383306666
9.0400000000000 0.8227399590387
9.1200000000000 0.8243151860592
9.1200000000000 0.8243151860592
9.2000000000000 0.8258645975858
9.2800000000000 0.8273887655051
9.2800000000000 0.8273887655051
9.2800000000000 0.8273887655051
9.3600000000000 0.8288882491509
9.4400000000000 0.8303635943256
9.4400000000000 0.8303635943256
9.5200000000000 0.8318153324013
9.6000000000000 0.8332439806014
9.6000000000000 0.8332439806014
9.6000000000000 0.8332439806014
9.6000000000000 0.8332439806014
9.6800000000000 0.8346500422546
9.7600000000000 0.8360340060648
9.7600000000000 0.8360340060648
9.8400000000000 0.8373963453307
9.9200000000000 0.8387375182912
9.9200000000000 0.8387375182912
9.9200000000000 0.8387375182912
10.0000000000000 0.8400579692332
10.0800000000000 0.8413581292539
10.0800000000000 0.8413581292539
10.1600000000000 0.8426384163311
10.2400000000000 0.8438992358157
10.2400000000000 0.8438992358157
10.2400000000000 0.8438992358157
10.2400000000000 0.8438992358157
10.2400000000000 0.8438992358157
10.2400000000000 0.8438992358157
10.3200000000000 0.8451409824339
10.4000000000000 0.8463640427001
10.4000000000000 0.8463640427001
10.4800000000000 0.8475687939356
10.5600000000000 0.8487556089726
10.5600000000000 0.8487556089726
10.5600000000000 0.8487556089726
10.6400000000000 0.8499248516561
10.7200000000000 0.8510768755000
10.7200000000000 0.8510768755000
10.8000000000000 0.8522120244421
10.8800000000000 0.8533306305838
10.8800000000000 0.8533306305838
10.8800000000000 0.8533306305838
11.0400000000000 0.8555194925751
11.2000000000000 0.8576459183992
11.2000000000000 0.8576459183992
11.3600000000000 0.8597122466218
11.5200000000000 0.8617207412936
11.5200000000000 0.8617207412936
11.5200000000000 0.8617207412936
11.5200000000000 0.8617207412936
11.6800000000000 0.8636735760560
11.8400000000000 0.8655728019264
11.8400000000000 0.8655728019264
12.0000000000000 0.8674203555491
12.1600000000000 0.8692180969087
12.1600000000000 0.8692180969087
12.1600000000000 0.8692180969087
12.3200000000000 0.8709678329765
12.4800000000000 0.8726713028017
12.4800000000000 0.8726713028017
12.6400000000000 0.8743301552154
12.8000000000000 0.8759459554341
12.8000000000000 0.8759459554341
12.8000000000000 0.8759459554341
12.8000000000000 0.8759459554341
12.8000000000000 0.8759459554341
12.9600000000000 0.8775202037256
13.1200000000000 0.8790543351009
13.1200000000000 0.8790543351009
13.2800000000000 0.8805497041374
13.4400000000000 0.8820075840980
13.4400000000000 0.8820075840980
13.4400000000000 0.8820075840980
13.6000000000000 0.8834291933361
13.7600000000000 0.8848157231474
13.7600000000000 0.8848157231474
13.9200000000000 0.8861683378324
14.0800000000000 0.8874881551458
14.0800000000000 0.8874881554851
14.0800000000000 0.8874881551458
14.0800000000000 0.8874881554851
14.2400000000000 0.8887762352407
14.4000000000000 0.8900335874128
14.4000000000000 0.8900335874128
14.5600000000000 0.8912611773863
14.7200000000000 0.8924599420913
14.7200000000000 0.8924599420913
14.7200000000000 0.8924599420913
14.8800000000000 0.8936307828226
15.0400000000000 0.8947745721656
15.0400000000000 0.8947745721656
15.2000000000000 0.8958921517686
15.3600000000000 0.8969843328716
15.3600000000000 0.8969843328716
15.3600000000000 0.8969843328716
15.3600000000000 0.8969843328716
15.3600000000000 0.8969843328716
15.5200000000000 0.8980518977487
15.6800000000000 0.8990956019092
16.0000000000000 0.9011143116577
16.0000000000000 0.9011143116577
16.3200000000000 0.9030459586213
16.6400000000000 0.9048956138863
16.6400000000000 0.9048956138863
16.6400000000000 0.9048956138863
16.9600000000000 0.9066680306626
17.2800000000000 0.9083677152055
17.2800000000000 0.9083677152055
17.6000000000000 0.9099989181845
17.9200000000000 0.9115655520614
17.9200000000000 0.9115655520614
17.9200000000000 0.9115655520614
17.9200000000000 0.9115655520614
18.2400000000000 0.9130711212517
18.5600000000000 0.9145189186517
18.5600000000000 0.9145189186517
18.8800000000000 0.9159121699961
19.2000000000000 0.9172538763354
19.2000000000000 0.9172538763354
19.2000000000000 0.9172538763354
19.5200000000000 0.9185467525939
19.8400000000000 0.9197933596982
19.8400000000000 0.9197933596982
20.1600000000000 0.9209961443465
20.4800000000000 0.9221573733816
20.4800000000000 0.9221573733816
20.4800000000000 0.9221573733816
20.4800000000000 0.9221573733816
20.8000000000000 0.9232791853313
21.1200000000000 0.9243635993743
21.1200000000000 0.9243635993743
21.4400000000000 0.9254125136238
21.7600000000000 0.9264277091704
21.7600000000000 0.9264277091704
21.7600000000000 0.9264277091704
22.0800000000000 0.9274108603890
22.4000000000000 0.9283635413800
22.4000000000000 0.9283635413800
22.7200000000000 0.9292872325622
23.0400000000000 0.9301833319759
23.0400000000000 0.9301833319759
23.0400000000000 0.9301833319759
23.6800000000000 0.9318979468785
24.3200000000000 0.9335170452151
24.3200000000000 0.9335170452151
24.9600000000000 0.9350491802441
25.6000000000000 0.9365019789703
25.6000000000000 0.9365019789703
25.6000000000000 0.9365019789703
26.2400000000000 0.9378822725678
26.8800000000000 0.9391961270342
26.8800000000000 0.9391961270342
27.5200000000000 0.9404489115790
28.1600000000000 0.9416454157956
28.1600000000000 0.9416454157956
28.1600000000000 0.9416454157956
28.8000000000000 0.9427899369969
29.4400000000000 0.9438863269724
29.4400000000000 0.9438863269724
30.0800000000000 0.9449380320454
30.7200000000000 0.9459481373391
30.7200000000000 0.9459481373391
30.7200000000000 0.9459481373391
31.3600000000000 0.9469194191946
32.0000000000000 0.9478544013060
32.0000000000000 0.9478544013060
32.6400000000000 0.9487553801145
33.2800000000000 0.9496244208565
33.2800000000000 0.9496244208565
33.2800000000000 0.9496244208565
33.9200000000000 0.9504633972603
34.5600000000000 0.9512740265172
34.5600000000000 0.9512740265172
35.2000000000000 0.9520578714644
35.8400000000000 0.9528163668060
35.8400000000000 0.9528163668060
35.8400000000000 0.9528163668060
36.4800000000000 0.9535508260277
37.1200000000000 0.9542624611205
37.1200000000000 0.9542624611205
37.7600000000000 0.9549523881913
38.4000000000000 0.9556216472998
38.4000000000000 0.9556216472998
39.6800000000000 0.9569019523236
40.9600000000000 0.9581103375403
40.9600000000000 0.9581103375403
42.2400000000000 0.9592528693652
43.5200000000000 0.9603349012181
43.5200000000000 0.9603349012181
44.8000000000000 0.9613612053761
46.0800000000000 0.9623360378550
46.0800000000000 0.9623360378550
47.3600000000000 0.9632632062760
48.6400000000000 0.9641461414627
48.6400000000000 0.9641461414627
49.9200000000000 0.9649879538329
51.2000000000000 0.9657914771313
51.2000000000000 0.9657914771313
52.4800000000000 0.9665592833066
53.7600000000000 0.9672937076225
53.7600000000000 0.9672937076225
55.0400000000000 0.9679968896558
56.3200000000000 0.9686707956733
56.3200000000000 0.9686707956733
57.6000000000000 0.9693172284260
58.8800000000000 0.9699378428574
58.8800000000000 0.9699378428574
60.1600000000000 0.9705341641045
61.4400000000000 0.9711075961641
61.4400000000000 0.9711075961641
62.7200000000000 0.9716594334747
64.0000000000000 0.9721908756363
64.0000000000000 0.9721908756363
65.2800000000000 0.9727030333056
66.5600000000000 0.9731969371543
66.5600000000000 0.9731969371543
67.8400000000000 0.9736735485692
69.1200000000000 0.9741337618680
69.1200000000000 0.9741337618680
70.4000000000000 0.9745784070406
71.6800000000000 0.9750082573727
71.6800000000000 0.9750082573727
72.9600000000000 0.9754240373021
74.2400000000000 0.9758264266991
74.2400000000000 0.9758264266991
75.5200000000000 0.9762160606986
76.8000000000000 0.9765935314719
76.8000000000000 0.9765935314719
78.0800000000000 0.9769593953293
79.3600000000000 0.9773141788001
79.3600000000000 0.9773141788001
80.6400000000000 0.9776583797003
81.9200000000000 0.9779924664038
81.9200000000000 0.9779924664038
83.2000000000000 0.9783168778465
84.4800000000000 0.9786320251819
84.4800000000000 0.9786320251819
85.7600000000000 0.9789382959656
87.0400000000000 0.9792360583074
87.0400000000000 0.9792360583074
88.3200000000000 0.9795256618346
89.6000000000000 0.9798074367606
89.6000000000000 0.9798074367606
90.8800000000000 0.9800816945759
92.1600000000000 0.9803487311313
92.1600000000000 0.9803487311313
93.4400000000000 0.9806088287642
94.7200000000000 0.9808622554934
94.7200000000000 0.9808622554934
96.0000000000000 0.9811092643753
97.2800000000000 0.9813500951566
97.2800000000000 0.9813500951566
98.5600000000000 0.9815849759291
99.8400000000000 0.9818141234821
99.8400000000000 0.9818141234821
101.1200000000000 0.9820377439406
102.4000000000000 0.9822560345079
102.4000000000000 0.9822560345079
103.6800000000000 0.9824691844912
104.9600000000000 0.9826773729131
104.9600000000000 0.9826773729131
106.2400000000000 0.9828807660495
107.5200000000000 0.9830795221182
107.5200000000000 0.9830795221182
108.8000000000000 0.9832737977565
110.0800000000000 0.9834637448977
110.0800000000000 0.9834637448977
111.3600000000000 0.9836495041900
112.6400000000000 0.9838312068907
112.6400000000000 0.9838312068907
113.9200000000000 0.9840089810753
115.2000000000000 0.9841829530914
115.2000000000000 0.9841829530914
116.4800000000000 0.9843532436713
117.7600000000000 0.9845199648506
117.7600000000000 0.9845199648506
119.0400000000000 0.9846832235463
120.3200000000000 0.9848431258687
120.3200000000000 0.9848431258687
121.6000000000000 0.9849997737725
122.8800000000000 0.9851532622847
122.8800000000000 0.9851532622847
124.1600000000000 0.9853036837952
125.4400000000000 0.9854511290464
125.4400000000000 0.9854511290464
126.7200000000000 0.9855956835938
128.0000000000000 0.9857374293064
128.0000000000000 0.9857374293064
129.2800000000000 0.9858764464520
130.5600000000000 0.9860128114482
130.5600000000000 0.9860128114482
131.8400000000000 0.9861465981938
133.1200000000000 0.9862778775315
133.1200000000000 0.9862778775315
134.4000000000000 0.9864067177855
135.6800000000000 0.9865331853716
135.6800000000000 0.9865331853716
136.9600000000000 0.9866573444235
138.2400000000000 0.9867792568224
138.2400000000000 0.9867792568224
139.5200000000000 0.9868989823250
140.8000000000000 0.9870165788209
143.3600000000000 0.9872456059294
145.9200000000000 0.9874667595442
148.4800000000000 0.9876804173120
151.0400000000000 0.9878869326195
153.6000000000000 0.9880866432808
156.1600000000000 0.9882798817113
158.7200000000000 0.9884669660589
161.2800000000000 0.9886481970407
163.8400000000000 0.9888238568417
166.4000000000000 0.9889942047320
168.9600000000000 0.9891594787451
171.5200000000000 0.9893199044723
174.0800000000000 0.9894756986386
176.6400000000000 0.9896270463885
179.2000000000000 0.9897741123933
181.7600000000000 0.9899170524634
184.3200000000000 0.9900560220279
186.8800000000000 0.9901911926441
189.4400000000000 0.9903227269744
192.0000000000000 0.9904507772800
194.5600000000000 0.9905754866534
197.1200000000000 0.9906969807636
199.6800000000000 0.9908153999803
202.2400000000000 0.9909308817421
204.8000000000000 0.9910435391694
207.3600000000000 0.9911534906410
209.9200000000000 0.9912608222709
212.4800000000000 0.9913655759682
215.0400000000000 0.9914678147588
217.6000000000000 0.9915675865983
220.1600000000000 0.9916649051657
222.7200000000000 0.9917598724299
225.2800000000000 0.9918526355932
227.8400000000000 0.9919431841013
230.4000000000000 0.9920314707983
232.9600000000000 0.9921177752643
235.5200000000000 0.9922026590128
238.0800000000000 0.9922864642757
240.6400000000000 0.9923690226117
243.2000000000000 0.9924499048787
245.7600000000000 0.9925288336262
248.3200000000000 0.9926058229629
250.8800000000000 0.9926810468930
253.4400000000000 0.9927546766230
256.0000000000000 0.9928268204813
258.5600000000000 0.9928975396334
261.1200000000000 0.9929668767128
263.6800000000000 0.9930348709914
266.2400000000000 0.9931015614442
268.8000000000000 0.9931669852589
271.3600000000000 0.9932311772350
273.9200000000000 0.9932941709828
276.4800000000000 0.9933559998946
279.0400000000000 0.9934166967184
281.6000000000000 0.9934762926629
284.1600000000000 0.9935348172566
286.7200000000000 0.9935922987634
289.2800000000000 0.9936487644819
291.8400000000000 0.9937042409744
294.4000000000000 0.9937587541526
296.9600000000000 0.9938123289959
299.5200000000000 0.9938649894289
302.0800000000000 0.9939167585785
304.6400000000000 0.9939676588438
307.2000000000000 0.9940177118234
309.7600000000000 0.9940669384313
312.3200000000000 0.9941153589257
314.8800000000000 0.9941629928535
317.4400000000000 0.9942098591657
