# x rho
-317.4400000000000 0.0000000000000
-314.8800000000000 0.0000000000000
-312.3200000000000 0.0000000000000
-309.7600000000000 0.0000000000000
-307.2000000000000 0.0000000000000
-304.6400000000000 0.0000000000000
-302.0800000000000 0.0000000000000
-299.5200000000000 0.0000000000000
-296.9600000000000 0.0000000000000
-294.4000000000000 0.0000000000000
-291.8400000000000 0.0000000000000
-289.2800000000000 0.0000000000000
-286.7200000000000 0.0000000000000
-284.1600000000000 0.0000000000000
-281.6000000000000 0.0000000000000
-279.0400000000000 0.0000000000000
-276.4800000000000 0.0000000000000
-273.9200000000000 0.0000000000000
-271.3600000000000 0.0000000000000
-268.8000000000000 0.0000000000000
-266.2400000000000 0.0000000000000
-263.6800000000000 0.0000000000000
-261.1200000000000 0.0000000000000
-258.5600000000000 0.0000000000000
-256.0000000000000 0.0000000000000
-253.4400000000000 0.0000000000000
-250.8800000000000 0.0000000000000
-248.3200000000000 0.0000000000000
-245.7600000000000 0.0000000000000
-243.2000000000000 0.0000000000000
-240.6400000000000 0.0000000000000
-238.0800000000000 0.0000000000000
-235.5200000000000 0.0000000000000
-232.9600000000000 0.0000000000000
-230.4000000000000 0.0000000000000
-227.8400000000000 0.0000000000000
-225.2800000000000 0.0000000000000
-222.7200000000000 0.0000000000000
-220.1600000000000 0.0000000000000
-217.6000000000000 0.0000000000000
-215.0400000000000 0.0000000000000
-212.4800000000000 0.0000000000000
-209.9200000000000 0.0000000000000
-207.3600000000000 0.0000000000000
-204.8000000000000 0.0000000000000
-202.2400000000000 0.0000000000000
-199.6800000000000 0.0000000000000
-197.1200000000000 0.0000000000000
-194.5600000000000 0.0000000000000
-192.0000000000000 0.0000000000000
-189.4400000000000 0.0000000000000
-186.8800000000000 0.0000000000000
-184.3200000000000 0.0000000000000
-181.7600000000000 0.0000000000000
-179.2000000000000 0.0000000000000
-176.6400000000000 0.0000000000000
-174.0800000000000 0.0000000000000
-171.5200000000000 0.0000000000000
-168.9600000000000 0.0000000000000
-166.4000000000000 0.0000000000000
-163.8400000000000 0.0000000000000
-161.2800000000000 0.0000000000000
-158.7200000000000 0.0000000000000
-156.1600000000000 0.0000000000000
-153.6000000000000 0.0000000000000
-151.0400000000000 0.0000000000000
-148.4800000000000 0.0000000000000
-145.9200000000000 0.0000000000000
-143.3600000000000 0.0000000000000
-140.8000000000000 0.0000000000000
-139.5200000000000 0.0000000000000
-138.2400000000000 0.0000000000000
-138.2400000000000 0.0000000000000
-136.9600000000000 0.0000000000000
-135.6800000000000 0.0000000000000
-135.6800000000000 0.0000000000000
-134.4000000000000 0.0000000000000
-133.1200000000000 0.0000000000000
-133.1200000000000 0.0000000000000
-131.8400000000000 0.0000000000000
-130.5600000000000 0.0000000000000
-130.5600000000000 0.0000000000000
-129.2800000000000 0.0000000000000
-128.0000000000000 0.0000000000000
-128.0000000000000 0.0000000000000
-126.7200000000000 0.0000000000000
-125.4400000000000 0.0000000000000
-125.4400000000000 0.0000000000000
-124.1600000000000 0.0000000000000
-122.8800000000000 0.0000000000000
-122.8800000000000 0.0000000000000
-121.6000000000000 0.0000000000000
-120.3200000000000 0.0000000000000
-120.3200000000000 0.0000000000000
-119.0400000000000 0.0000000000000
-117.7600000000000 0.0000000000000
-117.7600000000000 0.0000000000000
-116.4800000000000 0.0000000000000
-115.2000000000000 0.0000000000000
-115.2000000000000 0.0000000000000
-113.9200000000000 0.0000000000000
-112.6400000000000 0.0000000000000
-112.6400000000000 0.0000000000000
-111.3600000000000 0.0000000000000
-110.0800000000000 0.0000000000000
-110.0800000000000 0.0000000000000
-108.8000000000000 0.0000000000000
-107.5200000000000 0.0000000000000
-107.5200000000000 0.0000000000000
-106.2400000000000 0.0000000000000
-104.9600000000000 0.0000000000000
-104.9600000000000 0.0000000000000
-103.6800000000000 0.0000000000000
-102.4000000000000 0.0000000000000
-102.4000000000000 0.0000000000000
-101.1200000000000 0.0000000000000
-99.8400000000000 0.0000000000000
-99.8400000000000 0.0000000000000
-98.5600000000000 0.0000000000000
-97.2800000000000 0.0000000000000
-97.2800000000000 0.0000000000000
-96.0000000000000 0.0000000000000
-94.7200000000000 0.0000000000000
-94.7200000000000 0.0000000000000
-93.4400000000000 0.0000000000000
-92.1600000000000 0.0000000000000
-92.1600000000000 0.0000000000000
-90.8800000000000 0.0000000000000
-89.6000000000000 0.0000000000000
-89.6000000000000 0.0000000000000
-88.3200000000000 0.0000000000000
-87.0400000000000 0.0000000000000
-87.0400000000000 0.0000000000000
-85.7600000000000 0.0000000000000
-84.4800000000000 0.0000000000000
-84.4800000000000 0.0000000000000
-83.2000000000000 0.0000000000000
-81.9200000000000 0.0000000000000
-81.9200000000000 0.0000000000000
-80.6400000000000 0.0000000000000
-79.3600000000000 0.0000000000000
-79.3600000000000 0.0000000000000
-78.0800000000000 0.0000000000000
-76.8000000000000 0.0000000000000
-76.8000000000000 0.0000000000000
-75.5200000000000 0.0000000000000
-74.2400000000000 0.0000000000000
-74.2400000000000 0.0000000000000
-72.9600000000000 0.0000000000000
-71.6800000000000 0.0000000000000
-71.6800000000000 0.0000000000000
-70.4000000000000 0.0000000000000
-69.1200000000000 0.0000000000000
-69.1200000000000 0.0000000000000
-67.8400000000000 0.0000000000000
-66.5600000000000 0.0000000000000
-66.5600000000000 0.0000000000000
-65.2800000000000 0.0000000000000
-64.0000000000000 0.0000000000000
-64.0000000000000 0.0000000000000
-62.7200000000000 0.0000000000000
-61.4400000000000 0.0000000000000
-61.4400000000000 0.0000000000000
-60.1600000000000 0.0000000000000
-58.8800000000000 0.0000000000000
-58.8800000000000 0.0000000000000
-57.6000000000000 0.0000000000000
-56.3200000000000 0.0000000000000
-56.3200000000000 0.0000000000000
-55.0400000000000 0.0000000000000
-53.7600000000000 0.0000000000000
-53.7600000000000 0.0000000000000
-52.4800000000000 0.0000000000000
-51.2000000000000 0.0000000000000
-51.2000000000000 0.0000000000000
-49.9200000000000 0.0000000000000
-48.6400000000000 0.0000000000000
-48.6400000000000 0.0000000000000
-47.3600000000000 0.0000000000000
-46.0800000000000 0.0000000000000
-46.0800000000000 0.0000000000000
-44.8000000000000 0.0000000000000
-43.5200000000000 0.0000000000000
-43.5200000000000 0.0000000000000
-42.2400000000000 0.0000000000000
-40.9600000000000 0.0000000000000
-40.9600000000000 0.0000000000000
-39.6800000000000 0.0000000000000
-38.4000000000000 0.0000000000000
-38.4000000000000 0.0000000000000
-37.7600000000000 0.0000000000000
-37.1200000000000 0.0000000000000
-37.1200000000000 0.0000000000000
-36.4800000000000 0.0000000000000
-35.8400000000000 0.0000000000000
-35.8400000000000 0.0000000000000
-35.8400000000000 0.0000000000000
-35.2000000000000 0.0000000000000
-34.5600000000000 0.0000000000000
-34.5600000000000 0.0000000000000
-33.9200000000000 0.0000000000000
-33.2800000000000 0.0000000000000
-33.2800000000000 0.0000000000000
-33.2800000000000 0.0000000000000
-32.6400000000000 0.0000000000000
-32.0000000000000 0.0000000000000
-32.0000000000000 0.0000000000000
-31.3600000000000 0.0000000000000
-30.7200000000000 0.0000000000000
-30.7200000000000 0.0000000000000
-30.7200000000000 0.0000000000000
-30.0800000000000 0.0000000000000
-29.4400000000000 0.0000000000000
-29.4400000000000 0.0000000000000
-28.8000000000000 0.0000000000000
-28.1600000000000 0.0000000000000
-28.1600000000000 0.0000000000000
-28.1600000000000 0.0000000000000
-27.5200000000000 0.0000000000000
-26.8800000000000 0.0000000000000
-26.8800000000000 0.0000000000000
-26.2400000000000 0.0000000000000
-25.6000000000000 0.0000000000000
-25.6000000000000 0.0000000000000
-25.6000000000000 0.0000000000000
-24.9600000000000 0.0000000000000
-24.3200000000000 0.0000000000000
-24.3200000000000 0.0000000000000
-23.6800000000000 0.0000000000000
-23.0400000000000 0.0000000000000
-23.0400000000000 0.0000000000000
-23.0400000000000 0.0000000000000
-22.7200000000000 0.0000000000000
-22.4000000000000 0.0000000000001
-22.4000000000000 0.0000000000001
-22.0800000000000 0.0000000000002
-21.7600000000000 0.0000000000003
-21.7600000000000 0.0000000000003
-21.7600000000000 0.0000000000003
-21.4400000000000 0.0000000000003
-21.1200000000000 0.0000000000004
-21.1200000000000 0.0000000000004
-20.8000000000000 0.0000000000003
-20.4800000000000 0.0000000000003
-20.4800000000000 0.0000000000003
-20.4800000000000 0.0000000000003
-20.4800000000000 0.0000000000003
-20.1600000000000 0.0000000000003
-19.8400000000000 0.0000000000002
-19.8400000000000 0.0000000000002
-19.5200000000000 0.0000000000002
-19.2000000000000 0.0000000000001
-19.2000000000000 0.0000000000001
-19.2000000000000 0.0000000000001
-18.8800000000000 0.0000000000000
-18.5600000000000 0.0000000000000
-18.5600000000000 0.0000000000000
-18.2400000000000 0.0000000000000
-17.9200000000000 0.0000000000000
-17.9200000000000 0.0000000000000
-17.9200000000000 0.0000000000000
-17.9200000000000 0.0000000000000
-17.6000000000000 0.0000000000000
-17.2800000000000 0.0000000000000
-17.2800000000000 0.0000000000000
-16.9600000000000 0.0000000000000
-16.6400000000000 0.0000000000000
-16.6400000000000 0.0000000000000
-16.6400000000000 0.0000000000000
-16.3200000000000 0.0000000000000
-16.0000000000000 0.0000000000000
-16.0000000000000 0.0000000000000
-15.6800000000000 0.0000000000009
-15.5200000000000 0.0000000000010
-15.3600000000000 0.0000000000012
-15.3600000000000 0.0000000000012
-15.3600000000000 0.0000000000012
-15.3600000000000 0.0000000000012
-15.3600000000000 0.0000000000012
-15.2000000000000 0.0000000000015
-15.0400000000000 0.0000000000020
-15.0400000000000 0.0000000000020
-14.8800000000000 0.0000000000026
-14.7200000000000 0.0000000000034
-14.7200000000000 0.0000000000034
-14.7200000000000 0.0000000000034
-14.5600000000000 0.0000000000047
-14.4000000000000 0.0000000000065
-14.4000000000000 0.0000000000065
-14.2400000000000 0.0000000000129
-14.0800000000000 0.0000000000194
-14.0800000000000 0.0000000000194
-14.0800000000000 0.0000000000194
-14.0800000000000 0.0000000000194
-13.9200000000000 0.0000000000221
-13.7600000000000 0.0000000000256
-13.7600000000000 0.0000000000256
-13.6000000000000 0.0000000000266
-13.4400000000000 0.0000000000283
-13.4400000000000 0.0000000000283
-13.4400000000000 0.0000000000283
-13.2800000000000 0.0000000000317
-13.1200000000000 0.0000000000329
-13.1200000000000 0.0000000000329
-12.9600000000000 0.0000000000326
-12.8000000000000 0.0000000000288
-12.8000000000000 0.0000000000288
-12.8000000000000 0.0000000000288
-12.8000000000000 0.0000000000288
-12.8000000000000 0.0000000000288
-12.6400000000000 0.0000000000275
-12.4800000000000 0.0000000000446
-12.4800000000000 0.0000000000446
-12.3200000000000 0.0000000000678
-12.1600000000000 0.0000000000801
-12.1600000000000 0.0000000000801
-12.1600000000000 0.0000000000801
-12.0000000000000 0.0000000000958
-11.8400000000000 0.0000000001100
-11.8400000000000 0.0000000001100
-11.6800000000000 0.0000000001194
-11.5200000000000 0.0000000001249
-11.5200000000000 0.0000000001249
-11.5200000000000 0.0000000001249
-11.5200000000000 0.0000000001249
-11.3600000000000 0.0000000001257
-11.2000000000000 0.0000000001440
-11.2000000000000 0.0000000001440
-11.0400000000000 0.0000000001595
-10.8800000000000 0.0000000001708
-10.8800000000000 0.0000000001708
-10.8800000000000 0.0000000001708
-10.8000000000000 0.0000000001754
-10.7200000000000 0.0000000001799
-10.7200000000000 0.0000000001799
-10.6400000000000 0.0000000001849
-10.5600000000000 0.0000000001899
-10.5600000000000 0.0000000001899
-10.5600000000000 0.0000000001899
-10.4800000000000 0.0000000001945
-10.4000000000000 0.0000000001991
-10.4000000000000 0.0000000001991
-10.3200000000000 0.0000000002062
-10.2400000000000 0.0000000002132
-10.2400000000000 0.0000000002132
-10.2400000000000 0.0000000002132
-10.2400000000000 0.0000000002132
-10.2400000000000 0.0000000002132
-10.2400000000000 0.0000000002132
-10.1600000000000 0.0000000002164
-10.0800000000000 0.0000000002196
-10.0800000000000 0.0000000002196
-10.0000000000000 0.0000000002328
-9.9200000000000 0.0000000002402
-9.9200000000000 0.0000000002402
-9.9200000000000 0.0000000002402
-9.8400000000000 0.0000000002346
-9.7600000000000 0.0000000002474
-9.7600000000000 0.0000000002474
-9.6800000000000 0.0000000003087
-9.6000000000000 0.0000000003895
-9.6000000000000 0.0000000003895
-9.6000000000000 0.0000000003895
-9.6000000000000 0.0000000003895
-9.5200000000000 0.0000000004504
-9.4400000000000 0.0000000005314
-9.4400000000000 0.0000000005314
-9.3600000000000 0.0000000006048
-9.2800000000000 0.0000000006812
-9.2800000000000 0.0000000006834
-9.2800000000000 0.0000000006834
-9.2000000000000 0.0000000007416
-9.1200000000000 0.0000000007999
-9.1200000000000 0.0000000007999
-9.0400000000000 0.0000000008457
-8.9600000000000 0.0000000009349
-8.9600000000000 0.0000000009349
-8.9600000000000 0.0000000009349
-8.9600000000000 0.0000000009349
-8.9600000000000 0.0000000009349
-8.8800000000000 0.0000000010651
-8.8000000000000 0.0000000011512
-8.8000000000000 0.0000000011512
-8.7200000000000 0.0000000012518
-8.6400000000000 0.0000000013558
-8.6400000000000 0.0000000013558
-8.6400000000000 0.0000000013558
-8.5600000000000 0.0000000014886
-8.4800000000000 0.0000000016541
-8.4800000000000 0.0000000016541
-8.4000000000000 0.0000000018255
-8.3200000000000 0.0000000021370
-8.3200000000000 0.0000000021370
-8.3200000000000 0.0000000021370
-8.3200000000000 0.0000000021370
-8.2400000000000 0.0000000024155
-8.1600000000000 0.0000000027908
-8.1600000000000 0.0000000027908
-8.0800000000000 0.0000000049394
-8.0000000000000 0.0000000071366
-8.0000000000000 0.0000000071366
-8.0000000000000 0.0000000071366
-7.9200000000000 0.0000000093246
-7.8400000000000 0.0000000116872
-7.8400000000000 0.0000000116872
-7.7600000000000 0.0000000140089
-7.6800000000000 0.0000000178341
-7.6800000000000 0.0000000178341
-7.6800000000000 0.0000000178341
-7.6800000000000 0.0000000178341
-7.6800000000000 0.0000000178341
-7.6800000000000 0.0000000178341
-7.6000000000000 0.0000000190385
-7.5200000000000 0.0000000265332
-7.5200000000000 0.0000000265332
-7.4400000000000 0.0000000414154
-7.3600000000000 0.0000000595462
-7.3600000000000 0.0000000595462
-7.3600000000000 0.0000000595462
-7.2800000000000 0.0000000673744
-7.2000000000000 0.0000000671522
-7.2000000000000 0.0000000671522
-7.1200000000000 0.0000000702092
-7.0400000000000 0.0000000784357
-7.0400000000000 0.0000000784357
-7.0400000000000 0.0000000784357
-7.0400000000000 0.0000000784357
-6.9600000000000 0.0000000924296
-6.8800000000000 0.0000001205742
-6.8800000000000 0.0000001205742
-6.8000000000000 0.0000001599862
-6.7200000000000 0.0000002027470
-6.7200000000000 0.0000002027470
-6.7200000000000 0.0000002027470
-6.6400000000000 0.0000002528198
-6.5600000000000 0.0000002958676
-6.5600000000000 0.0000002958676
-6.4800000000000 0.0000003778074
-6.4000000000000 0.0000004027757
-6.4000000000000 0.0000004027757
-6.4000000000000 0.0000004027757
-6.4000000000000 0.0000004027757
-6.4000000000000 0.0000004027757
-6.3600000000000 0.0000004162523
-6.3200000000000 0.0000004303905
-6.3200000000000 0.0000004303905
-6.2800000000000 0.0000004511334
-6.2400000000000 0.0000004718763
-6.2400000000000 0.0000004718763
-6.2400000000000 0.0000004718763
-6.2000000000000 0.0000004813595
-6.1600000000000 0.0000004908428
-6.1600000000000 0.0000004908428
-6.1200000000000 0.0000005181074
-6.0800000000000 0.0000005471868
-6.0800000000000 0.0000005471868
-6.0800000000000 0.0000005471868
-6.0800000000000 0.0000005471868
-6.0400000000000 0.0000005780809
-6.0000000000000 0.0000006107898
-6.0000000000000 0.0000006107898
-5.9600000000000 0.0000006460458
-5.9200000000000 0.0000006971779
-5.9200000000000 0.0000006971779
-5.9200000000000 0.0000006971779
-5.8800000000000 0.0000007530601
-5.8400000000000 0.0000008127975
-5.8400000000000 0.0000008127975
-5.8000000000000 0.0000008724720
-5.7600000000000 0.0000009272728
-5.7600000000000 0.0000009272728
-5.7600000000000 0.0000009272728
-5.7600000000000 0.0000009272728
-5.7600000000000 0.0000009272728
-5.7200000000000 0.0000009948290
-5.6800000000000 0.0000010552545
-5.6800000000000 0.0000010552545
-5.6400000000000 0.0000011297142
-5.6000000000000 0.0000011988894
-5.6000000000000 0.0000011988894
-5.6000000000000 0.0000011988894
-5.5600000000000 0.0000012661777
-5.5200000000000 0.0000013783767
-5.5200000000000 0.0000013783767
-5.4800000000000 0.0000014386958
-5.4400000000000 0.0000015196951
-5.4400000000000 0.0000015196951
-5.4400000000000 0.0000015196951
-5.4400000000000 0.0000015196951
-5.4000000000000 0.0000016214779
-5.3600000000000 0.0000017345728
-5.3600000000000 0.0000017345728
-5.3200000000000 0.0000018630756
-5.2800000000000 0.0000020073704
-5.2800000000000 0.0000020073704
-5.2800000000000 0.0000020073704
-5.2400000000000 0.0000021453232
-5.2000000000000 0.0000022649829
-5.2000000000000 0.0000022649829
-5.1600000000000 0.0000023822129
-5.1200000000000 0.0000025005068
-5.1200000000000 0.0000025005068
-5.1200000000000 0.0000025005068
-5.1200000000000 0.0000025005068
-5.1200000000000 0.0000025005068
-5.1200000000000 0.0000025005068
-5.1200000000000 0.0000025005068
-5.0800000000000 0.0000026257207
-5.0400000000000 0.0000027665908
-5.0400000000000 0.0000027665908
-5.0000000000000 0.0000029160021
-4.9600000000000 0.0000031104096
-4.9600000000000 0.0000031104096
-4.9600000000000 0.0000031104096
-4.9200000000000 0.0000033272567
-4.8800000000000 0.0000035558186
-4.8800000000000 0.0000035558186
-4.8400000000000 0.0000038133403
-4.8000000000000 0.0000040584413
-4.8000000000000 0.0000040584413
-4.8000000000000 0.0000040584413
-4.8000000000000 0.0000040584413
-4.7600000000000 0.0000042554386
-4.7200000000000 0.0000044570526
-4.7200000000000 0.0000044570526
-4.6800000000000 0.0000046633715
-4.6400000000000 0.0000049524699
-4.6400000000000 0.0000049524699
-4.6400000000000 0.0000049524699
-4.6000000000000 0.0000051715070
-4.5600000000000 0.0000053778649
-4.5600000000000 0.0000053778649
-4.5200000000000 0.0000056737119
-4.4800000000000 0.0000060371064
-4.4800000000000 0.0000060371064
-4.4800000000000 0.0000060371064
-4.4800000000000 0.0000060371064
-4.4800000000000 0.0000060371064
-4.4400000000000 0.0000065857764
-4.4000000000000 0.0000071055820
-4.4000000000000 0.0000071055820
-4.3600000000000 0.0000076826027
-4.3200000000000 0.0000082997012
-4.3200000000000 0.0000082997012
-4.3200000000000 0.0000082997012
-4.2800000000000 0.0000088772917
-4.2400000000000 0.0000093382739
-4.2400000000000 0.0000093382739
-4.2000000000000 0.0000097406655
-4.1800000000000 0.0000098531439
-4.1600000000000 0.0000099656222
-4.1600000000000 0.0000099656222
-4.1600000000000 0.0000099656222
-4.1600000000000 0.0000099656222
-4.1600000000000 0.0000099656222
-4.1400000000000 0.0000100795897
-4.1200000000000 0.0000101935573
-4.1200000000000 0.0000101935573
-4.1000000000000 0.0000102804993
-4.0800000000000 0.0000103674414
-4.0800000000000 0.0000103674414
-4.0800000000000 0.0000103674414
-4.0600000000000 0.0000105275526
-4.0400000000000 0.0000107364430
-4.0400000000000 0.0000107364430
-4.0200000000000 0.0000110905338
-4.0000000000000 0.0000114446246
-4.0000000000000 0.0000114446246
-4.0000000000000 0.0000114446246
-4.0000000000000 0.0000114446246
-3.9800000000000 0.0000116138699
-3.9600000000000 0.0000117964688
-3.9600000000000 0.0000117964688
-3.9400000000000 0.0000121885826
-3.9200000000000 0.0000125973449
-3.9200000000000 0.0000125973449
-3.9200000000000 0.0000125973449
-3.9000000000000 0.0000128687433
-3.8800000000000 0.0000133549353
-3.8800000000000 0.0000133549353
-3.8600000000000 0.0000138481491
-3.8400000000000 0.0000142055439
-3.8400000000000 0.0000142055439
-3.8400000000000 0.0000142055439
-3.8400000000000 0.0000142055439
-3.8400000000000 0.0000142055439
-3.8400000000000 0.0000142055439
-3.8400000000000 0.0000142055439
-3.8200000000000 0.0000144927354
-3.8000000000000 0.0000147291758
-3.8000000000000 0.0000147291758
-3.7800000000000 0.0000152751179
-3.7600000000000 0.0000156231156
-3.7600000000000 0.0000156231156
-3.7600000000000 0.0000156231156
-3.7400000000000 0.0000160975314
-3.7200000000000 0.0000165576426
-3.7200000000000 0.0000165576426
-3.7000000000000 0.0000171302501
-3.6800000000000 0.0000176446861
-3.6800000000000 0.0000176446861
-3.6800000000000 0.0000176446861
-3.6800000000000 0.0000176446861
-3.6600000000000 0.0000181453321
-3.6400000000000 0.0000186813566
-3.6400000000000 0.0000186813566
-3.6200000000000 0.0000193191314
-3.6000000000000 0.0000198629622
-3.6000000000000 0.0000198629622
-3.6000000000000 0.0000198629622
-3.5800000000000 0.0000204056283
-3.5600000000000 0.0000208674969
-3.5600000000000 0.0000208674969
-3.5400000000000 0.0000213282254
-3.5200000000000 0.0000218195482
-3.5200000000000 0.0000218195482
-3.5200000000000 0.0000218195482
-3.5200000000000 0.0000218195482
-3.5200000000000 0.0000218195482
-3.5000000000000 0.0000224661423
-3.4800000000000 0.0000231620031
-3.4800000000000 0.0000231620031
-3.4600000000000 0.0000239339984
-3.4400000000000 0.0000248104331
-3.4400000000000 0.0000248104331
-3.4400000000000 0.0000248104331
-3.4200000000000 0.0000255730701
-3.4000000000000 0.0000263764658
-3.4000000000000 0.0000263764658
-3.3800000000000 0.0000271462101
-3.3600000000000 0.0000279123424
-3.3600000000000 0.0000279123424
-3.3600000000000 0.0000279123424
-3.3600000000000 0.0000279123424
-3.3400000000000 0.0000287105198
-3.3200000000000 0.0000290923252
-3.3200000000000 0.0000290923252
-3.3000000000000 0.0000296498271
-3.2800000000000 0.0000300535115
-3.2800000000000 0.0000300535115
-3.2800000000000 0.0000300535115
-3.2600000000000 0.0000305445126
-3.2400000000000 0.0000308732712
-3.2400000000000 0.0000308732712
-3.2200000000000 0.0000313552984
-3.2000000000000 0.0000319391785
-3.2000000000000 0.0000319391785
-3.2000000000000 0.0000319391785
-3.2000000000000 0.0000319391785
-3.2000000000000 0.0000319391785
-3.2000000000000 0.0000319391785
-3.1800000000000 0.0000323347256
-3.1600000000000 0.0000325602517
-3.1600000000000 0.0000325602517
-3.1400000000000 0.0000329551195
-3.1200000000000 0.0000333244376
-3.1200000000000 0.0000333244376
-3.1200000000000 0.0000333244376
-3.1000000000000 0.0000336205753
-3.0800000000000 0.0000337192983
-3.0800000000000 0.0000337192983
-3.0600000000000 0.0000341747159
-3.0400000000000 0.0000348896485
-3.0400000000000 0.0000348896485
-3.0400000000000 0.0000348896485
-3.0400000000000 0.0000348896485
-3.0200000000000 0.0000357451621
-3.0000000000000 0.0000371646900
-3.0000000000000 0.0000371646900
-2.9800000000000 0.0000385093065
-2.9600000000000 0.0000402273959
-2.9600000000000 0.0000402273959
-2.9600000000000 0.0000402273959
-2.9400000000000 0.0000426246873
-2.9200000000000 0.0000448048605
-2.9200000000000 0.0000448048605
-2.9000000000000 0.0000477207549
-2.8800000000000 0.0000499126898
-2.8800000000000 0.0000499126898
-2.8800000000000 0.0000499126898
-2.8800000000000 0.0000499126898
-2.8800000000000 0.0000499126898
-2.8600000000000 0.0000513283588
-2.8400000000000 0.0000530448775
-2.8400000000000 0.0000530448775
-2.8200000000000 0.0000558388465
-2.8000000000000 0.0000578130324
-2.8000000000000 0.0000578130324
-2.8000000000000 0.0000578130324
-2.7800000000000 0.0000594758049
-2.7600000000000 0.0000603785997
-2.7600000000000 0.0000603785997
-2.7400000000000 0.0000614345004
-2.7200000000000 0.0000623811180
-2.7200000000000 0.0000623811180
-2.7200000000000 0.0000623811180
-2.7200000000000 0.0000623811180
-2.7000000000000 0.0000627228694
-2.6800000000000 0.0000632936028
-2.6800000000000 0.0000632936028
-2.6600000000000 0.0000642226182
-2.6400000000000 0.0000648150666
-2.6400000000000 0.0000648150666
-2.6400000000000 0.0000648150666
-2.6200000000000 0.0000666117249
-2.6000000000000 0.0000683750424
-2.6000000000000 0.0000683750424
-2.5800000000000 0.0000693937679
-2.5600000000000 0.0000714969121
-2.5600000000000 0.0000714969121
-2.5600000000000 0.0000714969121
-2.5600000000000 0.0000714969121
-2.5600000000000 0.0000714969121
-2.5600000000000 0.0000714969121
-2.5600000000000 0.0000714969121
-2.5600000000000 0.0000714969121
-2.5400000000000 0.0000744264046
-2.5200000000000 0.0000773130556
-2.5200000000000 0.0000773130556
-2.5000000000000 0.0000806223058
-2.4800000000000 0.0000841700957
-2.4800000000000 0.0000841700957
-2.4800000000000 0.0000841700957
-2.4600000000000 0.0000872398282
-2.4400000000000 0.0000900810441
-2.4400000000000 0.0000900810441
-2.4200000000000 0.0000933571321
-2.4000000000000 0.0000962798779
-2.4000000000000 0.0000962798779
-2.4000000000000 0.0000962798779
-2.4000000000000 0.0000962798779
-2.3800000000000 0.0000987936285
-2.3600000000000 0.0001017481463
-2.3600000000000 0.0001017481463
-2.3400000000000 0.0001039315443
-2.3200000000000 0.0001057281665
-2.3200000000000 0.0001057281665
-2.3200000000000 0.0001057281665
-2.3000000000000 0.0001084180856
-2.2800000000000 0.0001103135115
-2.2800000000000 0.0001103135115
-2.2600000000000 0.0001108613001
-2.2400000000000 0.0001118332846
-2.2400000000000 0.0001118332846
-2.2400000000000 0.0001118332846
-2.2400000000000 0.0001118332846
-2.2400000000000 0.0001118332846
-2.2200000000000 0.0001130309467
-2.2000000000000 0.0001153361234
-2.2000000000000 0.0001153361234
-2.1800000000000 0.0001170286574
-2.1600000000000 0.0001185977195
-2.1600000000000 0.0001185977195
-2.1600000000000 0.0001185977195
-2.1400000000000 0.0001199699076
-2.1200000000000 0.0001216031882
-2.1200000000000 0.0001216031882
-2.1000000000000 0.0001226540896
-2.0800000000000 0.0001239032407
-2.0800000000000 0.0001239032407
-2.0800000000000 0.0001239032407
-2.0800000000000 0.0001239032407
-2.0600000000000 0.0001263525150
-2.0400000000000 0.0001296867901
-2.0400000000000 0.0001296867901
-2.0200000000000 0.0001326071196
-2.0000000000000 0.0001348894390
-2.0000000000000 0.0001348894390
-2.0000000000000 0.0001348894390
-1.9800000000000 0.0001379738295
-1.9600000000000 0.0001401426862
-1.9600000000000 0.0001401426862
-1.9400000000000 0.0001438921620
-1.9200000000000 0.0001481036714
-1.9200000000000 0.0001481036714
-1.9200000000000 0.0001481036714
-1.9200000000000 0.0001481036714
-1.9200000000000 0.0001481036714
-1.9200000000000 0.0001481036714
-1.9000000000000 0.0001531860642
-1.8800000000000 0.0001582343487
-1.8800000000000 0.0001582343487
-1.8600000000000 0.0001629592644
-1.8400000000000 0.0001676850271
-1.8400000000000 0.0001676850271
-1.8400000000000 0.0001676850271
-1.8200000000000 0.0001727972739
-1.8000000000000 0.0001756855075
-1.8000000000000 0.0001756855075
-1.7800000000000 0.0001790465022
-1.7600000000000 0.0001817373482
-1.7600000000000 0.0001817373482
-1.7600000000000 0.0001817373482
-1.7600000000000 0.0001817373482
-1.7400000000000 0.0001846880182
-1.7200000000000 0.0001870990270
-1.7200000000000 0.0001870990270
-1.7000000000000 0.0001904266412
-1.6800000000000 0.0001936814985
-1.6800000000000 0.0001936814985
-1.6800000000000 0.0001936814985
-1.6600000000000 0.0001957278861
-1.6400000000000 0.0001999176709
-1.6400000000000 0.0001999176709
-1.6200000000000 0.0002038853742
-1.6000000000000 0.0002085025492
-1.6000000000000 0.0002085025492
-1.6000000000000 0.0002085025492
-1.6000000000000 0.0002085025492
-1.6000000000000 0.0002085025492
-1.5800000000000 0.0002148228119
-1.5600000000000 0.0002184273057
-1.5600000000000 0.0002184273057
-1.5400000000000 0.0002233594828
-1.5200000000000 0.0002248367225
-1.5200000000000 0.0002248367225
-1.5200000000000 0.0002248367225
-1.5000000000000 0.0002281885903
-1.4800000000000 0.0002310341573
-1.4800000000000 0.0002310341573
-1.4600000000000 0.0002368054078
-1.4400000000000 0.0002430410923
-1.4400000000000 0.0002430410923
-1.4400000000000 0.0002430410923
-1.4400000000000 0.0002430410923
-1.4200000000000 0.0002489966855
-1.4000000000000 0.0002546443274
-1.4000000000000 0.0002546443274
-1.3800000000000 0.0002604328448
-1.3600000000000 0.0002665386443
-1.3600000000000 0.0002665386443
-1.3600000000000 0.0002665386443
-1.3400000000000 0.0002730328861
-1.3200000000000 0.0002785003632
-1.3200000000000 0.0002785003632
-1.3000000000000 0.0002844112222
-1.2800000000000 0.0002896463553
-1.2800000000000 0.0002896463553
-1.2800000000000 0.0002896463553
-1.2800000000000 0.0002896463553
-1.2800000000000 0.0002896463553
-1.2800000000000 0.0002896463553
-1.2800000000000 0.0002896463553
-1.2600000000000 0.0002939290943
-1.2400000000000 0.0003004842671
-1.2400000000000 0.0003004842671
-1.2200000000000 0.0003041049814
-1.2000000000000 0.0003122677760
-1.2000000000000 0.0003122677760
-1.2000000000000 0.0003122677760
-1.1800000000000 0.0003217525153
-1.1600000000000 0.0003320473306
-1.1600000000000 0.0003320473306
-1.1400000000000 0.0003415544494
-1.1200000000000 0.0003493056818
-1.1200000000000 0.0003493056818
-1.1200000000000 0.0003493056818
-1.1200000000000 0.0003493056818
-1.1000000000000 0.0003535209774
-1.0800000000000 0.0003571800828
-1.0800000000000 0.0003571800828
-1.0600000000000 0.0003606004475
-1.0400000000000 0.0003658832035
-1.0400000000000 0.0003658832035
-1.0400000000000 0.0003658832035
-1.0200000000000 0.0003751405389
-1.0000000000000 0.0003853101832
-1.0000000000000 0.0003853101832
-0.9800000000000 0.0003963505687
-0.9600000000000 0.0004047090277
-0.9600000000000 0.0004047090277
-0.9600000000000 0.0004047090277
-0.9600000000000 0.0004047090277
-0.9600000000000 0.0004047090277
-0.9400000000000 0.0004220727178
-0.9200000000000 0.0004324799247
-0.9200000000000 0.0004324799247
-0.9000000000000 0.0004432314602
-0.8800000000000 0.0004530265766
-0.8800000000000 0.0004530265766
-0.8800000000000 0.0004530265766
-0.8600000000000 0.0004616325154
-0.8400000000000 0.0004690477174
-0.8400000000000 0.0004690477174
-0.8200000000000 0.0004803886171
-0.8000000000000 0.0005019435425
-0.8000000000000 0.0005019435425
-0.8000000000000 0.0005019435425
-0.8000000000000 0.0005019435425
-0.7800000000000 0.0005180489449
-0.7600000000000 0.0005271923562
-0.7600000000000 0.0005271923562
-0.7400000000000 0.0005401458303
-0.7200000000000 0.0005553026782
-0.7200000000000 0.0005553026782
-0.7200000000000 0.0005553026782
-0.7000000000000 0.0005732830827
-0.6800000000000 0.0005821756835
-0.6800000000000 0.0005821756835
-0.6600000000000 0.0005989518866
-0.6400000000000 0.0006168025763
-0.6400000000000 0.0006168025763
-0.6400000000000 0.0006168025763
-0.6400000000000 0.0006168025763
-0.6400000000000 0.0006168025763
-0.6400000000000 0.0006168025763
-0.6200000000000 0.0006389128747
-0.6000000000000 0.0006536237065
-0.6000000000000 0.0006536237065
-0.5800000000000 0.0006630548073
-0.5600000000000 0.0006865712002
-0.5600000000000 0.0006865712002
-0.5600000000000 0.0006865712002
-0.5400000000000 0.0007029492507
-0.5200000000000 0.0007405939228
-0.5200000000000 0.0007405939228
-0.5000000000000 0.0007782754520
-0.4800000000000 0.0007917508709
-0.4800000000000 0.0007917508709
-0.4800000000000 0.0007917508709
-0.4800000000000 0.0007917508709
-0.4600000000000 0.0008096319234
-0.4400000000000 0.0008336800119
-0.4400000000000 0.0008336800119
-0.4200000000000 0.0008788421811
-0.4000000000000 0.0009312030462
-0.4000000000000 0.0009312030462
-0.4000000000000 0.0009312030462
-0.3800000000000 0.0009456375188
-0.3600000000000 0.0010203510291
-0.3600000000000 0.0010203510291
-0.3400000000000 0.0010443117873
-0.3200000000000 0.0011209750828
-0.3200000000000 0.0011209750828
-0.3200000000000 0.0011209750828
-0.3200000000000 0.0011209750828
-0.3200000000000 0.0011209750828
-0.3000000000000 0.0012736892699
-0.2800000000000 0.0013333781932
-0.2800000000000 0.0013333781932
-0.2600000000000 0.0015344748838
-0.2400000000000 0.0015309396106
-0.2400000000000 0.0015309396106
-0.2400000000000 0.0015309396106
-0.2200000000000 0.0017094324493
-0.2000000000000 0.0018107033943
-0.2000000000000 0.0018107033943
-0.1800000000000 0.0020973153205
-0.1600000000000 0.0014523203057
-0.1600000000000 0.0014523203057
-0.1600000000000 0.0014523203057
-0.1600000000000 0.0014523203057
-0.1400000000000 0.0010757464116
-0.1200000000000 0.0007997632225
-0.1200000000000 0.0007997632225
-0.1000000000000 0.0021389462849
-0.0800000000000 0.0012562437097
-0.0800000000000 0.0012562437097
-0.0800000000000 0.0012562437097
-0.0600000000000 0.0035962517698
-0.0400000000000 0.0048801052303
-0.0400000000000 0.0048801052303
-0.0200000000000 0.0027985493024
0.0000000000000 0.0246088887161
0.0000000000000 0.0246088887161
0.0000000000000 0.0246088887161
0.0000000000000 0.0246088887161
0.0000000000000 0.0246088887161
0.0000000000000 0.0246088887161
0.0000000000000 0.0246088887161
0.0000000000000 0.0246088887161
0.0200000000000 0.0010694475000
0.0400000000000 0.0060309630505
0.0400000000000 0.0060309630505
0.0600000000000 0.0008829296561
0.0800000000000 0.0030009284163
0.0800000000000 0.0030009284163
0.0800000000000 0.0030009284163
0.1000000000000 0.0017835174847
0.1200000000000 0.0034099605800
0.1200000000000 0.0034099605800
0.1400000000000 0.0020615833803
0.1600000000000 0.0018984512810
0.1600000000000 0.0018984512810
0.1600000000000 0.0018984512810
0.1600000000000 0.0018984512810
0.1800000000000 0.0023034520089
0.2000000000000 0.0018203225626
0.2000000000000 0.0018203225626
0.2200000000000 0.0018151511256
0.2400000000000 0.0015344283970
0.2400000000000 0.0015344283970
0.2400000000000 0.0015344283970
0.2600000000000 0.0013582484372
0.2800000000000 0.0013707319925
0.2800000000000 0.0013707319925
0.3000000000000 0.0013699604283
0.3200000000000 0.0010809887912
0.3200000000000 0.0010809887912
0.3200000000000 0.0010809887912
0.3200000000000 0.0010809887912
0.3200000000000 0.0010809887912
0.3400000000000 0.0010353161791
0.3600000000000 0.0009791294726
0.3600000000000 0.0009791294726
0.3800000000000 0.0009702857200
0.4000000000000 0.0009249458861
0.4000000000000 0.0009249458861
0.4000000000000 0.0009249458861
0.4200000000000 0.0008800806278
0.4400000000000 0.0008326298403
0.4400000000000 0.0008326298403
0.4600000000000 0.0008193155873
0.4800000000000 0.0007880753328
0.4800000000000 0.0007880753328
0.4800000000000 0.0007880753328
0.4800000000000 0.0007880753328
0.5000000000000 0.0007781770468
0.5200000000000 0.0007349076067
0.5200000000000 0.0007349076067
0.5400000000000 0.0007119730849
0.5600000000000 0.0006769070854
0.5600000000000 0.0006769070854
0.5600000000000 0.0006769070854
0.5800000000000 0.0006680522102
0.6000000000000 0.0006518219727
0.6000000000000 0.0006518219727
0.6200000000000 0.0006359383249
0.6400000000000 0.0006204750221
0.6400000000000 0.0006204750221
0.6400000000000 0.0006204750221
0.6400000000000 0.0006204750221
0.6400000000000 0.0006204750221
0.6400000000000 0.0006204750221
0.6600000000000 0.0005959484177
0.6800000000000 0.0005854322310
0.6800000000000 0.0005854322310
0.7000000000000 0.0005696438521
0.7200000000000 0.0005562327300
0.7200000000000 0.0005562327300
0.7200000000000 0.0005562327300
0.7400000000000 0.0005363720863
0.7600000000000 0.0005288929997
0.7600000000000 0.0005288929997
0.7800000000000 0.0005140929661
0.8000000000000 0.0005033063812
0.8000000000000 0.0005033063812
0.8000000000000 0.0005033063812
0.8000000000000 0.0005033063812
0.8200000000000 0.0004815922577
0.8400000000000 0.0004685531358
0.8400000000000 0.0004685531358
0.8600000000000 0.0004606532570
0.8800000000000 0.0004541048800
0.8800000000000 0.0004541048800
0.8800000000000 0.0004541048800
0.9000000000000 0.0004413920858
0.9200000000000 0.0004338021984
0.9200000000000 0.0004338021984
0.9400000000000 0.0004190892716
0.9600000000000 0.0004061432793
0.9600000000000 0.0004061432793
0.9600000000000 0.0004061432793
0.9600000000000 0.0004061432793
0.9600000000000 0.0004061432793
0.9800000000000 0.0003938103927
1.0000000000000 0.0003849597056
1.0000000000000 0.0003849597056
1.0200000000000 0.0003739290432
1.0400000000000 0.0003653496368
1.0400000000000 0.0003653496368
1.0400000000000 0.0003653496368
1.0600000000000 0.0003591541624
1.0800000000000 0.0003559924024
1.0800000000000 0.0003559924024
1.1000000000000 0.0003525240382
1.1200000000000 0.0003476648387
1.1200000000000 0.0003476648387
1.1200000000000 0.0003476648387
1.1200000000000 0.0003476648387
1.1400000000000 0.0003413712374
1.1600000000000 0.0003312460157
1.1600000000000 0.0003312460157
1.1800000000000 0.0003212234035
1.2000000000000 0.0003107055668
1.2000000000000 0.0003107055668
1.2000000000000 0.0003107055668
1.2200000000000 0.0003039572716
1.2400000000000 0.0003001444702
1.2400000000000 0.0003001444702
1.2600000000000 0.0002940234976
1.2800000000000 0.0002905597230
1.2800000000000 0.0002905597230
1.2800000000000 0.0002905597230
1.2800000000000 0.0002905597230
1.2800000000000 0.0002905597230
1.2800000000000 0.0002905597230
1.2800000000000 0.0002905597230
1.3000000000000 0.0002846455505
1.3200000000000 0.0002777723743
1.3200000000000 0.0002777723743
1.3400000000000 0.0002729152816
1.3600000000000 0.0002652402730
1.3600000000000 0.0002652402730
1.3600000000000 0.0002652402730
1.3800000000000 0.0002602855136
1.4000000000000 0.0002539921285
1.4000000000000 0.0002539921285
1.4200000000000 0.0002483660641
1.4400000000000 0.0002423717243
1.4400000000000 0.0002423717243
1.4400000000000 0.0002423717243
1.4400000000000 0.0002423717243
1.4600000000000 0.0002359991552
1.4800000000000 0.0002308135757
1.4800000000000 0.0002308135757
1.5000000000000 0.0002274304681
1.5200000000000 0.0002241527610
1.5200000000000 0.0002241527610
1.5200000000000 0.0002241527610
1.5400000000000 0.0002220102124
1.5600000000000 0.0002172996590
1.5600000000000 0.0002172996590
1.5800000000000 0.0002132829599
1.6000000000000 0.0002073633530
1.6000000000000 0.0002073633530
1.6000000000000 0.0002073633530
1.6000000000000 0.0002073633530
1.6000000000000 0.0002073633530
1.6200000000000 0.0002018530963
1.6400000000000 0.0001992508083
1.6400000000000 0.0001992508083
1.6600000000000 0.0001947624404
1.6800000000000 0.0001920527808
1.6800000000000 0.0001920527808
1.6800000000000 0.0001920527808
1.7000000000000 0.0001891796955
1.7200000000000 0.0001863267656
1.7200000000000 0.0001863267656
1.7400000000000 0.0001832518204
1.7600000000000 0.0001803443061
1.7600000000000 0.0001803443061
1.7600000000000 0.0001803443061
1.7600000000000 0.0001803443061
1.7800000000000 0.0001776006127
1.8000000000000 0.0001745662021
1.8000000000000 0.0001745662021
1.8200000000000 0.0001718147990
1.8400000000000 0.0001667383758
1.8400000000000 0.0001667383758
1.8400000000000 0.0001667383758
1.8600000000000 0.0001620139952
1.8800000000000 0.0001574396450
1.8800000000000 0.0001574396450
1.9000000000000 0.0001529734706
1.9200000000000 0.0001489708963
1.9200000000000 0.0001489708963
1.9200000000000 0.0001489708963
1.9200000000000 0.0001489708963
1.9200000000000 0.0001489708963
1.9200000000000 0.0001489708963
1.9400000000000 0.0001443326488
1.9600000000000 0.0001405881415
1.9600000000000 0.0001405881415
1.9800000000000 0.0001377960519
2.0000000000000 0.0001341773845
2.0000000000000 0.0001341773845
2.0000000000000 0.0001341773845
2.0200000000000 0.0001311636258
2.0400000000000 0.0001275933626
2.0400000000000 0.0001275933626
2.0600000000000 0.0001250763383
2.0800000000000 0.0001227151158
2.0800000000000 0.0001227151158
2.0800000000000 0.0001227151158
2.0800000000000 0.0001227151158
2.1000000000000 0.0001201038072
2.1200000000000 0.0001183273751
2.1200000000000 0.0001183273751
2.1400000000000 0.0001176353690
2.1600000000000 0.0001161657853
2.1600000000000 0.0001161657853
2.1600000000000 0.0001161657853
2.1800000000000 0.0001146228392
2.2000000000000 0.0001127830723
2.2000000000000 0.0001127830723
2.2200000000000 0.0001116661034
2.2400000000000 0.0001105762186
2.2400000000000 0.0001105762186
2.2400000000000 0.0001105762186
2.2400000000000 0.0001105762186
2.2400000000000 0.0001105762186
2.2600000000000 0.0001092853025
2.2800000000000 0.0001081046084
2.2800000000000 0.0001081046084
2.3000000000000 0.0001062538383
2.3200000000000 0.0001044233532
2.3200000000000 0.0001044233532
2.3200000000000 0.0001044233532
2.3400000000000 0.0001026956377
2.3600000000000 0.0001010507705
2.3600000000000 0.0001010507705
2.3800000000000 0.0000981417213
2.4000000000000 0.0000951817888
2.4000000000000 0.0000951817888
2.4000000000000 0.0000951817888
2.4000000000000 0.0000951817888
2.4200000000000 0.0000920249596
2.4400000000000 0.0000886778694
2.4400000000000 0.0000886778694
2.4600000000000 0.0000862038301
2.4800000000000 0.0000840209665
2.4800000000000 0.0000840209665
2.4800000000000 0.0000840209665
2.5000000000000 0.0000815353390
2.5200000000000 0.0000792242298
2.5200000000000 0.0000792242298
2.5400000000000 0.0000760033750
2.5600000000000 0.0000720420136
2.5600000000000 0.0000720420136
2.5600000000000 0.0000720420136
2.5600000000000 0.0000720420136
2.5600000000000 0.0000720420136
2.5600000000000 0.0000720420136
2.5600000000000 0.0000720420136
2.5600000000000 0.0000720420136
2.5800000000000 0.0000693243606
2.6000000000000 0.0000679421468
2.6000000000000 0.0000679421468
2.6200000000000 0.0000671584753
2.6400000000000 0.0000663297805
2.6400000000000 0.0000663297805
2.6400000000000 0.0000663297805
2.6600000000000 0.0000652333424
2.6800000000000 0.0000641912201
2.6800000000000 0.0000641912201
2.7000000000000 0.0000620280584
2.7200000000000 0.0000606110289
2.7200000000000 0.0000606110289
2.7200000000000 0.0000606110289
2.7200000000000 0.0000606110289
2.7400000000000 0.0000601638608
2.7600000000000 0.0000594457564
2.7600000000000 0.0000594457564
2.7800000000000 0.0000584063964
2.8000000000000 0.0000559773987
2.8000000000000 0.0000559773987
2.8000000000000 0.0000559773987
2.8200000000000 0.0000538170129
2.8400000000000 0.0000521711884
2.8400000000000 0.0000521711884
2.8600000000000 0.0000498683612
2.8800000000000 0.0000477873306
2.8800000000000 0.0000477873306
2.8800000000000 0.0000477873306
2.8800000000000 0.0000477873306
2.8800000000000 0.0000477873306
2.9000000000000 0.0000454536565
2.9200000000000 0.0000433730339
2.9200000000000 0.0000433730339
2.9400000000000 0.0000413933515
2.9600000000000 0.0000394070911
2.9600000000000 0.0000394070911
2.9600000000000 0.0000394070911
2.9800000000000 0.0000373964615
3.0000000000000 0.0000365741397
3.0000000000000 0.0000365741397
3.0200000000000 0.0000353279859
3.0400000000000 0.0000343463698
3.0400000000000 0.0000343463698
3.0400000000000 0.0000343463698
3.0400000000000 0.0000343463698
3.0600000000000 0.0000340625142
3.0800000000000 0.0000335900409
3.0800000000000 0.0000335900409
3.1000000000000 0.0000333369340
3.1200000000000 0.0000332375772
3.1200000000000 0.0000332375772
3.1200000000000 0.0000332375772
3.1400000000000 0.0000329481670
3.1600000000000 0.0000328362501
3.1600000000000 0.0000328362501
3.1800000000000 0.0000324538025
3.2000000000000 0.0000321919969
3.2000000000000 0.0000321919969
3.2000000000000 0.0000321919969
3.2000000000000 0.0000322838947
3.2000000000000 0.0000321919969
3.2000000000000 0.0000322838947
3.2200000000000 0.0000319205515
3.2400000000000 0.0000316097392
3.2400000000000 0.0000316097392
3.2600000000000 0.0000311443450
3.2800000000000 0.0000305822276
3.2800000000000 0.0000305822276
3.2800000000000 0.0000305822276
3.3000000000000 0.0000298707125
3.3200000000000 0.0000291313197
3.3200000000000 0.0000291313197
3.3400000000000 0.0000282542400
3.3600000000000 0.0000274540650
3.3600000000000 0.0000274540650
3.3600000000000 0.0000274540650
3.3600000000000 0.0000274540650
3.3800000000000 0.0000265777595
3.4000000000000 0.0000258686543
3.4000000000000 0.0000258686543
3.4200000000000 0.0000249364938
3.4400000000000 0.0000242860783
3.4400000000000 0.0000242860783
3.4400000000000 0.0000242860783
3.4600000000000 0.0000234713793
3.4800000000000 0.0000227996014
3.4800000000000 0.0000227996014
3.5000000000000 0.0000221294093
3.5200000000000 0.0000215887994
3.5200000000000 0.0000215887994
3.5200000000000 0.0000215887994
3.5200000000000 0.0000215887994
3.5200000000000 0.0000215887994
3.5400000000000 0.0000211141764
3.5600000000000 0.0000207519670
3.5600000000000 0.0000207519670
3.5800000000000 0.0000202299433
3.6000000000000 0.0000195996317
3.6000000000000 0.0000195996317
3.6000000000000 0.0000195996317
3.6200000000000 0.0000189779663
3.6400000000000 0.0000182285661
3.6400000000000 0.0000182285661
3.6600000000000 0.0000174496640
3.6800000000000 0.0000167729185
3.6800000000000 0.0000167729185
3.6800000000000 0.0000167729185
3.6800000000000 0.0000167729185
3.7000000000000 0.0000165104745
3.7200000000000 0.0000163343891
3.7200000000000 0.0000163343891
3.7400000000000 0.0000160081309
3.7600000000000 0.0000154573454
3.7600000000000 0.0000154573454
3.7600000000000 0.0000154573454
3.7800000000000 0.0000150057823
3.8000000000000 0.0000144068575
3.8000000000000 0.0000144068575
3.8200000000000 0.0000138130357
3.8400000000000 0.0000134842309
3.8400000000000 0.0000134842309
3.8400000000000 0.0000134842309
3.8400000000000 0.0000134842309
3.8400000000000 0.0000134842309
3.8400000000000 0.0000134842309
3.8400000000000 0.0000134842309
3.8600000000000 0.0000131482968
3.8800000000000 0.0000128609250
3.8800000000000 0.0000128609250
3.9000000000000 0.0000126361950
3.9200000000000 0.0000123973847
3.9200000000000 0.0000123973847
3.9200000000000 0.0000123973847
3.9400000000000 0.0000120361484
3.9600000000000 0.0000118080952
3.9600000000000 0.0000118080952
3.9800000000000 0.0000115787150
4.0000000000000 0.0000114842792
4.0000000000000 0.0000114842792
4.0000000000000 0.0000114842792
4.0000000000000 0.0000114842792
4.0200000000000 0.0000112049606
4.0400000000000 0.0000109256420
4.0400000000000 0.0000109256420
4.0600000000000 0.0000107615280
4.0800000000000 0.0000106229367
4.0800000000000 0.0000106229367
4.0800000000000 0.0000106229367
4.1000000000000 0.0000105226296
4.1200000000000 0.0000104223224
4.1200000000000 0.0000104223224
4.1400000000000 0.0000102425355
4.1600000000000 0.0000100627485
4.1600000000000 0.0000100627485
4.1600000000000 0.0000100627485
4.1600000000000 0.0000100627485
4.1600000000000 0.0000100627485
4.1800000000000 0.0000099010107
4.2000000000000 0.0000097460069
4.2400000000000 0.0000094562015
4.2400000000000 0.0000094562015
4.2800000000000 0.0000089356197
4.3200000000000 0.0000083999707
4.3200000000000 0.0000083999707
4.3200000000000 0.0000083999707
4.3600000000000 0.0000078008995
4.4000000000000 0.0000071868600
4.4000000000000 0.0000071868600
4.4400000000000 0.0000066641581
4.4800000000000 0.0000060046077
4.4800000000000 0.0000060046077
4.4800000000000 0.0000060046077
4.4800000000000 0.0000060046077
4.4800000000000 0.0000060046077
4.5200000000000 0.0000056332191
4.5600000000000 0.0000053979628
4.5600000000000 0.0000053979628
4.6000000000000 0.0000051744188
4.6400000000000 0.0000048256760
4.6400000000000 0.0000048256760
4.6400000000000 0.0000048256760
4.6800000000000 0.0000045641553
4.7200000000000 0.0000044179410
4.7200000000000 0.0000044179410
4.7600000000000 0.0000041662839
4.8000000000000 0.0000039585984
4.8000000000000 0.0000039585984
4.8000000000000 0.0000039585984
4.8000000000000 0.0000039585984
4.8400000000000 0.0000037741891
4.8800000000000 0.0000034866761
4.8800000000000 0.0000034866761
4.9200000000000 0.0000032655869
4.9600000000000 0.0000030605407
4.9600000000000 0.0000030605407
4.9600000000000 0.0000030605407
5.0000000000000 0.0000029007832
5.0400000000000 0.0000027603009
5.0400000000000 0.0000027603009
5.0800000000000 0.0000026291790
5.1200000000000 0.0000025042840
5.1200000000000 0.0000025042840
5.1200000000000 0.0000025042840
5.1200000000000 0.0000025042840
5.1200000000000 0.0000025042840
5.1200000000000 0.0000025042840
5.1200000000000 0.0000025042840
5.1600000000000 0.0000023759489
5.2000000000000 0.0000022350767
5.2000000000000 0.0000022350767
5.2400000000000 0.0000020857122
5.2800000000000 0.0000019445645
5.2800000000000 0.0000019445645
5.2800000000000 0.0000019445645
5.3200000000000 0.0000018126103
5.3600000000000 0.0000016764347
5.3600000000000 0.0000016764347
5.4000000000000 0.0000015568538
5.4400000000000 0.0000014767992
5.4400000000000 0.0000014767992
5.4400000000000 0.0000014767992
5.4400000000000 0.0000014767992
5.4800000000000 0.0000014226851
5.5200000000000 0.0000013536797
5.5200000000000 0.0000013536797
5.5600000000000 0.0000012549881
5.6000000000000 0.0000011642192
5.6000000000000 0.0000011642192
5.6000000000000 0.0000011642192
5.6400000000000 0.0000010994955
5.6800000000000 0.0000010314034
5.6800000000000 0.0000010314034
5.7200000000000 0.0000009651638
5.7600000000000 0.0000009056681
5.7600000000000 0.0000009056681
5.7600000000000 0.0000009056681
5.7600000000000 0.0000009056681
5.7600000000000 0.0000009056681
5.8000000000000 0.0000008470773
5.8400000000000 0.0000007973653
5.8400000000000 0.0000007973653
5.8800000000000 0.0000007410953
5.9200000000000 0.0000006939969
5.9200000000000 0.0000006939969
5.9200000000000 0.0000006939969
5.9600000000000 0.0000006418868
6.0000000000000 0.0000006044209
6.0000000000000 0.0000006044209
6.0400000000000 0.0000005730266
6.0800000000000 0.0000005452363
6.0800000000000 0.0000005452363
6.0800000000000 0.0000005452363
6.0800000000000 0.0000005452363
6.1200000000000 0.0000005210500
6.1600000000000 0.0000005004678
6.1600000000000 0.0000005004678
6.2000000000000 0.0000004855042
6.2400000000000 0.0000004705405
6.2400000000000 0.0000004705405
6.2400000000000 0.0000004705405
6.2800000000000 0.0000004546472
6.3200000000000 0.0000004381341
6.3200000000000 0.0000004381341
6.3600000000000 0.0000004179705
6.4000000000000 0.0000003978069
6.4000000000000 0.0000003978069
6.4000000000000 0.0000003978069
6.4000000000000 0.0000003978069
6.4000000000000 0.0000003978069
6.4800000000000 0.0000003647239
6.5600000000000 0.0000003234401
6.5600000000000 0.0000003234401
6.6400000000000 0.0000002673375
6.7200000000000 0.0000002144326
6.7200000000000 0.0000002144326
6.7200000000000 0.0000002144326
6.8000000000000 0.0000001735934
6.8800000000000 0.0000001375550
6.8800000000000 0.0000001375550
6.9600000000000 0.0000001121516
7.0400000000000 0.0000000959077
7.0400000000000 0.0000000959077
7.0400000000000 0.0000000959077
7.0400000000000 0.0000000959077
7.1200000000000 0.0000000852407
7.2000000000000 0.0000000814882
7.2000000000000 0.0000000814882
7.2800000000000 0.0000000739629
7.3600000000000 0.0000000584920
7.3600000000000 0.0000000584920
7.3600000000000 0.0000000584920
7.4400000000000 0.0000000353846
7.5200000000000 0.0000000195866
7.5200000000000 0.0000000195866
7.6000000000000 0.0000000166357
7.6800000000000 0.0000000167563
7.6800000000000 0.0000000167563
7.6800000000000 0.0000000167563
7.6800000000000 0.0000000167563
7.6800000000000 0.0000000167563
7.6800000000000 0.0000000167563
7.7600000000000 0.0000000139748
7.8400000000000 0.0000000117530
7.8400000000000 0.0000000117530
7.9200000000000 0.0000000093125
8.0000000000000 0.0000000066859
8.0000000000000 0.0000000066859
8.0000000000000 0.0000000066859
8.0800000000000 0.0000000044829
8.1600000000000 0.0000000028306
8.1600000000000 0.0000000028306
8.2400000000000 0.0000000024712
8.3200000000000 0.0000000021451
8.3200000000000 0.0000000021451
8.3200000000000 0.0000000021451
8.3200000000000 0.0000000021451
8.4000000000000 0.0000000018995
8.4800000000000 0.0000000016830
8.4800000000000 0.0000000016830
8.5600000000000 0.0000000015169
8.6400000000000 0.0000000013684
8.6400000000000 0.0000000013684
8.6400000000000 0.0000000013684
8.7200000000000 0.0000000012512
8.8000000000000 0.0000000011471
8.8000000000000 0.0000000011471
8.8800000000000 0.0000000009999
8.9600000000000 0.0000000008752
8.9600000000000 0.0000000008752
8.9600000000000 0.0000000008752
8.9600000000000 0.0000000008752
8.9600000000000 0.0000000008752
9.0400000000000 0.0000000008229
9.1200000000000 0.0000000007699
9.1200000000000 0.0000000007699
9.2000000000000 0.0000000007373
9.2800000000000 0.0000000006894
9.2800000000000 0.0000000006894
9.2800000000000 0.0000000006894
9.3600000000000 0.0000000006198
9.4400000000000 0.0000000005466
9.4400000000000 0.0000000005466
9.5200000000000 0.0000000004594
9.6000000000000 0.0000000003885
9.6000000000000 0.0000000003885
9.6000000000000 0.0000000003885
9.6000000000000 0.0000000003885
9.6800000000000 0.0000000003250
9.7600000000000 0.0000000002511
9.7600000000000 0.0000000002511
9.8400000000000 0.0000000002193
9.9200000000000 0.0000000002283
9.9200000000000 0.0000000002283
9.9200000000000 0.0000000002283
10.0000000000000 0.0000000002304
10.0800000000000 0.0000000002165
10.0800000000000 0.0000000002165
10.1600000000000 0.0000000002086
10.2400000000000 0.0000000002007
10.2400000000000 0.0000000002007
10.2400000000000 0.0000000002007
10.2400000000000 0.0000000002007
10.2400000000000 0.0000000002007
10.2400000000000 0.0000000002007
10.3200000000000 0.0000000002016
10.4000000000000 0.0000000002026
10.4000000000000 0.0000000002026
10.4800000000000 0.0000000002019
10.5600000000000 0.0000000002012
10.5600000000000 0.0000000002012
10.5600000000000 0.0000000002012
10.6400000000000 0.0000000002005
10.7200000000000 0.0000000001999
10.7200000000000 0.0000000001999
10.8000000000000 0.0000000001973
10.8800000000000 0.0000000001937
10.8800000000000 0.0000000001937
10.8800000000000 0.0000000001937
11.0400000000000 0.0000000001835
11.2000000000000 0.0000000001612
11.2000000000000 0.0000000001612
11.3600000000000 0.0000000001563
11.5200000000000 0.0000000001393
11.5200000000000 0.0000000001393
11.5200000000000 0.0000000001393
11.5200000000000 0.0000000001393
11.6800000000000 0.0000000001372
11.8400000000000 0.0000000001193
11.8400000000000 0.0000000001193
12.0000000000000 0.0000000001082
12.1600000000000 0.0000000000935
12.1600000000000 0.0000000000935
12.1600000000000 0.0000000000935
12.3200000000000 0.0000000000706
12.4800000000000 0.0000000000402
12.4800000000000 0.0000000000402
12.6400000000000 0.0000000000240
12.8000000000000 0.0000000000250
12.8000000000000 0.0000000000250
12.8000000000000 0.0000000000250
12.8000000000000 0.0000000000250
12.8000000000000 0.0000000000250
12.9600000000000 0.0000000000255
13.1200000000000 0.0000000000255
13.1200000000000 0.0000000000255
13.2800000000000 0.0000000000251
13.4400000000000 0.0000000000248
13.4400000000000 0.0000000000248
13.4400000000000 0.0000000000248
13.6000000000000 0.0000000000250
13.7600000000000 0.0000000000254
13.7600000000000 0.0000000000254
13.9200000000000 0.0000000000252
14.0800000000000 0.0000000000247
14.0800000000000 0.0000000000246
14.0800000000000 0.0000000000247
14.0800000000000 0.0000000000246
14.2400000000000 0.0000000000173
14.4000000000000 0.0000000000098
14.4000000000000 0.0000000000098
14.5600000000000 0.0000000000070
14.7200000000000 0.0000000000050
14.7200000000000 0.0000000000050
14.7200000000000 0.0000000000050
14.8800000000000 0.0000000000037
15.0400000000000 0.0000000000028
15.0400000000000 0.0000000000028
15.2000000000000 0.0000000000022
15.3600000000000 0.0000000000017
15.3600000000000 0.0000000000017
15.3600000000000 0.0000000000017
15.3600000000000 0.0000000000017
15.3600000000000 0.0000000000017
15.5200000000000 0.0000000000013
15.6800000000000 0.0000000000009
16.0000000000000 0.0000000000002
16.0000000000000 0.0000000000002
16.3200000000000 0.0000000000001
16.6400000000000 0.0000000000001
16.6400000000000 0.0000000000001
16.6400000000000 0.0000000000001
16.9600000000000 0.0000000000001
17.2800000000000 0.0000000000001
17.2800000000000 0.0000000000001
17.6000000000000 0.0000000000000
17.9200000000000 0.0000000000000
17.9200000000000 0.0000000000000
17.9200000000000 0.0000000000000
17.9200000000000 0.0000000000000
18.2400000000000 0.0000000000000
18.5600000000000 0.0000000000000
18.5600000000000 0.0000000000000
18.8800000000000 0.0000000000000
19.2000000000000 0.0000000000000
19.2000000000000 0.0000000000000
19.2000000000000 0.0000000000000
19.5200000000000 0.0000000000001
19.8400000000000 0.0000000000002
19.8400000000000 0.0000000000002
20.1600000000000 0.0000000000002
20.4800000000000 0.0000000000003
20.4800000000000 0.0000000000003
20.4800000000000 0.0000000000003
20.4800000000000 0.0000000000003
20.8000000000000 0.0000000000004
21.1200000000000 0.0000000000004
21.1200000000000 0.0000000000004
21.4400000000000 0.0000000000004
21.7600000000000 0.0000000000004
21.7600000000000 0.0000000000004
21.7600000000000 0.0000000000004
22.0800000000000 0.0000000000003
22.4000000000000 0.0000000000003
22.4000000000000 0.0000000000003
22.7200000000000 0.0000000000001
23.0400000000000 0.0000000000000
23.0400000000000 0.0000000000000
23.0400000000000 0.0000000000000
23.6800000000000 0.0000000000000
24.3200000000000 0.0000000000000
24.3200000000000 0.0000000000000
24.9600000000000 0.0000000000000
25.6000000000000 0.0000000000000
25.6000000000000 0.0000000000000
25.6000000000000 0.0000000000000
26.2400000000000 0.0000000000000
26.8800000000000 0.0000000000000
26.8800000000000 0.0000000000000
27.5200000000000 0.0000000000000
28.1600000000000 0.0000000000000
28.1600000000000 0.0000000000000
28.1600000000000 0.0000000000000
28.8000000000000 0.0000000000000
29.4400000000000 0.0000000000000
29.4400000000000 0.0000000000000
30.0800000000000 0.0000000000000
30.7200000000000 0.0000000000000
30.7200000000000 0.0000000000000
30.7200000000000 0.0000000000000
31.3600000000000 0.0000000000000
32.0000000000000 0.0000000000000
32.0000000000000 0.0000000000000
32.6400000000000 0.0000000000000
33.2800000000000 0.0000000000000
33.2800000000000 0.0000000000000
33.2800000000000 0.0000000000000
33.9200000000000 0.0000000000000
34.5600000000000 0.0000000000000
34.5600000000000 0.0000000000000
35.2000000000000 0.0000000000000
35.8400000000000 0.0000000000000
35.8400000000000 0.0000000000000
35.8400000000000 0.0000000000000
36.4800000000000 0.0000000000000
37.1200000000000 0.0000000000000
37.1200000000000 0.0000000000000
37.7600000000000 0.0000000000000
38.4000000000000 0.0000000000000
38.4000000000000 0.0000000000000
39.6800000000000 0.0000000000000
40.9600000000000 0.0000000000000
40.9600000000000 0.0000000000000
42.2400000000000 0.0000000000000
43.5200000000000 0.0000000000000
43.5200000000000 0.0000000000000
44.8000000000000 0.0000000000000
46.0800000000000 0.0000000000000
46.0800000000000 0.0000000000000
47.3600000000000 0.0000000000000
48.6400000000000 0.0000000000000
48.6400000000000 0.0000000000000
49.9200000000000 0.0000000000000
51.2000000000000 0.0000000000000
51.2000000000000 0.0000000000000
52.4800000000000 0.0000000000000
53.7600000000000 0.0000000000000
53.7600000000000 0.0000000000000
55.0400000000000 0.0000000000000
56.3200000000000 0.0000000000000
56.3200000000000 0.0000000000000
57.6000000000000 0.0000000000000
58.8800000000000 0.0000000000000
58.8800000000000 0.0000000000000
60.1600000000000 0.0000000000000
61.4400000000000 0.0000000000000
61.4400000000000 0.0000000000000
62.7200000000000 0.0000000000000
64.0000000000000 0.0000000000000
64.0000000000000 0.0000000000000
65.2800000000000 0.0000000000000
66.5600000000000 0.0000000000000
66.5600000000000 0.0000000000000
67.8400000000000 0.0000000000000
69.1200000000000 0.0000000000000
69.1200000000000 0.0000000000000
70.4000000000000 0.0000000000000
71.6800000000000 0.0000000000000
71.6800000000000 0.0000000000000
72.9600000000000 0.0000000000000
74.2400000000000 0.0000000000000
74.2400000000000 0.0000000000000
75.5200000000000 0.0000000000000
76.8000000000000 0.0000000000000
76.8000000000000 0.0000000000000
78.0800000000000 0.0000000000000
79.3600000000000 0.0000000000000
79.3600000000000 0.0000000000000
80.6400000000000 0.0000000000000
81.9200000000000 0.0000000000000
81.9200000000000 0.0000000000000
83.2000000000000 0.0000000000000
84.4800000000000 0.0000000000000
84.4800000000000 0.0000000000000
85.7600000000000 0.0000000000000
87.0400000000000 0.0000000000000
87.0400000000000 0.0000000000000
88.3200000000000 0.0000000000000
89.6000000000000 0.0000000000000
89.6000000000000 0.0000000000000
90.8800000000000 0.0000000000000
92.1600000000000 0.0000000000000
92.1600000000000 0.0000000000000
93.4400000000000 0.0000000000000
94.7200000000000 0.0000000000000
94.7200000000000 0.0000000000000
96.0000000000000 0.0000000000000
97.2800000000000 0.0000000000000
97.2800000000000 0.0000000000000
98.5600000000000 0.0000000000000
99.8400000000000 0.0000000000000
99.8400000000000 0.0000000000000
101.1200000000000 0.0000000000000
102.4000000000000 0.0000000000000
102.4000000000000 0.0000000000000
103.6800000000000 0.0000000000000
104.9600000000000 0.0000000000000
104.9600000000000 0.0000000000000
106.2400000000000 0.0000000000000
107.5200000000000 0.0000000000000
107.5200000000000 0.0000000000000
108.8000000000000 0.0000000000000
110.0800000000000 0.0000000000000
110.0800000000000 0.0000000000000
111.3600000000000 0.0000000000000
112.6400000000000 0.0000000000000
112.6400000000000 0.0000000000000
113.9200000000000 0.0000000000000
115.2000000000000 0.0000000000000
115.2000000000000 0.0000000000000
116.4800000000000 0.0000000000000
117.7600000000000 0.0000000000000
117.7600000000000 0.0000000000000
119.0400000000000 0.0000000000000
120.3200000000000 0.0000000000000
120.3200000000000 0.0000000000000
121.6000000000000 0.0000000000000
122.8800000000000 0.0000000000000
122.8800000000000 0.0000000000000
124.1600000000000 0.0000000000000
125.4400000000000 0.0000000000000
125.4400000000000 0.0000000000000
126.7200000000000 0.0000000000000
128.0000000000000 0.0000000000000
128.0000000000000 0.0000000000000
129.2800000000000 0.0000000000000
130.5600000000000 0.0000000000000
130.5600000000000 0.0000000000000
131.8400000000000 0.0000000000000
133.1200000000000 0.0000000000000
133.1200000000000 0.0000000000000
134.4000000000000 0.0000000000000
135.6800000000000 0.0000000000000
135.6800000000000 0.0000000000000
136.9600000000000 0.0000000000000
138.2400000000000 0.0000000000000
138.2400000000000 0.0000000000000
139.5200000000000 0.0000000000000
140.8000000000000 0.0000000000000
143.3600000000000 0.0000000000000
145.9200000000000 0.0000000000000
148.4800000000000 0.0000000000000
151.0400000000000 0.0000000000000
153.6000000000000 0.0000000000000
156.1600000000000 0.0000000000000
158.7200000000000 0.0000000000000
161.2800000000000 0.0000000000000
163.8400000000000 0.0000000000000
166.4000000000000 0.0000000000000
168.9600000000000 0.0000000000000
171.5200000000000 0.0000000000000
174.0800000000000 0.0000000000000
176.6400000000000 0.0000000000000
179.2000000000000 0.0000000000000
181.7600000000000 0.0000000000000
184.3200000000000 0.0000000000000
186.8800000000000 0.0000000000000
189.4400000000000 0.0000000000000
192.0000000000000 0.0000000000000
194.5600000000000 0.0000000000000
197.1200000000000 0.0000000000000
199.6800000000000 0.0000000000000
202.2400000000000 0.0000000000000
204.8000000000000 0.0000000000000
207.3600000000000 0.0000000000000
209.9200000000000 0.0000000000000
212.4800000000000 0.0000000000000
215.0400000000000 0.0000000000000
217.6000000000000 0.0000000000000
220.1600000000000 0.0000000000000
222.7200000000000 0.0000000000000
225.2800000000000 0.0000000000000
227.8400000000000 0.0000000000000
230.4000000000000 0.0000000000000
232.9600000000000 0.0000000000000
235.5200000000000 0.0000000000000
238.0800000000000 0.0000000000000
240.6400000000000 0.0000000000000
243.2000000000000 0.0000000000000
245.7600000000000 0.0000000000000
248.3200000000000 0.0000000000000
250.8800000000000 0.0000000000000
253.4400000000000 0.0000000000000
256.0000000000000 0.0000000000000
258.5600000000000 0.0000000000000
261.1200000000000 0.0000000000000
263.6800000000000 0.0000000000000
266.2400000000000 0.0000000000000
268.8000000000000 0.0000000000000
271.3600000000000 0.0000000000000
273.9200000000000 0.0000000000000
276.4800000000000 0.0000000000000
279.0400000000000 0.0000000000000
281.6000000000000 0.0000000000000
284.1600000000000 0.0000000000000
286.7200000000000 0.0000000000000
289.2800000000000 0.0000000000000
291.8400000000000 0.0000000000000
294.4000000000000 0.0000000000000
296.9600000000000 0.0000000000000
299.5200000000000 0.0000000000000
302.0800000000000 0.0000000000000
304.6400000000000 0.0000000000000
307.2000000000000 0.0000000000000
309.7600000000000 0.0000000000000
312.3200000000000 0.0000000000000
314.8800000000000 0.0000000000000
317.4400000000000 0.0000000000000
