# x lapse
-317.4400000000000 0.9942097879776
-314.8800000000000 0.9941629221016
-312.3200000000000 0.9941152886380
-309.7600000000000 0.9940668685983
-307.2000000000000 0.9940176423881
-304.6400000000000 0.9939675898470
-302.0800000000000 0.9939166900515
-299.5200000000000 0.9938649213442
-296.9600000000000 0.9938122613702
-294.4000000000000 0.9937586868470
-291.8400000000000 0.9937041736040
-289.2800000000000 0.9936486968815
-286.7200000000000 0.9935922312964
-284.1600000000000 0.9935347505552
-281.6000000000000 0.9934762271257
-279.0400000000000 0.9934166319185
-276.4800000000000 0.9933559345076
-273.9200000000000 0.9932941039639
-271.3600000000000 0.9932311091723
-268.8000000000000 0.9931669178548
-266.2400000000000 0.9931014955143
-263.6800000000000 0.9930348061687
-261.1200000000000 0.9929668136599
-258.5600000000000 0.9928974777010
-256.0000000000000 0.9928267373044
-253.4400000000000 0.9927544826724
-250.8800000000000 0.9926805456052
-248.3200000000000 0.9926047688278
-245.7600000000000 0.9925271670828
-243.2000000000000 0.9924480359766
-240.6400000000000 0.9923677876470
-238.0800000000000 0.9922865499699
-235.5200000000000 0.9922039616410
-232.9600000000000 0.9921194851093
-230.4000000000000 0.9920328768016
-227.8400000000000 0.9919441982823
-225.2800000000000 0.9918534605506
-222.7200000000000 0.9917605214285
-220.1600000000000 0.9916652876939
-217.6000000000000 0.9915677550130
-215.0400000000000 0.9914678848333
-212.4800000000000 0.9913656191410
-209.9200000000000 0.9912609212542
-207.3600000000000 0.9911537146838
-204.8000000000000 0.9910438884409
-202.2400000000000 0.9909313385622
-199.6800000000000 0.9908159420326
-197.1200000000000 0.9906975700605
-194.5600000000000 0.9905761098015
-192.0000000000000 0.9904514332830
-189.4400000000000 0.9903234008114
-186.8800000000000 0.9901918669659
-184.3200000000000 0.9900566786277
-181.7600000000000 0.9899176982787
-179.2000000000000 0.9897747911407
-176.6400000000000 0.9896278103815
-174.0800000000000 0.9894765917882
-171.5200000000000 0.9893209428948
-168.9600000000000 0.9891606628675
-166.4000000000000 0.9889955420361
-163.8400000000000 0.9888253500032
-161.2800000000000 0.9886498375092
-158.7200000000000 0.9884687379820
-156.1600000000000 0.9882817718129
-153.6000000000000 0.9880886489620
-151.0400000000000 0.9878890771778
-148.4800000000000 0.9876827519674
-145.9200000000000 0.9874693460649
-143.3600000000000 0.9872484966530
-140.8000000000000 0.9870198095023
-139.5200000000000 0.9869023975305
-138.2400000000000 0.9867828669951
-138.2400000000000 0.9867828669951
-136.9600000000000 0.9866611607157
-135.6800000000000 0.9865372207376
-135.6800000000000 0.9865372207376
-134.4000000000000 0.9864109870609
-133.1200000000000 0.9862823965903
-133.1200000000000 0.9862823965903
-131.8400000000000 0.9861513839294
-130.5600000000000 0.9860178818938
-130.5600000000000 0.9860178818938
-129.2800000000000 0.9858818207892
-128.0000000000000 0.9857431273742
-128.0000000000000 0.9857431273742
-126.7200000000000 0.9856017255636
-125.4400000000000 0.9854575383684
-125.4400000000000 0.9854575383684
-124.1600000000000 0.9853104852646
-122.8800000000000 0.9851604811945
-122.8800000000000 0.9851604811945
-121.6000000000000 0.9850074381350
-120.3200000000000 0.9848512656960
-120.3200000000000 0.9848512656960
-119.0400000000000 0.9846918696302
-117.7600000000000 0.9845291508203
-117.7600000000000 0.9845291508203
-116.4800000000000 0.9843630055808
-115.2000000000000 0.9841933270281
-115.2000000000000 0.9841933270281
-113.9200000000000 0.9840200053568
-112.6400000000000 0.9838429244110
-112.6400000000000 0.9838429244110
-111.3600000000000 0.9836619602388
-110.0800000000000 0.9834769859665
-110.0800000000000 0.9834769859665
-108.8000000000000 0.9832878727571
-107.5200000000000 0.9830944829467
-107.5200000000000 0.9830944829467
-106.2400000000000 0.9828966686319
-104.9600000000000 0.9826942776283
-104.9600000000000 0.9826942776283
-103.6800000000000 0.9824871534376
-102.4000000000000 0.9822751291019
-102.4000000000000 0.9822751291019
-101.1200000000000 0.9820580265518
-99.8400000000000 0.9818356616121
-99.8400000000000 0.9818356616121
-98.5600000000000 0.9816078448546
-97.2800000000000 0.9813743761025
-97.2800000000000 0.9813743761025
-96.0000000000000 0.9811350408475
-94.7200000000000 0.9808896133791
-94.7200000000000 0.9808896133791
-93.4400000000000 0.9806378603249
-92.1600000000000 0.9803795380555
-92.1600000000000 0.9803795380555
-90.8800000000000 0.9801143877221
-89.6000000000000 0.9798421349153
-89.6000000000000 0.9798421349153
-88.3200000000000 0.9795624927508
-87.0400000000000 0.9792751617472
-87.0400000000000 0.9792751617472
-85.7600000000000 0.9789798251907
-84.4800000000000 0.9786761452776
-84.4800000000000 0.9786761452776
-83.2000000000000 0.9783637628231
-81.9200000000000 0.9780422984658
-81.9200000000000 0.9780422984658
-80.6400000000000 0.9777113538937
-79.3600000000000 0.9773705107439
-79.3600000000000 0.9773705107439
-78.0800000000000 0.9770193250017
-76.8000000000000 0.9766573221162
-76.8000000000000 0.9766573221162
-75.5200000000000 0.9762839975487
-74.2400000000000 0.9758988175699
-74.2400000000000 0.9758988175699
-72.9600000000000 0.9755012158143
-71.6800000000000 0.9750905877450
-71.6800000000000 0.9750905877450
-70.4000000000000 0.9746662854286
-69.1200000000000 0.9742276163598
-69.1200000000000 0.9742276163598
-67.8400000000000 0.9737738448934
-66.5600000000000 0.9733041858187
-66.5600000000000 0.9733041858187
-65.2800000000000 0.9728177946349
-64.0000000000000 0.9723137650873
-64.0000000000000 0.9723137650873
-62.7200000000000 0.9717911242258
-61.4400000000000 0.9712488238736
-61.4400000000000 0.9712488238736
-60.1600000000000 0.9706857364864
-58.8800000000000 0.9701006473917
-58.8800000000000 0.9701006473917
-57.6000000000000 0.9694922437872
-56.3200000000000 0.9688591083719
-56.3200000000000 0.9688591083719
-55.0400000000000 0.9681997117361
-53.7600000000000 0.9675123951624
-53.7600000000000 0.9675123951624
-52.4800000000000 0.9667953524677
-51.2000000000000 0.9660466194705
-51.2000000000000 0.9660466194705
-49.9200000000000 0.9652640568639
-48.6400000000000 0.9644453274028
-48.6400000000000 0.9644453274028
-47.3600000000000 0.9635878641653
-46.0800000000000 0.9626888225144
-46.0800000000000 0.9626888225144
-44.8000000000000 0.9617450387641
-43.5200000000000 0.9607529724417
-43.5200000000000 0.9607529724417
-42.2400000000000 0.9597086238224
-40.9600000000000 0.9586074423829
-40.9600000000000 0.9586074423829
-39.6800000000000 0.9574441682988
-38.4000000000000 0.9562126095083
-38.4000000000000 0.9562126095083
-37.7600000000000 0.9555689795768
-37.1200000000000 0.9549054210867
-37.1200000000000 0.9549054210867
-36.4800000000000 0.9542207871730
-35.8400000000000 0.9535138190098
-35.8400000000000 0.9535138190098
-35.8400000000000 0.9535138190098
-35.2000000000000 0.9527831244386
-34.5600000000000 0.9520271793235
-34.5600000000000 0.9520271793235
-33.9200000000000 0.9512442900683
-33.2800000000000 0.9504325725730
-33.2800000000000 0.9504325725730
-33.2800000000000 0.9504325725730
-32.6400000000000 0.9495899282465
-32.0000000000000 0.9487140397500
-32.0000000000000 0.9487140397500
-31.3600000000000 0.9478023176420
-30.7200000000000 0.9468518929186
-30.7200000000000 0.9468518929186
-30.7200000000000 0.9468518929186
-30.0800000000000 0.9458595563894
-29.4400000000000 0.9448217105592
-29.4400000000000 0.9448217105592
-28.8000000000000 0.9437343657902
-28.1600000000000 0.9425931162757
-28.1600000000000 0.9425931162757
-28.1600000000000 0.9425931162757
-27.5200000000000 0.9413930615697
-26.8800000000000 0.9401287437665
-26.8800000000000 0.9401287437665
-26.2400000000000 0.9387941305543
-25.6000000000000 0.9373825532201
-25.6000000000000 0.9373825532201
-25.6000000000000 0.9373825532201
-24.9600000000000 0.9358865930523
-24.3200000000000 0.9342980179613
-24.3200000000000 0.9342980179613
-23.6800000000000 0.9326077598185
-23.0400000000000 0.9308057811988
-23.0400000000000 0.9308057811988
-23.0400000000000 0.9308057811988
-22.7200000000000 0.9298594346469
-22.4000000000000 0.9288808683293
-22.4000000000000 0.9288808683293
-22.0800000000000 0.9278684932637
-21.7600000000000 0.9268206385119
-21.7600000000000 0.9268206385119
-21.7600000000000 0.9268206385119
-21.4400000000000 0.9257355391848
-21.1200000000000 0.9246112482546
-21.1200000000000 0.9246112482546
-20.8000000000000 0.9234457157611
-20.4800000000000 0.9222369020650
-20.4800000000000 0.9222369020650
-20.4800000000000 0.9222369020650
-20.4800000000000 0.9222369020650
-20.1600000000000 0.9209826568982
-19.8400000000000 0.9196806442047
-19.8400000000000 0.9196806442047
-19.5200000000000 0.9183284092985
-19.2000000000000 0.9169233832796
-19.2000000000000 0.9169233832796
-19.2000000000000 0.9169233832796
-18.8800000000000 0.9154628758176
-18.5600000000000 0.9139440327620
-18.5600000000000 0.9139440327620
-18.2400000000000 0.9123638289915
-17.9200000000000 0.9107190839177
-17.9200000000000 0.9107190839177
-17.9200000000000 0.9107190839177
-17.9200000000000 0.9107190839177
-17.6000000000000 0.9090064535582
-17.2800000000000 0.9072223821847
-17.2800000000000 0.9072223821847
-16.9600000000000 0.9053630007034
-16.6400000000000 0.9034241160532
-16.6400000000000 0.9034241160532
-16.6400000000000 0.9034241160532
-16.3200000000000 0.9014012879751
-16.0000000000000 0.8992897807880
-16.0000000000000 0.8992897807880
-15.6800000000000 0.8970845444220
-15.5200000000000 0.8959451250130
-15.3600000000000 0.8947802434657
-15.3600000000000 0.8947802434657
-15.3600000000000 0.8947802434657
-15.3600000000000 0.8947802434657
-15.3600000000000 0.8947802434657
-15.2000000000000 0.8935891709834
-15.0400000000000 0.8923711523390
-15.0400000000000 0.8923711523390
-14.8800000000000 0.8911254028484
-14.7200000000000 0.8898510948060
-14.7200000000000 0.8898510948060
-14.7200000000000 0.8898510948060
-14.5600000000000 0.8885473688596
-14.4000000000000 0.8872133464565
-14.4000000000000 0.8872133464565
-14.2400000000000 0.8858481135214
-14.0800000000000 0.8844507240785
-14.0800000000000 0.8844507240785
-14.0800000000000 0.8844507240785
-14.0800000000000 0.8844507240785
-13.9200000000000 0.8830201875364
-13.7600000000000 0.8815554729098
-13.7600000000000 0.8815554729098
-13.6000000000000 0.8800554863612
-13.4400000000000 0.8785190723697
-13.4400000000000 0.8785190726674
-13.4400000000000 0.8785190723697
-13.2800000000000 0.8769450411196
-13.1200000000000 0.8753321799827
-13.1200000000000 0.8753321799827
-12.9600000000000 0.8736792286665
-12.8000000000000 0.8719848526219
-12.8000000000000 0.8719848526219
-12.8000000000000 0.8719848526219
-12.8000000000000 0.8719848526219
-12.8000000000000 0.8719848526219
-12.6400000000000 0.8702476460023
-12.4800000000000 0.8684661460503
-12.4800000000000 0.8684661460503
-12.3200000000000 0.8666388343940
-12.1600000000000 0.8647641335884
-12.1600000000000 0.8647641335884
-12.1600000000000 0.8647641335884
-12.0000000000000 0.8628404024457
-11.8400000000000 0.8608659212875
-11.8400000000000 0.8608659212875
-11.6800000000000 0.8588388766830
-11.5200000000000 0.8567573540002
-11.5200000000000 0.8567573540002
-11.5200000000000 0.8567573540002
-11.5200000000000 0.8567573540002
-11.3600000000000 0.8546193381203
-11.2000000000000 0.8524227194344
-11.2000000000000 0.8524227194344
-11.0400000000000 0.8501652838916
-10.8800000000000 0.8478446996869
-10.8800000000000 0.8478446996869
-10.8800000000000 0.8478446996869
-10.8000000000000 0.8466599690036
-10.7200000000000 0.8454585287656
-10.7200000000000 0.8454585287656
-10.6400000000000 0.8442400564469
-10.5600000000000 0.8430042191285
-10.5600000000000 0.8430042191285
-10.5600000000000 0.8430042191285
-10.4800000000000 0.8417506748199
-10.4000000000000 0.8404790714208
-10.4000000000000 0.8404790714208
-10.3200000000000 0.8391890470570
-10.2400000000000 0.8378802307706
-10.2400000000000 0.8378802307706
-10.2400000000000 0.8378802307706
-10.2400000000000 0.8378802307706
-10.2400000000000 0.8378802307706
-10.2400000000000 0.8378802307706
-10.1600000000000 0.8365522414805
-10.0800000000000 0.8352046869494
-10.0800000000000 0.8352046869494
-10.0000000000000 0.8338371644946
-9.9200000000000 0.8324492611818
-9.9200000000000 0.8324492611818
-9.9200000000000 0.8324492611818
-9.8400000000000 0.8310405533907
-9.7600000000000 0.8296106062316
-9.7600000000000 0.8296106062316
-9.6800000000000 0.8281589725946
-9.6000000000000 0.8266851918528
-9.6000000000000 0.8266851918528
-9.6000000000000 0.8266851918528
-9.6000000000000 0.8266851918528
-9.5200000000000 0.8251887883513
-9.4400000000000 0.8236692704828
-9.4400000000000 0.8236692704828
-9.3600000000000 0.8221261311024
-9.2800000000000 0.8205588488648
-9.2800000000000 0.8205588488793
-9.2800000000000 0.8205588488793
-9.2000000000000 0.8189668892101
-9.1200000000000 0.8173497037142
-9.1200000000000 0.8173497037142
-9.0400000000000 0.8157067284994
-8.9600000000000 0.8140373819244
-8.9600000000000 0.8140373819244
-8.9600000000000 0.8140373819244
-8.9600000000000 0.8140373819244
-8.9600000000000 0.8140373819244
-8.8800000000000 0.8123410622373
-8.8000000000000 0.8106171461633
-8.8000000000000 0.8106171461633
-8.7200000000000 0.8088649888415
-8.6400000000000 0.8070839251202
-8.6400000000000 0.8070839251202
-8.6400000000000 0.8070839251202
-8.5600000000000 0.8052732708697
-8.4800000000000 0.8034323227019
-8.4800000000000 0.8034323227019
-8.4000000000000 0.8015603559569
-8.3200000000000 0.7996566227996
-8.3200000000000 0.7996566227996
-8.3200000000000 0.7996566227996
-8.3200000000000 0.7996566227996
-8.2400000000000 0.7977203522321
-8.1600000000000 0.7957507517993
-8.1600000000000 0.7957507517993
-8.0800000000000 0.7937470084150
-8.0000000000000 0.7917082865446
-8.0000000000000 0.7917082865446
-8.0000000000000 0.7917082865446
-7.9200000000000 0.7896337241498
-7.8400000000000 0.7875224292954
-7.8400000000000 0.7875224292954
-7.7600000000000 0.7853734787341
-7.6800000000000 0.7831859177063
-7.6800000000000 0.7831859177063
-7.6800000000000 0.7831859177063
-7.6800000000000 0.7831859177063
-7.6800000000000 0.7831859177063
-7.6800000000000 0.7831859177063
-7.6000000000000 0.7809587594532
-7.5200000000000 0.7786909842185
-7.5200000000000 0.7786909842185
-7.4400000000000 0.7763815386782
-7.3600000000000 0.7740293353539
-7.3600000000000 0.7740293353539
-7.3600000000000 0.7740293353539
-7.2800000000000 0.7716332519995
-7.2000000000000 0.7691921305010
-7.2000000000000 0.7691921305010
-7.1200000000000 0.7667047742301
-7.0400000000000 0.7641699444157
-7.0400000000000 0.7641699444157
-7.0400000000000 0.7641699444157
-7.0400000000000 0.7641699444157
-6.9600000000000 0.7615863568426
-6.8800000000000 0.7589526796425
-6.8800000000000 0.7589526796425
-6.8000000000000 0.7562675331178
-6.7200000000000 0.7535294897292
-6.7200000000000 0.7535294897292
-6.7200000000000 0.7535294897292
-6.6400000000000 0.7507370729394
-6.5600000000000 0.7478887547098
-6.5600000000000 0.7478887547098
-6.4800000000000 0.7449829536113
-6.4000000000000 0.7420180331697
-6.4000000000000 0.7420180331697
-6.4000000000000 0.7420180331697
-6.4000000000000 0.7420180331697
-6.4000000000000 0.7420180331697
-6.3600000000000 0.7405128759435
-6.3200000000000 0.7389922985750
-6.3200000000000 0.7389922985750
-6.2800000000000 0.7374560795636
-6.2400000000000 0.7359039934905
-6.2400000000000 0.7359039934905
-6.2400000000000 0.7359039934905
-6.2000000000000 0.7343358108231
-6.1600000000000 0.7327512977500
-6.1600000000000 0.7327512977500
-6.1200000000000 0.7311502161032
-6.0800000000000 0.7295323235397
-6.0800000000000 0.7295323235397
-6.0800000000000 0.7295323235397
-6.0800000000000 0.7295323235397
-6.0400000000000 0.7278973730613
-6.0000000000000 0.7262451126640
-6.0000000000000 0.7262451126640
-5.9600000000000 0.7245752853928
-5.9200000000000 0.7228876290313
-5.9200000000000 0.7228876290313
-5.9200000000000 0.7228876290313
-5.8800000000000 0.7211818761303
-5.8400000000000 0.7194577540622
-5.8400000000000 0.7194577540622
-5.8000000000000 0.7177149852041
-5.7600000000000 0.7159532871240
-5.7600000000000 0.7159532871240
-5.7600000000000 0.7159532871240
-5.7600000000000 0.7159532871240
-5.7600000000000 0.7159532871240
-5.7200000000000 0.7141723726720
-5.6800000000000 0.7123719497495
-5.6800000000000 0.7123719497495
-5.6400000000000 0.7105517212082
-5.6000000000000 0.7087113843087
-5.6000000000000 0.7087113843087
-5.6000000000000 0.7087113843087
-5.5600000000000 0.7068506303659
-5.5200000000000 0.7049691447944
-5.5200000000000 0.7049691447944
-5.4800000000000 0.7030666071139
-5.4400000000000 0.7011426908170
-5.4400000000000 0.7011426908170
-5.4400000000000 0.7011426908170
-5.4400000000000 0.7011426908170
-5.4000000000000 0.6991970633900
-5.3600000000000 0.6972293859539
-5.3600000000000 0.6972293859539
-5.3200000000000 0.6952393127384
-5.2800000000000 0.6932264910485
-5.2800000000000 0.6932264910485
-5.2800000000000 0.6932264910485
-5.2400000000000 0.6911905616632
-5.2000000000000 0.6891311583975
-5.2000000000000 0.6891311583975
-5.1600000000000 0.6870479087326
-5.1200000000000 0.6849404331677
-5.1200000000000 0.6849404331677
-5.1200000000000 0.6849404331677
-5.1200000000000 0.6849404331677
-5.1200000000000 0.6849404331677
-5.1200000000000 0.6849404331677
-5.1200000000000 0.6849404331677
-5.0800000000000 0.6828083447912
-5.0400000000000 0.6806512490824
-5.0400000000000 0.6806512490824
-5.0000000000000 0.6784687441714
-4.9600000000000 0.6762604210934
-4.9600000000000 0.6762604210934
-4.9600000000000 0.6762604210934
-4.9200000000000 0.6740258643931
-4.8800000000000 0.6717646515489
-4.8800000000000 0.6717646515489
-4.8400000000000 0.6694763509266
-4.8000000000000 0.6671605214963
-4.8000000000000 0.6671605214963
-4.8000000000000 0.6671605214963
-4.8000000000000 0.6671605214963
-4.7600000000000 0.6648167119966
-4.7200000000000 0.6624444623106
-4.7200000000000 0.6624444623106
-4.6800000000000 0.6600433037290
-4.6400000000000 0.6576127601699
-4.6400000000000 0.6576127601699
-4.6400000000000 0.6576127601699
-4.6000000000000 0.6551523479842
-4.5600000000000 0.6526615740390
-4.5600000000000 0.6526615740390
-4.5200000000000 0.6501399331713
-4.4800000000000 0.6475869137318
-4.4800000000000 0.6475869137318
-4.4800000000000 0.6475869137318
-4.4800000000000 0.6475869137318
-4.4800000000000 0.6475869137318
-4.4400000000000 0.6450019919361
-4.4000000000000 0.6423846329300
-4.4000000000000 0.6423846329300
-4.3600000000000 0.6397342908706
-4.3200000000000 0.6370504083243
-4.3200000000000 0.6370504083243
-4.3200000000000 0.6370504083243
-4.2800000000000 0.6343324159710
-4.2400000000000 0.6315797354032
-4.2400000000000 0.6315797354032
-4.2000000000000 0.6287917769695
-4.1800000000000 0.6273843807575
-4.1600000000000 0.6259679389197
-4.1600000000000 0.6259679389197
-4.1600000000000 0.6259679389197
-4.1600000000000 0.6259679389197
-4.1600000000000 0.6259679389197
-4.1400000000000 0.6245423750060
-4.1200000000000 0.6231076110336
-4.1200000000000 0.6231076110336
-4.1000000000000 0.6216635682673
-4.0800000000000 0.6202101678536
-4.0800000000000 0.6202101678536
-4.0800000000000 0.6202101678536
-4.0600000000000 0.6187473301657
-4.0400000000000 0.6172749743036
-4.0400000000000 0.6172749743036
-4.0200000000000 0.6157930186157
-4.0000000000000 0.6143013810125
-4.0000000000000 0.6143013810125
-4.0000000000000 0.6143013810125
-4.0000000000000 0.6143013810125
-3.9800000000000 0.6127999785909
-3.9600000000000 0.6112887277420
-3.9600000000000 0.6112887277420
-3.9400000000000 0.6097675440054
-3.9200000000000 0.6082363416606
-3.9200000000000 0.6082363416606
-3.9200000000000 0.6082363416606
-3.9000000000000 0.6066950340300
-3.8800000000000 0.6051435342297
-3.8800000000000 0.6051435342297
-3.8600000000000 0.6035817542823
-3.8400000000000 0.6020096058350
-3.8400000000000 0.6020096058350
-3.8400000000000 0.6020096058350
-3.8400000000000 0.6020096058350
-3.8400000000000 0.6020096058350
-3.8400000000000 0.6020096058350
-3.8400000000000 0.6020096058350
-3.8200000000000 0.6004269992908
-3.8000000000000 0.5988338433154
-3.8000000000000 0.5988338433154
-3.7800000000000 0.5972300459291
-3.7600000000000 0.5956155145141
-3.7600000000000 0.5956155145141
-3.7600000000000 0.5956155145141
-3.7400000000000 0.5939901561290
-3.7200000000000 0.5923538765144
-3.7200000000000 0.5923538765144
-3.7000000000000 0.5907065809440
-3.6800000000000 0.5890481743195
-3.6800000000000 0.5890481743195
-3.6800000000000 0.5890481743195
-3.6800000000000 0.5890481743195
-3.6600000000000 0.5873785605649
-3.6400000000000 0.5856976431427
-3.6400000000000 0.5856976431427
-3.6200000000000 0.5840053241707
-3.6000000000000 0.5823015045473
-3.6000000000000 0.5823015045473
-3.6000000000000 0.5823015045473
-3.5800000000000 0.5805860840018
-3.5600000000000 0.5788589613820
-3.5600000000000 0.5788589613820
-3.5400000000000 0.5771200341802
-3.5200000000000 0.5753691984800
-3.5200000000000 0.5753691984800
-3.5200000000000 0.5753691984800
-3.5200000000000 0.5753691984800
-3.5200000000000 0.5753691984800
-3.5000000000000 0.5736063499864
-3.4800000000000 0.5718313825256
-3.4800000000000 0.5718313825256
-3.4600000000000 0.5700441885431
-3.4400000000000 0.5682446600941
-3.4400000000000 0.5682446600941
-3.4400000000000 0.5682446600941
-3.4200000000000 0.5664326888916
-3.4000000000000 0.5646081642782
-3.4000000000000 0.5646081642782
-3.3800000000000 0.5627709753409
-3.3600000000000 0.5609210109880
-3.3600000000000 0.5609210109880
-3.3600000000000 0.5609210109880
-3.3600000000000 0.5609210109880
-3.3400000000000 0.5590581586639
-3.3200000000000 0.5571823056570
-3.3200000000000 0.5571823056570
-3.3000000000000 0.5552933385476
-3.2800000000000 0.5533911444941
-3.2800000000000 0.5533911444941
-3.2800000000000 0.5533911444941
-3.2600000000000 0.5514756103345
-3.2400000000000 0.5495466212841
-3.2400000000000 0.5495466212841
-3.2200000000000 0.5476040605825
-3.2000000000000 0.5456478099028
-3.2000000000000 0.5456478099028
-3.2000000000000 0.5456478099028
-3.2000000000000 0.5456478099028
-3.2000000000000 0.5456478099028
-3.2000000000000 0.5456478099028
-3.1800000000000 0.5436777498472
-3.1600000000000 0.5416937588373
-3.1600000000000 0.5416937588373
-3.1400000000000 0.5396957160350
-3.1200000000000 0.5376835007763
-3.1200000000000 0.5376835007763
-3.1200000000000 0.5376835007763
-3.1000000000000 0.5356569895114
-3.0800000000000 0.5336160579210
-3.0800000000000 0.5336160579210
-3.0600000000000 0.5315605813882
-3.0400000000000 0.5294904323803
-3.0400000000000 0.5294904323803
-3.0400000000000 0.5294904323803
-3.0400000000000 0.5294904323803
-3.0200000000000 0.5274054808623
-3.0000000000000 0.5253055980217
-3.0000000000000 0.5253055980217
-2.9800000000000 0.5231906554064
-2.9600000000000 0.5210605219350
-2.9600000000000 0.5210605219350
-2.9600000000000 0.5210605219350
-2.9400000000000 0.5189150656260
-2.9200000000000 0.5167541564669
-2.9200000000000 0.5167541564669
-2.9000000000000 0.5145776604413
-2.8800000000000 0.5123854433204
-2.8800000000000 0.5123854433204
-2.8800000000000 0.5123854433204
-2.8800000000000 0.5123854433204
-2.8800000000000 0.5123854433204
-2.8600000000000 0.5101773694576
-2.8400000000000 0.5079533018444
-2.8400000000000 0.5079533018444
-2.8200000000000 0.5057131065695
-2.8000000000000 0.5034566486093
-2.8000000000000 0.5034566486093
-2.8000000000000 0.5034566486093
-2.7800000000000 0.5011837907207
-2.7600000000000 0.4988943947187
-2.7600000000000 0.4988943947187
-2.7400000000000 0.4965883210590
-2.7200000000000 0.4942654330188
-2.7200000000000 0.4942654330188
-2.7200000000000 0.4942654330188
-2.7200000000000 0.4942654330188
-2.7000000000000 0.4919255913474
-2.6800000000000 0.4895686522386
-2.6800000000000 0.4895686522386
-2.6600000000000 0.4871944702982
-2.6400000000000 0.4848028989613
-2.6400000000000 0.4848028989613
-2.6400000000000 0.4848028989613
-2.6200000000000 0.4823937865625
-2.6000000000000 0.4799669828359
-2.6000000000000 0.4799669828359
-2.5800000000000 0.4775223370676
-2.5600000000000 0.4750596978507
-2.5600000000000 0.4750596978507
-2.5600000000000 0.4750596978507
-2.5600000000000 0.4750596978507
-2.5600000000000 0.4750596978507
-2.5600000000000 0.4750596978507
-2.5600000000000 0.4750596978507
-2.5600000000000 0.4750596978507
-2.5400000000000 0.4725789172884
-2.5200000000000 0.4700798480170
-2.5200000000000 0.4700798480170
-2.5000000000000 0.4675623424279
-2.4800000000000 0.4650262552850
-2.4800000000000 0.4650262552850
-2.4800000000000 0.4650262552850
-2.4600000000000 0.4624714425845
-2.4400000000000 0.4598977570446
-2.4400000000000 0.4598977570446
-2.4200000000000 0.4573050485010
-2.4000000000000 0.4546931618005
-2.4000000000000 0.4546931618005
-2.4000000000000 0.4546931618005
-2.4000000000000 0.4546931618005
-2.3800000000000 0.4520619425743
-2.3600000000000 0.4494112348962
-2.3600000000000 0.4494112348962
-2.3400000000000 0.4467408823980
-2.3200000000000 0.4440507286940
-2.3200000000000 0.4440507286940
-2.3200000000000 0.4440507286940
-2.3000000000000 0.4413406238815
-2.2800000000000 0.4386104099353
-2.2800000000000 0.4386104099353
-2.2600000000000 0.4358599238784
-2.2400000000000 0.4330890044515
-2.2400000000000 0.4330890044515
-2.2400000000000 0.4330890044515
-2.2400000000000 0.4330890044515
-2.2400000000000 0.4330890044515
-2.2200000000000 0.4302974951996
-2.2000000000000 0.4274852404491
-2.2000000000000 0.4274852404491
-2.1800000000000 0.4246520959777
-2.1600000000000 0.4217979177108
-2.1600000000000 0.4217979177108
-2.1600000000000 0.4217979177108
-2.1400000000000 0.4189225589023
-2.1200000000000 0.4160258616951
-2.1200000000000 0.4160258616951
-2.1000000000000 0.4131076704892
-2.0800000000000 0.4101678233805
-2.0800000000000 0.4101678233805
-2.0800000000000 0.4101678233805
-2.0800000000000 0.4101678233805
-2.0600000000000 0.4072061569737
-2.0400000000000 0.4042225078604
-2.0400000000000 0.4042225078604
-2.0200000000000 0.4012167313874
-2.0000000000000 0.3981886837021
-2.0000000000000 0.3981886837021
-2.0000000000000 0.3981886837021
-1.9800000000000 0.3951382161259
-1.9600000000000 0.3920651684856
-1.9600000000000 0.3920651684856
-1.9400000000000 0.3889693860196
-1.9200000000000 0.3858507098390
-1.9200000000000 0.3858507098390
-1.9200000000000 0.3858507098390
-1.9200000000000 0.3858507098390
-1.9200000000000 0.3858507098390
-1.9200000000000 0.3858507098390
-1.9000000000000 0.3827090008499
-1.8800000000000 0.3795441345928
-1.8800000000000 0.3795441345928
-1.8600000000000 0.3763559877025
-1.8400000000000 0.3731444046081
-1.8400000000000 0.3731444046081
-1.8400000000000 0.3731444046081
-1.8200000000000 0.3699092252528
-1.8000000000000 0.3666502966203
-1.8000000000000 0.3666502966203
-1.7800000000000 0.3633675123401
-1.7600000000000 0.3600607582522
-1.7600000000000 0.3600607582522
-1.7600000000000 0.3600607582522
-1.7600000000000 0.3600607582522
-1.7400000000000 0.3567298920939
-1.7200000000000 0.3533747548136
-1.7200000000000 0.3533747548136
-1.7000000000000 0.3499952216640
-1.6800000000000 0.3465912055092
-1.6800000000000 0.3465912055092
-1.6800000000000 0.3465912055092
-1.6600000000000 0.3431626121383
-1.6400000000000 0.3397093022437
-1.6400000000000 0.3397093022437
-1.6200000000000 0.3362311428135
-1.6000000000000 0.3327280391379
-1.6000000000000 0.3327280391379
-1.6000000000000 0.3327280391379
-1.6000000000000 0.3327280391379
-1.6000000000000 0.3327280391379
-1.5800000000000 0.3291999115390
-1.5600000000000 0.3256466560637
-1.5600000000000 0.3256466560637
-1.5400000000000 0.3220681614217
-1.5200000000000 0.3184643533485
-1.5200000000000 0.3184643533485
-1.5200000000000 0.3184643533485
-1.5000000000000 0.3148351615191
-1.4800000000000 0.3111805263864
-1.4800000000000 0.3111805263864
-1.4600000000000 0.3075003572509
-1.4400000000000 0.3037945653628
-1.4400000000000 0.3037945653628
-1.4400000000000 0.3037945653628
-1.4400000000000 0.3037945653628
-1.4200000000000 0.3000631207112
-1.4000000000000 0.2963060030876
-1.4000000000000 0.2963060030876
-1.3800000000000 0.2925231855487
-1.3600000000000 0.2887146093180
-1.3600000000000 0.2887146093180
-1.3600000000000 0.2887146093180
-1.3400000000000 0.2848802551050
-1.3200000000000 0.2810201401538
-1.3200000000000 0.2810201401538
-1.3000000000000 0.2771342995674
-1.2800000000000 0.2732227245237
-1.2800000000000 0.2732227245237
-1.2800000000000 0.2732227245237
-1.2800000000000 0.2732227245237
-1.2800000000000 0.2732227245237
-1.2800000000000 0.2732227245237
-1.2800000000000 0.2732227245237
-1.2600000000000 0.2692854426987
-1.2400000000000 0.2653225056629
-1.2400000000000 0.2653225056629
-1.2200000000000 0.2613339745337
-1.2000000000000 0.2573199060082
-1.2000000000000 0.2573199060082
-1.2000000000000 0.2573199060082
-1.1800000000000 0.2532803949925
-1.1600000000000 0.2492155264512
-1.1600000000000 0.2492155264512
-1.1400000000000 0.2451254084418
-1.1200000000000 0.2410102061519
-1.1200000000000 0.2410102061519
-1.1200000000000 0.2410102061519
-1.1200000000000 0.2410102061519
-1.1000000000000 0.2368700534487
-1.0800000000000 0.2327051391978
-1.0800000000000 0.2327051391978
-1.0600000000000 0.2285155918485
-1.0400000000000 0.2243016804566
-1.0400000000000 0.2243016804566
-1.0400000000000 0.2243016804566
-1.0200000000000 0.2200636640637
-1.0000000000000 0.2158017684679
-1.0000000000000 0.2158017684679
-0.9800000000000 0.2115162725303
-0.9600000000000 0.2072075082757
-0.9600000000000 0.2072075082757
-0.9600000000000 0.2072075082757
-0.9600000000000 0.2072075082757
-0.9600000000000 0.2072075082757
-0.9400000000000 0.2028757838867
-0.9200000000000 0.1985215345238
-0.9200000000000 0.1985215345238
-0.9000000000000 0.1941451167723
-0.8800000000000 0.1897470415639
-0.8800000000000 0.1897470415639
-0.8800000000000 0.1897470415639
-0.8600000000000 0.1853277566740
-0.8400000000000 0.1808878506441
-0.8400000000000 0.1808878506441
-0.8200000000000 0.1764278504372
-0.8000000000000 0.1719484013073
-0.8000000000000 0.1719484013073
-0.8000000000000 0.1719484013073
-0.8000000000000 0.1719484013073
-0.7800000000000 0.1674501765686
-0.7600000000000 0.1629338994494
-0.7600000000000 0.1629338994494
-0.7400000000000 0.1584003670643
-0.7200000000000 0.1538503537092
-0.7200000000000 0.1538503537092
-0.7200000000000 0.1538503537092
-0.7000000000000 0.1492848004692
-0.6800000000000 0.1447047083334
-0.6800000000000 0.1447047083334
-0.6600000000000 0.1401112018417
-0.6400000000000 0.1355054170434
-0.6400000000000 0.1355054170434
-0.6400000000000 0.1355054170434
-0.6400000000000 0.1355054170434
-0.6400000000000 0.1355054170434
-0.6400000000000 0.1355054170434
-0.6200000000000 0.1308887757436
-0.6000000000000 0.1262624557543
-0.6000000000000 0.1262624557543
-0.5800000000000 0.1216281593823
-0.5600000000000 0.1169872766551
-0.5600000000000 0.1169872766551
-0.5600000000000 0.1169872766551
-0.5400000000000 0.1123417403262
-0.5200000000000 0.1076932659726
-0.5200000000000 0.1076932659726
-0.5000000000000 0.1030438290357
-0.4800000000000 0.0983959396917
-0.4800000000000 0.0983959396917
-0.4800000000000 0.0983959396917
-0.4800000000000 0.0983959396917
-0.4600000000000 0.0937514381446
-0.4400000000000 0.0891138409644
-0.4400000000000 0.0891138409644
-0.4200000000000 0.0844853265008
-0.4000000000000 0.0798679678936
-0.4000000000000 0.0798679678936
-0.4000000000000 0.0798679678936
-0.3800000000000 0.0752669775612
-0.3600000000000 0.0706866758164
-0.3600000000000 0.0706866758164
-0.3400000000000 0.0661321196619
-0.3200000000000 0.0616084419831
-0.3200000000000 0.0616084419831
-0.3200000000000 0.0616084419831
-0.3200000000000 0.0616084419831
-0.3200000000000 0.0616084419831
-0.3000000000000 0.0571194878947
-0.2800000000000 0.0526700563134
-0.2800000000000 0.0526700563134
-0.2600000000000 0.0482671232684
-0.2400000000000 0.0439193847523
-0.2400000000000 0.0439193847523
-0.2400000000000 0.0439193847523
-0.2200000000000 0.0396346933367
-0.2000000000000 0.0354191758166
-0.2000000000000 0.0354191758166
-0.1800000000000 0.0312708478118
-0.1600000000000 0.0271871311009
-0.1600000000000 0.0271871311009
-0.1600000000000 0.0271871311009
-0.1600000000000 0.0271871311009
-0.1400000000000 0.0231672005402
-0.1200000000000 0.0191889989446
-0.1200000000000 0.0191889989446
-0.1000000000000 0.0152793948463
-0.0800000000000 0.0115946131174
-0.0800000000000 0.0115946131174
-0.0800000000000 0.0115946131174
-0.0600000000000 0.0082638027659
-0.0400000000000 0.0053112303132
-0.0400000000000 0.0053112303132
-0.0200000000000 0.0030263744496
0.0000000000000 0.0021175957174
0.0000000000000 0.0021175957174
0.0000000000000 0.0021175957174
0.0000000000000 0.0021175957174
0.0000000000000 0.0021175957174
0.0000000000000 0.0021175957174
0.0000000000000 0.0021175957174
0.0000000000000 0.0021175957174
0.0200000000000 0.0029973825841
0.0400000000000 0.0052706908688
0.0400000000000 0.0052706908688
0.0600000000000 0.0082915228669
0.0800000000000 0.0117128861241
0.0800000000000 0.0117128861241
0.0800000000000 0.0117128861241
0.1000000000000 0.0153862314729
0.1200000000000 0.0192184837007
0.1200000000000 0.0192184837007
0.1400000000000 0.0231696027371
0.1600000000000 0.0271964560397
0.1600000000000 0.0271964560397
0.1600000000000 0.0271964560397
0.1600000000000 0.0271964560397
0.1800000000000 0.0312858573306
0.2000000000000 0.0354344664310
0.2000000000000 0.0354344664310
0.2200000000000 0.0396502059338
0.2400000000000 0.0439357326486
0.2400000000000 0.0439357326486
0.2400000000000 0.0439357326486
0.2600000000000 0.0482848278293
0.2800000000000 0.0526874966920
0.2800000000000 0.0526874966920
0.3000000000000 0.0571370403265
0.3200000000000 0.0616274100624
0.3200000000000 0.0616274100624
0.3200000000000 0.0616274100624
0.3200000000000 0.0616274100624
0.3200000000000 0.0616274100624
0.3400000000000 0.0661519781220
0.3600000000000 0.0707057291215
0.3600000000000 0.0707057291215
0.3800000000000 0.0752851797052
0.4000000000000 0.0798852542110
0.4000000000000 0.0798852542110
0.4000000000000 0.0798852542110
0.4200000000000 0.0845013533276
0.4400000000000 0.0891301414751
0.4400000000000 0.0891301414751
0.4600000000000 0.0937678491774
0.4800000000000 0.0984114164713
0.4800000000000 0.0984114164713
0.4800000000000 0.0984114164713
0.4800000000000 0.0984114164713
0.5000000000000 0.1030586766566
0.5200000000000 0.1077077659381
0.5200000000000 0.1077077659381
0.5400000000000 0.1123558496939
0.5600000000000 0.1170010763308
0.5600000000000 0.1170010763308
0.5600000000000 0.1170010763308
0.5800000000000 0.1216417519787
0.6000000000000 0.1262757854220
0.6000000000000 0.1262757854220
0.6200000000000 0.1309018268446
0.6400000000000 0.1355182567880
0.6400000000000 0.1355182567880
0.6400000000000 0.1355182567880
0.6400000000000 0.1355182567880
0.6400000000000 0.1355182567880
0.6400000000000 0.1355182567880
0.6600000000000 0.1401239352244
0.6800000000000 0.1447172776694
0.6800000000000 0.1447172776694
0.7000000000000 0.1492971640619
0.7200000000000 0.1538626156433
0.7200000000000 0.1538626156433
0.7200000000000 0.1538626156433
0.7400000000000 0.1584125619251
0.7600000000000 0.1629460956010
0.7600000000000 0.1629460956010
0.7800000000000 0.1674622536397
0.8000000000000 0.1719603179385
0.8000000000000 0.1719603179385
0.8000000000000 0.1719603179385
0.8000000000000 0.1719603179385
0.8200000000000 0.1764396656587
0.8400000000000 0.1808996093799
0.8400000000000 0.1808996093799
0.8600000000000 0.1853394461134
0.8800000000000 0.1897586642095
0.8800000000000 0.1897586642095
0.8800000000000 0.1897586642095
0.9000000000000 0.1941566732606
0.9200000000000 0.1985330550452
0.9200000000000 0.1985330550452
0.9400000000000 0.2028872825698
0.9600000000000 0.2072189431970
0.9600000000000 0.2072189431970
0.9600000000000 0.2072189431970
0.9600000000000 0.2072189431970
0.9600000000000 0.2072189431970
0.9800000000000 0.2115277239742
1.0000000000000 0.2158132065514
1.0000000000000 0.2158132065514
1.0200000000000 0.2200750876067
1.0400000000000 0.2243130423373
1.0400000000000 0.2243130423373
1.0400000000000 0.2243130423373
1.0600000000000 0.2285268303173
1.0800000000000 0.2327162403515
1.0800000000000 0.2327162403515
1.1000000000000 0.2368810292998
1.1200000000000 0.2410210341538
1.1200000000000 0.2410210341538
1.1200000000000 0.2410210341538
1.1200000000000 0.2410210341538
1.1400000000000 0.2451360747048
1.1600000000000 0.2492260149828
1.1600000000000 0.2492260149828
1.1800000000000 0.2532907346769
1.2000000000000 0.2573300822214
1.2000000000000 0.2573300822214
1.2000000000000 0.2573300822214
1.2200000000000 0.2613439959887
1.2400000000000 0.2653324036661
1.2400000000000 0.2653324036661
1.2600000000000 0.2692952249066
1.2800000000000 0.2732324066697
1.2800000000000 0.2732324066697
1.2800000000000 0.2732324066697
1.2800000000000 0.2732324066697
1.2800000000000 0.2732324066697
1.2800000000000 0.2732324066697
1.2800000000000 0.2732324066697
1.3000000000000 0.2771438787790
1.3200000000000 0.2810296378233
1.3200000000000 0.2810296378233
1.3400000000000 0.2848896763618
1.3600000000000 0.2887239859007
1.3600000000000 0.2887239859007
1.3600000000000 0.2887239859007
1.3800000000000 0.2925325328571
1.4000000000000 0.2963153417271
1.4000000000000 0.2963153417271
1.4200000000000 0.3000724329820
1.4400000000000 0.3038038515467
1.4400000000000 0.3038038515467
1.4400000000000 0.3038038515467
1.4400000000000 0.3038038515467
1.4600000000000 0.3075096182250
1.4800000000000 0.3111897885000
1.4800000000000 0.3111897885000
1.5000000000000 0.3148444330422
1.5200000000000 0.3184736363792
1.5200000000000 0.3184736363792
1.5200000000000 0.3184736363792
1.5400000000000 0.3220774445579
1.5600000000000 0.3256559337341
1.5600000000000 0.3256559337341
1.5800000000000 0.3292091766603
1.6000000000000 0.3327372952900
1.6000000000000 0.3327372952900
1.6000000000000 0.3327372952900
1.6000000000000 0.3327372952900
1.6000000000000 0.3327372952900
1.6200000000000 0.3362403940397
1.6400000000000 0.3397185487026
1.6400000000000 0.3397185487026
1.6600000000000 0.3431718389301
1.6800000000000 0.3466004017942
1.6800000000000 0.3466004017942
1.6800000000000 0.3466004017942
1.7000000000000 0.3500043693309
1.7200000000000 0.3533838558579
1.7200000000000 0.3533838558579
1.7400000000000 0.3567389487373
1.7600000000000 0.3600697761480
1.7600000000000 0.3600697761480
1.7600000000000 0.3600697761480
1.7600000000000 0.3600697761480
1.7800000000000 0.3633764849221
1.8000000000000 0.3666592196223
1.8000000000000 0.3666592196223
1.8200000000000 0.3699180942734
1.8400000000000 0.3731532231927
1.8400000000000 0.3731532231927
1.8400000000000 0.3731532231927
1.8600000000000 0.3763647495247
1.8800000000000 0.3795528390608
1.8800000000000 0.3795528390608
1.9000000000000 0.3827176395246
1.9200000000000 0.3858592810376
1.9200000000000 0.3858592810376
1.9200000000000 0.3858592810376
1.9200000000000 0.3858592810376
1.9200000000000 0.3858592810376
1.9200000000000 0.3858592810376
1.9400000000000 0.3889778857748
1.9600000000000 0.3920735968761
1.9600000000000 0.3920735968761
1.9800000000000 0.3951465742180
2.0000000000000 0.3981969829001
2.0000000000000 0.3981969829001
2.0000000000000 0.3981969829001
2.0200000000000 0.4012249708929
2.0400000000000 0.4042306844545
2.0400000000000 0.4042306844545
2.0600000000000 0.4072142678645
2.0800000000000 0.4101758742012
2.0800000000000 0.4101758742012
2.0800000000000 0.4101758742012
2.0800000000000 0.4101758742012
2.1000000000000 0.4131156621894
2.1200000000000 0.4160337927030
2.1200000000000 0.4160337927030
2.1400000000000 0.4189304219643
2.1600000000000 0.4218057119962
2.1600000000000 0.4218057119962
2.1600000000000 0.4218057119962
2.1800000000000 0.4246598172344
2.2000000000000 0.4274928873759
2.2000000000000 0.4274928873759
2.2200000000000 0.4303050718352
2.2400000000000 0.4330965167389
2.2400000000000 0.4330965167389
2.2400000000000 0.4330965167389
2.2400000000000 0.4330965167389
2.2400000000000 0.4330965167389
2.2600000000000 0.4358673710345
2.2800000000000 0.4386177905444
2.2800000000000 0.4386177905444
2.3000000000000 0.4413479410650
2.3200000000000 0.4440579839396
2.3200000000000 0.4440579839396
2.3200000000000 0.4440579839396
2.3400000000000 0.4467480764845
2.3600000000000 0.4494183713250
2.3600000000000 0.4494183713250
2.3800000000000 0.4520690233397
2.4000000000000 0.4547001831444
2.4000000000000 0.4547001831444
2.4000000000000 0.4547001831444
2.4000000000000 0.4547001831444
2.4200000000000 0.4573120088999
2.4400000000000 0.4599046562167
2.4400000000000 0.4599046562167
2.4600000000000 0.4624782790904
2.4800000000000 0.4650330285232
2.4800000000000 0.4650330285232
2.4800000000000 0.4650330285232
2.5000000000000 0.4675690533469
2.5200000000000 0.4700865016369
2.5200000000000 0.4700865016369
2.5400000000000 0.4725855202854
2.5600000000000 0.4750662537244
2.5600000000000 0.4750662537244
2.5600000000000 0.4750662537244
2.5600000000000 0.4750662537244
2.5600000000000 0.4750662537244
2.5600000000000 0.4750662537244
2.5600000000000 0.4750662537244
2.5600000000000 0.4750662537244
2.5800000000000 0.4775288475254
2.6000000000000 0.4799734530848
2.6000000000000 0.4799734530848
2.6200000000000 0.4824002203855
2.6400000000000 0.4848092982950
2.6400000000000 0.4848092982950
2.6400000000000 0.4848092982950
2.6600000000000 0.4872008348627
2.6800000000000 0.4895749792528
2.6800000000000 0.4895749792528
2.7000000000000 0.4919318778307
2.7200000000000 0.4942716764837
2.7200000000000 0.4942716764837
2.7200000000000 0.4942716764837
2.7200000000000 0.4942716764837
2.7400000000000 0.4965945200392
2.7600000000000 0.4989005493101
2.7600000000000 0.4989005493101
2.7800000000000 0.5011899020507
2.8000000000000 0.5034627168299
2.8000000000000 0.5034627168299
2.8000000000000 0.5034627168299
2.8200000000000 0.5057191321236
2.8400000000000 0.5079592841835
2.8400000000000 0.5079592841835
2.8600000000000 0.5101833069209
2.8800000000000 0.5123913374113
2.8800000000000 0.5123913374113
2.8800000000000 0.5123913374113
2.8800000000000 0.5123913374113
2.8800000000000 0.5123913374113
2.9000000000000 0.5145835114747
2.9200000000000 0.5167599644557
2.9200000000000 0.5167599644557
2.9400000000000 0.5189208301235
2.9600000000000 0.5210662413866
2.9600000000000 0.5210662413866
2.9600000000000 0.5210662413866
2.9800000000000 0.5231963298119
3.0000000000000 0.5253112272439
3.0000000000000 0.5253112272439
3.0200000000000 0.5274110644610
3.0400000000000 0.5294959717789
3.0400000000000 0.5294959717789
3.0400000000000 0.5294959717789
3.0400000000000 0.5294959717789
3.0600000000000 0.5315660778827
3.0800000000000 0.5336215115864
3.0800000000000 0.5336215115864
3.1000000000000 0.5356624004730
3.1200000000000 0.5376888714221
3.1200000000000 0.5376888714221
3.1200000000000 0.5376888714221
3.1400000000000 0.5397010487453
3.1600000000000 0.5416990557301
3.1600000000000 0.5416990557301
3.1800000000000 0.5436830132879
3.2000000000000 0.5456530417958
3.2000000000000 0.5456530417958
3.2000000000000 0.5456530417958
3.2000000000000 0.5456530452007
3.2000000000000 0.5456530417958
3.2000000000000 0.5456530452007
3.2200000000000 0.5476092607559
3.2400000000000 0.5495517893710
3.2400000000000 0.5495517893710
3.2600000000000 0.5514807453682
3.2800000000000 0.5533962446434
3.2800000000000 0.5533962446434
3.2800000000000 0.5533962446434
3.3000000000000 0.5552984020028
3.3200000000000 0.5571873322503
3.3200000000000 0.5571873322503
3.3400000000000 0.5590631514130
3.3600000000000 0.5609259719783
3.3600000000000 0.5609259719783
3.3600000000000 0.5609259719783
3.3600000000000 0.5609259719783
3.3800000000000 0.5627759073203
3.4000000000000 0.5646130696612
3.4000000000000 0.5646130696612
3.4200000000000 0.5664375691898
3.4400000000000 0.5682495159315
3.4400000000000 0.5682495159315
3.4400000000000 0.5682495159315
3.4600000000000 0.5700490186872
3.4800000000000 0.5718361866256
3.4800000000000 0.5718361866256
3.5000000000000 0.5736111279216
3.5200000000000 0.5753739496005
3.5200000000000 0.5753739496005
3.5200000000000 0.5753739496005
3.5200000000000 0.5753739496005
3.5200000000000 0.5753739496005
3.5400000000000 0.5771247580328
3.5600000000000 0.5788636576291
3.5600000000000 0.5788636576291
3.5800000000000 0.5805907516681
3.6000000000000 0.5823061428032
3.6000000000000 0.5823061428032
3.6000000000000 0.5823061428032
3.6200000000000 0.5840099325521
3.6400000000000 0.5857022215860
3.6400000000000 0.5857022215860
3.6600000000000 0.5873831094389
3.6800000000000 0.5890526939347
3.6800000000000 0.5890526939347
3.6800000000000 0.5890526939347
3.6800000000000 0.5890526939347
3.7000000000000 0.5907110723965
3.7200000000000 0.5923583404520
3.7200000000000 0.5923583404520
3.7400000000000 0.5939945926221
3.7600000000000 0.5956199238027
3.7600000000000 0.5956199238027
3.7600000000000 0.5956199238027
3.7800000000000 0.5972344278047
3.8000000000000 0.5988381977764
3.8000000000000 0.5988381977764
3.8200000000000 0.6004313260050
3.8400000000000 0.6020139039855
3.8400000000000 0.6020139039855
3.8400000000000 0.6020139039855
3.8400000000000 0.6020139039855
3.8400000000000 0.6020139039855
3.8400000000000 0.6020139039855
3.8400000000000 0.6020139039855
3.8600000000000 0.6035860229802
3.8800000000000 0.6051477733358
3.8800000000000 0.6051477733358
3.9000000000000 0.6066992440872
3.9200000000000 0.6082405233046
3.9200000000000 0.6082405233046
3.9200000000000 0.6082405233046
3.9400000000000 0.6097716980452
3.9600000000000 0.6112928543424
3.9600000000000 0.6112928543424
3.9800000000000 0.6128040770951
4.0000000000000 0.6143054511959
4.0000000000000 0.6143054511959
4.0000000000000 0.6143054511959
4.0000000000000 0.6143054511959
4.0200000000000 0.6157970608306
4.0400000000000 0.6172789890716
4.0400000000000 0.6172789890716
4.0600000000000 0.6187513182303
4.0800000000000 0.6202141299857
4.0800000000000 0.6202141299857
4.0800000000000 0.6202141299857
4.1000000000000 0.6216675052258
4.1200000000000 0.6231115235970
4.1200000000000 0.6231115235970
4.1400000000000 0.6245462639588
4.1600000000000 0.6259718050534
4.1600000000000 0.6259718050534
4.1600000000000 0.6259718050534
4.1600000000000 0.6259718050534
4.1600000000000 0.6259718050534
4.1800000000000 0.6273882248464
4.2000000000000 0.6287955999834
4.2400000000000 0.6315835192999
4.2400000000000 0.6315835192999
4.2800000000000 0.6343361625426
4.3200000000000 0.6370541192194
4.3200000000000 0.6370541192194
4.3200000000000 0.6370541192194
4.3600000000000 0.6397379672119
4.4000000000000 0.6423882738053
4.4000000000000 0.6423882738053
4.4400000000000 0.6450055932504
4.4800000000000 0.6475904721052
4.4800000000000 0.6475904721052
4.4800000000000 0.6475904721052
4.4800000000000 0.6475904721052
4.4800000000000 0.6475904721052
4.5200000000000 0.6501434471541
4.5600000000000 0.6526650447836
4.5600000000000 0.6526650447836
4.6000000000000 0.6551557792229
4.6400000000000 0.6576161529206
4.6400000000000 0.6576161529206
4.6400000000000 0.6576161529206
4.6800000000000 0.6600466575031
4.7200000000000 0.6624477760418
4.7200000000000 0.6624477760418
4.7600000000000 0.6648199838993
4.8000000000000 0.6671637496457
4.8000000000000 0.6671637496457
4.8000000000000 0.6671637496457
4.8000000000000 0.6671637496457
4.8400000000000 0.6694795344393
4.8800000000000 0.6717677908079
4.8800000000000 0.6717677908079
4.9200000000000 0.6740289610155
4.9600000000000 0.6762634773556
4.9600000000000 0.6762634773556
4.9600000000000 0.6762634773556
5.0000000000000 0.6784717632996
5.0400000000000 0.6806542334744
5.0400000000000 0.6806542334744
5.0800000000000 0.6828112951512
5.1200000000000 0.6849433490022
5.1200000000000 0.6849433490022
5.1200000000000 0.6849433490022
5.1200000000000 0.6849433490022
5.1200000000000 0.6849433490022
5.1200000000000 0.6849433490022
5.1200000000000 0.6849433490022
5.1600000000000 0.6870507890616
5.2000000000000 0.6891340024644
5.2000000000000 0.6891340024644
5.2400000000000 0.6911933686328
5.2800000000000 0.6932292608398
5.2800000000000 0.6932292608398
5.2800000000000 0.6932292608398
5.3200000000000 0.6952420457748
5.3600000000000 0.6972320829746
5.3600000000000 0.6972320829746
5.4000000000000 0.6991997252196
5.4400000000000 0.7011453182231
5.4400000000000 0.7011453182231
5.4400000000000 0.7011453182231
5.4400000000000 0.7011453182231
5.4800000000000 0.7030692010818
5.5200000000000 0.7049717065829
5.5200000000000 0.7049717065829
5.5600000000000 0.7068531613833
5.6000000000000 0.7087138863047
5.6000000000000 0.7087138863047
5.6000000000000 0.7087138863047
5.6400000000000 0.7105541957534
5.6800000000000 0.7123743981460
5.6800000000000 0.7123743981460
5.7200000000000 0.7141747960177
5.7600000000000 0.7159556863716
5.7600000000000 0.7159556863716
5.7600000000000 0.7159556863716
5.7600000000000 0.7159556863716
5.7600000000000 0.7159556863716
5.8000000000000 0.7177173612523
5.8400000000000 0.7194601077854
5.8400000000000 0.7194601077854
5.8800000000000 0.7211842085299
5.9200000000000 0.7228899410022
5.9200000000000 0.7228899410022
5.9200000000000 0.7228899410022
5.9600000000000 0.7245775775419
6.0000000000000 0.7262473850935
6.0000000000000 0.7262473850935
6.0400000000000 0.7278996252901
6.0800000000000 0.7295345549947
6.0800000000000 0.7295345549947
6.0800000000000 0.7295345549947
6.0800000000000 0.7295345549947
6.1200000000000 0.7311524262028
6.1600000000000 0.7327534863552
6.1600000000000 0.7327534863552
6.2000000000000 0.7343379782996
6.2400000000000 0.7359061405358
6.2400000000000 0.7359061405358
6.2400000000000 0.7359061405358
6.2800000000000 0.7374582071737
6.3200000000000 0.7389944077198
6.3200000000000 0.7389944077198
6.3600000000000 0.7405149674897
6.4000000000000 0.7420201078822
6.4000000000000 0.7420201078822
6.4000000000000 0.7420201078822
6.4000000000000 0.7420201078822
6.4000000000000 0.7420201078822
6.4800000000000 0.7449849963583
6.5600000000000 0.7478907667828
6.5600000000000 0.7478907667828
6.6400000000000 0.7507390539072
6.7200000000000 0.7535314382819
6.7200000000000 0.7535314382819
6.7200000000000 0.7535314382819
6.8000000000000 0.7562694483145
6.8800000000000 0.7589545623518
6.8800000000000 0.7589545623518
6.9600000000000 0.7615882095296
7.0400000000000 0.7641717700708
7.0400000000000 0.7641717700708
7.0400000000000 0.7641717700708
7.0400000000000 0.7641717700708
7.1200000000000 0.7667065752324
7.2000000000000 0.7691939082142
7.2000000000000 0.7691939082142
7.2800000000000 0.7716350074994
7.3600000000000 0.7740310701368
7.3600000000000 0.7740310701368
7.3600000000000 0.7740310701368
7.4400000000000 0.7763832542984
7.5200000000000 0.7786926808626
7.5200000000000 0.7786926808626
7.6000000000000 0.7809604351971
7.6800000000000 0.7831875697524
7.6800000000000 0.7831875697524
7.6800000000000 0.7831875697524
7.6800000000000 0.7831875697524
7.6800000000000 0.7831875697524
7.6800000000000 0.7831875697524
7.7600000000000 0.7853751050695
7.8400000000000 0.7875240294617
7.8400000000000 0.7875240294617
7.9200000000000 0.7896352982647
8.0000000000000 0.7917098341367
8.0000000000000 0.7917098341367
8.0000000000000 0.7917098341367
8.0800000000000 0.7937485285685
8.1600000000000 0.7957522443694
8.1600000000000 0.7957522443694
8.2400000000000 0.7977218187728
8.3200000000000 0.7996580658769
8.3200000000000 0.7996580658769
8.3200000000000 0.7996580658769
8.3200000000000 0.7996580658769
8.4000000000000 0.8015617775906
8.4800000000000 0.8034337232787
8.4800000000000 0.8034337232787
8.5600000000000 0.8052746492850
8.6400000000000 0.8070852795801
8.6400000000000 0.8070852795801
8.6400000000000 0.8070852795801
8.7200000000000 0.8088663175847
8.8000000000000 0.8106184479321
8.8000000000000 0.8106184479321
8.8800000000000 0.8123423366739
8.9600000000000 0.8140386297448
8.9600000000000 0.8140386297448
8.9600000000000 0.8140386297448
8.9600000000000 0.8140386297448
8.9600000000000 0.8140386297448
9.0400000000000 0.8157079511433
9.1200000000000 0.8173509025902
9.1200000000000 0.8173509025902
9.2000000000000 0.8189680651150
9.2800000000000 0.8205600018461
9.2800000000000 0.8205600018461
9.2800000000000 0.8205600018461
9.3600000000000 0.8221272607933
9.4400000000000 0.8236703766376
9.4400000000000 0.8236703766376
9.5200000000000 0.8251898710499
9.6000000000000 0.8266862514855
9.6000000000000 0.8266862514855
9.6000000000000 0.8266862514855
9.6000000000000 0.8266862514855
9.6800000000000 0.8281600095399
9.7600000000000 0.8296116205047
9.7600000000000 0.8296116205047
9.8400000000000 0.8310415447134
9.9200000000000 0.8324502295859
9.9200000000000 0.8324502295859
9.9200000000000 0.8324502295859
10.0000000000000 0.8338381108715
10.0800000000000 0.8352056127085
10.0800000000000 0.8352056127085
10.1600000000000 0.8365531472637
10.2400000000000 0.8378811155537
10.2400000000000 0.8378811155537
10.2400000000000 0.8378811155537
10.2400000000000 0.8378811155537
10.2400000000000 0.8378811155537
10.2400000000000 0.8378811155537
10.3200000000000 0.8391899080127
10.4000000000000 0.8404799071705
10.4000000000000 0.8404799071705
10.4800000000000 0.8417514855451
10.5600000000000 0.8430050058562
10.5600000000000 0.8430050058562
10.5600000000000 0.8430050058562
10.6400000000000 0.8442408210680
10.7200000000000 0.8454592726659
10.7200000000000 0.8454592726659
10.8000000000000 0.8466606929167
10.8800000000000 0.8478454042948
10.8800000000000 0.8478454042948
10.8800000000000 0.8478454042948
11.0400000000000 0.8501659516848
11.2000000000000 0.8524233531931
11.2000000000000 0.8524233531931
11.3600000000000 0.8546199406172
11.5200000000000 0.8567579295760
11.5200000000000 0.8567579295760
11.5200000000000 0.8567579295760
11.5200000000000 0.8567579295760
11.6800000000000 0.8588394302514
11.8400000000000 0.8608664559133
11.8400000000000 0.8608664559133
12.0000000000000 0.8628409174908
12.1600000000000 0.8647646239002
12.1600000000000 0.8647646239002
12.1600000000000 0.8647646239002
12.3200000000000 0.8666392943954
12.4800000000000 0.8684665759821
12.4800000000000 0.8684665759821
12.6400000000000 0.8702480518610
12.8000000000000 0.8719852406647
12.8000000000000 0.8719852406647
12.8000000000000 0.8719852406647
12.8000000000000 0.8719852406647
12.8000000000000 0.8719852406647
12.9600000000000 0.8736796017547
13.1200000000000 0.8753325383565
13.1200000000000 0.8753325383565
13.2800000000000 0.8769453856367
13.4400000000000 0.8785194061050
13.4400000000000 0.8785194061050
13.4400000000000 0.8785194061050
13.6000000000000 0.8800558119943
13.7600000000000 0.8815557894870
13.7600000000000 0.8815557894870
13.9200000000000 0.8830204912402
14.0800000000000 0.8844510113858
14.0800000000000 0.8844510117122
14.0800000000000 0.8844510113858
14.0800000000000 0.8844510117122
14.2400000000000 0.8858483829151
14.4000000000000 0.8872135984593
14.4000000000000 0.8872135984593
14.5600000000000 0.8885476063096
14.7200000000000 0.8898513230261
14.7200000000000 0.8898513230261
14.7200000000000 0.8898513230261
14.8800000000000 0.8911256292246
15.0400000000000 0.8923713813420
15.0400000000000 0.8923713813420
15.2000000000000 0.8935894036712
15.3600000000000 0.8947804807274
15.3600000000000 0.8947804807274
15.3600000000000 0.8947804807274
15.3600000000000 0.8947804807274
15.3600000000000 0.8947804807274
15.5200000000000 0.8959453675073
15.6800000000000 0.8970847906000
16.0000000000000 0.8992900249003
16.0000000000000 0.8992900249003
16.3200000000000 0.9014015232448
16.6400000000000 0.9034243470430
16.6400000000000 0.9034243470430
16.6400000000000 0.9034243470430
16.9600000000000 0.9053632313629
17.2800000000000 0.9072226149708
17.2800000000000 0.9072226149708
17.6000000000000 0.9090066875626
17.9200000000000 0.9107193162128
17.9200000000000 0.9107193162128
17.9200000000000 0.9107193162128
17.9200000000000 0.9107193162128
18.2400000000000 0.9123640577063
18.5600000000000 0.9139442549738
18.5600000000000 0.9139442549738
18.8800000000000 0.9154630876959
19.2000000000000 0.9169235810272
19.2000000000000 0.9169235810272
19.2000000000000 0.9169235810272
19.5200000000000 0.9183285915522
19.8400000000000 0.9196808147676
19.8400000000000 0.9196808147676
20.1600000000000 0.9209828213814
20.4800000000000 0.9222370623296
20.4800000000000 0.9222370623296
20.4800000000000 0.9222370623296
20.4800000000000 0.9222370623296
20.8000000000000 0.9234458689794
21.1200000000000 0.9246113936942
21.1200000000000 0.9246113936942
21.4400000000000 0.9257356782387
21.7600000000000 0.9268207707238
21.7600000000000 0.9268207707238
21.7600000000000 0.9268207707238
22.0800000000000 0.9278686167037
22.4000000000000 0.9288809831171
22.4000000000000 0.9288809831171
22.7200000000000 0.9298595428776
23.0400000000000 0.9308058860935
23.0400000000000 0.9308058860935
23.0400000000000 0.9308058860935
23.6800000000000 0.9326078692440
24.3200000000000 0.9342981377297
24.3200000000000 0.9342981377297
24.9600000000000 0.9358867237067
25.6000000000000 0.9373826833064
25.6000000000000 0.9373826833064
25.6000000000000 0.9373826833064
26.2400000000000 0.9387942433516
26.8800000000000 0.9401288340951
26.8800000000000 0.9401288340951
27.5200000000000 0.9413931346463
28.1600000000000 0.9425931782928
28.1600000000000 0.9425931782928
28.1600000000000 0.9425931782928
28.8000000000000 0.9437344190231
29.4400000000000 0.9448217539973
29.4400000000000 0.9448217539973
30.0800000000000 0.9458595906955
30.7200000000000 0.9468519213281
30.7200000000000 0.9468519213281
30.7200000000000 0.9468519213281
31.3600000000000 0.9478023415798
32.0000000000000 0.9487140595499
32.0000000000000 0.9487140595499
32.6400000000000 0.9495899466949
33.2800000000000 0.9504325915635
33.2800000000000 0.9504325915635
33.2800000000000 0.9504325915635
33.9200000000000 0.9512443113241
34.5600000000000 0.9520272024733
34.5600000000000 0.9520272024733
35.2000000000000 0.9527831471033
35.8400000000000 0.9535138399753
35.8400000000000 0.9535138399753
35.8400000000000 0.9535138399753
36.4800000000000 0.9542208064984
37.1200000000000 0.9549054391995
37.1200000000000 0.9549054391995
37.7600000000000 0.9555689973316
38.4000000000000 0.9562126271893
38.4000000000000 0.9562126271893
39.6800000000000 0.9574441847483
40.9600000000000 0.9586074564156
40.9600000000000 0.9586074564156
42.2400000000000 0.9597086327872
43.5200000000000 0.9607529755196
43.5200000000000 0.9607529755196
44.8000000000000 0.9617450390067
46.0800000000000 0.9626888225950
46.0800000000000 0.9626888225950
47.3600000000000 0.9635878637406
48.6400000000000 0.9644453258708
48.6400000000000 0.9644453258708
49.9200000000000 0.9652640554660
51.2000000000000 0.9660466193946
51.2000000000000 0.9660466193946
52.4800000000000 0.9667953538457
53.7600000000000 0.9675123981932
53.7600000000000 0.9675123981932
55.0400000000000 0.9681997168785
56.3200000000000 0.9688591157475
56.3200000000000 0.9688591157475
57.6000000000000 0.9694922532767
58.8800000000000 0.9701006587007
58.8800000000000 0.9701006587007
60.1600000000000 0.9706857486453
61.4400000000000 0.9712488356901
61.4400000000000 0.9712488356901
62.7200000000000 0.9717911354303
64.0000000000000 0.9723137760743
64.0000000000000 0.9723137760743
65.2800000000000 0.9728178053899
66.5600000000000 0.9733041959447
66.5600000000000 0.9733041959447
67.8400000000000 0.9737738541743
69.1200000000000 0.9742276244386
69.1200000000000 0.9742276244386
70.4000000000000 0.9746662913548
71.6800000000000 0.9750905906348
71.6800000000000 0.9750905906348
72.9600000000000 0.9755012157092
74.2400000000000 0.9758988152364
74.2400000000000 0.9758988152364
75.5200000000000 0.9762839937907
76.8000000000000 0.9766573175241
76.8000000000000 0.9766573175241
78.0800000000000 0.9770193199792
79.3600000000000 0.9773705054575
79.3600000000000 0.9773705054575
80.6400000000000 0.9777113483046
81.9200000000000 0.9780422924846
81.9200000000000 0.9780422924846
83.2000000000000 0.9783637564042
84.4800000000000 0.9786761385862
84.4800000000000 0.9786761385862
85.7600000000000 0.9789798187338
87.0400000000000 0.9792751560192
87.0400000000000 0.9792751560192
88.3200000000000 0.9795624878327
89.6000000000000 0.9798421307808
89.6000000000000 0.9798421307808
90.8800000000000 0.9801143846876
92.1600000000000 0.9803795365376
92.1600000000000 0.9803795365376
93.4400000000000 0.9806378603726
94.7200000000000 0.9808896146648
94.7200000000000 0.9808896146648
96.0000000000000 0.9811350428700
97.2800000000000 0.9813743783136
97.2800000000000 0.9813743783136
98.5600000000000 0.9816078468966
99.8400000000000 0.9818356635707
99.8400000000000 0.9818356635707
101.1200000000000 0.9820580287985
102.4000000000000 0.9822751317621
102.4000000000000 0.9822751317621
103.6800000000000 0.9824871560922
104.9600000000000 0.9826942796586
104.9600000000000 0.9826942796586
106.2400000000000 0.9828966698160
107.5200000000000 0.9830944835471
107.5200000000000 0.9830944835471
108.8000000000000 0.9832878730578
110.0800000000000 0.9834769859593
110.0800000000000 0.9834769859593
111.3600000000000 0.9836619597772
112.6400000000000 0.9838429234498
112.6400000000000 0.9838429234498
113.9200000000000 0.9840200039909
115.2000000000000 0.9841933254380
115.2000000000000 0.9841933254380
116.4800000000000 0.9843630039730
117.7600000000000 0.9845291493396
117.7600000000000 0.9845291493396
119.0400000000000 0.9846918683202
120.3200000000000 0.9848512645810
120.3200000000000 0.9848512645810
121.6000000000000 0.9850074372905
122.8800000000000 0.9851604806747
122.8800000000000 0.9851604806747
124.1600000000000 0.9853104850132
125.4400000000000 0.9854575382660
125.4400000000000 0.9854575382660
126.7200000000000 0.9856017255171
128.0000000000000 0.9857431273214
128.0000000000000 0.9857431273214
129.2800000000000 0.9858818206956
130.5600000000000 0.9860178818296
130.5600000000000 0.9860178818296
131.8400000000000 0.9861513840540
133.1200000000000 0.9862823969591
133.1200000000000 0.9862823969591
134.4000000000000 0.9864109876249
135.6800000000000 0.9865372213391
135.6800000000000 0.9865372213391
136.9600000000000 0.9866611610975
138.2400000000000 0.9867828670805
138.2400000000000 0.9867828670805
139.5200000000000 0.9869023974306
140.8000000000000 0.9870198093390
143.3600000000000 0.9872484966649
145.9200000000000 0.9874693461822
148.4800000000000 0.9876827520868
151.0400000000000 0.9878890774461
153.6000000000000 0.9880886492471
156.1600000000000 0.9882817718772
158.7200000000000 0.9884687378721
161.2800000000000 0.9886498373022
163.8400000000000 0.9888253496949
166.4000000000000 0.9889955416253
168.9600000000000 0.9891606624282
171.5200000000000 0.9893209425451
174.0800000000000 0.9894765915436
176.6400000000000 0.9896278101893
179.2000000000000 0.9897747910131
181.7600000000000 0.9899176982446
184.3200000000000 0.9900566786426
186.8800000000000 0.9901918669650
189.4400000000000 0.9903234007910
192.0000000000000 0.9904514332793
194.5600000000000 0.9905761098239
197.1200000000000 0.9906975700832
199.6800000000000 0.9908159420326
202.2400000000000 0.9909313385398
204.8000000000000 0.9910438884101
207.3600000000000 0.9911537146585
209.9200000000000 0.9912609212404
212.4800000000000 0.9913656191364
215.0400000000000 0.9914678848336
217.6000000000000 0.9915677550162
220.1600000000000 0.9916652876994
222.7200000000000 0.9917605214354
225.2800000000000 0.9918534605577
227.8400000000000 0.9919441982889
230.4000000000000 0.9920328768069
232.9600000000000 0.9921194851128
235.5200000000000 0.9922039616429
238.0800000000000 0.9922865499706
240.6400000000000 0.9923677876472
243.2000000000000 0.9924480359766
245.7600000000000 0.9925271670828
248.3200000000000 0.9926047688278
250.8800000000000 0.9926805456053
253.4400000000000 0.9927544826724
256.0000000000000 0.9928267373044
258.5600000000000 0.9928974777010
261.1200000000000 0.9929668136599
263.6800000000000 0.9930348061687
266.2400000000000 0.9931014955143
268.8000000000000 0.9931669178548
271.3600000000000 0.9932311091723
273.9200000000000 0.9932941039639
276.4800000000000 0.9933559345076
279.0400000000000 0.9934166319185
281.6000000000000 0.9934762271257
284.1600000000000 0.9935347505552
286.7200000000000 0.9935922312964
289.2800000000000 0.9936486968815
291.8400000000000 0.9937041736040
294.4000000000000 0.9937586868470
296.9600000000000 0.9938122613702
299.5200000000000 0.9938649213442
302.0800000000000 0.9939166900515
304.6400000000000 0.9939675898470
307.2000000000000 0.9940176423881
309.7600000000000 0.9940668685983
312.3200000000000 0.9941152886380
314.8800000000000 0.9941629221016
317.4400000000000 0.9942097879776
