# x rho
-317.4400000000000 0.0000000000000
-314.8800000000000 0.0000000000000
-312.3200000000000 0.0000000000000
-309.7600000000000 0.0000000000000
-307.2000000000000 0.0000000000000
-304.6400000000000 0.0000000000000
-302.0800000000000 0.0000000000000
-299.5200000000000 0.0000000000000
-296.9600000000000 0.0000000000000
-294.4000000000000 0.0000000000000
-291.8400000000000 0.0000000000000
-289.2800000000000 0.0000000000000
-286.7200000000000 0.0000000000000
-284.1600000000000 0.0000000000000
-281.6000000000000 0.0000000000000
-279.0400000000000 0.0000000000000
-276.4800000000000 0.0000000000000
-273.9200000000000 0.0000000000000
-271.3600000000000 0.0000000000000
-268.8000000000000 0.0000000000000
-266.2400000000000 0.0000000000000
-263.6800000000000 0.0000000000000
-261.1200000000000 0.0000000000000
-258.5600000000000 0.0000000000000
-256.0000000000000 0.0000000000000
-253.4400000000000 0.0000000000000
-250.8800000000000 0.0000000000000
-248.3200000000000 0.0000000000000
-245.7600000000000 0.0000000000000
-243.2000000000000 0.0000000000000
-240.6400000000000 0.0000000000000
-238.0800000000000 0.0000000000000
-235.5200000000000 0.0000000000000
-232.9600000000000 0.0000000000000
-230.4000000000000 0.0000000000000
-227.8400000000000 0.0000000000000
-225.2800000000000 0.0000000000000
-222.7200000000000 0.0000000000000
-220.1600000000000 0.0000000000000
-217.6000000000000 0.0000000000000
-215.0400000000000 0.0000000000000
-212.4800000000000 0.0000000000000
-209.9200000000000 0.0000000000000
-207.3600000000000 0.0000000000000
-204.8000000000000 0.0000000000000
-202.2400000000000 0.0000000000000
-199.6800000000000 0.0000000000000
-197.1200000000000 0.0000000000000
-194.5600000000000 0.0000000000000
-192.0000000000000 0.0000000000000
-189.4400000000000 0.0000000000000
-186.8800000000000 0.0000000000000
-184.3200000000000 0.0000000000000
-181.7600000000000 0.0000000000000
-179.2000000000000 0.0000000000000
-176.6400000000000 0.0000000000000
-174.0800000000000 0.0000000000000
-171.5200000000000 0.0000000000000
-168.9600000000000 0.0000000000000
-166.4000000000000 0.0000000000000
-163.8400000000000 0.0000000000000
-161.2800000000000 0.0000000000000
-158.7200000000000 0.0000000000000
-156.1600000000000 0.0000000000000
-153.6000000000000 0.0000000000000
-151.0400000000000 0.0000000000000
-148.4800000000000 0.0000000000000
-145.9200000000000 0.0000000000000
-143.3600000000000 0.0000000000000
-140.8000000000000 0.0000000000000
-139.5200000000000 0.0000000000000
-138.2400000000000 0.0000000000000
-138.2400000000000 0.0000000000000
-136.9600000000000 0.0000000000000
-135.6800000000000 0.0000000000000
-135.6800000000000 0.0000000000000
-134.4000000000000 0.0000000000000
-133.1200000000000 0.0000000000000
-133.1200000000000 0.0000000000000
-131.8400000000000 0.0000000000000
-130.5600000000000 0.0000000000000
-130.5600000000000 0.0000000000000
-129.2800000000000 0.0000000000000
-128.0000000000000 0.0000000000000
-128.0000000000000 0.0000000000000
-126.7200000000000 0.0000000000000
-125.4400000000000 0.0000000000000
-125.4400000000000 0.0000000000000
-124.1600000000000 0.0000000000000
-122.8800000000000 0.0000000000000
-122.8800000000000 0.0000000000000
-121.6000000000000 0.0000000000000
-120.3200000000000 0.0000000000000
-120.3200000000000 0.0000000000000
-119.0400000000000 0.0000000000000
-117.7600000000000 0.0000000000000
-117.7600000000000 0.0000000000000
-116.4800000000000 0.0000000000000
-115.2000000000000 0.0000000000000
-115.2000000000000 0.0000000000000
-113.9200000000000 0.0000000000000
-112.6400000000000 0.0000000000000
-112.6400000000000 0.0000000000000
-111.3600000000000 0.0000000000000
-110.0800000000000 0.0000000000000
-110.0800000000000 0.0000000000000
-108.8000000000000 0.0000000000000
-107.5200000000000 0.0000000000000
-107.5200000000000 0.0000000000000
-106.2400000000000 0.0000000000000
-104.9600000000000 0.0000000000000
-104.9600000000000 0.0000000000000
-103.6800000000000 0.0000000000000
-102.4000000000000 0.0000000000000
-102.4000000000000 0.0000000000000
-101.1200000000000 0.0000000000000
-99.8400000000000 0.0000000000000
-99.8400000000000 0.0000000000000
-98.5600000000000 0.0000000000000
-97.2800000000000 0.0000000000000
-97.2800000000000 0.0000000000000
-96.0000000000000 0.0000000000000
-94.7200000000000 0.0000000000000
-94.7200000000000 0.0000000000000
-93.4400000000000 0.0000000000000
-92.1600000000000 0.0000000000000
-92.1600000000000 0.0000000000000
-90.8800000000000 0.0000000000000
-89.6000000000000 0.0000000000000
-89.6000000000000 0.0000000000000
-88.3200000000000 0.0000000000000
-87.0400000000000 0.0000000000000
-87.0400000000000 0.0000000000000
-85.7600000000000 0.0000000000000
-84.4800000000000 0.0000000000000
-84.4800000000000 0.0000000000000
-83.2000000000000 0.0000000000000
-81.9200000000000 0.0000000000000
-81.9200000000000 0.0000000000000
-80.6400000000000 0.0000000000000
-79.3600000000000 0.0000000000000
-79.3600000000000 0.0000000000000
-78.0800000000000 0.0000000000000
-76.8000000000000 0.0000000000000
-76.8000000000000 0.0000000000000
-75.5200000000000 0.0000000000000
-74.2400000000000 0.0000000000000
-74.2400000000000 0.0000000000000
-72.9600000000000 0.0000000000000
-71.6800000000000 0.0000000000000
-71.6800000000000 0.0000000000000
-70.4000000000000 0.0000000000000
-69.1200000000000 0.0000000000000
-69.1200000000000 0.0000000000000
-67.8400000000000 0.0000000000000
-66.5600000000000 0.0000000000000
-66.5600000000000 0.0000000000000
-65.2800000000000 0.0000000000000
-64.0000000000000 0.0000000000000
-64.0000000000000 0.0000000000000
-62.7200000000000 0.0000000000000
-61.4400000000000 0.0000000000000
-61.4400000000000 0.0000000000000
-60.1600000000000 0.0000000000000
-58.8800000000000 0.0000000000000
-58.8800000000000 0.0000000000000
-57.6000000000000 0.0000000000000
-56.3200000000000 0.0000000000000
-56.3200000000000 0.0000000000000
-55.0400000000000 0.0000000000000
-53.7600000000000 0.0000000000000
-53.7600000000000 0.0000000000000
-52.4800000000000 0.0000000000000
-51.2000000000000 0.0000000000000
-51.2000000000000 0.0000000000000
-49.9200000000000 0.0000000000000
-48.6400000000000 0.0000000000000
-48.6400000000000 0.0000000000000
-47.3600000000000 0.0000000000000
-46.0800000000000 0.0000000000000
-46.0800000000000 0.0000000000000
-44.8000000000000 0.0000000000000
-43.5200000000000 0.0000000000000
-43.5200000000000 0.0000000000000
-42.2400000000000 0.0000000000000
-40.9600000000000 0.0000000000000
-40.9600000000000 0.0000000000000
-39.6800000000000 0.0000000000000
-38.4000000000000 0.0000000000000
-38.4000000000000 0.0000000000000
-37.7600000000000 0.0000000000000
-37.1200000000000 0.0000000000000
-37.1200000000000 0.0000000000000
-36.4800000000000 0.0000000000000
-35.8400000000000 0.0000000000000
-35.8400000000000 0.0000000000000
-35.8400000000000 0.0000000000000
-35.2000000000000 0.0000000000000
-34.5600000000000 0.0000000000000
-34.5600000000000 0.0000000000000
-33.9200000000000 0.0000000000000
-33.2800000000000 0.0000000000000
-33.2800000000000 0.0000000000000
-33.2800000000000 0.0000000000000
-32.6400000000000 0.0000000000000
-32.0000000000000 0.0000000000000
-32.0000000000000 0.0000000000000
-31.3600000000000 0.0000000000000
-30.7200000000000 0.0000000000000
-30.7200000000000 0.0000000000000
-30.7200000000000 0.0000000000000
-30.0800000000000 0.0000000000000
-29.4400000000000 0.0000000000000
-29.4400000000000 0.0000000000000
-28.8000000000000 0.0000000000000
-28.1600000000000 0.0000000000000
-28.1600000000000 0.0000000000000
-28.1600000000000 0.0000000000000
-27.5200000000000 0.0000000000000
-26.8800000000000 0.0000000000000
-26.8800000000000 0.0000000000000
-26.2400000000000 0.0000000000000
-25.6000000000000 0.0000000000000
-25.6000000000000 0.0000000000000
-25.6000000000000 0.0000000000000
-24.9600000000000 0.0000000000000
-24.3200000000000 0.0000000000000
-24.3200000000000 0.0000000000000
-23.6800000000000 0.0000000000000
-23.0400000000000 0.0000000000000
-23.0400000000000 0.0000000000000
-23.0400000000000 0.0000000000000
-22.7200000000000 0.0000000000000
-22.4000000000000 0.0000000000000
-22.4000000000000 0.0000000000000
-22.0800000000000 0.0000000000000
-21.7600000000000 0.0000000000000
-21.7600000000000 0.0000000000000
-21.7600000000000 0.0000000000000
-21.4400000000000 0.0000000000000
-21.1200000000000 0.0000000000000
-21.1200000000000 0.0000000000000
-20.8000000000000 0.0000000000001
-20.4800000000000 0.0000000000002
-20.4800000000000 0.0000000000002
-20.4800000000000 0.0000000000002
-20.4800000000000 0.0000000000002
-20.1600000000000 0.0000000000002
-19.8400000000000 0.0000000000003
-19.8400000000000 0.0000000000003
-19.5200000000000 0.0000000000003
-19.2000000000000 0.0000000000003
-19.2000000000000 0.0000000000003
-19.2000000000000 0.0000000000003
-18.8800000000000 0.0000000000003
-18.5600000000000 0.0000000000003
-18.5600000000000 0.0000000000003
-18.2400000000000 0.0000000000003
-17.9200000000000 0.0000000000002
-17.9200000000000 0.0000000000002
-17.9200000000000 0.0000000000002
-17.9200000000000 0.0000000000002
-17.6000000000000 0.0000000000001
-17.2800000000000 0.0000000000000
-17.2800000000000 0.0000000000000
-16.9600000000000 0.0000000000000
-16.6400000000000 0.0000000000000
-16.6400000000000 0.0000000000000
-16.6400000000000 0.0000000000000
-16.3200000000000 0.0000000000003
-16.0000000000000 0.0000000000018
-16.0000000000000 0.0000000000018
-15.6800000000000 0.0000000000022
-15.5200000000000 0.0000000000021
-15.3600000000000 0.0000000000020
-15.3600000000000 0.0000000000020
-15.3600000000000 0.0000000000020
-15.3600000000000 0.0000000000020
-15.3600000000000 0.0000000000020
-15.2000000000000 0.0000000000020
-15.0400000000000 0.0000000000021
-15.0400000000000 0.0000000000021
-14.8800000000000 0.0000000000029
-14.7200000000000 0.0000000000040
-14.7200000000000 0.0000000000040
-14.7200000000000 0.0000000000040
-14.5600000000000 0.0000000000062
-14.4000000000000 0.0000000000084
-14.4000000000000 0.0000000000084
-14.2400000000000 0.0000000000106
-14.0800000000000 0.0000000000128
-14.0800000000000 0.0000000000128
-14.0800000000000 0.0000000000128
-14.0800000000000 0.0000000000128
-13.9200000000000 0.0000000000146
-13.7600000000000 0.0000000000160
-13.7600000000000 0.0000000000160
-13.6000000000000 0.0000000000168
-13.4400000000000 0.0000000000174
-13.4400000000000 0.0000000000174
-13.4400000000000 0.0000000000174
-13.2800000000000 0.0000000000179
-13.1200000000000 0.0000000000175
-13.1200000000000 0.0000000000175
-12.9600000000000 0.0000000000149
-12.8000000000000 0.0000000000127
-12.8000000000000 0.0000000000127
-12.8000000000000 0.0000000000127
-12.8000000000000 0.0000000000127
-12.8000000000000 0.0000000000127
-12.6400000000000 0.0000000000097
-12.4800000000000 0.0000000000126
-12.4800000000000 0.0000000000126
-12.3200000000000 0.0000000000204
-12.1600000000000 0.0000000000258
-12.1600000000000 0.0000000000258
-12.1600000000000 0.0000000000258
-12.0000000000000 0.0000000000283
-11.8400000000000 0.0000000000345
-11.8400000000000 0.0000000000345
-11.6800000000000 0.0000000000446
-11.5200000000000 0.0000000000560
-11.5200000000000 0.0000000000560
-11.5200000000000 0.0000000000560
-11.5200000000000 0.0000000000560
-11.3600000000000 0.0000000000611
-11.2000000000000 0.0000000000654
-11.2000000000000 0.0000000000654
-11.0400000000000 0.0000000000682
-10.8800000000000 0.0000000000733
-10.8800000000000 0.0000000000733
-10.8800000000000 0.0000000000733
-10.8000000000000 0.0000000000761
-10.7200000000000 0.0000000000792
-10.7200000000000 0.0000000000792
-10.6400000000000 0.0000000000827
-10.5600000000000 0.0000000000866
-10.5600000000000 0.0000000000866
-10.5600000000000 0.0000000000866
-10.4800000000000 0.0000000001004
-10.4000000000000 0.0000000001142
-10.4000000000000 0.0000000001142
-10.3200000000000 0.0000000001260
-10.2400000000000 0.0000000001364
-10.2400000000000 0.0000000001364
-10.2400000000000 0.0000000001364
-10.2400000000000 0.0000000001364
-10.2400000000000 0.0000000001364
-10.2400000000000 0.0000000001364
-10.1600000000000 0.0000000001425
-10.0800000000000 0.0000000001473
-10.0800000000000 0.0000000001473
-10.0000000000000 0.0000000001483
-9.9200000000000 0.0000000001529
-9.9200000000000 0.0000000001529
-9.9200000000000 0.0000000001529
-9.8400000000000 0.0000000001530
-9.7600000000000 0.0000000001539
-9.7600000000000 0.0000000001539
-9.6800000000000 0.0000000001544
-9.6000000000000 0.0000000001433
-9.6000000000000 0.0000000001433
-9.6000000000000 0.0000000001433
-9.6000000000000 0.0000000001433
-9.5200000000000 0.0000000001317
-9.4400000000000 0.0000000001129
-9.4400000000000 0.0000000001129
-9.3600000000000 0.0000000001388
-9.2800000000000 0.0000000005753
-9.2800000000000 0.0000000005355
-9.2800000000000 0.0000000005355
-9.2000000000000 0.0000000014728
-9.1200000000000 0.0000000014615
-9.1200000000000 0.0000000014615
-9.0400000000000 0.0000000012597
-8.9600000000000 0.0000000010984
-8.9600000000000 0.0000000010984
-8.9600000000000 0.0000000010984
-8.9600000000000 0.0000000010984
-8.9600000000000 0.0000000010984
-8.8800000000000 0.0000000011643
-8.8000000000000 0.0000000012540
-8.8000000000000 0.0000000012540
-8.7200000000000 0.0000000014919
-8.6400000000000 0.0000000019640
-8.6400000000000 0.0000000019640
-8.6400000000000 0.0000000019640
-8.5600000000000 0.0000000022814
-8.4800000000000 0.0000000027940
-8.4800000000000 0.0000000027940
-8.4000000000000 0.0000000029295
-8.3200000000000 0.0000000033640
-8.3200000000000 0.0000000033640
-8.3200000000000 0.0000000033640
-8.3200000000000 0.0000000033640
-8.2400000000000 0.0000000040236
-8.1600000000000 0.0000000051422
-8.1600000000000 0.0000000051422
-8.0800000000000 0.0000000060154
-8.0000000000000 0.0000000076740
-8.0000000000000 0.0000000076740
-8.0000000000000 0.0000000076740
-7.9200000000000 0.0000000091621
-7.8400000000000 0.0000000112068
-7.8400000000000 0.0000000112068
-7.7600000000000 0.0000000119351
-7.6800000000000 0.0000000134648
-7.6800000000000 0.0000000134648
-7.6800000000000 0.0000000134648
-7.6800000000000 0.0000000134648
-7.6800000000000 0.0000000134648
-7.6800000000000 0.0000000134648
-7.6000000000000 0.0000000157637
-7.5200000000000 0.0000000176937
-7.5200000000000 0.0000000176937
-7.4400000000000 0.0000000194415
-7.3600000000000 0.0000000199669
-7.3600000000000 0.0000000199669
-7.3600000000000 0.0000000199669
-7.2800000000000 0.0000000213032
-7.2000000000000 0.0000000208762
-7.2000000000000 0.0000000208762
-7.1200000000000 0.0000000192274
-7.0400000000000 0.0000000189578
-7.0400000000000 0.0000000189578
-7.0400000000000 0.0000000189578
-7.0400000000000 0.0000000189578
-6.9600000000000 0.0000000203621
-6.8800000000000 0.0000000319272
-6.8800000000000 0.0000000319272
-6.8000000000000 0.0000000368118
-6.7200000000000 0.0000000391999
-6.7200000000000 0.0000000391999
-6.7200000000000 0.0000000391999
-6.6400000000000 0.0000000425991
-6.5600000000000 0.0000000514123
-6.5600000000000 0.0000000514123
-6.4800000000000 0.0000000564779
-6.4000000000000 0.0000000615513
-6.4000000000000 0.0000000615513
-6.4000000000000 0.0000000615513
-6.4000000000000 0.0000000615513
-6.4000000000000 0.0000000615513
-6.3600000000000 0.0000000647688
-6.3200000000000 0.0000000684400
-6.3200000000000 0.0000000684400
-6.2800000000000 0.0000000738763
-6.2400000000000 0.0000000806405
-6.2400000000000 0.0000000806405
-6.2400000000000 0.0000000806405
-6.2000000000000 0.0000000904261
-6.1600000000000 0.0000001017022
-6.1600000000000 0.0000001017022
-6.1200000000000 0.0000001144688
-6.0800000000000 0.0000001287258
-6.0800000000000 0.0000001287258
-6.0800000000000 0.0000001287258
-6.0800000000000 0.0000001287258
-6.0400000000000 0.0000001471148
-6.0000000000000 0.0000001655038
-6.0000000000000 0.0000001655038
-5.9600000000000 0.0000001812054
-5.9200000000000 0.0000001983739
-5.9200000000000 0.0000001983739
-5.9200000000000 0.0000001983739
-5.8800000000000 0.0000002212819
-5.8400000000000 0.0000002451860
-5.8400000000000 0.0000002451860
-5.8000000000000 0.0000002637758
-5.7600000000000 0.0000002818307
-5.7600000000000 0.0000002818307
-5.7600000000000 0.0000002818307
-5.7600000000000 0.0000002818307
-5.7600000000000 0.0000002818307
-5.7200000000000 0.0000003032262
-5.6800000000000 0.0000003352274
-5.6800000000000 0.0000003352274
-5.6400000000000 0.0000003730339
-5.6000000000000 0.0000004209045
-5.6000000000000 0.0000004209045
-5.6000000000000 0.0000004209045
-5.5600000000000 0.0000004635816
-5.5200000000000 0.0000005178420
-5.5200000000000 0.0000005178420
-5.4800000000000 0.0000005657922
-5.4400000000000 0.0000006179191
-5.4400000000000 0.0000006179191
-5.4400000000000 0.0000006179191
-5.4400000000000 0.0000006179191
-5.4000000000000 0.0000006732897
-5.3600000000000 0.0000007262973
-5.3600000000000 0.0000007262973
-5.3200000000000 0.0000007877554
-5.2800000000000 0.0000008409622
-5.2800000000000 0.0000008409622
-5.2800000000000 0.0000008409622
-5.2400000000000 0.0000008817859
-5.2000000000000 0.0000009448499
-5.2000000000000 0.0000009448499
-5.1600000000000 0.0000010360187
-5.1200000000000 0.0000011523499
-5.1200000000000 0.0000011523499
-5.1200000000000 0.0000011523499
-5.1200000000000 0.0000011523499
-5.1200000000000 0.0000011523499
-5.1200000000000 0.0000011523499
-5.1200000000000 0.0000011523499
-5.0800000000000 0.0000012562503
-5.0400000000000 0.0000013404556
-5.0400000000000 0.0000013404556
-5.0000000000000 0.0000013909460
-4.9600000000000 0.0000014241253
-4.9600000000000 0.0000014241253
-4.9600000000000 0.0000014241253
-4.9200000000000 0.0000014716935
-4.8800000000000 0.0000015314654
-4.8800000000000 0.0000015314654
-4.8400000000000 0.0000016139177
-4.8000000000000 0.0000017005755
-4.8000000000000 0.0000017005755
-4.8000000000000 0.0000017005755
-4.8000000000000 0.0000017005755
-4.7600000000000 0.0000017892047
-4.7200000000000 0.0000019159899
-4.7200000000000 0.0000019159899
-4.6800000000000 0.0000020259659
-4.6400000000000 0.0000021093345
-4.6400000000000 0.0000021093345
-4.6400000000000 0.0000021093345
-4.6000000000000 0.0000021976001
-4.5600000000000 0.0000023074976
-4.5600000000000 0.0000023074976
-4.5200000000000 0.0000024361530
-4.4800000000000 0.0000025152573
-4.4800000000000 0.0000025152573
-4.4800000000000 0.0000025152573
-4.4800000000000 0.0000025152573
-4.4800000000000 0.0000025152573
-4.4400000000000 0.0000025631334
-4.4000000000000 0.0000026387021
-4.4000000000000 0.0000026387021
-4.3600000000000 0.0000027618566
-4.3200000000000 0.0000028517240
-4.3200000000000 0.0000028517240
-4.3200000000000 0.0000028517240
-4.2800000000000 0.0000029737016
-4.2400000000000 0.0000032035250
-4.2400000000000 0.0000032035250
-4.2000000000000 0.0000035289585
-4.1800000000000 0.0000036366352
-4.1600000000000 0.0000037076185
-4.1600000000000 0.0000037076185
-4.1600000000000 0.0000037076185
-4.1600000000000 0.0000037076185
-4.1600000000000 0.0000037076185
-4.1400000000000 0.0000037181158
-4.1200000000000 0.0000037286131
-4.1200000000000 0.0000037286131
-4.1000000000000 0.0000037449100
-4.0800000000000 0.0000037612070
-4.0800000000000 0.0000037612070
-4.0800000000000 0.0000037612070
-4.0600000000000 0.0000037757103
-4.0400000000000 0.0000037902137
-4.0400000000000 0.0000037902137
-4.0200000000000 0.0000038332301
-4.0000000000000 0.0000038762465
-4.0000000000000 0.0000038762465
-4.0000000000000 0.0000038762465
-4.0000000000000 0.0000038762465
-3.9800000000000 0.0000039039697
-3.9600000000000 0.0000039254349
-3.9600000000000 0.0000039254349
-3.9400000000000 0.0000040293306
-3.9200000000000 0.0000041487837
-3.9200000000000 0.0000041487837
-3.9200000000000 0.0000041487837
-3.9000000000000 0.0000042382829
-3.8800000000000 0.0000043430039
-3.8800000000000 0.0000043430039
-3.8600000000000 0.0000044392677
-3.8400000000000 0.0000045546686
-3.8400000000000 0.0000045546686
-3.8400000000000 0.0000045546686
-3.8400000000000 0.0000045546686
-3.8400000000000 0.0000045546686
-3.8400000000000 0.0000045546686
-3.8400000000000 0.0000045546686
-3.8200000000000 0.0000046672362
-3.8000000000000 0.0000047673152
-3.8000000000000 0.0000047673152
-3.7800000000000 0.0000048774844
-3.7600000000000 0.0000049831915
-3.7600000000000 0.0000049831915
-3.7600000000000 0.0000049831915
-3.7400000000000 0.0000050601072
-3.7200000000000 0.0000050972324
-3.7200000000000 0.0000050972324
-3.7000000000000 0.0000051192115
-3.6800000000000 0.0000051416079
-3.6800000000000 0.0000051416079
-3.6800000000000 0.0000051416079
-3.6800000000000 0.0000051416079
-3.6600000000000 0.0000051663261
-3.6400000000000 0.0000052190202
-3.6400000000000 0.0000052190202
-3.6200000000000 0.0000052279323
-3.6000000000000 0.0000052682721
-3.6000000000000 0.0000052682721
-3.6000000000000 0.0000052682721
-3.5800000000000 0.0000053279423
-3.5600000000000 0.0000053931961
-3.5600000000000 0.0000053931961
-3.5400000000000 0.0000055552313
-3.5200000000000 0.0000057820094
-3.5200000000000 0.0000057820094
-3.5200000000000 0.0000057820094
-3.5200000000000 0.0000057820094
-3.5200000000000 0.0000057820094
-3.5000000000000 0.0000059299280
-3.4800000000000 0.0000060235248
-3.4800000000000 0.0000060235248
-3.4600000000000 0.0000062846027
-3.4400000000000 0.0000065204449
-3.4400000000000 0.0000065204449
-3.4400000000000 0.0000065204449
-3.4200000000000 0.0000066360988
-3.4000000000000 0.0000067704991
-3.4000000000000 0.0000067704991
-3.3800000000000 0.0000068714571
-3.3600000000000 0.0000069453304
-3.3600000000000 0.0000069453304
-3.3600000000000 0.0000069453304
-3.3600000000000 0.0000069453304
-3.3400000000000 0.0000070953396
-3.3200000000000 0.0000073478106
-3.3200000000000 0.0000073478106
-3.3000000000000 0.0000075454919
-3.2800000000000 0.0000077161242
-3.2800000000000 0.0000077161242
-3.2800000000000 0.0000077161242
-3.2600000000000 0.0000077824977
-3.2400000000000 0.0000078400451
-3.2400000000000 0.0000078400451
-3.2200000000000 0.0000080382948
-3.2000000000000 0.0000081063394
-3.2000000000000 0.0000081063394
-3.2000000000000 0.0000081063394
-3.2000000000000 0.0000081063394
-3.2000000000000 0.0000081063394
-3.2000000000000 0.0000081063394
-3.1800000000000 0.0000081290311
-3.1600000000000 0.0000082189452
-3.1600000000000 0.0000082189452
-3.1400000000000 0.0000083415889
-3.1200000000000 0.0000084871518
-3.1200000000000 0.0000084871518
-3.1200000000000 0.0000084871518
-3.1000000000000 0.0000085895213
-3.0800000000000 0.0000086434562
-3.0800000000000 0.0000086434562
-3.0600000000000 0.0000088095387
-3.0400000000000 0.0000089349133
-3.0400000000000 0.0000089349133
-3.0400000000000 0.0000089349133
-3.0400000000000 0.0000089349133
-3.0200000000000 0.0000090267040
-3.0000000000000 0.0000092059277
-3.0000000000000 0.0000092059277
-2.9800000000000 0.0000093297469
-2.9600000000000 0.0000094629210
-2.9600000000000 0.0000094629210
-2.9600000000000 0.0000094629210
-2.9400000000000 0.0000096083487
-2.9200000000000 0.0000096216482
-2.9200000000000 0.0000096216482
-2.9000000000000 0.0000097155627
-2.8800000000000 0.0000099440527
-2.8800000000000 0.0000099440527
-2.8800000000000 0.0000099440527
-2.8800000000000 0.0000099440527
-2.8800000000000 0.0000099440527
-2.8600000000000 0.0000101429696
-2.8400000000000 0.0000103003399
-2.8400000000000 0.0000103003399
-2.8200000000000 0.0000104549179
-2.8000000000000 0.0000106207568
-2.8000000000000 0.0000106207568
-2.8000000000000 0.0000106207568
-2.7800000000000 0.0000107318013
-2.7600000000000 0.0000108349161
-2.7600000000000 0.0000108349161
-2.7400000000000 0.0000111617065
-2.7200000000000 0.0000114410767
-2.7200000000000 0.0000114410767
-2.7200000000000 0.0000114410767
-2.7200000000000 0.0000114410767
-2.7000000000000 0.0000115553102
-2.6800000000000 0.0000118919075
-2.6800000000000 0.0000118919075
-2.6600000000000 0.0000121004849
-2.6400000000000 0.0000123230798
-2.6400000000000 0.0000123230798
-2.6400000000000 0.0000123230798
-2.6200000000000 0.0000128971081
-2.6000000000000 0.0000132048778
-2.6000000000000 0.0000132048778
-2.5800000000000 0.0000136144205
-2.5600000000000 0.0000138709264
-2.5600000000000 0.0000138709264
-2.5600000000000 0.0000138709264
-2.5600000000000 0.0000138709264
-2.5600000000000 0.0000138709264
-2.5600000000000 0.0000138709264
-2.5600000000000 0.0000138709264
-2.5600000000000 0.0000138709264
-2.5400000000000 0.0000141309203
-2.5200000000000 0.0000145987399
-2.5200000000000 0.0000145987399
-2.5000000000000 0.0000150778987
-2.4800000000000 0.0000154184524
-2.4800000000000 0.0000154184524
-2.4800000000000 0.0000154184524
-2.4600000000000 0.0000157043861
-2.4400000000000 0.0000158448382
-2.4400000000000 0.0000158448382
-2.4200000000000 0.0000159910243
-2.4000000000000 0.0000163766018
-2.4000000000000 0.0000163766018
-2.4000000000000 0.0000163766018
-2.4000000000000 0.0000163766018
-2.3800000000000 0.0000170285030
-2.3600000000000 0.0000170981858
-2.3600000000000 0.0000170981858
-2.3400000000000 0.0000172967514
-2.3200000000000 0.0000173566239
-2.3200000000000 0.0000173566239
-2.3200000000000 0.0000173566239
-2.3000000000000 0.0000174571513
-2.2800000000000 0.0000174819880
-2.2800000000000 0.0000174819880
-2.2600000000000 0.0000175833932
-2.2400000000000 0.0000180418927
-2.2400000000000 0.0000180418927
-2.2400000000000 0.0000180418927
-2.2400000000000 0.0000180418927
-2.2400000000000 0.0000180418927
-2.2200000000000 0.0000185501070
-2.2000000000000 0.0000188577948
-2.2000000000000 0.0000188577948
-2.1800000000000 0.0000192262543
-2.1600000000000 0.0000195409776
-2.1600000000000 0.0000195409776
-2.1600000000000 0.0000195409776
-2.1400000000000 0.0000194607434
-2.1200000000000 0.0000195343242
-2.1200000000000 0.0000195343242
-2.1000000000000 0.0000199655321
-2.0800000000000 0.0000207150605
-2.0800000000000 0.0000207150605
-2.0800000000000 0.0000207150605
-2.0800000000000 0.0000207150605
-2.0600000000000 0.0000211996492
-2.0400000000000 0.0000214971449
-2.0400000000000 0.0000214971449
-2.0200000000000 0.0000221893737
-2.0000000000000 0.0000229175736
-2.0000000000000 0.0000229175736
-2.0000000000000 0.0000229175736
-1.9800000000000 0.0000233084532
-1.9600000000000 0.0000238748227
-1.9600000000000 0.0000238748227
-1.9400000000000 0.0000247519463
-1.9200000000000 0.0000254607040
-1.9200000000000 0.0000254607040
-1.9200000000000 0.0000254607040
-1.9200000000000 0.0000254607040
-1.9200000000000 0.0000254607040
-1.9200000000000 0.0000254607040
-1.9000000000000 0.0000256927468
-1.8800000000000 0.0000259892171
-1.8800000000000 0.0000259892171
-1.8600000000000 0.0000271928782
-1.8400000000000 0.0000281420749
-1.8400000000000 0.0000281420749
-1.8400000000000 0.0000281420749
-1.8200000000000 0.0000284857338
-1.8000000000000 0.0000290633752
-1.8000000000000 0.0000290633752
-1.7800000000000 0.0000303959591
-1.7600000000000 0.0000310101742
-1.7600000000000 0.0000310101742
-1.7600000000000 0.0000310101742
-1.7600000000000 0.0000310101742
-1.7400000000000 0.0000313086204
-1.7200000000000 0.0000315456478
-1.7200000000000 0.0000315456478
-1.7000000000000 0.0000318199092
-1.6800000000000 0.0000329200606
-1.6800000000000 0.0000329200606
-1.6800000000000 0.0000329200606
-1.6600000000000 0.0000346388846
-1.6400000000000 0.0000348640939
-1.6400000000000 0.0000348640939
-1.6200000000000 0.0000353977070
-1.6000000000000 0.0000364235588
-1.6000000000000 0.0000364235588
-1.6000000000000 0.0000364235588
-1.6000000000000 0.0000364235588
-1.6000000000000 0.0000364235588
-1.5800000000000 0.0000370715411
-1.5600000000000 0.0000380536137
-1.5600000000000 0.0000380536137
-1.5400000000000 0.0000390906186
-1.5200000000000 0.0000402627074
-1.5200000000000 0.0000402627074
-1.5200000000000 0.0000402627074
-1.5000000000000 0.0000418117020
-1.4800000000000 0.0000428227567
-1.4800000000000 0.0000428227567
-1.4600000000000 0.0000437425296
-1.4400000000000 0.0000456009489
-1.4400000000000 0.0000456009489
-1.4400000000000 0.0000456009489
-1.4400000000000 0.0000456009489
-1.4200000000000 0.0000471852455
-1.4000000000000 0.0000474460742
-1.4000000000000 0.0000474460742
-1.3800000000000 0.0000483515373
-1.3600000000000 0.0000494203856
-1.3600000000000 0.0000494203856
-1.3600000000000 0.0000494203856
-1.3400000000000 0.0000494464733
-1.3200000000000 0.0000495845381
-1.3200000000000 0.0000495845381
-1.3000000000000 0.0000502179639
-1.2800000000000 0.0000536286099
-1.2800000000000 0.0000536286099
-1.2800000000000 0.0000536286099
-1.2800000000000 0.0000536286099
-1.2800000000000 0.0000536286099
-1.2800000000000 0.0000536286099
-1.2800000000000 0.0000536286099
-1.2600000000000 0.0000559056514
-1.2400000000000 0.0000560638568
-1.2400000000000 0.0000560638568
-1.2200000000000 0.0000576974967
-1.2000000000000 0.0000609620263
-1.2000000000000 0.0000609620263
-1.2000000000000 0.0000609620263
-1.1800000000000 0.0000599514438
-1.1600000000000 0.0000624878035
-1.1600000000000 0.0000624878035
-1.1400000000000 0.0000630471743
-1.1200000000000 0.0000656365842
-1.1200000000000 0.0000656365842
-1.1200000000000 0.0000656365842
-1.1200000000000 0.0000656365842
-1.1000000000000 0.0000688659856
-1.0800000000000 0.0000721832250
-1.0800000000000 0.0000721832250
-1.0600000000000 0.0000780328753
-1.0400000000000 0.0000784490410
-1.0400000000000 0.0000784490410
-1.0400000000000 0.0000784490410
-1.0200000000000 0.0000812312025
-1.0000000000000 0.0000850618653
-1.0000000000000 0.0000850618653
-0.9800000000000 0.0000897386864
-0.9600000000000 0.0000887348894
-0.9600000000000 0.0000887348894
-0.9600000000000 0.0000887348894
-0.9600000000000 0.0000887348894
-0.9600000000000 0.0000887348894
-0.9400000000000 0.0000907858647
-0.9200000000000 0.0000939525245
-0.9200000000000 0.0000939525245
-0.9000000000000 0.0000963250295
-0.8800000000000 0.0000984409220
-0.8800000000000 0.0000984409220
-0.8800000000000 0.0000984409220
-0.8600000000000 0.0001003169742
-0.8400000000000 0.0001034540019
-0.8400000000000 0.0001034540019
-0.8200000000000 0.0001073976337
-0.8000000000000 0.0001099196328
-0.8000000000000 0.0001099196328
-0.8000000000000 0.0001099196328
-0.8000000000000 0.0001099196328
-0.7800000000000 0.0001162708768
-0.7600000000000 0.0001229478314
-0.7600000000000 0.0001229478314
-0.7400000000000 0.0001295659569
-0.7200000000000 0.0001326379665
-0.7200000000000 0.0001326379665
-0.7200000000000 0.0001326379665
-0.7000000000000 0.0001461438199
-0.6800000000000 0.0001553693168
-0.6800000000000 0.0001553693168
-0.6600000000000 0.0001545606731
-0.6400000000000 0.0001543655787
-0.6400000000000 0.0001543655787
-0.6400000000000 0.0001543655787
-0.6400000000000 0.0001543655787
-0.6400000000000 0.0001543655787
-0.6400000000000 0.0001543655787
-0.6200000000000 0.0001528429311
-0.6000000000000 0.0001570776718
-0.6000000000000 0.0001570776718
-0.5800000000000 0.0001622578759
-0.5600000000000 0.0001676922821
-0.5600000000000 0.0001676922821
-0.5600000000000 0.0001676922821
-0.5400000000000 0.0001800322914
-0.5200000000000 0.0001824083902
-0.5200000000000 0.0001824083902
-0.5000000000000 0.0001893589531
-0.4800000000000 0.0001979362276
-0.4800000000000 0.0001979362276
-0.4800000000000 0.0001979362276
-0.4800000000000 0.0001979362276
-0.4600000000000 0.0002145134011
-0.4400000000000 0.0002205066528
-0.4400000000000 0.0002205066528
-0.4200000000000 0.0002421523148
-0.4000000000000 0.0002702198139
-0.4000000000000 0.0002702198139
-0.4000000000000 0.0002702198139
-0.3800000000000 0.0002748550270
-0.3600000000000 0.0002813852291
-0.3600000000000 0.0002813852291
-0.3400000000000 0.0003178864074
-0.3200000000000 0.0003568911575
-0.3200000000000 0.0003568911575
-0.3200000000000 0.0003568911575
-0.3200000000000 0.0003568911575
-0.3200000000000 0.0003568911575
-0.3000000000000 0.0003655813047
-0.2800000000000 0.0003841934790
-0.2800000000000 0.0003841934790
-0.2600000000000 0.0004289027176
-0.2400000000000 0.0004446732776
-0.2400000000000 0.0004446732776
-0.2400000000000 0.0004446732776
-0.2200000000000 0.0004861652697
-0.2000000000000 0.0003009978751
-0.2000000000000 0.0003009978751
-0.1800000000000 0.0003565228657
-0.1600000000000 0.0000583456288
-0.1600000000000 0.0000583456288
-0.1600000000000 0.0000583456288
-0.1600000000000 0.0000583456288
-0.1400000000000 0.0002122972840
-0.1200000000000 0.0002398349629
-0.1200000000000 0.0002398349629
-0.1000000000000 0.0001494142254
-0.0800000000000 0.0001254527913
-0.0800000000000 0.0001254527913
-0.0800000000000 0.0001254527913
-0.0600000000000 0.0000907943669
-0.0400000000000 0.0006086965560
-0.0400000000000 0.0006086965560
-0.0200000000000 0.0003954965614
0.0000000000000 0.0405252366456
0.0000000000000 0.0405252366456
0.0000000000000 0.0405252366456
0.0000000000000 0.0405252366456
0.0000000000000 0.0405252366456
0.0000000000000 0.0405252366456
0.0000000000000 0.0405252366456
0.0000000000000 0.0405252366456
0.0200000000000 0.0005901058750
0.0400000000000 0.0006099108361
0.0400000000000 0.0006099108361
0.0600000000000 0.0001613505735
0.0800000000000 0.0004022380569
0.0800000000000 0.0004022380569
0.0800000000000 0.0004022380569
0.1000000000000 0.0001192820573
0.1200000000000 0.0002370554624
0.1200000000000 0.0002370554624
0.1400000000000 0.0002841163324
0.1600000000000 0.0001076510862
0.1600000000000 0.0001076510862
0.1600000000000 0.0001076510862
0.1600000000000 0.0001076510862
0.1800000000000 0.0004166612167
0.2000000000000 0.0004488464169
0.2000000000000 0.0004488464169
0.2200000000000 0.0004908373927
0.2400000000000 0.0004112024122
0.2400000000000 0.0004112024122
0.2400000000000 0.0004112024122
0.2600000000000 0.0004059008892
0.2800000000000 0.0004022051646
0.2800000000000 0.0004022051646
0.3000000000000 0.0003667965115
0.3200000000000 0.0003555786063
0.3200000000000 0.0003555786063
0.3200000000000 0.0003555786063
0.3200000000000 0.0003555786063
0.3200000000000 0.0003555786063
0.3400000000000 0.0003313318291
0.3600000000000 0.0002919693478
0.3600000000000 0.0002919693478
0.3800000000000 0.0002883476010
0.4000000000000 0.0002696780312
0.4000000000000 0.0002696780312
0.4000000000000 0.0002696780312
0.4200000000000 0.0002529427078
0.4400000000000 0.0002238780012
0.4400000000000 0.0002238780012
0.4600000000000 0.0002149373049
0.4800000000000 0.0002094455417
0.4800000000000 0.0002094455417
0.4800000000000 0.0002094455417
0.4800000000000 0.0002094455417
0.5000000000000 0.0001915986760
0.5200000000000 0.0001850813841
0.5200000000000 0.0001850813841
0.5400000000000 0.0001764887297
0.5600000000000 0.0001682902455
0.5600000000000 0.0001682902455
0.5600000000000 0.0001682902455
0.5800000000000 0.0001648305029
0.6000000000000 0.0001569333610
0.6000000000000 0.0001569333610
0.6200000000000 0.0001511331975
0.6400000000000 0.0001473787942
0.6400000000000 0.0001473787942
0.6400000000000 0.0001473787942
0.6400000000000 0.0001473787942
0.6400000000000 0.0001473787942
0.6400000000000 0.0001473787942
0.6600000000000 0.0001470304986
0.6800000000000 0.0001489559946
0.6800000000000 0.0001489559946
0.7000000000000 0.0001431740101
0.7200000000000 0.0001340397734
0.7200000000000 0.0001340397734
0.7200000000000 0.0001340397734
0.7400000000000 0.0001296924934
0.7600000000000 0.0001226628256
0.7600000000000 0.0001226628256
0.7800000000000 0.0001156471367
0.8000000000000 0.0001072906691
0.8000000000000 0.0001072906691
0.8000000000000 0.0001072906691
0.8000000000000 0.0001072906691
0.8200000000000 0.0001052695683
0.8400000000000 0.0001018655706
0.8400000000000 0.0001018655706
0.8600000000000 0.0000977904493
0.8800000000000 0.0000957225482
0.8800000000000 0.0000957225482
0.8800000000000 0.0000957225482
0.9000000000000 0.0000946632254
0.9200000000000 0.0000922809996
0.9200000000000 0.0000922809996
0.9400000000000 0.0000893517887
0.9600000000000 0.0000878639416
0.9600000000000 0.0000878639416
0.9600000000000 0.0000878639416
0.9600000000000 0.0000878639416
0.9600000000000 0.0000878639416
0.9800000000000 0.0000866071737
1.0000000000000 0.0000847784508
1.0000000000000 0.0000847784508
1.0200000000000 0.0000820343949
1.0400000000000 0.0000805642694
1.0400000000000 0.0000805642694
1.0400000000000 0.0000805642694
1.0600000000000 0.0000771653195
1.0800000000000 0.0000731177726
1.0800000000000 0.0000731177726
1.1000000000000 0.0000694031784
1.1200000000000 0.0000666416438
1.1200000000000 0.0000666416438
1.1200000000000 0.0000666416438
1.1200000000000 0.0000666416438
1.1400000000000 0.0000625190996
1.1600000000000 0.0000605790071
1.1600000000000 0.0000605790071
1.1800000000000 0.0000627778233
1.2000000000000 0.0000578580414
1.2000000000000 0.0000578580414
1.2000000000000 0.0000578580414
1.2200000000000 0.0000552696674
1.2400000000000 0.0000561658503
1.2400000000000 0.0000561658503
1.2600000000000 0.0000530260251
1.2800000000000 0.0000510092731
1.2800000000000 0.0000510092731
1.2800000000000 0.0000510092731
1.2800000000000 0.0000510092731
1.2800000000000 0.0000510092731
1.2800000000000 0.0000510092731
1.2800000000000 0.0000510092731
1.3000000000000 0.0000500656655
1.3200000000000 0.0000484966632
1.3200000000000 0.0000484966632
1.3400000000000 0.0000468739205
1.3600000000000 0.0000452627481
1.3600000000000 0.0000452627481
1.3600000000000 0.0000452627481
1.3800000000000 0.0000450789938
1.4000000000000 0.0000441062032
1.4000000000000 0.0000441062032
1.4200000000000 0.0000433398132
1.4400000000000 0.0000425953717
1.4400000000000 0.0000425953717
1.4400000000000 0.0000425953717
1.4400000000000 0.0000425953717
1.4600000000000 0.0000408380969
1.4800000000000 0.0000395490218
1.4800000000000 0.0000395490218
1.5000000000000 0.0000387105552
1.5200000000000 0.0000378565358
1.5200000000000 0.0000378565358
1.5200000000000 0.0000378565358
1.5400000000000 0.0000367933717
1.5600000000000 0.0000355121021
1.5600000000000 0.0000355121021
1.5800000000000 0.0000346944925
1.6000000000000 0.0000341507306
1.6000000000000 0.0000341507306
1.6000000000000 0.0000341507306
1.6000000000000 0.0000341507306
1.6000000000000 0.0000341507306
1.6200000000000 0.0000344307715
1.6400000000000 0.0000330819345
1.6400000000000 0.0000330819345
1.6600000000000 0.0000318365458
1.6800000000000 0.0000309224096
1.6800000000000 0.0000309224096
1.6800000000000 0.0000309224096
1.7000000000000 0.0000306294062
1.7200000000000 0.0000307937284
1.7200000000000 0.0000307937284
1.7400000000000 0.0000304824595
1.7600000000000 0.0000303696910
1.7600000000000 0.0000303696910
1.7600000000000 0.0000303696910
1.7600000000000 0.0000303696910
1.7800000000000 0.0000296982683
1.8000000000000 0.0000290356814
1.8000000000000 0.0000290356814
1.8200000000000 0.0000282447132
1.8400000000000 0.0000277337997
1.8400000000000 0.0000277337997
1.8400000000000 0.0000277337997
1.8600000000000 0.0000262455972
1.8800000000000 0.0000250402756
1.8800000000000 0.0000250402756
1.9000000000000 0.0000247962629
1.9200000000000 0.0000249129141
1.9200000000000 0.0000249129141
1.9200000000000 0.0000249129141
1.9200000000000 0.0000249129141
1.9200000000000 0.0000249129141
1.9200000000000 0.0000249129141
1.9400000000000 0.0000242589567
1.9600000000000 0.0000233606377
1.9600000000000 0.0000233606377
1.9800000000000 0.0000230667219
2.0000000000000 0.0000229895939
2.0000000000000 0.0000229895939
2.0000000000000 0.0000229895939
2.0200000000000 0.0000230391553
2.0400000000000 0.0000225182951
2.0400000000000 0.0000225182951
2.0600000000000 0.0000220087748
2.0800000000000 0.0000214680899
2.0800000000000 0.0000214680899
2.0800000000000 0.0000214680899
2.0800000000000 0.0000214680899
2.1000000000000 0.0000209787391
2.1200000000000 0.0000206941121
2.1200000000000 0.0000206941121
2.1400000000000 0.0000203989344
2.1600000000000 0.0000200960087
2.1600000000000 0.0000200960087
2.1600000000000 0.0000200960087
2.1800000000000 0.0000195069277
2.2000000000000 0.0000188343558
2.2000000000000 0.0000188343558
2.2200000000000 0.0000185141591
2.2400000000000 0.0000180536987
2.2400000000000 0.0000180536987
2.2400000000000 0.0000180536987
2.2400000000000 0.0000180536987
2.2400000000000 0.0000180536987
2.2600000000000 0.0000174967669
2.2800000000000 0.0000171551362
2.2800000000000 0.0000171551362
2.3000000000000 0.0000170346760
2.3200000000000 0.0000170110586
2.3200000000000 0.0000170110586
2.3200000000000 0.0000170110586
2.3400000000000 0.0000167539327
2.3600000000000 0.0000164677838
2.3600000000000 0.0000164677838
2.3800000000000 0.0000164236313
2.4000000000000 0.0000159806524
2.4000000000000 0.0000159806524
2.4000000000000 0.0000159806524
2.4000000000000 0.0000159806524
2.4200000000000 0.0000154388509
2.4400000000000 0.0000150207994
2.4400000000000 0.0000150207994
2.4600000000000 0.0000148893513
2.4800000000000 0.0000148137132
2.4800000000000 0.0000148137132
2.4800000000000 0.0000148137132
2.5000000000000 0.0000145558943
2.5200000000000 0.0000139055436
2.5200000000000 0.0000139055436
2.5400000000000 0.0000134168091
2.5600000000000 0.0000132742136
2.5600000000000 0.0000132742136
2.5600000000000 0.0000132742136
2.5600000000000 0.0000132742136
2.5600000000000 0.0000132742136
2.5600000000000 0.0000132742136
2.5600000000000 0.0000132742136
2.5600000000000 0.0000132742136
2.5800000000000 0.0000131858718
2.6000000000000 0.0000129892588
2.6000000000000 0.0000129892588
2.6200000000000 0.0000127202810
2.6400000000000 0.0000123104815
2.6400000000000 0.0000123104815
2.6400000000000 0.0000123104815
2.6600000000000 0.0000120275049
2.6800000000000 0.0000118422568
2.6800000000000 0.0000118422568
2.7000000000000 0.0000115120282
2.7200000000000 0.0000112529900
2.7200000000000 0.0000112529900
2.7200000000000 0.0000112529900
2.7200000000000 0.0000112529900
2.7400000000000 0.0000110048694
2.7600000000000 0.0000107044811
2.7600000000000 0.0000107044811
2.7800000000000 0.0000106267275
2.8000000000000 0.0000106038835
2.8000000000000 0.0000106038835
2.8000000000000 0.0000106038835
2.8200000000000 0.0000105037588
2.8400000000000 0.0000102864535
2.8400000000000 0.0000102864535
2.8600000000000 0.0000101393224
2.8800000000000 0.0000099120336
2.8800000000000 0.0000099120336
2.8800000000000 0.0000099120336
2.8800000000000 0.0000099120336
2.8800000000000 0.0000099120336
2.9000000000000 0.0000096633848
2.9200000000000 0.0000095615817
2.9200000000000 0.0000095615817
2.9400000000000 0.0000094272655
2.9600000000000 0.0000093208865
2.9600000000000 0.0000093208865
2.9600000000000 0.0000093208865
2.9800000000000 0.0000092278124
3.0000000000000 0.0000090302493
3.0000000000000 0.0000090302493
3.0200000000000 0.0000088004946
3.0400000000000 0.0000086799618
3.0400000000000 0.0000086799618
3.0400000000000 0.0000086799618
3.0400000000000 0.0000086799618
3.0600000000000 0.0000084820409
3.0800000000000 0.0000083627810
3.0800000000000 0.0000083627810
3.1000000000000 0.0000082331262
3.1200000000000 0.0000080655289
3.1200000000000 0.0000080655289
3.1200000000000 0.0000080655289
3.1400000000000 0.0000080141883
3.1600000000000 0.0000079433277
3.1600000000000 0.0000079433277
3.1800000000000 0.0000078393257
3.2000000000000 0.0000077440644
3.2000000000000 0.0000077440644
3.2000000000000 0.0000077440644
3.2000000000000 0.0000077758625
3.2000000000000 0.0000077440644
3.2000000000000 0.0000077758625
3.2200000000000 0.0000076816812
3.2400000000000 0.0000076285620
3.2400000000000 0.0000076285620
3.2600000000000 0.0000075265685
3.2800000000000 0.0000074461864
3.2800000000000 0.0000074461864
3.2800000000000 0.0000074461864
3.3000000000000 0.0000073749258
3.3200000000000 0.0000072902967
3.3200000000000 0.0000072902967
3.3400000000000 0.0000071746520
3.3600000000000 0.0000070919270
3.3600000000000 0.0000070919270
3.3600000000000 0.0000070919270
3.3600000000000 0.0000070919270
3.3800000000000 0.0000069873404
3.4000000000000 0.0000068514717
3.4000000000000 0.0000068514717
3.4200000000000 0.0000066164120
3.4400000000000 0.0000064504737
3.4400000000000 0.0000064504737
3.4400000000000 0.0000064504737
3.4600000000000 0.0000062852370
3.4800000000000 0.0000060550271
3.4800000000000 0.0000060550271
3.5000000000000 0.0000058297178
3.5200000000000 0.0000056617847
3.5200000000000 0.0000056617847
3.5200000000000 0.0000056617847
3.5200000000000 0.0000056617847
3.5200000000000 0.0000056617847
3.5400000000000 0.0000054755276
3.5600000000000 0.0000052945432
3.5600000000000 0.0000052945432
3.5800000000000 0.0000052237994
3.6000000000000 0.0000051840727
3.6000000000000 0.0000051840727
3.6000000000000 0.0000051840727
3.6200000000000 0.0000051713391
3.6400000000000 0.0000051345630
3.6400000000000 0.0000051345630
3.6600000000000 0.0000050782381
3.6800000000000 0.0000050307922
3.6800000000000 0.0000050307922
3.6800000000000 0.0000050307922
3.6800000000000 0.0000050307922
3.7000000000000 0.0000049922723
3.7200000000000 0.0000049452449
3.7200000000000 0.0000049452449
3.7400000000000 0.0000048878003
3.7600000000000 0.0000048137059
3.7600000000000 0.0000048137059
3.7600000000000 0.0000048137059
3.7800000000000 0.0000047362736
3.8000000000000 0.0000046591731
3.8000000000000 0.0000046591731
3.8200000000000 0.0000046189615
3.8400000000000 0.0000045768320
3.8400000000000 0.0000045768320
3.8400000000000 0.0000045768320
3.8400000000000 0.0000045768320
3.8400000000000 0.0000045768320
3.8400000000000 0.0000045768320
3.8400000000000 0.0000045768320
3.8600000000000 0.0000045174800
3.8800000000000 0.0000044492298
3.8800000000000 0.0000044492298
3.9000000000000 0.0000043522494
3.9200000000000 0.0000041887192
3.9200000000000 0.0000041887192
3.9200000000000 0.0000041887192
3.9400000000000 0.0000040371529
3.9600000000000 0.0000038801501
3.9600000000000 0.0000038801501
3.9800000000000 0.0000037508480
4.0000000000000 0.0000036789511
4.0000000000000 0.0000036789511
4.0000000000000 0.0000036789511
4.0000000000000 0.0000036789511
4.0200000000000 0.0000036246139
4.0400000000000 0.0000035884661
4.0400000000000 0.0000035884661
4.0600000000000 0.0000035796025
4.0800000000000 0.0000035707389
4.0800000000000 0.0000035707389
4.0800000000000 0.0000035707389
4.1000000000000 0.0000035303821
4.1200000000000 0.0000034900253
4.1200000000000 0.0000034900253
4.1400000000000 0.0000034643520
4.1600000000000 0.0000034386787
4.1600000000000 0.0000034386787
4.1600000000000 0.0000034386787
4.1600000000000 0.0000034386787
4.1600000000000 0.0000034386787
4.1800000000000 0.0000034003369
4.2000000000000 0.0000033535495
4.2400000000000 0.0000030914410
4.2400000000000 0.0000030914410
4.2800000000000 0.0000028848282
4.3200000000000 0.0000027705570
4.3200000000000 0.0000027705570
4.3200000000000 0.0000027705570
4.3600000000000 0.0000026968210
4.4000000000000 0.0000026024802
4.4000000000000 0.0000026024802
4.4400000000000 0.0000025416823
4.4800000000000 0.0000024887365
4.4800000000000 0.0000024887365
4.4800000000000 0.0000024887365
4.4800000000000 0.0000024887365
4.4800000000000 0.0000024887365
4.5200000000000 0.0000024368702
4.5600000000000 0.0000023623844
4.5600000000000 0.0000023623844
4.6000000000000 0.0000022729496
4.6400000000000 0.0000021823089
4.6400000000000 0.0000021823089
4.6400000000000 0.0000021823089
4.6800000000000 0.0000020996663
4.7200000000000 0.0000019765764
4.7200000000000 0.0000019765764
4.7600000000000 0.0000018536317
4.8000000000000 0.0000017372466
4.8000000000000 0.0000017372466
4.8000000000000 0.0000017372466
4.8000000000000 0.0000017372466
4.8400000000000 0.0000016209988
4.8800000000000 0.0000015210934
4.8800000000000 0.0000015210934
4.9200000000000 0.0000014438189
4.9600000000000 0.0000013992818
4.9600000000000 0.0000013992818
4.9600000000000 0.0000013992818
5.0000000000000 0.0000013498539
5.0400000000000 0.0000012892227
5.0400000000000 0.0000012892227
5.0800000000000 0.0000012213326
5.1200000000000 0.0000011532371
5.1200000000000 0.0000011532371
5.1200000000000 0.0000011532371
5.1200000000000 0.0000011532371
5.1200000000000 0.0000011532371
5.1200000000000 0.0000011532371
5.1200000000000 0.0000011532371
5.1600000000000 0.0000010801861
5.2000000000000 0.0000009941065
5.2000000000000 0.0000009941065
5.2400000000000 0.0000009221246
5.2800000000000 0.0000008599948
5.2800000000000 0.0000008599948
5.2800000000000 0.0000008599948
5.3200000000000 0.0000008015067
5.3600000000000 0.0000007389158
5.3600000000000 0.0000007389158
5.4000000000000 0.0000006772239
5.4400000000000 0.0000006304479
5.4400000000000 0.0000006304479
5.4400000000000 0.0000006304479
5.4400000000000 0.0000006304479
5.4800000000000 0.0000005738619
5.5200000000000 0.0000005230531
5.5200000000000 0.0000005230531
5.5600000000000 0.0000004740239
5.6000000000000 0.0000004300071
5.6000000000000 0.0000004300071
5.6000000000000 0.0000004300071
5.6400000000000 0.0000003921223
5.6800000000000 0.0000003547290
5.6800000000000 0.0000003547290
5.7200000000000 0.0000003233760
5.7600000000000 0.0000002977957
5.7600000000000 0.0000002977957
5.7600000000000 0.0000002977957
5.7600000000000 0.0000002977957
5.7600000000000 0.0000002977957
5.8000000000000 0.0000002708201
5.8400000000000 0.0000002458956
5.8400000000000 0.0000002458956
5.8800000000000 0.0000002213818
5.9200000000000 0.0000001993145
5.9200000000000 0.0000001993145
5.9200000000000 0.0000001993145
5.9600000000000 0.0000001797459
6.0000000000000 0.0000001657521
6.0000000000000 0.0000001657521
6.0400000000000 0.0000001510895
6.0800000000000 0.0000001372103
6.0800000000000 0.0000001372103
6.0800000000000 0.0000001372103
6.0800000000000 0.0000001372103
6.1200000000000 0.0000001244677
6.1600000000000 0.0000001118026
6.1600000000000 0.0000001118026
6.2000000000000 0.0000000992149
6.2400000000000 0.0000000867047
6.2400000000000 0.0000000867047
6.2400000000000 0.0000000867047
6.2800000000000 0.0000000781771
6.3200000000000 0.0000000706455
6.3200000000000 0.0000000706455
6.3600000000000 0.0000000641098
6.4000000000000 0.0000000585700
6.4000000000000 0.0000000585700
6.4000000000000 0.0000000585700
6.4000000000000 0.0000000585700
6.4000000000000 0.0000000585700
6.4800000000000 0.0000000507167
6.5600000000000 0.0000000447834
6.5600000000000 0.0000000447834
6.6400000000000 0.0000000406334
6.7200000000000 0.0000000382988
6.7200000000000 0.0000000382988
6.7200000000000 0.0000000382988
6.8000000000000 0.0000000386374
6.8800000000000 0.0000000346216
6.8800000000000 0.0000000346216
6.9600000000000 0.0000000236513
7.0400000000000 0.0000000201253
7.0400000000000 0.0000000201253
7.0400000000000 0.0000000201253
7.0400000000000 0.0000000201253
7.1200000000000 0.0000000203869
7.2000000000000 0.0000000219971
7.2000000000000 0.0000000219971
7.2800000000000 0.0000000227715
7.3600000000000 0.0000000204912
7.3600000000000 0.0000000204912
7.3600000000000 0.0000000204912
7.4400000000000 0.0000000197094
7.5200000000000 0.0000000172377
7.5200000000000 0.0000000172377
7.6000000000000 0.0000000155220
7.6800000000000 0.0000000136718
7.6800000000000 0.0000000136718
7.6800000000000 0.0000000136718
7.6800000000000 0.0000000136718
7.6800000000000 0.0000000136718
7.6800000000000 0.0000000136718
7.7600000000000 0.0000000126460
7.8400000000000 0.0000000110422
7.8400000000000 0.0000000110422
7.9200000000000 0.0000000092699
8.0000000000000 0.0000000074516
8.0000000000000 0.0000000074516
8.0000000000000 0.0000000074516
8.0800000000000 0.0000000060298
8.1600000000000 0.0000000049505
8.1600000000000 0.0000000049505
8.2400000000000 0.0000000039115
8.3200000000000 0.0000000031965
8.3200000000000 0.0000000031965
8.3200000000000 0.0000000031965
8.3200000000000 0.0000000031965
8.4000000000000 0.0000000030857
8.4800000000000 0.0000000028354
8.4800000000000 0.0000000028354
8.5600000000000 0.0000000022054
8.6400000000000 0.0000000017036
8.6400000000000 0.0000000017036
8.6400000000000 0.0000000017036
8.7200000000000 0.0000000014418
8.8000000000000 0.0000000011965
8.8000000000000 0.0000000011965
8.8800000000000 0.0000000010480
8.9600000000000 0.0000000009053
8.9600000000000 0.0000000009053
8.9600000000000 0.0000000009053
8.9600000000000 0.0000000009053
8.9600000000000 0.0000000009053
9.0400000000000 0.0000000008094
9.1200000000000 0.0000000008946
9.1200000000000 0.0000000008946
9.2000000000000 0.0000000011101
9.2800000000000 0.0000000012224
9.2800000000000 0.0000000012224
9.2800000000000 0.0000000012224
9.3600000000000 0.0000000005261
9.4400000000000 0.0000000001327
9.4400000000000 0.0000000001327
9.5200000000000 0.0000000001022
9.6000000000000 0.0000000000930
9.6000000000000 0.0000000000930
9.6000000000000 0.0000000000930
9.6000000000000 0.0000000000930
9.6800000000000 0.0000000000974
9.7600000000000 0.0000000001558
9.7600000000000 0.0000000001558
9.8400000000000 0.0000000002035
9.9200000000000 0.0000000002134
9.9200000000000 0.0000000002134
9.9200000000000 0.0000000002134
10.0000000000000 0.0000000001891
10.0800000000000 0.0000000001482
10.0800000000000 0.0000000001482
10.1600000000000 0.0000000001208
10.2400000000000 0.0000000000969
10.2400000000000 0.0000000000969
10.2400000000000 0.0000000000969
10.2400000000000 0.0000000000969
10.2400000000000 0.0000000000969
10.2400000000000 0.0000000000969
10.3200000000000 0.0000000000928
10.4000000000000 0.0000000000904
10.4000000000000 0.0000000000904
10.4800000000000 0.0000000000909
10.5600000000000 0.0000000000914
10.5600000000000 0.0000000000914
10.5600000000000 0.0000000000914
10.6400000000000 0.0000000000854
10.7200000000000 0.0000000000794
10.7200000000000 0.0000000000794
10.8000000000000 0.0000000000796
10.8800000000000 0.0000000000797
10.8800000000000 0.0000000000797
10.8800000000000 0.0000000000797
11.0400000000000 0.0000000000766
11.2000000000000 0.0000000000691
11.2000000000000 0.0000000000691
11.3600000000000 0.0000000000653
11.5200000000000 0.0000000000580
11.5200000000000 0.0000000000580
11.5200000000000 0.0000000000580
11.5200000000000 0.0000000000580
11.6800000000000 0.0000000000508
11.8400000000000 0.0000000000426
11.8400000000000 0.0000000000426
12.0000000000000 0.0000000000318
12.1600000000000 0.0000000000266
12.1600000000000 0.0000000000266
12.1600000000000 0.0000000000266
12.3200000000000 0.0000000000217
12.4800000000000 0.0000000000119
12.4800000000000 0.0000000000119
12.6400000000000 0.0000000000104
12.8000000000000 0.0000000000125
12.8000000000000 0.0000000000125
12.8000000000000 0.0000000000125
12.8000000000000 0.0000000000125
12.8000000000000 0.0000000000125
12.9600000000000 0.0000000000153
13.1200000000000 0.0000000000164
13.1200000000000 0.0000000000164
13.2800000000000 0.0000000000162
13.4400000000000 0.0000000000158
13.4400000000000 0.0000000000158
13.4400000000000 0.0000000000158
13.6000000000000 0.0000000000155
13.7600000000000 0.0000000000153
13.7600000000000 0.0000000000153
13.9200000000000 0.0000000000148
14.0800000000000 0.0000000000137
14.0800000000000 0.0000000000137
14.0800000000000 0.0000000000137
14.0800000000000 0.0000000000137
14.2400000000000 0.0000000000120
14.4000000000000 0.0000000000100
14.4000000000000 0.0000000000100
14.5600000000000 0.0000000000077
14.7200000000000 0.0000000000053
14.7200000000000 0.0000000000053
14.7200000000000 0.0000000000053
14.8800000000000 0.0000000000035
15.0400000000000 0.0000000000019
15.0400000000000 0.0000000000019
15.2000000000000 0.0000000000014
15.3600000000000 0.0000000000012
15.3600000000000 0.0000000000012
15.3600000000000 0.0000000000012
15.3600000000000 0.0000000000012
15.3600000000000 0.0000000000012
15.5200000000000 0.0000000000014
15.6800000000000 0.0000000000016
16.0000000000000 0.0000000000017
16.0000000000000 0.0000000000017
16.3200000000000 0.0000000000008
16.6400000000000 0.0000000000000
16.6400000000000 0.0000000000000
16.6400000000000 0.0000000000000
16.9600000000000 0.0000000000000
17.2800000000000 0.0000000000000
17.2800000000000 0.0000000000000
17.6000000000000 0.0000000000001
17.9200000000000 0.0000000000001
17.9200000000000 0.0000000000001
17.9200000000000 0.0000000000001
17.9200000000000 0.0000000000001
18.2400000000000 0.0000000000002
18.5600000000000 0.0000000000003
18.5600000000000 0.0000000000003
18.8800000000000 0.0000000000003
19.2000000000000 0.0000000000003
19.2000000000000 0.0000000000003
19.2000000000000 0.0000000000003
19.5200000000000 0.0000000000003
19.8400000000000 0.0000000000003
19.8400000000000 0.0000000000003
20.1600000000000 0.0000000000003
20.4800000000000 0.0000000000002
20.4800000000000 0.0000000000002
20.4800000000000 0.0000000000002
20.4800000000000 0.0000000000002
20.8000000000000 0.0000000000002
21.1200000000000 0.0000000000001
21.1200000000000 0.0000000000001
21.4400000000000 0.0000000000000
21.7600000000000 0.0000000000000
21.7600000000000 0.0000000000000
21.7600000000000 0.0000000000000
22.0800000000000 0.0000000000000
22.4000000000000 0.0000000000000
22.4000000000000 0.0000000000000
22.7200000000000 0.0000000000000
23.0400000000000 0.0000000000000
23.0400000000000 0.0000000000000
23.0400000000000 0.0000000000000
23.6800000000000 0.0000000000000
24.3200000000000 0.0000000000000
24.3200000000000 0.0000000000000
24.9600000000000 0.0000000000000
25.6000000000000 0.0000000000000
25.6000000000000 0.0000000000000
25.6000000000000 0.0000000000000
26.2400000000000 0.0000000000000
26.8800000000000 0.0000000000000
26.8800000000000 0.0000000000000
27.5200000000000 0.0000000000000
28.1600000000000 0.0000000000000
28.1600000000000 0.0000000000000
28.1600000000000 0.0000000000000
28.8000000000000 0.0000000000000
29.4400000000000 0.0000000000000
29.4400000000000 0.0000000000000
30.0800000000000 0.0000000000000
30.7200000000000 0.0000000000000
30.7200000000000 0.0000000000000
30.7200000000000 0.0000000000000
31.3600000000000 0.0000000000000
32.0000000000000 0.0000000000000
32.0000000000000 0.0000000000000
32.6400000000000 0.0000000000000
33.2800000000000 0.0000000000000
33.2800000000000 0.0000000000000
33.2800000000000 0.0000000000000
33.9200000000000 0.0000000000000
34.5600000000000 0.0000000000000
34.5600000000000 0.0000000000000
35.2000000000000 0.0000000000000
35.8400000000000 0.0000000000000
35.8400000000000 0.0000000000000
35.8400000000000 0.0000000000000
36.4800000000000 0.0000000000000
37.1200000000000 0.0000000000000
37.1200000000000 0.0000000000000
37.7600000000000 0.0000000000000
38.4000000000000 0.0000000000000
38.4000000000000 0.0000000000000
39.6800000000000 0.0000000000000
40.9600000000000 0.0000000000000
40.9600000000000 0.0000000000000
42.2400000000000 0.0000000000000
43.5200000000000 0.0000000000000
43.5200000000000 0.0000000000000
44.8000000000000 0.0000000000000
46.0800000000000 0.0000000000000
46.0800000000000 0.0000000000000
47.3600000000000 0.0000000000000
48.6400000000000 0.0000000000000
48.6400000000000 0.0000000000000
49.9200000000000 0.0000000000000
51.2000000000000 0.0000000000000
51.2000000000000 0.0000000000000
52.4800000000000 0.0000000000000
53.7600000000000 0.0000000000000
53.7600000000000 0.0000000000000
55.0400000000000 0.0000000000000
56.3200000000000 0.0000000000000
56.3200000000000 0.0000000000000
57.6000000000000 0.0000000000000
58.8800000000000 0.0000000000000
58.8800000000000 0.0000000000000
60.1600000000000 0.0000000000000
61.4400000000000 0.0000000000000
61.4400000000000 0.0000000000000
62.7200000000000 0.0000000000000
64.0000000000000 0.0000000000000
64.0000000000000 0.0000000000000
65.2800000000000 0.0000000000000
66.5600000000000 0.0000000000000
66.5600000000000 0.0000000000000
67.8400000000000 0.0000000000000
69.1200000000000 0.0000000000000
69.1200000000000 0.0000000000000
70.4000000000000 0.0000000000000
71.6800000000000 0.0000000000000
71.6800000000000 0.0000000000000
72.9600000000000 0.0000000000000
74.2400000000000 0.0000000000000
74.2400000000000 0.0000000000000
75.5200000000000 0.0000000000000
76.8000000000000 0.0000000000000
76.8000000000000 0.0000000000000
78.0800000000000 0.0000000000000
79.3600000000000 0.0000000000000
79.3600000000000 0.0000000000000
80.6400000000000 0.0000000000000
81.9200000000000 0.0000000000000
81.9200000000000 0.0000000000000
83.2000000000000 0.0000000000000
84.4800000000000 0.0000000000000
84.4800000000000 0.0000000000000
85.7600000000000 0.0000000000000
87.0400000000000 0.0000000000000
87.0400000000000 0.0000000000000
88.3200000000000 0.0000000000000
89.6000000000000 0.0000000000000
89.6000000000000 0.0000000000000
90.8800000000000 0.0000000000000
92.1600000000000 0.0000000000000
92.1600000000000 0.0000000000000
93.4400000000000 0.0000000000000
94.7200000000000 0.0000000000000
94.7200000000000 0.0000000000000
96.0000000000000 0.0000000000000
97.2800000000000 0.0000000000000
97.2800000000000 0.0000000000000
98.5600000000000 0.0000000000000
99.8400000000000 0.0000000000000
99.8400000000000 0.0000000000000
101.1200000000000 0.0000000000000
102.4000000000000 0.0000000000000
102.4000000000000 0.0000000000000
103.6800000000000 0.0000000000000
104.9600000000000 0.0000000000000
104.9600000000000 0.0000000000000
106.2400000000000 0.0000000000000
107.5200000000000 0.0000000000000
107.5200000000000 0.0000000000000
108.8000000000000 0.0000000000000
110.0800000000000 0.0000000000000
110.0800000000000 0.0000000000000
111.3600000000000 0.0000000000000
112.6400000000000 0.0000000000000
112.6400000000000 0.0000000000000
113.9200000000000 0.0000000000000
115.2000000000000 0.0000000000000
115.2000000000000 0.0000000000000
116.4800000000000 0.0000000000000
117.7600000000000 0.0000000000000
117.7600000000000 0.0000000000000
119.0400000000000 0.0000000000000
120.3200000000000 0.0000000000000
120.3200000000000 0.0000000000000
121.6000000000000 0.0000000000000
122.8800000000000 0.0000000000000
122.8800000000000 0.0000000000000
124.1600000000000 0.0000000000000
125.4400000000000 0.0000000000000
125.4400000000000 0.0000000000000
126.7200000000000 0.0000000000000
128.0000000000000 0.0000000000000
128.0000000000000 0.0000000000000
129.2800000000000 0.0000000000000
130.5600000000000 0.0000000000000
130.5600000000000 0.0000000000000
131.8400000000000 0.0000000000000
133.1200000000000 0.0000000000000
133.1200000000000 0.0000000000000
134.4000000000000 0.0000000000000
135.6800000000000 0.0000000000000
135.6800000000000 0.0000000000000
136.9600000000000 0.0000000000000
138.2400000000000 0.0000000000000
138.2400000000000 0.0000000000000
139.5200000000000 0.0000000000000
140.8000000000000 0.0000000000000
143.3600000000000 0.0000000000000
145.9200000000000 0.0000000000000
148.4800000000000 0.0000000000000
151.0400000000000 0.0000000000000
153.6000000000000 0.0000000000000
156.1600000000000 0.0000000000000
158.7200000000000 0.0000000000000
161.2800000000000 0.0000000000000
163.8400000000000 0.0000000000000
166.4000000000000 0.0000000000000
168.9600000000000 0.0000000000000
171.5200000000000 0.0000000000000
174.0800000000000 0.0000000000000
176.6400000000000 0.0000000000000
179.2000000000000 0.0000000000000
181.7600000000000 0.0000000000000
184.3200000000000 0.0000000000000
186.8800000000000 0.0000000000000
189.4400000000000 0.0000000000000
192.0000000000000 0.0000000000000
194.5600000000000 0.0000000000000
197.1200000000000 0.0000000000000
199.6800000000000 0.0000000000000
202.2400000000000 0.0000000000000
204.8000000000000 0.0000000000000
207.3600000000000 0.0000000000000
209.9200000000000 0.0000000000000
212.4800000000000 0.0000000000000
215.0400000000000 0.0000000000000
217.6000000000000 0.0000000000000
220.1600000000000 0.0000000000000
222.7200000000000 0.0000000000000
225.2800000000000 0.0000000000000
227.8400000000000 0.0000000000000
230.4000000000000 0.0000000000000
232.9600000000000 0.0000000000000
235.5200000000000 0.0000000000000
238.0800000000000 0.0000000000000
240.6400000000000 0.0000000000000
243.2000000000000 0.0000000000000
245.7600000000000 0.0000000000000
248.3200000000000 0.0000000000000
250.8800000000000 0.0000000000000
253.4400000000000 0.0000000000000
256.0000000000000 0.0000000000000
258.5600000000000 0.0000000000000
261.1200000000000 0.0000000000000
263.6800000000000 0.0000000000000
266.2400000000000 0.0000000000000
268.8000000000000 0.0000000000000
271.3600000000000 0.0000000000000
273.9200000000000 0.0000000000000
276.4800000000000 0.0000000000000
279.0400000000000 0.0000000000000
281.6000000000000 0.0000000000000
284.1600000000000 0.0000000000000
286.7200000000000 0.0000000000000
289.2800000000000 0.0000000000000
291.8400000000000 0.0000000000000
294.4000000000000 0.0000000000000
296.9600000000000 0.0000000000000
299.5200000000000 0.0000000000000
302.0800000000000 0.0000000000000
304.6400000000000 0.0000000000000
307.2000000000000 0.0000000000000
309.7600000000000 0.0000000000000
312.3200000000000 0.0000000000000
314.8800000000000 0.0000000000000
317.4400000000000 0.0000000000000
