# x lapse
-317.4400000000000 0.9942099427710
-314.8800000000000 0.9941630759533
-312.3200000000000 0.9941154414272
-309.7600000000000 0.9940670203799
-307.2000000000000 0.9940177932645
-304.6400000000000 0.9939677397416
-302.0800000000000 0.9939168389298
-299.5200000000000 0.9938650692786
-296.9600000000000 0.9938124083598
-294.4000000000000 0.9937588329692
-291.8400000000000 0.9937043191864
-289.2800000000000 0.9936488422760
-286.7200000000000 0.9935923765476
-284.1600000000000 0.9935348952334
-281.6000000000000 0.9934763705793
-279.0400000000000 0.9934167739816
-276.4800000000000 0.9933560759043
-273.9200000000000 0.9932942458629
-271.3600000000000 0.9932312523172
-268.8000000000000 0.9931670620426
-266.2400000000000 0.9931016397836
-263.6800000000000 0.9930349490591
-261.1200000000000 0.9929669531506
-258.5600000000000 0.9928976146467
-256.0000000000000 0.9928268938510
-253.4400000000000 0.9927547484245
-250.8800000000000 0.9926811350631
-248.3200000000000 0.9926060094435
-245.7600000000000 0.9925293173570
-243.2000000000000 0.9924509705427
-240.6400000000000 0.9923708170737
-238.0800000000000 0.9922886578300
-235.5200000000000 0.9922043734912
-232.9600000000000 0.9921181097770
-230.4000000000000 0.9920302834345
-227.8400000000000 0.9919412396606
-225.2800000000000 0.9918508416472
-222.7200000000000 0.9917585305559
-220.1600000000000 0.9916638517305
-217.6000000000000 0.9915667463855
-215.0400000000000 0.9914672687064
-212.4800000000000 0.9913653040527
-209.9200000000000 0.9912607051670
-207.3600000000000 0.9911534309491
-204.8000000000000 0.9910434382923
-202.2400000000000 0.9909306505621
-199.6800000000000 0.9908150180504
-197.1200000000000 0.9906964623811
-194.5600000000000 0.9905748573664
-192.0000000000000 0.9904500798911
-189.4400000000000 0.9903219845603
-186.8800000000000 0.9901904100728
-184.3200000000000 0.9900552127105
-181.7600000000000 0.9899162359385
-179.2000000000000 0.9897733118711
-176.6400000000000 0.9896262616230
-174.0800000000000 0.9894748881154
-171.5200000000000 0.9893190071752
-168.9600000000000 0.9891584375172
-166.4000000000000 0.9889929919429
-163.8400000000000 0.9888224674635
-161.2800000000000 0.9886466242747
-158.7200000000000 0.9884652053235
-156.1600000000000 0.9882779395695
-153.6000000000000 0.9880845358599
-151.0400000000000 0.9878846757282
-148.4800000000000 0.9876780177434
-145.9200000000000 0.9874641973378
-143.3600000000000 0.9872428279885
-140.8000000000000 0.9870135129344
-139.5200000000000 0.9868957463963
-138.2400000000000 0.9867758365461
-138.2400000000000 0.9867758365461
-136.9600000000000 0.9866537282693
-135.6800000000000 0.9865293617142
-135.6800000000000 0.9865293617142
-134.4000000000000 0.9864026744954
-133.1200000000000 0.9862736019749
-133.1200000000000 0.9862736019749
-131.8400000000000 0.9861420767472
-130.5600000000000 0.9860080288874
-130.5600000000000 0.9860080288874
-129.2800000000000 0.9858713858210
-128.0000000000000 0.9857320714992
-128.0000000000000 0.9857320714992
-126.7200000000000 0.9855900064002
-125.4400000000000 0.9854451128780
-125.4400000000000 0.9854451128780
-124.1600000000000 0.9852973072961
-122.8800000000000 0.9851464994533
-122.8800000000000 0.9851464994533
-121.6000000000000 0.9849925983583
-120.3200000000000 0.9848355123304
-120.3200000000000 0.9848355123304
-119.0400000000000 0.9846751433570
-117.7600000000000 0.9845113855700
-117.7600000000000 0.9845113855700
-116.4800000000000 0.9843441306293
-115.2000000000000 0.9841732710220
-115.2000000000000 0.9841732710220
-113.9200000000000 0.9839986935000
-112.6400000000000 0.9838202731247
-112.6400000000000 0.9838202731247
-111.3600000000000 0.9836378800966
-110.0800000000000 0.9834513860577
-110.0800000000000 0.9834513860577
-108.8000000000000 0.9832606568119
-107.5200000000000 0.9830655461832
-107.5200000000000 0.9830655461832
-106.2400000000000 0.9828659005387
-104.9600000000000 0.9826615622286
-104.9600000000000 0.9826615622286
-103.6800000000000 0.9824523679301
-102.4000000000000 0.9822381462846
-102.4000000000000 0.9822381462846
-101.1200000000000 0.9820187149552
-99.8400000000000 0.9817938808377
-99.8400000000000 0.9817938808377
-98.5600000000000 0.9815634438029
-97.2800000000000 0.9813271960027
-97.2800000000000 0.9813271960027
-96.0000000000000 0.9810849176078
-94.7200000000000 0.9808363756269
-94.7200000000000 0.9808363756269
-93.4400000000000 0.9805813242457
-92.1600000000000 0.9803195039905
-92.1600000000000 0.9803195039905
-90.8800000000000 0.9800506410734
-89.6000000000000 0.9797744472831
-89.6000000000000 0.9797744472831
-88.3200000000000 0.9794906195243
-87.0400000000000 0.9791988379380
-87.0400000000000 0.9791988379380
-85.7600000000000 0.9788987626819
-84.4800000000000 0.9785900322717
-84.4800000000000 0.9785900322717
-83.2000000000000 0.9782722647201
-81.9200000000000 0.9779450576326
-81.9200000000000 0.9779450576326
-80.6400000000000 0.9776079846914
-79.3600000000000 0.9772605917020
-79.3600000000000 0.9772605917020
-78.0800000000000 0.9769023958006
-76.8000000000000 0.9765328859181
-76.8000000000000 0.9765328859181
-75.5200000000000 0.9761515197736
-74.2400000000000 0.9757577179789
-74.2400000000000 0.9757577179789
-72.9600000000000 0.9753508594004
-71.6800000000000 0.9749302787127
-71.6800000000000 0.9749302787127
-70.4000000000000 0.9744952656990
-69.1200000000000 0.9740450641458
-69.1200000000000 0.9740450641458
-67.8400000000000 0.9735788661888
-66.5600000000000 0.9730958036418
-66.5600000000000 0.9730958036418
-65.2800000000000 0.9725949418100
-64.0000000000000 0.9720752741299
-64.0000000000000 0.9720752741299
-62.7200000000000 0.9715357161125
-61.4400000000000 0.9709751017102
-61.4400000000000 0.9709751017102
-60.1600000000000 0.9703921713873
-58.8800000000000 0.9697855534618
-58.8800000000000 0.9697855534618
-57.6000000000000 0.9691537614478
-56.3200000000000 0.9684951893683
-56.3200000000000 0.9684951893683
-55.0400000000000 0.9678080858932
-53.7600000000000 0.9670905336551
-53.7600000000000 0.9670905336551
-52.4800000000000 0.9663404403892
-51.2000000000000 0.9655555256628
-51.2000000000000 0.9655555256628
-49.9200000000000 0.9647332851638
-48.6400000000000 0.9638709453208
-48.6400000000000 0.9638709453208
-47.3600000000000 0.9629654458449
-46.0800000000000 0.9620134281042
-46.0800000000000 0.9620134281042
-44.8000000000000 0.9610111858510
-43.5200000000000 0.9599545770664
-43.5200000000000 0.9599545770664
-42.2400000000000 0.9588389646700
-40.9600000000000 0.9576591838841
-40.9600000000000 0.9576591838841
-39.6800000000000 0.9564094585006
-38.4000000000000 0.9550832811981
-38.4000000000000 0.9550832811981
-37.7600000000000 0.9543892522189
-37.1200000000000 0.9536732649481
-37.1200000000000 0.9536732649481
-36.4800000000000 0.9529342347335
-35.8400000000000 0.9521710035618
-35.8400000000000 0.9521710035618
-35.8400000000000 0.9521710035618
-35.2000000000000 0.9513823289659
-34.5600000000000 0.9505668820028
-34.5600000000000 0.9505668820028
-33.9200000000000 0.9497232309778
-33.2800000000000 0.9488498399378
-33.2800000000000 0.9488498399378
-33.2800000000000 0.9488498399378
-32.6400000000000 0.9479450470810
-32.0000000000000 0.9470070530471
-32.0000000000000 0.9470070530471
-31.3600000000000 0.9460339023873
-30.7200000000000 0.9450234865349
-30.7200000000000 0.9450234865349
-30.7200000000000 0.9450234865349
-30.0800000000000 0.9439735054131
-29.4400000000000 0.9428814359153
-29.4400000000000 0.9428814359153
-28.8000000000000 0.9417445158284
-28.1600000000000 0.9405597172804
-28.1600000000000 0.9405597172804
-28.1600000000000 0.9405597172804
-27.5200000000000 0.9393237071426
-26.8800000000000 0.9380328118399
-26.8800000000000 0.9380328118399
-26.2400000000000 0.9366829676093
-25.6000000000000 0.9352696522860
-25.6000000000000 0.9352696522860
-25.6000000000000 0.9352696522860
-24.9600000000000 0.9337878228930
-24.3200000000000 0.9322318536734
-24.3200000000000 0.9322318536734
-23.6800000000000 0.9305954639238
-23.0400000000000 0.9288716176422
-23.0400000000000 0.9288716176422
-23.0400000000000 0.9288716176422
-22.7200000000000 0.9279744561678
-22.4000000000000 0.9270523706018
-22.4000000000000 0.9270523706018
-22.0800000000000 0.9261041998641
-21.7600000000000 0.9251287111841
-21.7600000000000 0.9251287111841
-21.7600000000000 0.9251287111841
-21.4400000000000 0.9241245914901
-21.1200000000000 0.9230904530145
-21.1200000000000 0.9230904530145
-20.8000000000000 0.9220248134896
-20.4800000000000 0.9209260906544
-20.4800000000000 0.9209260906544
-20.4800000000000 0.9209260906544
-20.4800000000000 0.9209260906544
-20.1600000000000 0.9197925908873
-19.8400000000000 0.9186224900530
-19.8400000000000 0.9186224900530
-19.5200000000000 0.9174138366843
-19.2000000000000 0.9161645407133
-19.2000000000000 0.9161645407133
-19.2000000000000 0.9161645407133
-18.8800000000000 0.9148723743061
-18.5600000000000 0.9135349569000
-18.5600000000000 0.9135349569000
-18.2400000000000 0.9121497322981
-17.9200000000000 0.9107139498729
-17.9200000000000 0.9107139498729
-17.9200000000000 0.9107139498729
-17.9200000000000 0.9107139498729
-17.6000000000000 0.9092246546693
-17.2800000000000 0.9076786732486
-17.2800000000000 0.9076786732486
-16.9600000000000 0.9060725896725
-16.6400000000000 0.9044027248226
-16.6400000000000 0.9044027248226
-16.6400000000000 0.9044027248226
-16.3200000000000 0.9026651124340
-16.0000000000000 0.9008554648641
-16.0000000000000 0.9008554648641
-15.6800000000000 0.8989691619199
-15.5200000000000 0.8979957298123
-15.3600000000000 0.8970012300926
-15.3600000000000 0.8970012300926
-15.3600000000000 0.8970012300926
-15.3600000000000 0.8970012300926
-15.3600000000000 0.8970012300926
-15.2000000000000 0.8959849664952
-15.0400000000000 0.8949462156399
-15.0400000000000 0.8949462156399
-14.8800000000000 0.8938842221634
-14.7200000000000 0.8927982351258
-14.7200000000000 0.8927982351258
-14.7200000000000 0.8927982351258
-14.5600000000000 0.8916874724320
-14.4000000000000 0.8905510314806
-14.4000000000000 0.8905510314806
-14.2400000000000 0.8893879741686
-14.0800000000000 0.8881974375111
-14.0800000000000 0.8881974375111
-14.0800000000000 0.8881974375111
-14.0800000000000 0.8881974375111
-13.9200000000000 0.8869785123894
-13.7600000000000 0.8857301967110
-13.7600000000000 0.8857301967110
-13.6000000000000 0.8844514151094
-13.4400000000000 0.8831410624662
-13.4400000000000 0.8831410611177
-13.4400000000000 0.8831410624662
-13.2800000000000 0.8817980055370
-13.1200000000000 0.8804210377850
-13.1200000000000 0.8804210377850
-12.9600000000000 0.8790088706773
-12.8000000000000 0.8775601888220
-12.8000000000000 0.8775601888220
-12.8000000000000 0.8775601888220
-12.8000000000000 0.8775601888220
-12.8000000000000 0.8775601888220
-12.6400000000000 0.8760736691907
-12.4800000000000 0.8745479203159
-12.4800000000000 0.8745479203159
-12.3200000000000 0.8729814353753
-12.1600000000000 0.8713726163483
-12.1600000000000 0.8713726163483
-12.1600000000000 0.8713726163483
-12.0000000000000 0.8697198027224
-11.8400000000000 0.8680212504158
-11.8400000000000 0.8680212504158
-11.6800000000000 0.8662751058875
-11.5200000000000 0.8644794245369
-11.5200000000000 0.8644794245369
-11.5200000000000 0.8644794245369
-11.5200000000000 0.8644794245369
-11.3600000000000 0.8626321971216
-11.2000000000000 0.8607313308224
-11.2000000000000 0.8607313308224
-11.0400000000000 0.8587746136578
-10.8800000000000 0.8567597112107
-10.8800000000000 0.8567597112107
-10.8800000000000 0.8567597112107
-10.8000000000000 0.8557296790619
-10.7200000000000 0.8546841711579
-10.7200000000000 0.8546841711579
-10.6400000000000 0.8536228602042
-10.5600000000000 0.8525454084696
-10.5600000000000 0.8525454084696
-10.5600000000000 0.8525454084696
-10.4800000000000 0.8514514686478
-10.4000000000000 0.8503406817596
-10.4000000000000 0.8503406817596
-10.3200000000000 0.8492126790323
-10.2400000000000 0.8480670838122
-10.2400000000000 0.8480670838122
-10.2400000000000 0.8480670838122
-10.2400000000000 0.8480670838122
-10.2400000000000 0.8480670838122
-10.2400000000000 0.8480670838122
-10.1600000000000 0.8469035093736
-10.0800000000000 0.8457215600257
-10.0800000000000 0.8457215600257
-10.0000000000000 0.8445208293080
-9.9200000000000 0.8433008984669
-9.9200000000000 0.8433008984669
-9.9200000000000 0.8433008984669
-9.8400000000000 0.8420613364911
-9.7600000000000 0.8408017014044
-9.7600000000000 0.8408017014044
-9.6800000000000 0.8395215413966
-9.6000000000000 0.8382203940524
-9.6000000000000 0.8382203940524
-9.6000000000000 0.8382203940524
-9.6000000000000 0.8382203940524
-9.5200000000000 0.8368977847306
-9.4400000000000 0.8355532251930
-9.4400000000000 0.8355532251930
-9.3600000000000 0.8341862120597
-9.2800000000000 0.8327962255639
-9.2800000000000 0.8327962255266
-9.2800000000000 0.8327962255266
-9.2000000000000 0.8313827293668
-9.1200000000000 0.8299451708897
-9.1200000000000 0.8299451708897
-9.0400000000000 0.8284829793893
-8.9600000000000 0.8269955650268
-8.9600000000000 0.8269955650268
-8.9600000000000 0.8269955650268
-8.9600000000000 0.8269955650268
-8.9600000000000 0.8269955650268
-8.8800000000000 0.8254823203639
-8.8000000000000 0.8239426224891
-8.8000000000000 0.8239426224891
-8.7200000000000 0.8223758320296
-8.6400000000000 0.8207812891681
-8.6400000000000 0.8207812891681
-8.6400000000000 0.8207812891681
-8.5600000000000 0.8191583103990
-8.4800000000000 0.8175061885288
-8.4800000000000 0.8175061885288
-8.4000000000000 0.8158241947041
-8.3200000000000 0.8141115799228
-8.3200000000000 0.8141115799228
-8.3200000000000 0.8141115799228
-8.3200000000000 0.8141115799228
-8.2400000000000 0.8123675749634
-8.1600000000000 0.8105913889721
-8.1600000000000 0.8105913889721
-8.0800000000000 0.8087822070493
-8.0000000000000 0.8069391871172
-8.0000000000000 0.8069391871172
-8.0000000000000 0.8069391871172
-7.9200000000000 0.8050614566004
-7.8400000000000 0.8031481109018
-7.8400000000000 0.8031481109018
-7.7600000000000 0.8011982137823
-7.6800000000000 0.7992107971211
-7.6800000000000 0.7992107971211
-7.6800000000000 0.7992107971211
-7.6800000000000 0.7992107971211
-7.6800000000000 0.7992107971211
-7.6800000000000 0.7992107971211
-7.6000000000000 0.7971848580322
-7.5200000000000 0.7951193549673
-7.5200000000000 0.7951193549673
-7.4400000000000 0.7930132077370
-7.3600000000000 0.7908652985365
-7.3600000000000 0.7908652985365
-7.3600000000000 0.7908652985365
-7.2800000000000 0.7886744705551
-7.2000000000000 0.7864395261334
-7.2000000000000 0.7864395261334
-7.1200000000000 0.7841592310276
-7.0400000000000 0.7818323197062
-7.0400000000000 0.7818323197062
-7.0400000000000 0.7818323197062
-7.0400000000000 0.7818323197062
-6.9600000000000 0.7794574903303
-6.8800000000000 0.7770333929534
-6.8800000000000 0.7770333929534
-6.8000000000000 0.7745586242402
-6.7200000000000 0.7720317303374
-6.7200000000000 0.7720317303374
-6.7200000000000 0.7720317303374
-6.6400000000000 0.7694512102997
-6.5600000000000 0.7668155139035
-6.5600000000000 0.7668155139035
-6.4800000000000 0.7641230323583
-6.4000000000000 0.7613720992536
-6.4000000000000 0.7613720992536
-6.4000000000000 0.7613720992536
-6.4000000000000 0.7613720992536
-6.4000000000000 0.7613720992536
-6.3600000000000 0.7599741744625
-6.3200000000000 0.7585609825879
-6.3200000000000 0.7585609825879
-6.2800000000000 0.7571322974477
-6.2400000000000 0.7556878892195
-6.2400000000000 0.7556878892195
-6.2400000000000 0.7556878892195
-6.2000000000000 0.7542275236714
-6.1600000000000 0.7527509613025
-6.1600000000000 0.7527509613025
-6.1200000000000 0.7512579578013
-6.0800000000000 0.7497482641156
-6.0800000000000 0.7497482641156
-6.0800000000000 0.7497482641156
-6.0800000000000 0.7497482641156
-6.0400000000000 0.7482216261756
-6.0000000000000 0.7466777838070
-6.0000000000000 0.7466777838070
-5.9600000000000 0.7451164720071
-5.9200000000000 0.7435374207792
-5.9200000000000 0.7435374207792
-5.9200000000000 0.7435374207792
-5.8800000000000 0.7419403559437
-5.8400000000000 0.7403249989814
-5.8400000000000 0.7403249989814
-5.8000000000000 0.7386910669066
-5.7600000000000 0.7370382719380
-5.7600000000000 0.7370382719380
-5.7600000000000 0.7370382719380
-5.7600000000000 0.7370382719380
-5.7600000000000 0.7370382719380
-5.7200000000000 0.7353663209975
-5.6800000000000 0.7336749157841
-5.6800000000000 0.7336749157841
-5.6400000000000 0.7319637514063
-5.6000000000000 0.7302325167426
-5.6000000000000 0.7302325167426
-5.6000000000000 0.7302325167426
-5.5600000000000 0.7284808937234
-5.5200000000000 0.7267085576914
-5.5200000000000 0.7267085576914
-5.4800000000000 0.7249151791016
-5.4400000000000 0.7231004210789
-5.4400000000000 0.7231004210789
-5.4400000000000 0.7231004210789
-5.4400000000000 0.7231004210789
-5.4000000000000 0.7212639406935
-5.3600000000000 0.7194053885056
-5.3600000000000 0.7194053885056
-5.3200000000000 0.7175244079147
-5.2800000000000 0.7156206353487
-5.2800000000000 0.7156206353487
-5.2800000000000 0.7156206353487
-5.2400000000000 0.7136937006202
-5.2000000000000 0.7117432261780
-5.2000000000000 0.7117432261780
-5.1600000000000 0.7097688267734
-5.1200000000000 0.7077701096710
-5.1200000000000 0.7077701096710
-5.1200000000000 0.7077701096710
-5.1200000000000 0.7077701096710
-5.1200000000000 0.7077701096710
-5.1200000000000 0.7077701096710
-5.1200000000000 0.7077701096710
-5.0800000000000 0.7057466739312
-5.0400000000000 0.7036981100268
-5.0400000000000 0.7036981100268
-5.0000000000000 0.7016239992272
-4.9600000000000 0.6995239136008
-4.9600000000000 0.6995239136008
-4.9600000000000 0.6995239136008
-4.9200000000000 0.6973974178023
-4.8800000000000 0.6952440691966
-4.8800000000000 0.6952440691966
-4.8400000000000 0.6930634172394
-4.8000000000000 0.6908550035509
-4.8000000000000 0.6908550035509
-4.8000000000000 0.6908550035509
-4.8000000000000 0.6908550035509
-4.7600000000000 0.6886183591038
-4.7200000000000 0.6863530028899
-4.7200000000000 0.6863530028899
-4.6800000000000 0.6840584432052
-4.6400000000000 0.6817341770395
-4.6400000000000 0.6817341770395
-4.6400000000000 0.6817341770395
-4.6000000000000 0.6793796934418
-4.5600000000000 0.6769944688877
-4.5600000000000 0.6769944688877
-4.5200000000000 0.6745779692874
-4.4800000000000 0.6721296547766
-4.4800000000000 0.6721296547766
-4.4800000000000 0.6721296547766
-4.4800000000000 0.6721296547766
-4.4800000000000 0.6721296547766
-4.4400000000000 0.6696489777824
-4.4000000000000 0.6671353860667
-4.4000000000000 0.6671353860667
-4.3600000000000 0.6645883136635
-4.3200000000000 0.6620071855365
-4.3200000000000 0.6620071855365
-4.3200000000000 0.6620071855365
-4.2800000000000 0.6593914183277
-4.2400000000000 0.6567404157414
-4.2400000000000 0.6567404157414
-4.2000000000000 0.6540535646992
-4.1800000000000 0.6526965004266
-4.1600000000000 0.6513302365702
-4.1600000000000 0.6513302365702
-4.1600000000000 0.6513302365702
-4.1600000000000 0.6513302365702
-4.1600000000000 0.6513302365702
-4.1400000000000 0.6499546913286
-4.1200000000000 0.6485697823548
-4.1200000000000 0.6485697823548
-4.1000000000000 0.6471754263769
-4.0800000000000 0.6457715387459
-4.0800000000000 0.6457715387459
-4.0800000000000 0.6457715387459
-4.0600000000000 0.6443580341242
-4.0400000000000 0.6429348267621
-4.0400000000000 0.6429348267621
-4.0200000000000 0.6415018301888
-4.0000000000000 0.6400589588598
-4.0000000000000 0.6400589588598
-4.0000000000000 0.6400589588598
-4.0000000000000 0.6400589588598
-3.9800000000000 0.6386061264595
-3.9600000000000 0.6371432434143
-3.9600000000000 0.6371432434143
-3.9400000000000 0.6356702191227
-3.9200000000000 0.6341869640006
-3.9200000000000 0.6341869640006
-3.9200000000000 0.6341869640006
-3.9000000000000 0.6326933875462
-3.8800000000000 0.6311893965120
-3.8800000000000 0.6311893965120
-3.8600000000000 0.6296748986739
-3.8400000000000 0.6281498009366
-3.8400000000000 0.6281498009366
-3.8400000000000 0.6281498009366
-3.8400000000000 0.6281498009366
-3.8400000000000 0.6281498009366
-3.8400000000000 0.6281498009366
-3.8400000000000 0.6281498009366
-3.8200000000000 0.6266140084448
-3.8000000000000 0.6250674245962
-3.8000000000000 0.6250674245962
-3.7800000000000 0.6235099514501
-3.7600000000000 0.6219414928220
-3.7600000000000 0.6219414928220
-3.7600000000000 0.6219414928220
-3.7400000000000 0.6203619498427
-3.7200000000000 0.6187712231633
-3.7200000000000 0.6187712231633
-3.7000000000000 0.6171692123088
-3.6800000000000 0.6155558164545
-3.6800000000000 0.6155558164545
-3.6800000000000 0.6155558164545
-3.6800000000000 0.6155558164545
-3.6600000000000 0.6139309344080
-3.6400000000000 0.6122944645230
-3.6400000000000 0.6122944645230
-3.6200000000000 0.6106463039846
-3.6000000000000 0.6089863496276
-3.6000000000000 0.6089863496276
-3.6000000000000 0.6089863496276
-3.5800000000000 0.6073144963263
-3.5600000000000 0.6056306380401
-3.5600000000000 0.6056306380401
-3.5400000000000 0.6039346668930
-3.5200000000000 0.6022264739565
-3.5200000000000 0.6022264739565
-3.5200000000000 0.6022264739565
-3.5200000000000 0.6022264739565
-3.5200000000000 0.6022264739565
-3.5000000000000 0.6005059494972
-3.4800000000000 0.5987729839726
-3.4800000000000 0.5987729839726
-3.4600000000000 0.5970274672738
-3.4400000000000 0.5952692890128
-3.4400000000000 0.5952692890128
-3.4400000000000 0.5952692890128
-3.4200000000000 0.5934983386168
-3.4000000000000 0.5917145026151
-3.4000000000000 0.5917145026151
-3.3800000000000 0.5899176669345
-3.3600000000000 0.5881077158076
-3.3600000000000 0.5881077158076
-3.3600000000000 0.5881077158076
-3.3600000000000 0.5881077158076
-3.3400000000000 0.5862845323973
-3.3200000000000 0.5844479984987
-3.3200000000000 0.5844479984987
-3.3000000000000 0.5825979911917
-3.2800000000000 0.5807343870798
-3.2800000000000 0.5807343870798
-3.2800000000000 0.5807343870798
-3.2600000000000 0.5788570600986
-3.2400000000000 0.5769658832575
-3.2400000000000 0.5769658832575
-3.2200000000000 0.5750607268394
-3.2000000000000 0.5731414606035
-3.2000000000000 0.5731414606035
-3.2000000000000 0.5731414606035
-3.2000000000000 0.5731414606035
-3.2000000000000 0.5731414606035
-3.2000000000000 0.5731414606035
-3.1800000000000 0.5712079549876
-3.1600000000000 0.5692600772098
-3.1600000000000 0.5692600772098
-3.1400000000000 0.5672976919153
-3.1200000000000 0.5653206641688
-3.1200000000000 0.5653206641688
-3.1200000000000 0.5653206641688
-3.1000000000000 0.5633288587896
-3.0800000000000 0.5613221387533
-3.0800000000000 0.5613221387533
-3.0600000000000 0.5593003639891
-3.0400000000000 0.5572633960177
-3.0400000000000 0.5572633960177
-3.0400000000000 0.5572633960177
-3.0400000000000 0.5572633960177
-3.0200000000000 0.5552110974394
-3.0000000000000 0.5531433328421
-3.0000000000000 0.5531433328421
-2.9800000000000 0.5510599708587
-2.9600000000000 0.5489608787694
-2.9600000000000 0.5489608787694
-2.9600000000000 0.5489608787694
-2.9400000000000 0.5468459271857
-2.9200000000000 0.5447149944567
-2.9200000000000 0.5447149944567
-2.9000000000000 0.5425679580505
-2.8800000000000 0.5404047009433
-2.8800000000000 0.5404047009433
-2.8800000000000 0.5404047009433
-2.8800000000000 0.5404047009433
-2.8800000000000 0.5404047009433
-2.8600000000000 0.5382250984689
-2.8400000000000 0.5360290173657
-2.8400000000000 0.5360290173657
-2.8200000000000 0.5338163242255
-2.8000000000000 0.5315868937222
-2.8000000000000 0.5315868937222
-2.8000000000000 0.5315868937222
-2.7800000000000 0.5293405873703
-2.7600000000000 0.5270772589385
-2.7600000000000 0.5270772589385
-2.7400000000000 0.5247967542233
-2.7200000000000 0.5224989186370
-2.7200000000000 0.5224989186370
-2.7200000000000 0.5224989186370
-2.7200000000000 0.5224989186370
-2.7000000000000 0.5201835922075
-2.6800000000000 0.5178506068005
-2.6800000000000 0.5178506068005
-2.6600000000000 0.5154997962914
-2.6400000000000 0.5131309993463
-2.6400000000000 0.5131309993463
-2.6400000000000 0.5131309993463
-2.6200000000000 0.5107440520278
-2.6000000000000 0.5083388033952
-2.6000000000000 0.5083388033952
-2.5800000000000 0.5059150999762
-2.5600000000000 0.5034727717498
-2.5600000000000 0.5034727717498
-2.5600000000000 0.5034727717498
-2.5600000000000 0.5034727717498
-2.5600000000000 0.5034727717498
-2.5600000000000 0.5034727717498
-2.5600000000000 0.5034727717498
-2.5600000000000 0.5034727717498
-2.5400000000000 0.5010116617919
-2.5200000000000 0.4985316229511
-2.5200000000000 0.4985316229511
-2.5000000000000 0.4960325046386
-2.4800000000000 0.4935141634949
-2.4800000000000 0.4935141634949
-2.4800000000000 0.4935141634949
-2.4600000000000 0.4909764609510
-2.4400000000000 0.4884192526389
-2.4400000000000 0.4884192526389
-2.4200000000000 0.4858423892062
-2.4000000000000 0.4832457282879
-2.4000000000000 0.4832457282879
-2.4000000000000 0.4832457282879
-2.4000000000000 0.4832457282879
-2.3800000000000 0.4806291220923
-2.3600000000000 0.4779924197235
-2.3600000000000 0.4779924197235
-2.3400000000000 0.4753354748101
-2.3200000000000 0.4726581285375
-2.3200000000000 0.4726581285375
-2.3200000000000 0.4726581285375
-2.3000000000000 0.4699602174064
-2.2800000000000 0.4672415924588
-2.2800000000000 0.4672415924588
-2.2600000000000 0.4645020876729
-2.2400000000000 0.4617415240093
-2.2400000000000 0.4617415240093
-2.2400000000000 0.4617415240093
-2.2400000000000 0.4617415240093
-2.2400000000000 0.4617415240093
-2.2200000000000 0.4589597213430
-2.2000000000000 0.4561565028126
-2.2000000000000 0.4561565028126
-2.1800000000000 0.4533316993923
-2.1600000000000 0.4504851397254
-2.1600000000000 0.4504851397254
-2.1600000000000 0.4504851397254
-2.1400000000000 0.4476166430094
-2.1200000000000 0.4447260320696
-2.1200000000000 0.4447260320696
-2.1000000000000 0.4418131270312
-2.0800000000000 0.4388777433248
-2.0800000000000 0.4388777433248
-2.0800000000000 0.4388777433248
-2.0800000000000 0.4388777433248
-2.0600000000000 0.4359196938972
-2.0400000000000 0.4329388147542
-2.0400000000000 0.4329388147542
-2.0200000000000 0.4299349490295
-2.0000000000000 0.4269079380203
-2.0000000000000 0.4269079380203
-2.0000000000000 0.4269079380203
-1.9800000000000 0.4238576114969
-1.9600000000000 0.4207838153781
-1.9600000000000 0.4207838153781
-1.9400000000000 0.4176863748386
-1.9200000000000 0.4145651490937
-1.9200000000000 0.4145651490937
-1.9200000000000 0.4145651490937
-1.9200000000000 0.4145651490937
-1.9200000000000 0.4145651490937
-1.9200000000000 0.4145651490937
-1.9000000000000 0.4114199932707
-1.8800000000000 0.4082507899264
-1.8800000000000 0.4082507899264
-1.8600000000000 0.4050574140177
-1.8400000000000 0.4018397484643
-1.8400000000000 0.4018397484643
-1.8400000000000 0.4018397484643
-1.8200000000000 0.3985976566560
-1.8000000000000 0.3953310114631
-1.8000000000000 0.3953310114631
-1.7800000000000 0.3920396365398
-1.7600000000000 0.3887233739397
-1.7600000000000 0.3887233739397
-1.7600000000000 0.3887233739397
-1.7600000000000 0.3887233739397
-1.7400000000000 0.3853820493769
-1.7200000000000 0.3820155123803
-1.7200000000000 0.3820155123803
-1.7000000000000 0.3786235930197
-1.6800000000000 0.3752061488399
-1.6800000000000 0.3752061488399
-1.6800000000000 0.3752061488399
-1.6600000000000 0.3717630251903
-1.6400000000000 0.3682940621848
-1.6400000000000 0.3682940621848
-1.6200000000000 0.3647991126752
-1.6000000000000 0.3612780410695
-1.6000000000000 0.3612780410695
-1.6000000000000 0.3612780410695
-1.6000000000000 0.3612780410695
-1.6000000000000 0.3612780410695
-1.5800000000000 0.3577307211286
-1.5600000000000 0.3541570626070
-1.5600000000000 0.3541570626070
-1.5400000000000 0.3505569426908
-1.5200000000000 0.3469302439931
-1.5200000000000 0.3469302439931
-1.5200000000000 0.3469302439931
-1.5000000000000 0.3432768240566
-1.4800000000000 0.3395965547436
-1.4800000000000 0.3395965547436
-1.4600000000000 0.3358893108141
-1.4400000000000 0.3321550088144
-1.4400000000000 0.3321550088144
-1.4400000000000 0.3321550088144
-1.4400000000000 0.3321550088144
-1.4200000000000 0.3283935831903
-1.4000000000000 0.3246049897358
-1.4000000000000 0.3246049897358
-1.3800000000000 0.3207891602900
-1.3600000000000 0.3169460720664
-1.3600000000000 0.3169460720664
-1.3600000000000 0.3169460720664
-1.3400000000000 0.3130756595824
-1.3200000000000 0.3091779046968
-1.3200000000000 0.3091779046968
-1.3000000000000 0.3052527514719
-1.2800000000000 0.3013001525615
-1.2800000000000 0.3013001525615
-1.2800000000000 0.3013001525615
-1.2800000000000 0.3013001525615
-1.2800000000000 0.3013001525615
-1.2800000000000 0.3013001525615
-1.2800000000000 0.3013001525615
-1.2600000000000 0.2973200526386
-1.2400000000000 0.2933124019229
-1.2400000000000 0.2933124019229
-1.2200000000000 0.2892771558323
-1.2000000000000 0.2852142496837
-1.2000000000000 0.2852142496837
-1.2000000000000 0.2852142496837
-1.1800000000000 0.2811237072611
-1.1600000000000 0.2770055861118
-1.1600000000000 0.2770055861118
-1.1400000000000 0.2728600238507
-1.1200000000000 0.2686871300663
-1.1200000000000 0.2686871300663
-1.1200000000000 0.2686871300663
-1.1200000000000 0.2686871300663
-1.1000000000000 0.2644869776089
-1.0800000000000 0.2602595651641
-1.0800000000000 0.2602595651641
-1.0600000000000 0.2560048742541
-1.0400000000000 0.2517229506850
-1.0400000000000 0.2517229506850
-1.0400000000000 0.2517229506850
-1.0200000000000 0.2474138413098
-1.0000000000000 0.2430777912318
-1.0000000000000 0.2430777912318
-0.9800000000000 0.2387149534598
-0.9600000000000 0.2343255676055
-0.9600000000000 0.2343255676055
-0.9600000000000 0.2343255676055
-0.9600000000000 0.2343255676055
-0.9600000000000 0.2343255676055
-0.9400000000000 0.2299097899801
-0.9200000000000 0.2254679988753
-0.9200000000000 0.2254679988753
-0.9000000000000 0.2210006008670
-0.8800000000000 0.2165077748940
-0.8800000000000 0.2165077748940
-0.8800000000000 0.2165077748940
-0.8600000000000 0.2119899363742
-0.8400000000000 0.2074471316179
-0.8400000000000 0.2074471316179
-0.8200000000000 0.2028796641193
-0.8000000000000 0.1982878319123
-0.8000000000000 0.1982878319123
-0.8000000000000 0.1982878319123
-0.8000000000000 0.1982878319123
-0.7800000000000 0.1936723145572
-0.7600000000000 0.1890337788897
-0.7600000000000 0.1890337788897
-0.7400000000000 0.1843725474665
-0.7200000000000 0.1796893826068
-0.7200000000000 0.1796893826068
-0.7200000000000 0.1796893826068
-0.7000000000000 0.1749848490330
-0.6800000000000 0.1702594877496
-0.6800000000000 0.1702594877496
-0.6600000000000 0.1655138863346
-0.6400000000000 0.1607483038631
-0.6400000000000 0.1607483038631
-0.6400000000000 0.1607483038631
-0.6400000000000 0.1607483038631
-0.6400000000000 0.1607483038631
-0.6400000000000 0.1607483038631
-0.6200000000000 0.1559640919647
-0.6000000000000 0.1511622106223
-0.6000000000000 0.1511622106223
-0.5800000000000 0.1463440259663
-0.5600000000000 0.1415100393941
-0.5600000000000 0.1415100393941
-0.5600000000000 0.1415100393941
-0.5400000000000 0.1366601911440
-0.5200000000000 0.1317958633116
-0.5200000000000 0.1317958633116
-0.5000000000000 0.1269188255795
-0.4800000000000 0.1220316059409
-0.4800000000000 0.1220316059409
-0.4800000000000 0.1220316059409
-0.4800000000000 0.1220316059409
-0.4600000000000 0.1171343395116
-0.4400000000000 0.1122261199027
-0.4400000000000 0.1122261199027
-0.4200000000000 0.1073096797009
-0.4000000000000 0.1023885519496
-0.4000000000000 0.1023885519496
-0.4000000000000 0.1023885519496
-0.3800000000000 0.0974625897049
-0.3600000000000 0.0925344822141
-0.3600000000000 0.0925344822141
-0.3400000000000 0.0876046661180
-0.3200000000000 0.0826716394251
-0.3200000000000 0.0826716394251
-0.3200000000000 0.0826716394251
-0.3200000000000 0.0826716394251
-0.3200000000000 0.0826716394251
-0.3000000000000 0.0777399876538
-0.2800000000000 0.0728146885592
-0.2800000000000 0.0728146885592
-0.2600000000000 0.0678991151753
-0.2400000000000 0.0629940213569
-0.2400000000000 0.0629940213569
-0.2400000000000 0.0629940213569
-0.2200000000000 0.0580875137827
-0.2000000000000 0.0531706853155
-0.2000000000000 0.0531706853155
-0.1800000000000 0.0482326246864
-0.1600000000000 0.0432575102136
-0.1600000000000 0.0432575102136
-0.1600000000000 0.0432575102136
-0.1600000000000 0.0432575102136
-0.1400000000000 0.0381833804965
-0.1200000000000 0.0328136173777
-0.1200000000000 0.0328136173777
-0.1000000000000 0.0266955338671
-0.0800000000000 0.0198593551648
-0.0800000000000 0.0198593551648
-0.0800000000000 0.0198593551648
-0.0600000000000 0.0132972239428
-0.0400000000000 0.0077265959957
-0.0400000000000 0.0077265959957
-0.0200000000000 0.0036266790869
0.0000000000000 0.0021251718003
0.0000000000000 0.0021251718003
0.0000000000000 0.0021251718003
0.0000000000000 0.0021251718003
0.0000000000000 0.0021251718003
0.0000000000000 0.0021251718003
0.0000000000000 0.0021251718003
0.0000000000000 0.0021251718003
0.0200000000000 0.0037920910559
0.0400000000000 0.0076502543556
0.0400000000000 0.0076502543556
0.0600000000000 0.0128382638467
0.0800000000000 0.0194119214620
0.0800000000000 0.0194119214620
0.0800000000000 0.0194119214620
0.1000000000000 0.0266140436506
0.1200000000000 0.0329803512318
0.1200000000000 0.0329803512318
0.1400000000000 0.0383661911245
0.1600000000000 0.0433559949986
0.1600000000000 0.0433559949986
0.1600000000000 0.0433559949986
0.1600000000000 0.0433559949986
0.1800000000000 0.0482703110803
0.2000000000000 0.0531726127044
0.2000000000000 0.0531726127044
0.2200000000000 0.0580711936578
0.2400000000000 0.0629751243387
0.2400000000000 0.0629751243387
0.2400000000000 0.0629751243387
0.2600000000000 0.0678812130802
0.2800000000000 0.0727942046022
0.2800000000000 0.0727942046022
0.3000000000000 0.0777180509931
0.3200000000000 0.0826504469221
0.3200000000000 0.0826504469221
0.3200000000000 0.0826504469221
0.3200000000000 0.0826504469221
0.3200000000000 0.0826504469221
0.3400000000000 0.0875839108154
0.3600000000000 0.0925180074324
0.3600000000000 0.0925180074324
0.3800000000000 0.0974494019725
0.4000000000000 0.1023758688301
0.4000000000000 0.1023758688301
0.4000000000000 0.1023758688301
0.4200000000000 0.1072981755435
0.4400000000000 0.1122154034530
0.4400000000000 0.1122154034530
0.4600000000000 0.1171244731182
0.4800000000000 0.1220227461506
0.4800000000000 0.1220227461506
0.4800000000000 0.1220227461506
0.4800000000000 0.1220227461506
0.5000000000000 0.1269109330530
0.5200000000000 0.1317886857769
0.5200000000000 0.1317886857769
0.5400000000000 0.1366542358665
0.5600000000000 0.1415046851574
0.5600000000000 0.1415046851574
0.5600000000000 0.1415046851574
0.5800000000000 0.1463396621886
0.6000000000000 0.1511585437636
0.6000000000000 0.1511585437636
0.6200000000000 0.1559609804310
0.6400000000000 0.1607459614343
0.6400000000000 0.1607459614343
0.6400000000000 0.1607459614343
0.6400000000000 0.1607459614343
0.6400000000000 0.1607459614343
0.6400000000000 0.1607459614343
0.6600000000000 0.1655119170655
0.6800000000000 0.1702582188188
0.6800000000000 0.1702582188188
0.7000000000000 0.1749839790571
0.7200000000000 0.1796890756199
0.7200000000000 0.1796890756199
0.7200000000000 0.1796890756199
0.7400000000000 0.1843726798817
0.7600000000000 0.1890342038627
0.7600000000000 0.1890342038627
0.7800000000000 0.1936731609006
0.8000000000000 0.1982888744264
0.8000000000000 0.1982888744264
0.8000000000000 0.1982888744264
0.8000000000000 0.1982888744264
0.8200000000000 0.2028809734067
0.8400000000000 0.2074486941335
0.8400000000000 0.2074486941335
0.8600000000000 0.2119916472096
0.8800000000000 0.2165097307729
0.8800000000000 0.2165097307729
0.8800000000000 0.2165097307729
0.9000000000000 0.2210026834183
0.9200000000000 0.2254703050849
0.9200000000000 0.2254703050849
0.9400000000000 0.2299122426758
0.9600000000000 0.2343281671569
0.9600000000000 0.2343281671569
0.9600000000000 0.2343281671569
0.9600000000000 0.2343281671569
0.9600000000000 0.2343281671569
0.9800000000000 0.2387177052253
1.0000000000000 0.2430806325094
1.0000000000000 0.2430806325094
1.0200000000000 0.2474168168041
1.0400000000000 0.2517259877624
1.0400000000000 0.2517259877624
1.0400000000000 0.2517259877624
1.0600000000000 0.2560080341825
1.0800000000000 0.2602628095444
1.0800000000000 0.2602628095444
1.1000000000000 0.2644903404352
1.1200000000000 0.2686905800089
1.1200000000000 0.2686905800089
1.1200000000000 0.2686905800089
1.1200000000000 0.2686905800089
1.1400000000000 0.2728635812902
1.1600000000000 0.2770092440407
1.1600000000000 0.2770092440407
1.1800000000000 0.2811274756101
1.2000000000000 0.2852181196495
1.2000000000000 0.2852181196495
1.2000000000000 0.2852181196495
1.2200000000000 0.2892811000024
1.2400000000000 0.2933164337958
1.2400000000000 0.2933164337958
1.2600000000000 0.2973241823922
1.2800000000000 0.3013043594661
1.2800000000000 0.3013043594661
1.2800000000000 0.3013043594661
1.2800000000000 0.3013043594661
1.2800000000000 0.3013043594661
1.2800000000000 0.3013043594661
1.2800000000000 0.3013043594661
1.3000000000000 0.3052570631715
1.3200000000000 0.3091823227446
1.3200000000000 0.3091823227446
1.3400000000000 0.3130801900541
1.3600000000000 0.3169506880796
1.3600000000000 0.3169506880796
1.3600000000000 0.3169506880796
1.3800000000000 0.3207938654128
1.4000000000000 0.3246097533112
1.4000000000000 0.3246097533112
1.4200000000000 0.3283984110331
1.4400000000000 0.3321598794317
1.4400000000000 0.3321598794317
1.4400000000000 0.3321598794317
1.4400000000000 0.3321598794317
1.4600000000000 0.3358942108923
1.4800000000000 0.3396014761831
1.4800000000000 0.3396014761831
1.5000000000000 0.3432817642160
1.5200000000000 0.3469352072066
1.5200000000000 0.3469352072066
1.5200000000000 0.3469352072066
1.5400000000000 0.3505619140159
1.5600000000000 0.3541620430346
1.5600000000000 0.3541620430346
1.5800000000000 0.3577356949805
1.6000000000000 0.3612830126382
1.6000000000000 0.3612830126382
1.6000000000000 0.3612830126382
1.6000000000000 0.3612830126382
1.6000000000000 0.3612830126382
1.6200000000000 0.3648040822752
1.6400000000000 0.3682990286335
1.6400000000000 0.3682990286335
1.6600000000000 0.3717679965127
1.6800000000000 0.3752111308756
1.6800000000000 0.3752111308756
1.6800000000000 0.3752111308756
1.7000000000000 0.3786285802454
1.7200000000000 0.3820205020727
1.7200000000000 0.3820205020727
1.7400000000000 0.3853870537545
1.7600000000000 0.3887283830181
1.7600000000000 0.3887283830181
1.7600000000000 0.3887283830181
1.7600000000000 0.3887283830181
1.7800000000000 0.3920446568522
1.8000000000000 0.3953360345990
1.8000000000000 0.3953360345990
1.8200000000000 0.3986026893046
1.8400000000000 0.4018447779263
1.8400000000000 0.4018447779263
1.8400000000000 0.4018447779263
1.8600000000000 0.4050624432618
1.8800000000000 0.4082558085804
1.8800000000000 0.4082558085804
1.9000000000000 0.4114250060464
1.9200000000000 0.4145701622593
1.9200000000000 0.4145701622593
1.9200000000000 0.4145701622593
1.9200000000000 0.4145701622593
1.9200000000000 0.4145701622593
1.9200000000000 0.4145701622593
1.9400000000000 0.4176914137475
1.9600000000000 0.4207888934426
1.9600000000000 0.4207888934426
1.9800000000000 0.4238627447751
2.0000000000000 0.4269131336305
2.0000000000000 0.4269131336305
2.0000000000000 0.4269131336305
2.0200000000000 0.4299402074708
2.0400000000000 0.4329441316007
2.0400000000000 0.4329441316007
2.0600000000000 0.4359250573154
2.0800000000000 0.4388831550740
2.0800000000000 0.4388831550740
2.0800000000000 0.4388831550740
2.0800000000000 0.4388831550740
2.1000000000000 0.4418185903930
2.1200000000000 0.4447315269080
2.1200000000000 0.4447315269080
2.1400000000000 0.4476221399560
2.1600000000000 0.4504906246527
2.1600000000000 0.4504906246527
2.1600000000000 0.4504906246527
2.1800000000000 0.4533371587358
2.2000000000000 0.4561619211570
2.2000000000000 0.4561619211570
2.2200000000000 0.4589650844745
2.2400000000000 0.4617468313697
2.2400000000000 0.4617468313697
2.2400000000000 0.4617468313697
2.2400000000000 0.4617468313697
2.2400000000000 0.4617468313697
2.2600000000000 0.4645073398757
2.2800000000000 0.4672467856455
2.2800000000000 0.4672467856455
2.3000000000000 0.4699653438061
2.3200000000000 0.4726631767145
2.3200000000000 0.4726631767145
2.3200000000000 0.4726631767145
2.3400000000000 0.4753404436632
2.3600000000000 0.4779973072058
2.3600000000000 0.4779973072058
2.3800000000000 0.4806339301415
2.4000000000000 0.4832504575363
2.4000000000000 0.4832504575363
2.4000000000000 0.4832504575363
2.4000000000000 0.4832504575363
2.4200000000000 0.4858470337636
2.4400000000000 0.4884238017026
2.4400000000000 0.4884238017026
2.4600000000000 0.4909809019591
2.4800000000000 0.4935184854288
2.4800000000000 0.4935184854288
2.4800000000000 0.4935184854288
2.5000000000000 0.4960367086942
2.5200000000000 0.4985357221270
2.5200000000000 0.4985357221270
2.5400000000000 0.5010156786409
2.5600000000000 0.5034767239005
2.5600000000000 0.5034767239005
2.5600000000000 0.5034767239005
2.5600000000000 0.5034767239005
2.5600000000000 0.5034767239005
2.5600000000000 0.5034767239005
2.5600000000000 0.5034767239005
2.5600000000000 0.5034767239005
2.5800000000000 0.5059189961277
2.6000000000000 0.5083426423799
2.6000000000000 0.5083426423799
2.6200000000000 0.5107478243376
2.6400000000000 0.5131347080932
2.6400000000000 0.5131347080932
2.6400000000000 0.5131347080932
2.6600000000000 0.5155034598883
2.6800000000000 0.5178542440856
2.6800000000000 0.5178542440856
2.7000000000000 0.5201872272795
2.7200000000000 0.5225025598482
2.7200000000000 0.5225025598482
2.7200000000000 0.5225025598482
2.7200000000000 0.5225025598482
2.7400000000000 0.5248003983846
2.7600000000000 0.5270809053629
2.7600000000000 0.5270809053629
2.7800000000000 0.5293442399596
2.8000000000000 0.5315905551531
2.8000000000000 0.5315905551531
2.8000000000000 0.5315905551531
2.8200000000000 0.5338199897661
2.8400000000000 0.5360326799882
2.8400000000000 0.5360326799882
2.8600000000000 0.5382287585912
2.8800000000000 0.5404083529351
2.8800000000000 0.5404083529351
2.8800000000000 0.5404083529351
2.8800000000000 0.5404083529351
2.8800000000000 0.5404083529351
2.9000000000000 0.5425715904866
2.9200000000000 0.5447185942998
2.9200000000000 0.5447185942998
2.9400000000000 0.5468494888556
2.9600000000000 0.5489644002068
2.9600000000000 0.5489644002068
2.9600000000000 0.5489644002068
2.9800000000000 0.5510634530803
3.0000000000000 0.5531467725254
3.0000000000000 0.5531467725254
3.0200000000000 0.5552144964064
3.0400000000000 0.5572667557737
3.0400000000000 0.5572667557737
3.0400000000000 0.5572667557737
3.0400000000000 0.5572667557737
3.0600000000000 0.5593036833098
3.0800000000000 0.5613254194681
3.0800000000000 0.5613254194681
3.1000000000000 0.5633321018748
3.1200000000000 0.5653238693886
3.1200000000000 0.5653238693886
3.1200000000000 0.5653238693886
3.1400000000000 0.5673008605977
3.1600000000000 0.5692632111095
3.1600000000000 0.5692632111095
3.1800000000000 0.5712110574131
3.2000000000000 0.5731445328904
3.2000000000000 0.5731445328904
3.2000000000000 0.5731445328904
3.2000000000000 0.5731445403010
3.2000000000000 0.5731445328904
3.2000000000000 0.5731445403010
3.2200000000000 0.5750637709870
3.2400000000000 0.5769689041468
3.2400000000000 0.5769689041468
3.2600000000000 0.5788600636231
3.2800000000000 0.5807373784486
3.2800000000000 0.5807373784486
3.2800000000000 0.5807373784486
3.3000000000000 0.5826009748044
3.3200000000000 0.5844509761064
3.3200000000000 0.5844509761064
3.3400000000000 0.5862875038825
3.3600000000000 0.5881106771861
3.3600000000000 0.5881106771861
3.3600000000000 0.5881106771861
3.3600000000000 0.5881106771861
3.3800000000000 0.5899206144054
3.4000000000000 0.5917174322017
3.4000000000000 0.5917174322017
3.4200000000000 0.5935012475836
3.4400000000000 0.5952721737840
3.4400000000000 0.5952721737840
3.4400000000000 0.5952721737840
3.4600000000000 0.5970303257436
3.4800000000000 0.5987758149884
3.4800000000000 0.5987758149884
3.5000000000000 0.6005087526203
3.5200000000000 0.6022292482826
3.5200000000000 0.6022292482826
3.5200000000000 0.6022292482826
3.5200000000000 0.6022292482826
3.5200000000000 0.6022292482826
3.5400000000000 0.6039374120488
3.5600000000000 0.6056333536007
3.5600000000000 0.6056333536007
3.5800000000000 0.6073171829543
3.6000000000000 0.6089890082323
3.6000000000000 0.6089890082323
3.6000000000000 0.6089890082323
3.6200000000000 0.6106489355152
3.6400000000000 0.6122970704334
3.6400000000000 0.6122970704334
3.6600000000000 0.6139335164193
3.6800000000000 0.6155583745092
3.6800000000000 0.6155583745092
3.6800000000000 0.6155583745092
3.6800000000000 0.6155583745092
3.7000000000000 0.6171717455142
3.7200000000000 0.6187737332927
3.7200000000000 0.6187737332927
3.7400000000000 0.6203644413733
3.7600000000000 0.6219439704658
3.7600000000000 0.6219439704658
3.7600000000000 0.6219439704658
3.7800000000000 0.6235124179369
3.8000000000000 0.6250698812772
3.8000000000000 0.6250698812772
3.8200000000000 0.6266164558355
3.8400000000000 0.6281522358878
3.8400000000000 0.6281522358878
3.8400000000000 0.6281522358878
3.8400000000000 0.6281522358878
3.8400000000000 0.6281522358878
3.8400000000000 0.6281522358878
3.8400000000000 0.6281522358878
3.8600000000000 0.6296773165591
3.8800000000000 0.6311917926494
3.8800000000000 0.6311917926494
3.9000000000000 0.6326957583547
3.9200000000000 0.6341893079655
3.9200000000000 0.6341893079655
3.9200000000000 0.6341893079655
3.9400000000000 0.6356725343304
3.9600000000000 0.6371455284284
3.9600000000000 0.6371455284284
3.9800000000000 0.6386083811014
4.0000000000000 0.6400611823913
4.0000000000000 0.6400611823913
4.0000000000000 0.6400611823913
4.0000000000000 0.6400611823913
4.0200000000000 0.6415040223307
4.0400000000000 0.6429369878468
4.0400000000000 0.6429369878468
4.0600000000000 0.6443601652205
4.0800000000000 0.6457736415395
4.0800000000000 0.6457736415395
4.0800000000000 0.6457736415395
4.1000000000000 0.6471775030735
4.1200000000000 0.6485718354161
4.1200000000000 0.6485718354161
4.1400000000000 0.6499567233164
4.1600000000000 0.6513322494657
4.1600000000000 0.6513322494657
4.1600000000000 0.6513322494657
4.1600000000000 0.6513322494657
4.1600000000000 0.6513322494657
4.1800000000000 0.6526984956043
4.2000000000000 0.6540555430366
4.2400000000000 0.6567423625316
4.2400000000000 0.6567423625316
4.2800000000000 0.6593933411420
4.3200000000000 0.6620090892590
4.3200000000000 0.6620090892590
4.3200000000000 0.6620090892590
4.3600000000000 0.6645902035092
4.4000000000000 0.6671372679892
4.4000000000000 0.6671372679892
4.4400000000000 0.6696508544747
4.4800000000000 0.6721315264272
4.4800000000000 0.6721315264272
4.4800000000000 0.6721315264272
4.4800000000000 0.6721315264272
4.4800000000000 0.6721315264272
4.5200000000000 0.6745798317433
4.5600000000000 0.6769963185974
4.5600000000000 0.6769963185974
4.6000000000000 0.6793815295613
4.6400000000000 0.6817359989275
4.6400000000000 0.6817359989275
4.6400000000000 0.6817359989275
4.6800000000000 0.6840602474324
4.7200000000000 0.6863547878394
4.7200000000000 0.6863547878394
4.7600000000000 0.6886201255422
4.8000000000000 0.6908567511176
4.8000000000000 0.6908567511176
4.8000000000000 0.6908567511176
4.8000000000000 0.6908567511176
4.8400000000000 0.6930651455184
4.8800000000000 0.6952457800743
4.8800000000000 0.6952457800743
4.9200000000000 0.6973991127854
4.9600000000000 0.6995255942851
4.9600000000000 0.6995255942851
4.9600000000000 0.6995255942851
5.0000000000000 0.7016256671940
5.0400000000000 0.7036997671591
5.0400000000000 0.7036997671591
5.0800000000000 0.7057483216879
5.1200000000000 0.7077717489177
5.1200000000000 0.7077717489177
5.1200000000000 0.7077717489177
5.1200000000000 0.7077717489177
5.1200000000000 0.7077717489177
5.1200000000000 0.7077717489177
5.1200000000000 0.7077717489177
5.1600000000000 0.7097704576588
5.2000000000000 0.7117448479208
5.2000000000000 0.7117448479208
5.2400000000000 0.7136953115519
5.2800000000000 0.7156222329433
5.2800000000000 0.7156222329433
5.2800000000000 0.7156222329433
5.3200000000000 0.7175259900061
5.3600000000000 0.7194069537105
5.3600000000000 0.7194069537105
5.4000000000000 0.7212654867715
5.4400000000000 0.7231019455994
5.4400000000000 0.7231019455994
5.4400000000000 0.7231019455994
5.4400000000000 0.7231019455994
5.4800000000000 0.7249166806053
5.5200000000000 0.7267100364600
5.5200000000000 0.7267100364600
5.5600000000000 0.7284823503256
5.6000000000000 0.7302339521777
5.6000000000000 0.7302339521777
5.6000000000000 0.7302339521777
5.6400000000000 0.7319651661682
5.6800000000000 0.7336763102596
5.6800000000000 0.7336763102596
5.7200000000000 0.7353676953497
5.7600000000000 0.7370396258666
5.7600000000000 0.7370396258666
5.7600000000000 0.7370396258666
5.7600000000000 0.7370396258666
5.7600000000000 0.7370396258666
5.8000000000000 0.7386924002787
5.8400000000000 0.7403263116692
5.8400000000000 0.7403263116692
5.8800000000000 0.7419416484722
5.9200000000000 0.7435386940804
5.9200000000000 0.7435386940804
5.9200000000000 0.7435386940804
5.9600000000000 0.7451177273772
6.0000000000000 0.7466790222436
6.0000000000000 0.7466790222436
6.0400000000000 0.7482228481444
6.0800000000000 0.7497494696973
6.0800000000000 0.7497494696973
6.0800000000000 0.7497494696973
6.0800000000000 0.7497494696973
6.1200000000000 0.7512591466373
6.1600000000000 0.7527521330611
6.1600000000000 0.7527521330611
6.2000000000000 0.7542286781165
6.2400000000000 0.7556890257861
6.2400000000000 0.7556890257861
6.2400000000000 0.7556890257861
6.2800000000000 0.7571334153056
6.3200000000000 0.7585620812935
6.3200000000000 0.7585620812935
6.3600000000000 0.7599752539923
6.4000000000000 0.7613731595980
6.4000000000000 0.7613731595980
6.4000000000000 0.7613731595980
6.4000000000000 0.7613731595980
6.4000000000000 0.7613731595980
6.4800000000000 0.7641240545569
6.5600000000000 0.7668164992366
6.5600000000000 0.7668164992366
6.6400000000000 0.7694521643561
6.7200000000000 0.7720326566813
6.7200000000000 0.7720326566813
6.7200000000000 0.7720326566813
6.8000000000000 0.7745595248179
6.8800000000000 0.7770342687483
6.8800000000000 0.7770342687483
6.9600000000000 0.7794583419809
7.0400000000000 0.7818331480406
7.0400000000000 0.7818331480406
7.0400000000000 0.7818331480406
7.0400000000000 0.7818331480406
7.1200000000000 0.7841600373678
7.2000000000000 0.7864403128402
7.2000000000000 0.7864403128402
7.2800000000000 0.7886752408431
7.3600000000000 0.7908660551127
7.3600000000000 0.7908660551127
7.3600000000000 0.7908660551127
7.4400000000000 0.7930139522115
7.5200000000000 0.7951200879373
7.5200000000000 0.7951200879373
7.6000000000000 0.7971855790182
7.6800000000000 0.7992115048474
7.6800000000000 0.7992115048474
7.6800000000000 0.7992115048474
7.6800000000000 0.7992115048474
7.6800000000000 0.7992115048474
7.6800000000000 0.7992115048474
7.7600000000000 0.8011989064546
7.8400000000000 0.8031487868597
7.8400000000000 0.8031487868597
7.9200000000000 0.8050621147898
8.0000000000000 0.8069398273935
8.0000000000000 0.8069398273935
8.0000000000000 0.8069398273935
8.0800000000000 0.8087828300965
8.1600000000000 0.8105919960193
8.1600000000000 0.8105919960193
8.2400000000000 0.8123681678679
8.3200000000000 0.8141121614484
8.3200000000000 0.8141121614484
8.3200000000000 0.8141121614484
8.3200000000000 0.8141121614484
8.4000000000000 0.8158247681485
8.4800000000000 0.8175067563834
8.4800000000000 0.8175067563834
8.5600000000000 0.8191588731511
8.6400000000000 0.8207818453587
8.6400000000000 0.8207818453587
8.6400000000000 0.8207818453587
8.7200000000000 0.8223763793210
8.8000000000000 0.8239431588761
8.8000000000000 0.8239431588761
8.8800000000000 0.8254828449678
8.9600000000000 0.8269960781611
8.9600000000000 0.8269960781611
8.9600000000000 0.8269960781611
8.9600000000000 0.8269960781611
8.9600000000000 0.8269960781611
9.0400000000000 0.8284834818235
9.1200000000000 0.8299456628649
9.1200000000000 0.8299456628649
9.2000000000000 0.8313832102151
9.2800000000000 0.8327966940257
9.2800000000000 0.8327966940257
9.2800000000000 0.8327966940257
9.3600000000000 0.8341866670649
9.4400000000000 0.8355536663792
9.4400000000000 0.8355536663792
9.5200000000000 0.8368982131216
9.6000000000000 0.8382208116513
9.6000000000000 0.8382208116513
9.6000000000000 0.8382208116513
9.6000000000000 0.8382208116513
9.6800000000000 0.8395219501130
9.7600000000000 0.8408021023606
9.7600000000000 0.8408021023606
9.8400000000000 0.8420617300954
9.9200000000000 0.8433012848008
9.9200000000000 0.8433012848008
9.9200000000000 0.8433012848008
10.0000000000000 0.8445212086690
10.0800000000000 0.8457219335721
10.0800000000000 0.8457219335721
10.1600000000000 0.8469038787830
10.2400000000000 0.8480674498876
10.2400000000000 0.8480674498876
10.2400000000000 0.8480674498876
10.2400000000000 0.8480674498876
10.2400000000000 0.8480674498876
10.2400000000000 0.8480674498876
10.3200000000000 0.8492130415910
10.4000000000000 0.8503410408214
10.4000000000000 0.8503410408214
10.4800000000000 0.8514518244061
10.5600000000000 0.8525457609922
10.5600000000000 0.8525457609922
10.5600000000000 0.8525457609922
10.6400000000000 0.8536232094508
10.7200000000000 0.8546845168861
10.7200000000000 0.8546845168861
10.8000000000000 0.8557300208436
10.8800000000000 0.8567600481778
10.8800000000000 0.8567600481778
10.8800000000000 0.8567600481778
11.0400000000000 0.8587749376539
11.2000000000000 0.8607316400199
11.2000000000000 0.8607316400199
11.3600000000000 0.8626324951244
11.5200000000000 0.8644797146254
11.5200000000000 0.8644797146254
11.5200000000000 0.8644797146254
11.5200000000000 0.8644797146254
11.6800000000000 0.8662753880183
11.8400000000000 0.8680215222696
11.8400000000000 0.8680215222696
12.0000000000000 0.8697200611659
12.1600000000000 0.8713728604945
12.1600000000000 0.8713728604945
12.1600000000000 0.8713728604945
12.3200000000000 0.8729816679308
12.4800000000000 0.8745481446357
12.4800000000000 0.8745481446357
12.6400000000000 0.8760738863531
12.8000000000000 0.8775603988509
12.8000000000000 0.8775603988509
12.8000000000000 0.8775603988509
12.8000000000000 0.8775603988509
12.8000000000000 0.8775603988509
12.9600000000000 0.8790090761846
13.1200000000000 0.8804212451920
13.1200000000000 0.8804212451920
13.2800000000000 0.8817982213542
13.4400000000000 0.8831412881518
13.4400000000000 0.8831412881518
13.4400000000000 0.8831412881518
13.6000000000000 0.8844516471128
13.7600000000000 0.8857304317461
13.7600000000000 0.8857304317461
13.9200000000000 0.8869787499164
14.0800000000000 0.8881976763527
14.0800000000000 0.8881976758283
14.0800000000000 0.8881976763527
14.0800000000000 0.8881976758283
14.2400000000000 0.8893882110674
14.4000000000000 0.8905512663562
14.4000000000000 0.8905512663562
14.5600000000000 0.8916877078583
14.7200000000000 0.8927984720082
14.7200000000000 0.8927984720082
14.7200000000000 0.8927984720082
14.8800000000000 0.8938844595683
15.0400000000000 0.8949464521095
15.0400000000000 0.8949464521095
15.2000000000000 0.8959852000714
15.3600000000000 0.8970014577991
15.3600000000000 0.8970014577991
15.3600000000000 0.8970014577991
15.3600000000000 0.8970014577991
15.3600000000000 0.8970014577991
15.5200000000000 0.8979959478569
15.6800000000000 0.8989693688801
16.0000000000000 0.9008556517118
16.0000000000000 0.9008556517118
16.3200000000000 0.9026652763339
16.6400000000000 0.9044028650230
16.6400000000000 0.9044028650230
16.6400000000000 0.9044028650230
16.9600000000000 0.9060727158648
17.2800000000000 0.9076787899778
17.2800000000000 0.9076787899778
17.6000000000000 0.9092247601467
17.9200000000000 0.9107140452541
17.9200000000000 0.9107140452541
17.9200000000000 0.9107140452541
17.9200000000000 0.9107140452541
18.2400000000000 0.9121498194301
18.5600000000000 0.9135350349394
18.5600000000000 0.9135350349394
18.8800000000000 0.9148724428129
19.2000000000000 0.9161646012946
19.2000000000000 0.9161646012946
19.2000000000000 0.9161646012946
19.5200000000000 0.9174138913436
19.8400000000000 0.9186225401793
19.8400000000000 0.9186225401793
20.1600000000000 0.9197926373484
20.4800000000000 0.9209261340147
20.4800000000000 0.9209261340147
20.4800000000000 0.9209261340147
20.4800000000000 0.9209261340147
20.8000000000000 0.9220248540976
21.1200000000000 0.9230904907172
21.1200000000000 0.9230904907172
21.4400000000000 0.9241246257328
21.7600000000000 0.9251287425201
21.7600000000000 0.9251287425201
21.7600000000000 0.9251287425201
22.0800000000000 0.9261042299132
22.4000000000000 0.9270524009371
22.4000000000000 0.9270524009371
22.7200000000000 0.9279744882366
23.0400000000000 0.9288716517593
23.0400000000000 0.9288716517593
23.0400000000000 0.9288716517593
23.6800000000000 0.9305954996876
24.3200000000000 0.9322318890481
24.3200000000000 0.9322318890481
24.9600000000000 0.9337878574673
25.6000000000000 0.9352696818262
25.6000000000000 0.9352696818262
25.6000000000000 0.9352696818262
26.2400000000000 0.9366829910856
26.8800000000000 0.9380328355804
26.8800000000000 0.9380328355804
27.5200000000000 0.9393237340085
28.1600000000000 0.9405597434033
28.1600000000000 0.9405597434033
28.1600000000000 0.9405597434033
28.8000000000000 0.9417445383509
29.4400000000000 0.9428814554466
29.4400000000000 0.9428814554466
30.0800000000000 0.9439735232616
30.7200000000000 0.9450235027258
30.7200000000000 0.9450235027258
30.7200000000000 0.9450235027258
31.3600000000000 0.9460339151179
32.0000000000000 0.9470070609139
32.0000000000000 0.9470070609139
32.6400000000000 0.9479450512492
33.2800000000000 0.9488498415567
33.2800000000000 0.9488498415567
33.2800000000000 0.9488498415567
33.9200000000000 0.9497232315475
34.5600000000000 0.9505668824609
34.5600000000000 0.9505668824609
35.2000000000000 0.9513823295845
35.8400000000000 0.9521710041777
35.8400000000000 0.9521710041777
35.8400000000000 0.9521710041777
36.4800000000000 0.9529342347766
37.1200000000000 0.9536732642122
37.1200000000000 0.9536732642122
37.7600000000000 0.9543892509220
38.4000000000000 0.9550832797757
38.4000000000000 0.9550832797757
39.6800000000000 0.9564094585209
40.9600000000000 0.9576591859735
40.9600000000000 0.9576591859735
42.2400000000000 0.9588389682907
43.5200000000000 0.9599545829102
43.5200000000000 0.9599545829102
44.8000000000000 0.9610111945600
46.0800000000000 0.9620134394373
46.0800000000000 0.9620134394373
47.3600000000000 0.9629654593343
48.6400000000000 0.9638709601054
48.6400000000000 0.9638709601054
49.9200000000000 0.9647332998114
51.2000000000000 0.9655555392687
51.2000000000000 0.9655555392687
52.4800000000000 0.9663404533850
53.7600000000000 0.9670905464682
53.7600000000000 0.9670905464682
55.0400000000000 0.9678080980465
56.3200000000000 0.9684952003923
56.3200000000000 0.9684952003923
57.6000000000000 0.9691537710864
58.8800000000000 0.9697855608664
58.8800000000000 0.9697855608664
60.1600000000000 0.9703921753519
61.4400000000000 0.9709751019413
61.4400000000000 0.9709751019413
62.7200000000000 0.9715357135174
64.0000000000000 0.9720752698217
64.0000000000000 0.9720752698217
65.2800000000000 0.9725949364781
66.5600000000000 0.9730957977144
66.5600000000000 0.9730957977144
67.8400000000000 0.9735788599481
69.1200000000000 0.9740450576295
69.1200000000000 0.9740450576295
70.4000000000000 0.9744952587821
71.6800000000000 0.9749302713289
71.6800000000000 0.9749302713289
72.9600000000000 0.9753508516862
74.2400000000000 0.9757577104121
74.2400000000000 0.9757577104121
75.5200000000000 0.9761515130208
76.8000000000000 0.9765328802566
76.8000000000000 0.9765328802566
78.0800000000000 0.9769023910870
79.3600000000000 0.9772605880886
79.3600000000000 0.9772605880886
80.6400000000000 0.9776079827287
81.9200000000000 0.9779450575534
81.9200000000000 0.9779450575534
83.2000000000000 0.9782722661506
84.4800000000000 0.9785900345644
84.4800000000000 0.9785900345644
85.7600000000000 0.9788987651884
87.0400000000000 0.9791988402334
87.0400000000000 0.9791988402334
88.3200000000000 0.9794906216904
89.6000000000000 0.9797744497686
89.6000000000000 0.9797744497686
90.8800000000000 0.9800506440585
92.1600000000000 0.9803195070024
92.1600000000000 0.9803195070024
93.4400000000000 0.9805813265473
94.7200000000000 0.9808363769430
94.7200000000000 0.9808363769430
96.0000000000000 0.9810849182840
97.2800000000000 0.9813271963975
97.2800000000000 0.9813271963975
98.5600000000000 0.9815634438201
99.8400000000000 0.9817938802416
99.8400000000000 0.9817938802416
101.1200000000000 0.9820187138119
102.4000000000000 0.9822381448306
102.4000000000000 0.9822381448306
103.6800000000000 0.9824523662782
104.9600000000000 0.9826615604407
104.9600000000000 0.9826615604407
106.2400000000000 0.9828658987856
107.5200000000000 0.9830655446496
107.5200000000000 0.9830655446496
108.8000000000000 0.9832606555750
110.0800000000000 0.9834513851545
110.0800000000000 0.9834513851545
111.3600000000000 0.9836378795583
112.6400000000000 0.9838202728714
112.6400000000000 0.9838202728714
113.9200000000000 0.9839986933610
115.2000000000000 0.9841732709123
115.2000000000000 0.9841732709123
116.4800000000000 0.9843441305652
117.7600000000000 0.9845113855213
117.7600000000000 0.9845113855213
119.0400000000000 0.9846751432837
120.3200000000000 0.9848355123650
120.3200000000000 0.9848355123650
121.6000000000000 0.9849925987268
122.8800000000000 0.9851465001505
122.8800000000000 0.9851465001505
124.1600000000000 0.9852973080096
125.4400000000000 0.9854451132995
125.4400000000000 0.9854451132995
126.7200000000000 0.9855900064806
128.0000000000000 0.9857320713636
128.0000000000000 0.9857320713636
129.2800000000000 0.9858713856017
130.5600000000000 0.9860080287242
130.5600000000000 0.9860080287242
131.8400000000000 0.9861420767353
133.1200000000000 0.9862736021062
133.1200000000000 0.9862736021062
134.4000000000000 0.9864026746540
135.6800000000000 0.9865293618512
135.6800000000000 0.9865293618512
136.9600000000000 0.9866537284061
138.2400000000000 0.9867758367167
138.2400000000000 0.9867758367167
139.5200000000000 0.9868957466490
140.8000000000000 0.9870135132560
143.3600000000000 0.9872428282240
145.9200000000000 0.9874641972713
148.4800000000000 0.9876780175580
151.0400000000000 0.9878846754561
153.6000000000000 0.9880845354661
156.1600000000000 0.9882779391009
158.7200000000000 0.9884652048824
161.2800000000000 0.9886466239610
163.8400000000000 0.9888224672438
166.4000000000000 0.9889929917667
168.9600000000000 0.9891584374269
171.5200000000000 0.9893190071768
174.0800000000000 0.9894748881322
176.6400000000000 0.9896262616079
179.2000000000000 0.9897733118521
181.7600000000000 0.9899162359500
184.3200000000000 0.9900552127398
186.8800000000000 0.9901904100864
189.4400000000000 0.9903219845461
192.0000000000000 0.9904500798602
194.5600000000000 0.9905748573354
197.1200000000000 0.9906964623605
199.6800000000000 0.9908150180418
202.2400000000000 0.9909306505607
204.8000000000000 0.9910434382943
207.3600000000000 0.9911534309539
209.9200000000000 0.9912607051738
212.4800000000000 0.9913653040602
215.0400000000000 0.9914672687137
217.6000000000000 0.9915667463917
220.1600000000000 0.9916638517351
222.7200000000000 0.9917585305586
225.2800000000000 0.9918508416484
227.8400000000000 0.9919412396610
230.4000000000000 0.9920302834346
232.9600000000000 0.9921181097770
235.5200000000000 0.9922043734912
238.0800000000000 0.9922886578301
240.6400000000000 0.9923708170738
243.2000000000000 0.9924509705428
245.7600000000000 0.9925293173570
248.3200000000000 0.9926060094436
250.8800000000000 0.9926811350631
253.4400000000000 0.9927547484245
256.0000000000000 0.9928268938510
258.5600000000000 0.9928976146467
261.1200000000000 0.9929669531506
263.6800000000000 0.9930349490591
266.2400000000000 0.9931016397836
268.8000000000000 0.9931670620426
271.3600000000000 0.9932312523172
273.9200000000000 0.9932942458629
276.4800000000000 0.9933560759043
279.0400000000000 0.9934167739816
281.6000000000000 0.9934763705793
284.1600000000000 0.9935348952334
286.7200000000000 0.9935923765476
289.2800000000000 0.9936488422760
291.8400000000000 0.9937043191865
294.4000000000000 0.9937588329692
296.9600000000000 0.9938124083598
299.5200000000000 0.9938650692786
302.0800000000000 0.9939168389298
304.6400000000000 0.9939677397416
307.2000000000000 0.9940177932645
309.7600000000000 0.9940670203799
312.3200000000000 0.9941154414272
314.8800000000000 0.9941630759533
317.4400000000000 0.9942099427710
