# x rho
-317.4400000000000 0.0000000000000
-314.8800000000000 0.0000000000000
-312.3200000000000 0.0000000000000
-309.7600000000000 0.0000000000000
-307.2000000000000 0.0000000000000
-304.6400000000000 0.0000000000000
-302.0800000000000 0.0000000000000
-299.5200000000000 0.0000000000000
-296.9600000000000 0.0000000000000
-294.4000000000000 0.0000000000000
-291.8400000000000 0.0000000000000
-289.2800000000000 0.0000000000000
-286.7200000000000 0.0000000000000
-284.1600000000000 0.0000000000000
-281.6000000000000 0.0000000000000
-279.0400000000000 0.0000000000000
-276.4800000000000 0.0000000000000
-273.9200000000000 0.0000000000000
-271.3600000000000 0.0000000000000
-268.8000000000000 0.0000000000000
-266.2400000000000 0.0000000000000
-263.6800000000000 0.0000000000000
-261.1200000000000 0.0000000000000
-258.5600000000000 0.0000000000000
-256.0000000000000 0.0000000000000
-253.4400000000000 0.0000000000000
-250.8800000000000 0.0000000000000
-248.3200000000000 0.0000000000000
-245.7600000000000 0.0000000000000
-243.2000000000000 0.0000000000000
-240.6400000000000 0.0000000000000
-238.0800000000000 0.0000000000000
-235.5200000000000 0.0000000000000
-232.9600000000000 0.0000000000000
-230.4000000000000 0.0000000000000
-227.8400000000000 0.0000000000000
-225.2800000000000 0.0000000000000
-222.7200000000000 0.0000000000000
-220.1600000000000 0.0000000000000
-217.6000000000000 0.0000000000000
-215.0400000000000 0.0000000000000
-212.4800000000000 0.0000000000000
-209.9200000000000 0.0000000000000
-207.3600000000000 0.0000000000000
-204.8000000000000 0.0000000000000
-202.2400000000000 0.0000000000000
-199.6800000000000 0.0000000000000
-197.1200000000000 0.0000000000000
-194.5600000000000 0.0000000000000
-192.0000000000000 0.0000000000000
-189.4400000000000 0.0000000000000
-186.8800000000000 0.0000000000000
-184.3200000000000 0.0000000000000
-181.7600000000000 0.0000000000000
-179.2000000000000 0.0000000000000
-176.6400000000000 0.0000000000000
-174.0800000000000 0.0000000000000
-171.5200000000000 0.0000000000000
-168.9600000000000 0.0000000000000
-166.4000000000000 0.0000000000000
-163.8400000000000 0.0000000000000
-161.2800000000000 0.0000000000000
-158.7200000000000 0.0000000000000
-156.1600000000000 0.0000000000000
-153.6000000000000 0.0000000000000
-151.0400000000000 0.0000000000000
-148.4800000000000 0.0000000000000
-145.9200000000000 0.0000000000000
-143.3600000000000 0.0000000000000
-140.8000000000000 0.0000000000000
-139.5200000000000 0.0000000000000
-138.2400000000000 0.0000000000000
-138.2400000000000 0.0000000000000
-136.9600000000000 0.0000000000000
-135.6800000000000 0.0000000000000
-135.6800000000000 0.0000000000000
-134.4000000000000 0.0000000000000
-133.1200000000000 0.0000000000000
-133.1200000000000 0.0000000000000
-131.8400000000000 0.0000000000000
-130.5600000000000 0.0000000000000
-130.5600000000000 0.0000000000000
-129.2800000000000 0.0000000000000
-128.0000000000000 0.0000000000000
-128.0000000000000 0.0000000000000
-126.7200000000000 0.0000000000000
-125.4400000000000 0.0000000000000
-125.4400000000000 0.0000000000000
-124.1600000000000 0.0000000000000
-122.8800000000000 0.0000000000000
-122.8800000000000 0.0000000000000
-121.6000000000000 0.0000000000000
-120.3200000000000 0.0000000000000
-120.3200000000000 0.0000000000000
-119.0400000000000 0.0000000000000
-117.7600000000000 0.0000000000000
-117.7600000000000 0.0000000000000
-116.4800000000000 0.0000000000000
-115.2000000000000 0.0000000000000
-115.2000000000000 0.0000000000000
-113.9200000000000 0.0000000000000
-112.6400000000000 0.0000000000000
-112.6400000000000 0.0000000000000
-111.3600000000000 0.0000000000000
-110.0800000000000 0.0000000000000
-110.0800000000000 0.0000000000000
-108.8000000000000 0.0000000000000
-107.5200000000000 0.0000000000000
-107.5200000000000 0.0000000000000
-106.2400000000000 0.0000000000000
-104.9600000000000 0.0000000000000
-104.9600000000000 0.0000000000000
-103.6800000000000 0.0000000000000
-102.4000000000000 0.0000000000000
-102.4000000000000 0.0000000000000
-101.1200000000000 0.0000000000000
-99.8400000000000 0.0000000000000
-99.8400000000000 0.0000000000000
-98.5600000000000 0.0000000000000
-97.2800000000000 0.0000000000000
-97.2800000000000 0.0000000000000
-96.0000000000000 0.0000000000000
-94.7200000000000 0.0000000000000
-94.7200000000000 0.0000000000000
-93.4400000000000 0.0000000000000
-92.1600000000000 0.0000000000000
-92.1600000000000 0.0000000000000
-90.8800000000000 0.0000000000000
-89.6000000000000 0.0000000000000
-89.6000000000000 0.0000000000000
-88.3200000000000 0.0000000000000
-87.0400000000000 0.0000000000000
-87.0400000000000 0.0000000000000
-85.7600000000000 0.0000000000000
-84.4800000000000 0.0000000000000
-84.4800000000000 0.0000000000000
-83.2000000000000 0.0000000000000
-81.9200000000000 0.0000000000000
-81.9200000000000 0.0000000000000
-80.6400000000000 0.0000000000000
-79.3600000000000 0.0000000000000
-79.3600000000000 0.0000000000000
-78.0800000000000 0.0000000000000
-76.8000000000000 0.0000000000000
-76.8000000000000 0.0000000000000
-75.5200000000000 0.0000000000000
-74.2400000000000 0.0000000000000
-74.2400000000000 0.0000000000000
-72.9600000000000 0.0000000000000
-71.6800000000000 0.0000000000000
-71.6800000000000 0.0000000000000
-70.4000000000000 0.0000000000000
-69.1200000000000 0.0000000000000
-69.1200000000000 0.0000000000000
-67.8400000000000 0.0000000000000
-66.5600000000000 0.0000000000000
-66.5600000000000 0.0000000000000
-65.2800000000000 0.0000000000000
-64.0000000000000 0.0000000000000
-64.0000000000000 0.0000000000000
-62.7200000000000 0.0000000000000
-61.4400000000000 0.0000000000000
-61.4400000000000 0.0000000000000
-60.1600000000000 0.0000000000000
-58.8800000000000 0.0000000000000
-58.8800000000000 0.0000000000000
-57.6000000000000 0.0000000000000
-56.3200000000000 0.0000000000000
-56.3200000000000 0.0000000000000
-55.0400000000000 0.0000000000000
-53.7600000000000 0.0000000000000
-53.7600000000000 0.0000000000000
-52.4800000000000 0.0000000000000
-51.2000000000000 0.0000000000000
-51.2000000000000 0.0000000000000
-49.9200000000000 0.0000000000000
-48.6400000000000 0.0000000000000
-48.6400000000000 0.0000000000000
-47.3600000000000 0.0000000000000
-46.0800000000000 0.0000000000000
-46.0800000000000 0.0000000000000
-44.8000000000000 0.0000000000000
-43.5200000000000 0.0000000000000
-43.5200000000000 0.0000000000000
-42.2400000000000 0.0000000000000
-40.9600000000000 0.0000000000000
-40.9600000000000 0.0000000000000
-39.6800000000000 0.0000000000000
-38.4000000000000 0.0000000000000
-38.4000000000000 0.0000000000000
-37.7600000000000 0.0000000000000
-37.1200000000000 0.0000000000000
-37.1200000000000 0.0000000000000
-36.4800000000000 0.0000000000000
-35.8400000000000 0.0000000000000
-35.8400000000000 0.0000000000000
-35.8400000000000 0.0000000000000
-35.2000000000000 0.0000000000000
-34.5600000000000 0.0000000000000
-34.5600000000000 0.0000000000000
-33.9200000000000 0.0000000000000
-33.2800000000000 0.0000000000000
-33.2800000000000 0.0000000000000
-33.2800000000000 0.0000000000000
-32.6400000000000 0.0000000000000
-32.0000000000000 0.0000000000000
-32.0000000000000 0.0000000000000
-31.3600000000000 0.0000000000000
-30.7200000000000 0.0000000000000
-30.7200000000000 0.0000000000000
-30.7200000000000 0.0000000000000
-30.0800000000000 0.0000000000000
-29.4400000000000 0.0000000000000
-29.4400000000000 0.0000000000000
-28.8000000000000 0.0000000000000
-28.1600000000000 0.0000000000000
-28.1600000000000 0.0000000000000
-28.1600000000000 0.0000000000000
-27.5200000000000 0.0000000000000
-26.8800000000000 0.0000000000000
-26.8800000000000 0.0000000000000
-26.2400000000000 0.0000000000000
-25.6000000000000 0.0000000000000
-25.6000000000000 0.0000000000000
-25.6000000000000 0.0000000000000
-24.9600000000000 0.0000000000000
-24.3200000000000 0.0000000000000
-24.3200000000000 0.0000000000000
-23.6800000000000 0.0000000000000
-23.0400000000000 0.0000000000000
-23.0400000000000 0.0000000000000
-23.0400000000000 0.0000000000000
-22.7200000000000 0.0000000000000
-22.4000000000000 0.0000000000000
-22.4000000000000 0.0000000000000
-22.0800000000000 0.0000000000000
-21.7600000000000 0.0000000000001
-21.7600000000000 0.0000000000001
-21.7600000000000 0.0000000000001
-21.4400000000000 0.0000000000002
-21.1200000000000 0.0000000000003
-21.1200000000000 0.0000000000003
-20.8000000000000 0.0000000000003
-20.4800000000000 0.0000000000003
-20.4800000000000 0.0000000000003
-20.4800000000000 0.0000000000003
-20.4800000000000 0.0000000000003
-20.1600000000000 0.0000000000003
-19.8400000000000 0.0000000000003
-19.8400000000000 0.0000000000003
-19.5200000000000 0.0000000000003
-19.2000000000000 0.0000000000002
-19.2000000000000 0.0000000000002
-19.2000000000000 0.0000000000002
-18.8800000000000 0.0000000000001
-18.5600000000000 0.0000000000001
-18.5600000000000 0.0000000000001
-18.2400000000000 0.0000000000000
-17.9200000000000 0.0000000000000
-17.9200000000000 0.0000000000000
-17.9200000000000 0.0000000000000
-17.9200000000000 0.0000000000000
-17.6000000000000 0.0000000000000
-17.2800000000000 0.0000000000000
-17.2800000000000 0.0000000000000
-16.9600000000000 0.0000000000000
-16.6400000000000 0.0000000000000
-16.6400000000000 0.0000000000000
-16.6400000000000 0.0000000000000
-16.3200000000000 0.0000000000000
-16.0000000000000 0.0000000000004
-16.0000000000000 0.0000000000004
-15.6800000000000 0.0000000000016
-15.5200000000000 0.0000000000017
-15.3600000000000 0.0000000000017
-15.3600000000000 0.0000000000017
-15.3600000000000 0.0000000000017
-15.3600000000000 0.0000000000017
-15.3600000000000 0.0000000000017
-15.2000000000000 0.0000000000020
-15.0400000000000 0.0000000000023
-15.0400000000000 0.0000000000023
-14.8800000000000 0.0000000000032
-14.7200000000000 0.0000000000046
-14.7200000000000 0.0000000000046
-14.7200000000000 0.0000000000046
-14.5600000000000 0.0000000000066
-14.4000000000000 0.0000000000093
-14.4000000000000 0.0000000000093
-14.2400000000000 0.0000000000139
-14.0800000000000 0.0000000000185
-14.0800000000000 0.0000000000185
-14.0800000000000 0.0000000000185
-14.0800000000000 0.0000000000185
-13.9200000000000 0.0000000000198
-13.7600000000000 0.0000000000210
-13.7600000000000 0.0000000000210
-13.6000000000000 0.0000000000225
-13.4400000000000 0.0000000000245
-13.4400000000000 0.0000000000244
-13.4400000000000 0.0000000000245
-13.2800000000000 0.0000000000252
-13.1200000000000 0.0000000000249
-13.1200000000000 0.0000000000249
-12.9600000000000 0.0000000000229
-12.8000000000000 0.0000000000180
-12.8000000000000 0.0000000000180
-12.8000000000000 0.0000000000180
-12.8000000000000 0.0000000000180
-12.8000000000000 0.0000000000180
-12.6400000000000 0.0000000000254
-12.4800000000000 0.0000000000368
-12.4800000000000 0.0000000000368
-12.3200000000000 0.0000000000392
-12.1600000000000 0.0000000000431
-12.1600000000000 0.0000000000431
-12.1600000000000 0.0000000000431
-12.0000000000000 0.0000000000558
-11.8400000000000 0.0000000000684
-11.8400000000000 0.0000000000684
-11.6800000000000 0.0000000000744
-11.5200000000000 0.0000000000763
-11.5200000000000 0.0000000000763
-11.5200000000000 0.0000000000763
-11.5200000000000 0.0000000000763
-11.3600000000000 0.0000000000766
-11.2000000000000 0.0000000000771
-11.2000000000000 0.0000000000771
-11.0400000000000 0.0000000000782
-10.8800000000000 0.0000000000815
-10.8800000000000 0.0000000000815
-10.8800000000000 0.0000000000815
-10.8000000000000 0.0000000000846
-10.7200000000000 0.0000000000881
-10.7200000000000 0.0000000000881
-10.6400000000000 0.0000000000920
-10.5600000000000 0.0000000000965
-10.5600000000000 0.0000000000965
-10.5600000000000 0.0000000000965
-10.4800000000000 0.0000000001023
-10.4000000000000 0.0000000001082
-10.4000000000000 0.0000000001082
-10.3200000000000 0.0000000001126
-10.2400000000000 0.0000000001170
-10.2400000000000 0.0000000001170
-10.2400000000000 0.0000000001170
-10.2400000000000 0.0000000001170
-10.2400000000000 0.0000000001170
-10.2400000000000 0.0000000001170
-10.1600000000000 0.0000000001216
-10.0800000000000 0.0000000001263
-10.0800000000000 0.0000000001263
-10.0000000000000 0.0000000001290
-9.9200000000000 0.0000000001318
-9.9200000000000 0.0000000001318
-9.9200000000000 0.0000000001318
-9.8400000000000 0.0000000001332
-9.7600000000000 0.0000000001341
-9.7600000000000 0.0000000001341
-9.6800000000000 0.0000000001352
-9.6000000000000 0.0000000001358
-9.6000000000000 0.0000000001358
-9.6000000000000 0.0000000001358
-9.6000000000000 0.0000000001358
-9.5200000000000 0.0000000001387
-9.4400000000000 0.0000000001438
-9.4400000000000 0.0000000001438
-9.3600000000000 0.0000000001842
-9.2800000000000 0.0000000001986
-9.2800000000000 0.0000000001974
-9.2800000000000 0.0000000001974
-9.2000000000000 0.0000000002154
-9.1200000000000 0.0000000002241
-9.1200000000000 0.0000000002241
-9.0400000000000 0.0000000002432
-8.9600000000000 0.0000000004851
-8.9600000000000 0.0000000004851
-8.9600000000000 0.0000000004851
-8.9600000000000 0.0000000004851
-8.9600000000000 0.0000000004851
-8.8800000000000 0.0000000007570
-8.8000000000000 0.0000000015502
-8.8000000000000 0.0000000015502
-8.7200000000000 0.0000000020090
-8.6400000000000 0.0000000023335
-8.6400000000000 0.0000000023335
-8.6400000000000 0.0000000023335
-8.5600000000000 0.0000000025985
-8.4800000000000 0.0000000021415
-8.4800000000000 0.0000000021415
-8.4000000000000 0.0000000022066
-8.3200000000000 0.0000000024361
-8.3200000000000 0.0000000024361
-8.3200000000000 0.0000000024361
-8.3200000000000 0.0000000024361
-8.2400000000000 0.0000000033957
-8.1600000000000 0.0000000040882
-8.1600000000000 0.0000000040882
-8.0800000000000 0.0000000048137
-8.0000000000000 0.0000000050001
-8.0000000000000 0.0000000050001
-8.0000000000000 0.0000000050001
-7.9200000000000 0.0000000052431
-7.8400000000000 0.0000000068929
-7.8400000000000 0.0000000068929
-7.7600000000000 0.0000000080245
-7.6800000000000 0.0000000095391
-7.6800000000000 0.0000000095391
-7.6800000000000 0.0000000095391
-7.6800000000000 0.0000000095391
-7.6800000000000 0.0000000095391
-7.6800000000000 0.0000000095391
-7.6000000000000 0.0000000114303
-7.5200000000000 0.0000000134092
-7.5200000000000 0.0000000134092
-7.4400000000000 0.0000000160561
-7.3600000000000 0.0000000200645
-7.3600000000000 0.0000000200645
-7.3600000000000 0.0000000200645
-7.2800000000000 0.0000000275226
-7.2000000000000 0.0000000348900
-7.2000000000000 0.0000000348900
-7.1200000000000 0.0000000445418
-7.0400000000000 0.0000000543542
-7.0400000000000 0.0000000543542
-7.0400000000000 0.0000000543542
-7.0400000000000 0.0000000543542
-6.9600000000000 0.0000000642182
-6.8800000000000 0.0000000752233
-6.8800000000000 0.0000000752233
-6.8000000000000 0.0000000872544
-6.7200000000000 0.0000000931103
-6.7200000000000 0.0000000931103
-6.7200000000000 0.0000000931103
-6.6400000000000 0.0000001003089
-6.5600000000000 0.0000001033530
-6.5600000000000 0.0000001033530
-6.4800000000000 0.0000001101180
-6.4000000000000 0.0000001357179
-6.4000000000000 0.0000001357179
-6.4000000000000 0.0000001357179
-6.4000000000000 0.0000001357179
-6.4000000000000 0.0000001357179
-6.3600000000000 0.0000001502707
-6.3200000000000 0.0000001659920
-6.3200000000000 0.0000001659920
-6.2800000000000 0.0000001884829
-6.2400000000000 0.0000002109738
-6.2400000000000 0.0000002109738
-6.2400000000000 0.0000002109738
-6.2000000000000 0.0000002301998
-6.1600000000000 0.0000002486091
-6.1600000000000 0.0000002486091
-6.1200000000000 0.0000002657930
-6.0800000000000 0.0000002829770
-6.0800000000000 0.0000002829770
-6.0800000000000 0.0000002829770
-6.0800000000000 0.0000002829770
-6.0400000000000 0.0000003012817
-6.0000000000000 0.0000003203336
-6.0000000000000 0.0000003203336
-5.9600000000000 0.0000003441151
-5.9200000000000 0.0000003643168
-5.9200000000000 0.0000003643168
-5.9200000000000 0.0000003643168
-5.8800000000000 0.0000003896731
-5.8400000000000 0.0000004169020
-5.8400000000000 0.0000004169020
-5.8000000000000 0.0000004475151
-5.7600000000000 0.0000004724567
-5.7600000000000 0.0000004724567
-5.7600000000000 0.0000004724567
-5.7600000000000 0.0000004724567
-5.7600000000000 0.0000004724567
-5.7200000000000 0.0000005095099
-5.6800000000000 0.0000005410856
-5.6800000000000 0.0000005410856
-5.6400000000000 0.0000005818564
-5.6000000000000 0.0000006234887
-5.6000000000000 0.0000006234887
-5.6000000000000 0.0000006234887
-5.5600000000000 0.0000006722724
-5.5200000000000 0.0000007184394
-5.5200000000000 0.0000007184394
-5.4800000000000 0.0000007724164
-5.4400000000000 0.0000008376780
-5.4400000000000 0.0000008376780
-5.4400000000000 0.0000008376780
-5.4400000000000 0.0000008376780
-5.4000000000000 0.0000008940227
-5.3600000000000 0.0000009508150
-5.3600000000000 0.0000009508150
-5.3200000000000 0.0000010140404
-5.2800000000000 0.0000010849146
-5.2800000000000 0.0000010849146
-5.2800000000000 0.0000010849146
-5.2400000000000 0.0000011696947
-5.2000000000000 0.0000012569541
-5.2000000000000 0.0000012569541
-5.1600000000000 0.0000013636990
-5.1200000000000 0.0000014943814
-5.1200000000000 0.0000014943814
-5.1200000000000 0.0000014943814
-5.1200000000000 0.0000014943814
-5.1200000000000 0.0000014943814
-5.1200000000000 0.0000014943814
-5.1200000000000 0.0000014943814
-5.0800000000000 0.0000016500628
-5.0400000000000 0.0000018214294
-5.0400000000000 0.0000018214294
-5.0000000000000 0.0000020060186
-4.9600000000000 0.0000021935304
-4.9600000000000 0.0000021935304
-4.9600000000000 0.0000021935304
-4.9200000000000 0.0000023616059
-4.8800000000000 0.0000025052508
-4.8800000000000 0.0000025052508
-4.8400000000000 0.0000026182368
-4.8000000000000 0.0000027117008
-4.8000000000000 0.0000027117008
-4.8000000000000 0.0000027117008
-4.8000000000000 0.0000027117008
-4.7600000000000 0.0000028250404
-4.7200000000000 0.0000029189716
-4.7200000000000 0.0000029189716
-4.6800000000000 0.0000030091768
-4.6400000000000 0.0000031223577
-4.6400000000000 0.0000031223577
-4.6400000000000 0.0000031223577
-4.6000000000000 0.0000032706304
-4.5600000000000 0.0000034052992
-4.5600000000000 0.0000034052992
-4.5200000000000 0.0000035908626
-4.4800000000000 0.0000037740528
-4.4800000000000 0.0000037740528
-4.4800000000000 0.0000037740528
-4.4800000000000 0.0000037740528
-4.4800000000000 0.0000037740528
-4.4400000000000 0.0000040166518
-4.4000000000000 0.0000042713289
-4.4000000000000 0.0000042713289
-4.3600000000000 0.0000045169737
-4.3200000000000 0.0000047197268
-4.3200000000000 0.0000047197268
-4.3200000000000 0.0000047197268
-4.2800000000000 0.0000049344592
-4.2400000000000 0.0000051239637
-4.2400000000000 0.0000051239637
-4.2000000000000 0.0000053373125
-4.1800000000000 0.0000054537357
-4.1600000000000 0.0000055701590
-4.1600000000000 0.0000055701590
-4.1600000000000 0.0000055701590
-4.1600000000000 0.0000055701590
-4.1600000000000 0.0000055701590
-4.1400000000000 0.0000056807122
-4.1200000000000 0.0000057912655
-4.1200000000000 0.0000057912655
-4.1000000000000 0.0000059177364
-4.0800000000000 0.0000060442072
-4.0800000000000 0.0000060442072
-4.0800000000000 0.0000060442072
-4.0600000000000 0.0000061698097
-4.0400000000000 0.0000062948332
-4.0400000000000 0.0000062948332
-4.0200000000000 0.0000063983587
-4.0000000000000 0.0000065018841
-4.0000000000000 0.0000065018841
-4.0000000000000 0.0000065018841
-4.0000000000000 0.0000065018841
-3.9800000000000 0.0000066482054
-3.9600000000000 0.0000068068422
-3.9600000000000 0.0000068068422
-3.9400000000000 0.0000069964474
-3.9200000000000 0.0000071481941
-3.9200000000000 0.0000071481941
-3.9200000000000 0.0000071481941
-3.9000000000000 0.0000073097861
-3.8800000000000 0.0000074818891
-3.8800000000000 0.0000074818891
-3.8600000000000 0.0000076363160
-3.8400000000000 0.0000077781937
-3.8400000000000 0.0000077781937
-3.8400000000000 0.0000077781937
-3.8400000000000 0.0000077781937
-3.8400000000000 0.0000077781937
-3.8400000000000 0.0000077781937
-3.8400000000000 0.0000077781937
-3.8200000000000 0.0000079892267
-3.8000000000000 0.0000082480503
-3.8000000000000 0.0000082480503
-3.7800000000000 0.0000085300969
-3.7600000000000 0.0000087847330
-3.7600000000000 0.0000087847330
-3.7600000000000 0.0000087847330
-3.7400000000000 0.0000090662956
-3.7200000000000 0.0000093008880
-3.7200000000000 0.0000093008880
-3.7000000000000 0.0000095082351
-3.6800000000000 0.0000096832693
-3.6800000000000 0.0000096832693
-3.6800000000000 0.0000096832693
-3.6800000000000 0.0000096832693
-3.6600000000000 0.0000098675392
-3.6400000000000 0.0000100578281
-3.6400000000000 0.0000100578281
-3.6200000000000 0.0000102855226
-3.6000000000000 0.0000105596057
-3.6000000000000 0.0000105596057
-3.6000000000000 0.0000105596057
-3.5800000000000 0.0000107962563
-3.5600000000000 0.0000111757581
-3.5600000000000 0.0000111757581
-3.5400000000000 0.0000114477222
-3.5200000000000 0.0000117483147
-3.5200000000000 0.0000117483147
-3.5200000000000 0.0000117483147
-3.5200000000000 0.0000117483147
-3.5200000000000 0.0000117483147
-3.5000000000000 0.0000121923777
-3.4800000000000 0.0000125932684
-3.4800000000000 0.0000125932684
-3.4600000000000 0.0000128811995
-3.4400000000000 0.0000131996849
-3.4400000000000 0.0000131996849
-3.4400000000000 0.0000131996849
-3.4200000000000 0.0000135461164
-3.4000000000000 0.0000138064410
-3.4000000000000 0.0000138064410
-3.3800000000000 0.0000141156537
-3.3600000000000 0.0000142749085
-3.3600000000000 0.0000142749085
-3.3600000000000 0.0000142749085
-3.3600000000000 0.0000142749085
-3.3400000000000 0.0000143389906
-3.3200000000000 0.0000144327039
-3.3200000000000 0.0000144327039
-3.3000000000000 0.0000145792149
-3.2800000000000 0.0000148015915
-3.2800000000000 0.0000148015915
-3.2800000000000 0.0000148015915
-3.2600000000000 0.0000150649078
-3.2400000000000 0.0000153833802
-3.2400000000000 0.0000153833802
-3.2200000000000 0.0000157499660
-3.2000000000000 0.0000162278556
-3.2000000000000 0.0000162278556
-3.2000000000000 0.0000162278556
-3.2000000000000 0.0000162278556
-3.2000000000000 0.0000162278556
-3.2000000000000 0.0000162278556
-3.1800000000000 0.0000165887265
-3.1600000000000 0.0000171331800
-3.1600000000000 0.0000171331800
-3.1400000000000 0.0000176331442
-3.1200000000000 0.0000179725511
-3.1200000000000 0.0000179725511
-3.1200000000000 0.0000179725511
-3.1000000000000 0.0000184415461
-3.0800000000000 0.0000188077020
-3.0800000000000 0.0000188077020
-3.0600000000000 0.0000192295927
-3.0400000000000 0.0000195626885
-3.0400000000000 0.0000195626885
-3.0400000000000 0.0000195626885
-3.0400000000000 0.0000195626885
-3.0200000000000 0.0000199481196
-3.0000000000000 0.0000203114497
-3.0000000000000 0.0000203114497
-2.9800000000000 0.0000206090605
-2.9600000000000 0.0000211991811
-2.9600000000000 0.0000211991811
-2.9600000000000 0.0000211991811
-2.9400000000000 0.0000215714279
-2.9200000000000 0.0000220859775
-2.9200000000000 0.0000220859775
-2.9000000000000 0.0000226603457
-2.8800000000000 0.0000232831887
-2.8800000000000 0.0000232831887
-2.8800000000000 0.0000232831887
-2.8800000000000 0.0000232831887
-2.8800000000000 0.0000232831887
-2.8600000000000 0.0000236902081
-2.8400000000000 0.0000243674401
-2.8400000000000 0.0000243674401
-2.8200000000000 0.0000247822323
-2.8000000000000 0.0000252173367
-2.8000000000000 0.0000252173367
-2.8000000000000 0.0000252173367
-2.7800000000000 0.0000260988991
-2.7600000000000 0.0000268134321
-2.7600000000000 0.0000268134321
-2.7400000000000 0.0000273701770
-2.7200000000000 0.0000278648389
-2.7200000000000 0.0000278648389
-2.7200000000000 0.0000278648389
-2.7200000000000 0.0000278648389
-2.7000000000000 0.0000286107833
-2.6800000000000 0.0000296859986
-2.6800000000000 0.0000296859986
-2.6600000000000 0.0000304603771
-2.6400000000000 0.0000310934285
-2.6400000000000 0.0000310934285
-2.6400000000000 0.0000310934285
-2.6200000000000 0.0000320152137
-2.6000000000000 0.0000323586502
-2.6000000000000 0.0000323586502
-2.5800000000000 0.0000326192923
-2.5600000000000 0.0000332872110
-2.5600000000000 0.0000332872110
-2.5600000000000 0.0000332872110
-2.5600000000000 0.0000332872110
-2.5600000000000 0.0000332872110
-2.5600000000000 0.0000332872110
-2.5600000000000 0.0000332872110
-2.5600000000000 0.0000332872110
-2.5400000000000 0.0000336228525
-2.5200000000000 0.0000341449576
-2.5200000000000 0.0000341449576
-2.5000000000000 0.0000348845267
-2.4800000000000 0.0000357256192
-2.4800000000000 0.0000357256192
-2.4800000000000 0.0000357256192
-2.4600000000000 0.0000366473228
-2.4400000000000 0.0000387750608
-2.4400000000000 0.0000387750608
-2.4200000000000 0.0000412520269
-2.4000000000000 0.0000424210778
-2.4000000000000 0.0000424210778
-2.4000000000000 0.0000424210778
-2.4000000000000 0.0000424210778
-2.3800000000000 0.0000433157485
-2.3600000000000 0.0000444610762
-2.3600000000000 0.0000444610762
-2.3400000000000 0.0000449666802
-2.3200000000000 0.0000452762402
-2.3200000000000 0.0000452762402
-2.3200000000000 0.0000452762402
-2.3000000000000 0.0000459853726
-2.2800000000000 0.0000471321920
-2.2800000000000 0.0000471321920
-2.2600000000000 0.0000476047035
-2.2400000000000 0.0000485714268
-2.2400000000000 0.0000485714268
-2.2400000000000 0.0000485714268
-2.2400000000000 0.0000485714268
-2.2400000000000 0.0000485714268
-2.2200000000000 0.0000500021778
-2.2000000000000 0.0000514947692
-2.2000000000000 0.0000514947692
-2.1800000000000 0.0000532756328
-2.1600000000000 0.0000557670523
-2.1600000000000 0.0000557670523
-2.1600000000000 0.0000557670523
-2.1400000000000 0.0000585055692
-2.1200000000000 0.0000609846615
-2.1200000000000 0.0000609846615
-2.1000000000000 0.0000630153457
-2.0800000000000 0.0000645690124
-2.0800000000000 0.0000645690124
-2.0800000000000 0.0000645690124
-2.0800000000000 0.0000645690124
-2.0600000000000 0.0000660412620
-2.0400000000000 0.0000665783082
-2.0400000000000 0.0000665783082
-2.0200000000000 0.0000673969209
-2.0000000000000 0.0000686218348
-2.0000000000000 0.0000686218348
-2.0000000000000 0.0000686218348
-1.9800000000000 0.0000693600756
-1.9600000000000 0.0000699925758
-1.9600000000000 0.0000699925758
-1.9400000000000 0.0000720360575
-1.9200000000000 0.0000750075086
-1.9200000000000 0.0000750075086
-1.9200000000000 0.0000750075086
-1.9200000000000 0.0000750075086
-1.9200000000000 0.0000750075086
-1.9200000000000 0.0000750075086
-1.9000000000000 0.0000774568825
-1.8800000000000 0.0000798901474
-1.8800000000000 0.0000798901474
-1.8600000000000 0.0000826772592
-1.8400000000000 0.0000847755402
-1.8400000000000 0.0000847755402
-1.8400000000000 0.0000847755402
-1.8200000000000 0.0000865512387
-1.8000000000000 0.0000892322276
-1.8000000000000 0.0000892322276
-1.7800000000000 0.0000917510418
-1.7600000000000 0.0000944418320
-1.7600000000000 0.0000944418320
-1.7600000000000 0.0000944418320
-1.7600000000000 0.0000944418320
-1.7400000000000 0.0000965987625
-1.7200000000000 0.0000974927150
-1.7200000000000 0.0000974927150
-1.7000000000000 0.0000992229266
-1.6800000000000 0.0001022124627
-1.6800000000000 0.0001022124627
-1.6800000000000 0.0001022124627
-1.6600000000000 0.0001049254970
-1.6400000000000 0.0001061909837
-1.6400000000000 0.0001061909837
-1.6200000000000 0.0001077486446
-1.6000000000000 0.0001112668853
-1.6000000000000 0.0001112668853
-1.6000000000000 0.0001112668853
-1.6000000000000 0.0001112668853
-1.6000000000000 0.0001112668853
-1.5800000000000 0.0001130485358
-1.5600000000000 0.0001138219695
-1.5600000000000 0.0001138219695
-1.5400000000000 0.0001163470778
-1.5200000000000 0.0001197559947
-1.5200000000000 0.0001197559947
-1.5200000000000 0.0001197559947
-1.5000000000000 0.0001218408581
-1.4800000000000 0.0001229283635
-1.4800000000000 0.0001229283635
-1.4600000000000 0.0001246002188
-1.4400000000000 0.0001268191700
-1.4400000000000 0.0001268191700
-1.4400000000000 0.0001268191700
-1.4400000000000 0.0001268191700
-1.4200000000000 0.0001296705718
-1.4000000000000 0.0001319445779
-1.4000000000000 0.0001319445779
-1.3800000000000 0.0001353320642
-1.3600000000000 0.0001396830656
-1.3600000000000 0.0001396830656
-1.3600000000000 0.0001396830656
-1.3400000000000 0.0001429465143
-1.3200000000000 0.0001468695839
-1.3200000000000 0.0001468695839
-1.3000000000000 0.0001501284562
-1.2800000000000 0.0001493296231
-1.2800000000000 0.0001493296231
-1.2800000000000 0.0001493296231
-1.2800000000000 0.0001493296231
-1.2800000000000 0.0001493296231
-1.2800000000000 0.0001493296231
-1.2800000000000 0.0001493296231
-1.2600000000000 0.0001523260320
-1.2400000000000 0.0001546656234
-1.2400000000000 0.0001546656234
-1.2200000000000 0.0001616380798
-1.2000000000000 0.0001669950073
-1.2000000000000 0.0001669950073
-1.2000000000000 0.0001669950073
-1.1800000000000 0.0001702220658
-1.1600000000000 0.0001709556388
-1.1600000000000 0.0001709556388
-1.1400000000000 0.0001755318031
-1.1200000000000 0.0001800996225
-1.1200000000000 0.0001800996225
-1.1200000000000 0.0001800996225
-1.1200000000000 0.0001800996225
-1.1000000000000 0.0001852953878
-1.0800000000000 0.0001906097479
-1.0800000000000 0.0001906097479
-1.0600000000000 0.0001954376326
-1.0400000000000 0.0001992657299
-1.0400000000000 0.0001992657299
-1.0400000000000 0.0001992657299
-1.0200000000000 0.0002023584502
-1.0000000000000 0.0002058333060
-1.0000000000000 0.0002058333060
-0.9800000000000 0.0002106809809
-0.9600000000000 0.0002143858819
-0.9600000000000 0.0002143858819
-0.9600000000000 0.0002143858819
-0.9600000000000 0.0002143858819
-0.9600000000000 0.0002143858819
-0.9400000000000 0.0002201013932
-0.9200000000000 0.0002251753974
-0.9200000000000 0.0002251753974
-0.9000000000000 0.0002287447579
-0.8800000000000 0.0002368643300
-0.8800000000000 0.0002368643300
-0.8800000000000 0.0002368643300
-0.8600000000000 0.0002440206617
-0.8400000000000 0.0002487612125
-0.8400000000000 0.0002487612125
-0.8200000000000 0.0002584014899
-0.8000000000000 0.0002661020028
-0.8000000000000 0.0002661020028
-0.8000000000000 0.0002661020028
-0.8000000000000 0.0002661020028
-0.7800000000000 0.0002733732011
-0.7600000000000 0.0002788088779
-0.7600000000000 0.0002788088779
-0.7400000000000 0.0002795877259
-0.7200000000000 0.0002838493091
-0.7200000000000 0.0002838493091
-0.7200000000000 0.0002838493091
-0.7000000000000 0.0002907740439
-0.6800000000000 0.0002994559564
-0.6800000000000 0.0002994559564
-0.6600000000000 0.0003081703485
-0.6400000000000 0.0003178615587
-0.6400000000000 0.0003178615587
-0.6400000000000 0.0003178615587
-0.6400000000000 0.0003178615587
-0.6400000000000 0.0003178615587
-0.6400000000000 0.0003178615587
-0.6200000000000 0.0003299354810
-0.6000000000000 0.0003381653474
-0.6000000000000 0.0003381653474
-0.5800000000000 0.0003510321019
-0.5600000000000 0.0003583164607
-0.5600000000000 0.0003583164607
-0.5600000000000 0.0003583164607
-0.5400000000000 0.0003693211122
-0.5200000000000 0.0003751588362
-0.5200000000000 0.0003751588362
-0.5000000000000 0.0003927272326
-0.4800000000000 0.0003992150066
-0.4800000000000 0.0003992150066
-0.4800000000000 0.0003992150066
-0.4800000000000 0.0003992150066
-0.4600000000000 0.0004165769625
-0.4400000000000 0.0004243888767
-0.4400000000000 0.0004243888767
-0.4200000000000 0.0004462683065
-0.4000000000000 0.0004689129922
-0.4000000000000 0.0004689129922
-0.4000000000000 0.0004689129922
-0.3800000000000 0.0004916792381
-0.3600000000000 0.0005576652202
-0.3600000000000 0.0005576652202
-0.3400000000000 0.0006000492417
-0.3200000000000 0.0006179758253
-0.3200000000000 0.0006179758253
-0.3200000000000 0.0006179758253
-0.3200000000000 0.0006179758253
-0.3200000000000 0.0006179758253
-0.3000000000000 0.0006995736547
-0.2800000000000 0.0006789082743
-0.2800000000000 0.0006789082743
-0.2600000000000 0.0007672617590
-0.2400000000000 0.0009018617629
-0.2400000000000 0.0009018617629
-0.2400000000000 0.0009018617629
-0.2200000000000 0.0009151083689
-0.2000000000000 0.0010012253045
-0.2000000000000 0.0010012253045
-0.1800000000000 0.0005279144377
-0.1600000000000 0.0005475681281
-0.1600000000000 0.0005475681281
-0.1600000000000 0.0005475681281
-0.1600000000000 0.0005475681281
-0.1400000000000 0.0015483306518
-0.1200000000000 0.0003060004748
-0.1200000000000 0.0003060004748
-0.1000000000000 0.0011229172733
-0.0800000000000 0.0015648744235
-0.0800000000000 0.0015648744235
-0.0800000000000 0.0015648744235
-0.0600000000000 0.0005688154211
-0.0400000000000 0.0030384243534
-0.0400000000000 0.0030384243534
-0.0200000000000 0.0008411735236
0.0000000000000 0.0294880075515
0.0000000000000 0.0294880075515
0.0000000000000 0.0294880075515
0.0000000000000 0.0294880075515
0.0000000000000 0.0294880075515
0.0000000000000 0.0294880075515
0.0000000000000 0.0294880075515
0.0000000000000 0.0294880075515
0.0200000000000 0.0008789877279
0.0400000000000 0.0026526790590
0.0400000000000 0.0026526790590
0.0600000000000 0.0009705166123
0.0800000000000 0.0018606554166
0.0800000000000 0.0018606554166
0.0800000000000 0.0018606554166
0.1000000000000 0.0012241553861
0.1200000000000 0.0001667338164
0.1200000000000 0.0001667338164
0.1400000000000 0.0004811192279
0.1600000000000 0.0011031988565
0.1600000000000 0.0011031988565
0.1600000000000 0.0011031988565
0.1600000000000 0.0011031988565
0.1800000000000 0.0004148482623
0.2000000000000 0.0010253594598
0.2000000000000 0.0010253594598
0.2200000000000 0.0008163929081
0.2400000000000 0.0007945862481
0.2400000000000 0.0007945862481
0.2400000000000 0.0007945862481
0.2600000000000 0.0007786848257
0.2800000000000 0.0007288178739
0.2800000000000 0.0007288178739
0.3000000000000 0.0007371577326
0.3200000000000 0.0006564595821
0.3200000000000 0.0006564595821
0.3200000000000 0.0006564595821
0.3200000000000 0.0006564595821
0.3200000000000 0.0006564595821
0.3400000000000 0.0005368406764
0.3600000000000 0.0005202358375
0.3600000000000 0.0005202358375
0.3800000000000 0.0004798264870
0.4000000000000 0.0004616937767
0.4000000000000 0.0004616937767
0.4000000000000 0.0004616937767
0.4200000000000 0.0004456718603
0.4400000000000 0.0004272408158
0.4400000000000 0.0004272408158
0.4600000000000 0.0004141108401
0.4800000000000 0.0004064108950
0.4800000000000 0.0004064108950
0.4800000000000 0.0004064108950
0.4800000000000 0.0004064108950
0.5000000000000 0.0003907471611
0.5200000000000 0.0003805448660
0.5200000000000 0.0003805448660
0.5400000000000 0.0003667597111
0.5600000000000 0.0003615491912
0.5600000000000 0.0003615491912
0.5600000000000 0.0003615491912
0.5800000000000 0.0003485496412
0.6000000000000 0.0003416034678
0.6000000000000 0.0003416034678
0.6200000000000 0.0003278813411
0.6400000000000 0.0003194580730
0.6400000000000 0.0003194580730
0.6400000000000 0.0003194580730
0.6400000000000 0.0003194580730
0.6400000000000 0.0003194580730
0.6400000000000 0.0003194580730
0.6600000000000 0.0003109974785
0.6800000000000 0.0002999556903
0.6800000000000 0.0002999556903
0.7000000000000 0.0002943922618
0.7200000000000 0.0002861220590
0.7200000000000 0.0002861220590
0.7200000000000 0.0002861220590
0.7400000000000 0.0002804713340
0.7600000000000 0.0002758287131
0.7600000000000 0.0002758287131
0.7800000000000 0.0002718559466
0.8000000000000 0.0002636059038
0.8000000000000 0.0002636059038
0.8000000000000 0.0002636059038
0.8000000000000 0.0002636059038
0.8200000000000 0.0002555129216
0.8400000000000 0.0002503496870
0.8400000000000 0.0002503496870
0.8600000000000 0.0002438859163
0.8800000000000 0.0002366892917
0.8800000000000 0.0002366892917
0.8800000000000 0.0002366892917
0.9000000000000 0.0002304928999
0.9200000000000 0.0002256991117
0.9200000000000 0.0002256991117
0.9400000000000 0.0002220396988
0.9600000000000 0.0002158642459
0.9600000000000 0.0002158642459
0.9600000000000 0.0002158642459
0.9600000000000 0.0002158642459
0.9600000000000 0.0002158642459
0.9800000000000 0.0002132588380
1.0000000000000 0.0002072339620
1.0000000000000 0.0002072339620
1.0200000000000 0.0002028184108
1.0400000000000 0.0001998325554
1.0400000000000 0.0001998325554
1.0400000000000 0.0001998325554
1.0600000000000 0.0001951564203
1.0800000000000 0.0001912418757
1.0800000000000 0.0001912418757
1.1000000000000 0.0001855402893
1.1200000000000 0.0001810637867
1.1200000000000 0.0001810637867
1.1200000000000 0.0001810637867
1.1200000000000 0.0001810637867
1.1400000000000 0.0001781686687
1.1600000000000 0.0001717303770
1.1600000000000 0.0001717303770
1.1800000000000 0.0001687088641
1.2000000000000 0.0001657834418
1.2000000000000 0.0001657834418
1.2000000000000 0.0001657834418
1.2200000000000 0.0001604171560
1.2400000000000 0.0001546861657
1.2400000000000 0.0001546861657
1.2600000000000 0.0001526607948
1.2800000000000 0.0001504597745
1.2800000000000 0.0001504597745
1.2800000000000 0.0001504597745
1.2800000000000 0.0001504597745
1.2800000000000 0.0001504597745
1.2800000000000 0.0001504597745
1.2800000000000 0.0001504597745
1.3000000000000 0.0001492231280
1.3200000000000 0.0001477191170
1.3200000000000 0.0001477191170
1.3400000000000 0.0001453759694
1.3600000000000 0.0001421279259
1.3600000000000 0.0001421279259
1.3600000000000 0.0001421279259
1.3800000000000 0.0001366519853
1.4000000000000 0.0001341898215
1.4000000000000 0.0001341898215
1.4200000000000 0.0001316091500
1.4400000000000 0.0001285169952
1.4400000000000 0.0001285169952
1.4400000000000 0.0001285169952
1.4400000000000 0.0001285169952
1.4600000000000 0.0001269376099
1.4800000000000 0.0001248248018
1.4800000000000 0.0001248248018
1.5000000000000 0.0001235464941
1.5200000000000 0.0001213913675
1.5200000000000 0.0001213913675
1.5200000000000 0.0001213913675
1.5400000000000 0.0001184904448
1.5600000000000 0.0001151538800
1.5600000000000 0.0001151538800
1.5800000000000 0.0001140198116
1.6000000000000 0.0001110873218
1.6000000000000 0.0001110873218
1.6000000000000 0.0001110873218
1.6000000000000 0.0001110873218
1.6000000000000 0.0001110873218
1.6200000000000 0.0001076398036
1.6400000000000 0.0001059855637
1.6400000000000 0.0001059855637
1.6600000000000 0.0001043823597
1.6800000000000 0.0001013935103
1.6800000000000 0.0001013935103
1.6800000000000 0.0001013935103
1.7000000000000 0.0000989544767
1.7200000000000 0.0000979005732
1.7200000000000 0.0000979005732
1.7400000000000 0.0000957364776
1.7600000000000 0.0000928646056
1.7600000000000 0.0000928646056
1.7600000000000 0.0000928646056
1.7600000000000 0.0000928646056
1.7800000000000 0.0000907140878
1.8000000000000 0.0000881139348
1.8000000000000 0.0000881139348
1.8200000000000 0.0000860943590
1.8400000000000 0.0000841682298
1.8400000000000 0.0000841682298
1.8400000000000 0.0000841682298
1.8600000000000 0.0000812810432
1.8800000000000 0.0000786573002
1.8800000000000 0.0000786573002
1.9000000000000 0.0000770487896
1.9200000000000 0.0000745624610
1.9200000000000 0.0000745624610
1.9200000000000 0.0000745624610
1.9200000000000 0.0000745624610
1.9200000000000 0.0000745624610
1.9200000000000 0.0000745624610
1.9400000000000 0.0000715993360
1.9600000000000 0.0000702234404
1.9600000000000 0.0000702234404
1.9800000000000 0.0000690428475
2.0000000000000 0.0000680302054
2.0000000000000 0.0000680302054
2.0000000000000 0.0000680302054
2.0200000000000 0.0000673817737
2.0400000000000 0.0000664089777
2.0400000000000 0.0000664089777
2.0600000000000 0.0000656148555
2.0800000000000 0.0000645157422
2.0800000000000 0.0000645157422
2.0800000000000 0.0000645157422
2.0800000000000 0.0000645157422
2.1000000000000 0.0000620649964
2.1200000000000 0.0000598622801
2.1200000000000 0.0000598622801
2.1400000000000 0.0000579031164
2.1600000000000 0.0000543032186
2.1600000000000 0.0000543032186
2.1600000000000 0.0000543032186
2.1800000000000 0.0000513131359
2.2000000000000 0.0000505006008
2.2000000000000 0.0000505006008
2.2200000000000 0.0000498430791
2.2400000000000 0.0000482219640
2.2400000000000 0.0000482219640
2.2400000000000 0.0000482219640
2.2400000000000 0.0000482219640
2.2400000000000 0.0000482219640
2.2600000000000 0.0000469354876
2.2800000000000 0.0000464772308
2.2800000000000 0.0000464772308
2.3000000000000 0.0000456926505
2.3200000000000 0.0000452379869
2.3200000000000 0.0000452379869
2.3200000000000 0.0000452379869
2.3400000000000 0.0000450656611
2.3600000000000 0.0000445415327
2.3600000000000 0.0000445415327
2.3800000000000 0.0000436583486
2.4000000000000 0.0000423734280
2.4000000000000 0.0000423734280
2.4000000000000 0.0000423734280
2.4000000000000 0.0000423734280
2.4200000000000 0.0000404366208
2.4400000000000 0.0000391432314
2.4400000000000 0.0000391432314
2.4600000000000 0.0000372643983
2.4800000000000 0.0000356438807
2.4800000000000 0.0000356438807
2.4800000000000 0.0000356438807
2.5000000000000 0.0000350151077
2.5200000000000 0.0000347974682
2.5200000000000 0.0000347974682
2.5400000000000 0.0000345009864
2.5600000000000 0.0000338502172
2.5600000000000 0.0000338502172
2.5600000000000 0.0000338502172
2.5600000000000 0.0000338502172
2.5600000000000 0.0000338502172
2.5600000000000 0.0000338502172
2.5600000000000 0.0000338502172
2.5600000000000 0.0000338502172
2.5800000000000 0.0000333225160
2.6000000000000 0.0000329820761
2.6000000000000 0.0000329820761
2.6200000000000 0.0000321733870
2.6400000000000 0.0000315626127
2.6400000000000 0.0000315626127
2.6400000000000 0.0000315626127
2.6600000000000 0.0000309440991
2.6800000000000 0.0000298546546
2.6800000000000 0.0000298546546
2.7000000000000 0.0000289121361
2.7200000000000 0.0000280891206
2.7200000000000 0.0000280891206
2.7200000000000 0.0000280891206
2.7200000000000 0.0000280891206
2.7400000000000 0.0000275258574
2.7600000000000 0.0000266350146
2.7600000000000 0.0000266350146
2.7800000000000 0.0000260178611
2.8000000000000 0.0000255178043
2.8000000000000 0.0000255178043
2.8000000000000 0.0000255178043
2.8200000000000 0.0000247691079
2.8400000000000 0.0000244331287
2.8400000000000 0.0000244331287
2.8600000000000 0.0000240766979
2.8800000000000 0.0000233553635
2.8800000000000 0.0000233553635
2.8800000000000 0.0000233553635
2.8800000000000 0.0000233553635
2.8800000000000 0.0000233553635
2.9000000000000 0.0000228806668
2.9200000000000 0.0000223534894
2.9200000000000 0.0000223534894
2.9400000000000 0.0000219116099
2.9600000000000 0.0000213407859
2.9600000000000 0.0000213407859
2.9600000000000 0.0000213407859
2.9800000000000 0.0000209465753
3.0000000000000 0.0000204716344
3.0000000000000 0.0000204716344
3.0200000000000 0.0000199815439
3.0400000000000 0.0000195410431
3.0400000000000 0.0000195410431
3.0400000000000 0.0000195410431
3.0400000000000 0.0000195410431
3.0600000000000 0.0000191136486
3.0800000000000 0.0000187094175
3.0800000000000 0.0000187094175
3.1000000000000 0.0000183447968
3.1200000000000 0.0000179778302
3.1200000000000 0.0000179778302
3.1200000000000 0.0000179778302
3.1400000000000 0.0000174702701
3.1600000000000 0.0000170867165
3.1600000000000 0.0000170867165
3.1800000000000 0.0000165504023
3.2000000000000 0.0000159321110
3.2000000000000 0.0000159321110
3.2000000000000 0.0000159321110
3.2000000000000 0.0000158721735
3.2000000000000 0.0000159321110
3.2000000000000 0.0000158721735
3.2200000000000 0.0000154415600
3.2400000000000 0.0000150592852
3.2400000000000 0.0000150592852
3.2600000000000 0.0000146267752
3.2800000000000 0.0000143127827
3.2800000000000 0.0000143127827
3.2800000000000 0.0000143127827
3.3000000000000 0.0000142427459
3.3200000000000 0.0000141852029
3.3200000000000 0.0000141852029
3.3400000000000 0.0000141243950
3.3600000000000 0.0000140710809
3.3600000000000 0.0000140710809
3.3600000000000 0.0000140710809
3.3600000000000 0.0000140710809
3.3800000000000 0.0000139689576
3.4000000000000 0.0000138736397
3.4000000000000 0.0000138736397
3.4200000000000 0.0000136657121
3.4400000000000 0.0000134169866
3.4400000000000 0.0000134169866
3.4400000000000 0.0000134169866
3.4600000000000 0.0000131461333
3.4800000000000 0.0000128246327
3.4800000000000 0.0000128246327
3.5000000000000 0.0000125054870
3.5200000000000 0.0000120594506
3.5200000000000 0.0000120594506
3.5200000000000 0.0000120594506
3.5200000000000 0.0000120594506
3.5200000000000 0.0000120594506
3.5400000000000 0.0000116038435
3.5600000000000 0.0000111701076
3.5600000000000 0.0000111701076
3.5800000000000 0.0000106656452
3.6000000000000 0.0000103439111
3.6000000000000 0.0000103439111
3.6000000000000 0.0000103439111
3.6200000000000 0.0000099986176
3.6400000000000 0.0000098168105
3.6400000000000 0.0000098168105
3.6600000000000 0.0000095676104
3.6800000000000 0.0000093424946
3.6800000000000 0.0000093424946
3.6800000000000 0.0000093424946
3.6800000000000 0.0000093424946
3.7000000000000 0.0000092118945
3.7200000000000 0.0000090647219
3.7200000000000 0.0000090647219
3.7400000000000 0.0000088754653
3.7600000000000 0.0000086517413
3.7600000000000 0.0000086517413
3.7600000000000 0.0000086517413
3.7800000000000 0.0000084663568
3.8000000000000 0.0000082469184
3.8000000000000 0.0000082469184
3.8200000000000 0.0000079676292
3.8400000000000 0.0000077021674
3.8400000000000 0.0000077021674
3.8400000000000 0.0000077021674
3.8400000000000 0.0000077021674
3.8400000000000 0.0000077021674
3.8400000000000 0.0000077021674
3.8400000000000 0.0000077021674
3.8600000000000 0.0000075064833
3.8800000000000 0.0000073202565
3.8800000000000 0.0000073202565
3.9000000000000 0.0000071398090
3.9200000000000 0.0000069580667
3.9200000000000 0.0000069580667
3.9200000000000 0.0000069580667
3.9400000000000 0.0000068491056
3.9600000000000 0.0000067249292
3.9600000000000 0.0000067249292
3.9800000000000 0.0000066015811
4.0000000000000 0.0000064908636
4.0000000000000 0.0000064908636
4.0000000000000 0.0000064908636
4.0000000000000 0.0000064908636
4.0200000000000 0.0000064054142
4.0400000000000 0.0000063199647
4.0400000000000 0.0000063199647
4.0600000000000 0.0000061842229
4.0800000000000 0.0000060352782
4.0800000000000 0.0000060352782
4.0800000000000 0.0000060352782
4.1000000000000 0.0000058665292
4.1200000000000 0.0000056977802
4.1200000000000 0.0000056977802
4.1400000000000 0.0000055440194
4.1600000000000 0.0000054002507
4.1600000000000 0.0000054002507
4.1600000000000 0.0000054002507
4.1600000000000 0.0000054002507
4.1600000000000 0.0000054002507
4.1800000000000 0.0000052745822
4.2000000000000 0.0000051590258
4.2400000000000 0.0000049582497
4.2400000000000 0.0000049582497
4.2800000000000 0.0000048075597
4.3200000000000 0.0000046290903
4.3200000000000 0.0000046290903
4.3200000000000 0.0000046290903
4.3600000000000 0.0000044305872
4.4000000000000 0.0000041858144
4.4000000000000 0.0000041858144
4.4400000000000 0.0000039170997
4.4800000000000 0.0000037153045
4.4800000000000 0.0000037153045
4.4800000000000 0.0000037153045
4.4800000000000 0.0000037153045
4.4800000000000 0.0000037153045
4.5200000000000 0.0000035251872
4.5600000000000 0.0000033679348
4.5600000000000 0.0000033679348
4.6000000000000 0.0000032282725
4.6400000000000 0.0000030955556
4.6400000000000 0.0000030955556
4.6400000000000 0.0000030955556
4.6800000000000 0.0000029768929
4.7200000000000 0.0000028488873
4.7200000000000 0.0000028488873
4.7600000000000 0.0000027103446
4.8000000000000 0.0000025570225
4.8000000000000 0.0000025570225
4.8000000000000 0.0000025570225
4.8000000000000 0.0000025570225
4.8400000000000 0.0000024369791
4.8800000000000 0.0000023112221
4.8800000000000 0.0000023112221
4.9200000000000 0.0000021703303
4.9600000000000 0.0000020638882
4.9600000000000 0.0000020638882
4.9600000000000 0.0000020638882
5.0000000000000 0.0000019324619
5.0400000000000 0.0000017589530
5.0400000000000 0.0000017589530
5.0800000000000 0.0000015767632
5.1200000000000 0.0000014266145
5.1200000000000 0.0000014266145
5.1200000000000 0.0000014266145
5.1200000000000 0.0000014266145
5.1200000000000 0.0000014266145
5.1200000000000 0.0000014266145
5.1200000000000 0.0000014266145
5.1600000000000 0.0000012869196
5.2000000000000 0.0000012129635
5.2000000000000 0.0000012129635
5.2400000000000 0.0000011260413
5.2800000000000 0.0000010487335
5.2800000000000 0.0000010487335
5.2800000000000 0.0000010487335
5.3200000000000 0.0000009812369
5.3600000000000 0.0000009278679
5.3600000000000 0.0000009278679
5.4000000000000 0.0000008786168
5.4400000000000 0.0000008256579
5.4400000000000 0.0000008256579
5.4400000000000 0.0000008256579
5.4400000000000 0.0000008256579
5.4800000000000 0.0000007697739
5.5200000000000 0.0000007105235
5.5200000000000 0.0000007105235
5.5600000000000 0.0000006620974
5.6000000000000 0.0000006211650
5.6000000000000 0.0000006211650
5.6000000000000 0.0000006211650
5.6400000000000 0.0000005854146
5.6800000000000 0.0000005529163
5.6800000000000 0.0000005529163
5.7200000000000 0.0000005231181
5.7600000000000 0.0000004805350
5.7600000000000 0.0000004805350
5.7600000000000 0.0000004805350
5.7600000000000 0.0000004805350
5.7600000000000 0.0000004805350
5.8000000000000 0.0000004443114
5.8400000000000 0.0000004052549
5.8400000000000 0.0000004052549
5.8800000000000 0.0000003744524
5.9200000000000 0.0000003487932
5.9200000000000 0.0000003487932
5.9200000000000 0.0000003487932
5.9600000000000 0.0000003327545
6.0000000000000 0.0000003086183
6.0000000000000 0.0000003086183
6.0400000000000 0.0000002933209
6.0800000000000 0.0000002780235
6.0800000000000 0.0000002780235
6.0800000000000 0.0000002780235
6.0800000000000 0.0000002780235
6.1200000000000 0.0000002588602
6.1600000000000 0.0000002390396
6.1600000000000 0.0000002390396
6.2000000000000 0.0000002182331
6.2400000000000 0.0000001974266
6.2400000000000 0.0000001974266
6.2400000000000 0.0000001974266
6.2800000000000 0.0000001797019
6.3200000000000 0.0000001640318
6.3200000000000 0.0000001640318
6.3600000000000 0.0000001538223
6.4000000000000 0.0000001436127
6.4000000000000 0.0000001436127
6.4000000000000 0.0000001436127
6.4000000000000 0.0000001436127
6.4000000000000 0.0000001436127
6.4800000000000 0.0000001218393
6.5600000000000 0.0000001078482
6.5600000000000 0.0000001078482
6.6400000000000 0.0000000939667
6.7200000000000 0.0000000880978
6.7200000000000 0.0000000880978
6.7200000000000 0.0000000880978
6.8000000000000 0.0000000848567
6.8800000000000 0.0000000703869
6.8800000000000 0.0000000703869
6.9600000000000 0.0000000650950
7.0400000000000 0.0000000536434
7.0400000000000 0.0000000536434
7.0400000000000 0.0000000536434
7.0400000000000 0.0000000536434
7.1200000000000 0.0000000445342
7.2000000000000 0.0000000355008
7.2000000000000 0.0000000355008
7.2800000000000 0.0000000271159
7.3600000000000 0.0000000193977
7.3600000000000 0.0000000193977
7.3600000000000 0.0000000193977
7.4400000000000 0.0000000158207
7.5200000000000 0.0000000129244
7.5200000000000 0.0000000129244
7.6000000000000 0.0000000109535
7.6800000000000 0.0000000087710
7.6800000000000 0.0000000087710
7.6800000000000 0.0000000087710
7.6800000000000 0.0000000087710
7.6800000000000 0.0000000087710
7.6800000000000 0.0000000087710
7.7600000000000 0.0000000073436
7.8400000000000 0.0000000060787
7.8400000000000 0.0000000060787
7.9200000000000 0.0000000048353
8.0000000000000 0.0000000047614
8.0000000000000 0.0000000047614
8.0000000000000 0.0000000047614
8.0800000000000 0.0000000045409
8.1600000000000 0.0000000039107
8.1600000000000 0.0000000039107
8.2400000000000 0.0000000031366
8.3200000000000 0.0000000022705
8.3200000000000 0.0000000022705
8.3200000000000 0.0000000022705
8.3200000000000 0.0000000022705
8.4000000000000 0.0000000020214
8.4800000000000 0.0000000019013
8.4800000000000 0.0000000019013
8.5600000000000 0.0000000022941
8.6400000000000 0.0000000022343
8.6400000000000 0.0000000022343
8.6400000000000 0.0000000022343
8.7200000000000 0.0000000019502
8.8000000000000 0.0000000016403
8.8000000000000 0.0000000016403
8.8800000000000 0.0000000011241
8.9600000000000 0.0000000007203
8.9600000000000 0.0000000007203
8.9600000000000 0.0000000007203
8.9600000000000 0.0000000007203
8.9600000000000 0.0000000007203
9.0400000000000 0.0000000004286
9.1200000000000 0.0000000002551
9.1200000000000 0.0000000002551
9.2000000000000 0.0000000002125
9.2800000000000 0.0000000001406
9.2800000000000 0.0000000001406
9.2800000000000 0.0000000001406
9.3600000000000 0.0000000001097
9.4400000000000 0.0000000001086
9.4400000000000 0.0000000001086
9.5200000000000 0.0000000001182
9.6000000000000 0.0000000001184
9.6000000000000 0.0000000001184
9.6000000000000 0.0000000001184
9.6000000000000 0.0000000001184
9.6800000000000 0.0000000001188
9.7600000000000 0.0000000001158
9.7600000000000 0.0000000001158
9.8400000000000 0.0000000001154
9.9200000000000 0.0000000001169
9.9200000000000 0.0000000001169
9.9200000000000 0.0000000001169
10.0000000000000 0.0000000001176
10.0800000000000 0.0000000001187
10.0800000000000 0.0000000001187
10.1600000000000 0.0000000001185
10.2400000000000 0.0000000001184
10.2400000000000 0.0000000001184
10.2400000000000 0.0000000001184
10.2400000000000 0.0000000001184
10.2400000000000 0.0000000001184
10.2400000000000 0.0000000001184
10.3200000000000 0.0000000001155
10.4000000000000 0.0000000001127
10.4000000000000 0.0000000001127
10.4800000000000 0.0000000001117
10.5600000000000 0.0000000001108
10.5600000000000 0.0000000001108
10.5600000000000 0.0000000001108
10.6400000000000 0.0000000001089
10.7200000000000 0.0000000001062
10.7200000000000 0.0000000001062
10.8000000000000 0.0000000001019
10.8800000000000 0.0000000000975
10.8800000000000 0.0000000000975
10.8800000000000 0.0000000000975
11.0400000000000 0.0000000000895
11.2000000000000 0.0000000000882
11.2000000000000 0.0000000000882
11.3600000000000 0.0000000000843
11.5200000000000 0.0000000000828
11.5200000000000 0.0000000000828
11.5200000000000 0.0000000000828
11.5200000000000 0.0000000000828
11.6800000000000 0.0000000000793
11.8400000000000 0.0000000000766
11.8400000000000 0.0000000000766
12.0000000000000 0.0000000000699
12.1600000000000 0.0000000000629
12.1600000000000 0.0000000000629
12.1600000000000 0.0000000000629
12.3200000000000 0.0000000000482
12.4800000000000 0.0000000000337
12.4800000000000 0.0000000000337
12.6400000000000 0.0000000000184
12.8000000000000 0.0000000000179
12.8000000000000 0.0000000000179
12.8000000000000 0.0000000000179
12.8000000000000 0.0000000000179
12.8000000000000 0.0000000000179
12.9600000000000 0.0000000000184
13.1200000000000 0.0000000000200
13.1200000000000 0.0000000000200
13.2800000000000 0.0000000000205
13.4400000000000 0.0000000000209
13.4400000000000 0.0000000000209
13.4400000000000 0.0000000000209
13.6000000000000 0.0000000000203
13.7600000000000 0.0000000000194
13.7600000000000 0.0000000000194
13.9200000000000 0.0000000000188
14.0800000000000 0.0000000000189
14.0800000000000 0.0000000000189
14.0800000000000 0.0000000000189
14.0800000000000 0.0000000000189
14.2400000000000 0.0000000000153
14.4000000000000 0.0000000000117
14.4000000000000 0.0000000000117
14.5600000000000 0.0000000000092
14.7200000000000 0.0000000000070
14.7200000000000 0.0000000000070
14.7200000000000 0.0000000000070
14.8800000000000 0.0000000000050
15.0400000000000 0.0000000000033
15.0400000000000 0.0000000000033
15.2000000000000 0.0000000000025
15.3600000000000 0.0000000000021
15.3600000000000 0.0000000000021
15.3600000000000 0.0000000000021
15.3600000000000 0.0000000000021
15.3600000000000 0.0000000000021
15.5200000000000 0.0000000000022
15.6800000000000 0.0000000000024
16.0000000000000 0.0000000000005
16.0000000000000 0.0000000000005
16.3200000000000 0.0000000000001
16.6400000000000 0.0000000000000
16.6400000000000 0.0000000000000
16.6400000000000 0.0000000000000
16.9600000000000 0.0000000000000
17.2800000000000 0.0000000000000
17.2800000000000 0.0000000000000
17.6000000000000 0.0000000000000
17.9200000000000 0.0000000000000
17.9200000000000 0.0000000000000
17.9200000000000 0.0000000000000
17.9200000000000 0.0000000000000
18.2400000000000 0.0000000000000
18.5600000000000 0.0000000000000
18.5600000000000 0.0000000000000
18.8800000000000 0.0000000000001
19.2000000000000 0.0000000000002
19.2000000000000 0.0000000000002
19.2000000000000 0.0000000000002
19.5200000000000 0.0000000000002
19.8400000000000 0.0000000000003
19.8400000000000 0.0000000000003
20.1600000000000 0.0000000000003
20.4800000000000 0.0000000000003
20.4800000000000 0.0000000000003
20.4800000000000 0.0000000000003
20.4800000000000 0.0000000000003
20.8000000000000 0.0000000000003
21.1200000000000 0.0000000000003
21.1200000000000 0.0000000000003
21.4400000000000 0.0000000000003
21.7600000000000 0.0000000000002
21.7600000000000 0.0000000000002
21.7600000000000 0.0000000000002
22.0800000000000 0.0000000000001
22.4000000000000 0.0000000000000
22.4000000000000 0.0000000000000
22.7200000000000 0.0000000000000
23.0400000000000 0.0000000000000
23.0400000000000 0.0000000000000
23.0400000000000 0.0000000000000
23.6800000000000 0.0000000000000
24.3200000000000 0.0000000000000
24.3200000000000 0.0000000000000
24.9600000000000 0.0000000000000
25.6000000000000 0.0000000000000
25.6000000000000 0.0000000000000
25.6000000000000 0.0000000000000
26.2400000000000 0.0000000000000
26.8800000000000 0.0000000000000
26.8800000000000 0.0000000000000
27.5200000000000 0.0000000000000
28.1600000000000 0.0000000000000
28.1600000000000 0.0000000000000
28.1600000000000 0.0000000000000
28.8000000000000 0.0000000000000
29.4400000000000 0.0000000000000
29.4400000000000 0.0000000000000
30.0800000000000 0.0000000000000
30.7200000000000 0.0000000000000
30.7200000000000 0.0000000000000
30.7200000000000 0.0000000000000
31.3600000000000 0.0000000000000
32.0000000000000 0.0000000000000
32.0000000000000 0.0000000000000
32.6400000000000 0.0000000000000
33.2800000000000 0.0000000000000
33.2800000000000 0.0000000000000
33.2800000000000 0.0000000000000
33.9200000000000 0.0000000000000
34.5600000000000 0.0000000000000
34.5600000000000 0.0000000000000
35.2000000000000 0.0000000000000
35.8400000000000 0.0000000000000
35.8400000000000 0.0000000000000
35.8400000000000 0.0000000000000
36.4800000000000 0.0000000000000
37.1200000000000 0.0000000000000
37.1200000000000 0.0000000000000
37.7600000000000 0.0000000000000
38.4000000000000 0.0000000000000
38.4000000000000 0.0000000000000
39.6800000000000 0.0000000000000
40.9600000000000 0.0000000000000
40.9600000000000 0.0000000000000
42.2400000000000 0.0000000000000
43.5200000000000 0.0000000000000
43.5200000000000 0.0000000000000
44.8000000000000 0.0000000000000
46.0800000000000 0.0000000000000
46.0800000000000 0.0000000000000
47.3600000000000 0.0000000000000
48.6400000000000 0.0000000000000
48.6400000000000 0.0000000000000
49.9200000000000 0.0000000000000
51.2000000000000 0.0000000000000
51.2000000000000 0.0000000000000
52.4800000000000 0.0000000000000
53.7600000000000 0.0000000000000
53.7600000000000 0.0000000000000
55.0400000000000 0.0000000000000
56.3200000000000 0.0000000000000
56.3200000000000 0.0000000000000
57.6000000000000 0.0000000000000
58.8800000000000 0.0000000000000
58.8800000000000 0.0000000000000
60.1600000000000 0.0000000000000
61.4400000000000 0.0000000000000
61.4400000000000 0.0000000000000
62.7200000000000 0.0000000000000
64.0000000000000 0.0000000000000
64.0000000000000 0.0000000000000
65.2800000000000 0.0000000000000
66.5600000000000 0.0000000000000
66.5600000000000 0.0000000000000
67.8400000000000 0.0000000000000
69.1200000000000 0.0000000000000
69.1200000000000 0.0000000000000
70.4000000000000 0.0000000000000
71.6800000000000 0.0000000000000
71.6800000000000 0.0000000000000
72.9600000000000 0.0000000000000
74.2400000000000 0.0000000000000
74.2400000000000 0.0000000000000
75.5200000000000 0.0000000000000
76.8000000000000 0.0000000000000
76.8000000000000 0.0000000000000
78.0800000000000 0.0000000000000
79.3600000000000 0.0000000000000
79.3600000000000 0.0000000000000
80.6400000000000 0.0000000000000
81.9200000000000 0.0000000000000
81.9200000000000 0.0000000000000
83.2000000000000 0.0000000000000
84.4800000000000 0.0000000000000
84.4800000000000 0.0000000000000
85.7600000000000 0.0000000000000
87.0400000000000 0.0000000000000
87.0400000000000 0.0000000000000
88.3200000000000 0.0000000000000
89.6000000000000 0.0000000000000
89.6000000000000 0.0000000000000
90.8800000000000 0.0000000000000
92.1600000000000 0.0000000000000
92.1600000000000 0.0000000000000
93.4400000000000 0.0000000000000
94.7200000000000 0.0000000000000
94.7200000000000 0.0000000000000
96.0000000000000 0.0000000000000
97.2800000000000 0.0000000000000
97.2800000000000 0.0000000000000
98.5600000000000 0.0000000000000
99.8400000000000 0.0000000000000
99.8400000000000 0.0000000000000
101.1200000000000 0.0000000000000
102.4000000000000 0.0000000000000
102.4000000000000 0.0000000000000
103.6800000000000 0.0000000000000
104.9600000000000 0.0000000000000
104.9600000000000 0.0000000000000
106.2400000000000 0.0000000000000
107.5200000000000 0.0000000000000
107.5200000000000 0.0000000000000
108.8000000000000 0.0000000000000
110.0800000000000 0.0000000000000
110.0800000000000 0.0000000000000
111.3600000000000 0.0000000000000
112.6400000000000 0.0000000000000
112.6400000000000 0.0000000000000
113.9200000000000 0.0000000000000
115.2000000000000 0.0000000000000
115.2000000000000 0.0000000000000
116.4800000000000 0.0000000000000
117.7600000000000 0.0000000000000
117.7600000000000 0.0000000000000
119.0400000000000 0.0000000000000
120.3200000000000 0.0000000000000
120.3200000000000 0.0000000000000
121.6000000000000 0.0000000000000
122.8800000000000 0.0000000000000
122.8800000000000 0.0000000000000
124.1600000000000 0.0000000000000
125.4400000000000 0.0000000000000
125.4400000000000 0.0000000000000
126.7200000000000 0.0000000000000
128.0000000000000 0.0000000000000
128.0000000000000 0.0000000000000
129.2800000000000 0.0000000000000
130.5600000000000 0.0000000000000
130.5600000000000 0.0000000000000
131.8400000000000 0.0000000000000
133.1200000000000 0.0000000000000
133.1200000000000 0.0000000000000
134.4000000000000 0.0000000000000
135.6800000000000 0.0000000000000
135.6800000000000 0.0000000000000
136.9600000000000 0.0000000000000
138.2400000000000 0.0000000000000
138.2400000000000 0.0000000000000
139.5200000000000 0.0000000000000
140.8000000000000 0.0000000000000
143.3600000000000 0.0000000000000
145.9200000000000 0.0000000000000
148.4800000000000 0.0000000000000
151.0400000000000 0.0000000000000
153.6000000000000 0.0000000000000
156.1600000000000 0.0000000000000
158.7200000000000 0.0000000000000
161.2800000000000 0.0000000000000
163.8400000000000 0.0000000000000
166.4000000000000 0.0000000000000
168.9600000000000 0.0000000000000
171.5200000000000 0.0000000000000
174.0800000000000 0.0000000000000
176.6400000000000 0.0000000000000
179.2000000000000 0.0000000000000
181.7600000000000 0.0000000000000
184.3200000000000 0.0000000000000
186.8800000000000 0.0000000000000
189.4400000000000 0.0000000000000
192.0000000000000 0.0000000000000
194.5600000000000 0.0000000000000
197.1200000000000 0.0000000000000
199.6800000000000 0.0000000000000
202.2400000000000 0.0000000000000
204.8000000000000 0.0000000000000
207.3600000000000 0.0000000000000
209.9200000000000 0.0000000000000
212.4800000000000 0.0000000000000
215.0400000000000 0.0000000000000
217.6000000000000 0.0000000000000
220.1600000000000 0.0000000000000
222.7200000000000 0.0000000000000
225.2800000000000 0.0000000000000
227.8400000000000 0.0000000000000
230.4000000000000 0.0000000000000
232.9600000000000 0.0000000000000
235.5200000000000 0.0000000000000
238.0800000000000 0.0000000000000
240.6400000000000 0.0000000000000
243.2000000000000 0.0000000000000
245.7600000000000 0.0000000000000
248.3200000000000 0.0000000000000
250.8800000000000 0.0000000000000
253.4400000000000 0.0000000000000
256.0000000000000 0.0000000000000
258.5600000000000 0.0000000000000
261.1200000000000 0.0000000000000
263.6800000000000 0.0000000000000
266.2400000000000 0.0000000000000
268.8000000000000 0.0000000000000
271.3600000000000 0.0000000000000
273.9200000000000 0.0000000000000
276.4800000000000 0.0000000000000
279.0400000000000 0.0000000000000
281.6000000000000 0.0000000000000
284.1600000000000 0.0000000000000
286.7200000000000 0.0000000000000
289.2800000000000 0.0000000000000
291.8400000000000 0.0000000000000
294.4000000000000 0.0000000000000
296.9600000000000 0.0000000000000
299.5200000000000 0.0000000000000
302.0800000000000 0.0000000000000
304.6400000000000 0.0000000000000
307.2000000000000 0.0000000000000
309.7600000000000 0.0000000000000
312.3200000000000 0.0000000000000
314.8800000000000 0.0000000000000
317.4400000000000 0.0000000000000
